<?xml version="1.0"?>
<opencv_storage>
<ImageFile>cat1.jpg</ImageFile>
<Features type_id="opencv-matrix">
  <rows>74</rows>
  <cols>128</cols>
  <dt>f</dt>
  <data>
    0. 0. 0. 47. 124. 0. 0. 0. 16. 1. 0. 10. 20. 0. 0. 14. 24. 0. 0. 0.
    0. 1. 39. 100. 0. 0. 0. 0. 2. 66. 98. 22. 0. 0. 0. 15. 127. 2. 0. 0.
    73. 1. 0. 2. 17. 1. 0. 25. 127. 23. 1. 0. 0. 1. 38. 127. 31. 13. 4.
    3. 12. 127. 127. 61. 0. 0. 0. 1. 127. 6. 0. 0. 66. 15. 0. 0. 12. 2.
    1. 7. 127. 127. 17. 0. 0. 0. 1. 10. 26. 127. 120. 19. 17. 20. 4. 6.
    0. 0. 0. 2. 117. 9. 0. 0. 18. 6. 0. 0. 9. 3. 0. 2. 36. 90. 9. 0. 0.
    0. 0. 1. 10. 95. 63. 1. 0. 0. 0. 0. 0. 0. 0. 51. 85. 0. 0. 0. 8. 0.
    0. 8. 10. 1. 1. 20. 22. 0. 0. 0. 0. 1. 27. 138. 6. 0. 0. 0. 1. 57.
    105. 72. 0. 0. 0. 9. 111. 11. 1. 0. 81. 2. 0. 0. 5. 3. 3. 39. 138.
    27. 2. 1. 1. 4. 26. 138. 29. 11. 5. 11. 68. 137. 73. 76. 0. 0. 0. 2.
    92. 30. 1. 0. 82. 15. 0. 0. 5. 7. 5. 15. 138. 138. 21. 2. 0. 0. 1.
    24. 28. 87. 66. 52. 54. 12. 3. 9. 0. 0. 0. 3. 31. 37. 10. 2. 15. 2.
    0. 0. 2. 11. 30. 89. 56. 37. 3. 0. 0. 0. 31. 138. 15. 22. 11. 4. 2.
    3. 37. 54. 4. 1. 0. 0. 1. 20. 59. 28. 55. 5. 0. 2. 6. 23. 69. 15.
    155. 26. 0. 1. 1. 1. 3. 8. 55. 4. 0. 0. 0. 0. 0. 3. 0. 0. 0. 18. 15.
    7. 30. 24. 47. 18. 6. 81. 54. 13. 12. 1. 155. 49. 4. 10. 3. 1. 0. 5.
    76. 5. 1. 2. 1. 0. 0. 1. 0. 0. 5. 129. 21. 1. 1. 1. 103. 10. 8. 153.
    35. 0. 0. 15. 155. 10. 2. 5. 1. 0. 0. 74. 52. 2. 1. 1. 0. 1. 1. 12.
    0. 0. 32. 149. 2. 0. 2. 10. 126. 3. 10. 60. 2. 0. 4. 109. 155. 1. 0.
    0. 0. 0. 0. 102. 18. 1. 0. 0. 1. 1. 1. 8. 0. 0. 0. 36. 130. 3. 0. 0.
    19. 0. 0. 36. 109. 5. 9. 75. 13. 0. 0. 4. 33. 14. 28. 118. 0. 0. 1.
    11. 93. 26. 9. 2. 2. 1. 0. 40. 130. 4. 0. 0. 130. 8. 0. 31. 77. 1.
    2. 43. 44. 1. 0. 20. 88. 6. 4. 31. 0. 0. 0. 18. 127. 21. 0. 0. 3. 1.
    0. 6. 130. 33. 0. 1. 130. 17. 0. 6. 84. 17. 1. 7. 61. 7. 0. 17. 130.
    2. 1. 2. 0. 0. 0. 22. 102. 4. 0. 0. 0. 0. 0. 0. 130. 51. 0. 0. 91.
    45. 2. 3. 75. 25. 1. 4. 35. 30. 3. 19. 93. 5. 0. 0. 0. 0. 0. 25. 69.
    7. 0. 0. 0. 0. 0. 49. 134. 1. 0. 0. 110. 2. 1. 46. 78. 1. 1. 36. 47.
    0. 0. 27. 55. 2. 3. 34. 0. 0. 0. 32. 91. 3. 0. 0. 2. 0. 0. 17. 134.
    7. 0. 1. 134. 8. 1. 9. 96. 10. 2. 36. 53. 3. 1. 57. 103. 0. 0. 7. 0.
    0. 0. 49. 84. 1. 0. 0. 1. 1. 0. 14. 134. 14. 0. 0. 110. 70. 4. 17.
    94. 4. 0. 3. 30. 22. 3. 43. 107. 12. 0. 0. 0. 0. 1. 53. 82. 5. 0. 0.
    0. 0. 0. 1. 134. 71. 0. 0. 70. 65. 1. 4. 108. 27. 0. 0. 43. 41. 0.
    1. 49. 34. 0. 0. 0. 0. 0. 11. 86. 52. 0. 0. 30. 79. 0. 0. 1. 9. 1.
    1. 15. 27. 0. 0. 32. 117. 2. 1. 120. 104. 0. 0. 14. 49. 2. 2. 121.
    115. 0. 0. 0. 0. 0. 0. 83. 42. 0. 0. 0. 0. 0. 12. 89. 30. 0. 0. 21.
    54. 4. 10. 93. 34. 0. 1. 60. 93. 5. 6. 121. 86. 0. 0. 1. 0. 0. 0.
    107. 4. 0. 0. 0. 0. 0. 19. 121. 3. 0. 0. 24. 10. 1. 13. 57. 24. 1.
    3. 121. 39. 0. 2. 121. 67. 0. 1. 10. 1. 0. 1. 92. 26. 0. 0. 0. 0. 0.
    4. 101. 7. 1. 4. 13. 1. 0. 11. 41. 3. 2. 17. 121. 16. 0. 9. 121. 9.
    0. 0. 10. 3. 0. 17. 1. 89. 109. 0. 0. 0. 0. 0. 34. 133. 24. 0. 0. 0.
    0. 1. 72. 88. 2. 0. 0. 0. 0. 3. 26. 19. 0. 0. 3. 5. 1. 1. 34. 130.
    80. 0. 0. 0. 0. 4. 133. 133. 9. 0. 0. 0. 0. 11. 133. 22. 0. 0. 0. 0.
    0. 17. 64. 23. 0. 0. 0. 1. 1. 1. 74. 12. 2. 0. 0. 1. 5. 84. 133. 15.
    0. 0. 0. 0. 0. 96. 133. 15. 0. 0. 0. 0. 0. 11. 62. 26. 0. 0. 0. 0.
    0. 0. 40. 0. 0. 0. 0. 5. 14. 133. 133. 0. 0. 0. 0. 0. 1. 125. 86. 1.
    0. 0. 0. 0. 1. 37. 29. 9. 0. 0. 0. 0. 2. 15. 49. 13. 0. 0. 101. 43.
    0. 1. 149. 72. 0. 0. 2. 1. 0. 1. 50. 29. 0. 0. 0. 0. 1. 2. 40. 38.
    0. 0. 0. 0. 0. 2. 40. 4. 0. 0. 149. 29. 0. 1. 149. 39. 0. 0. 10. 2.
    0. 3. 84. 35. 10. 1. 0. 0. 0. 4. 75. 15. 1. 0. 0. 0. 0. 23. 34. 0.
    0. 10. 149. 11. 0. 8. 149. 2. 0. 0. 10. 2. 0. 46. 86. 4. 2. 1. 0. 0.
    8. 89. 37. 1. 0. 0. 0. 0. 4. 102. 44. 2. 1. 60. 92. 1. 0. 15. 149.
    1. 0. 2. 2. 0. 0. 100. 64. 0. 0. 0. 0. 0. 6. 137. 1. 0. 0. 0. 0. 0.
    11. 72. 4. 73. 77. 20. 0. 0. 0. 0. 71. 137. 11. 0. 0. 0. 0. 3. 26.
    38. 15. 27. 18. 2. 0. 3. 26. 34. 28. 9. 7. 1. 0. 10. 48. 110. 55.
    14. 0. 0. 0. 2. 137. 74. 3. 3. 1. 0. 1. 65. 59. 11. 4. 43. 41. 4. 2.
    32. 74. 10. 2. 8. 11. 2. 0. 31. 137. 137. 38. 4. 0. 0. 0. 12. 137.
    127. 9. 7. 1. 0. 0. 29. 37. 40. 20. 67. 14. 1. 1. 4. 64. 63. 2. 5.
    1. 0. 0. 2. 137. 39. 5. 0. 0. 0. 0. 102. 137. 13. 3. 2. 1. 0. 0.
    118. 18. 17. 16. 9. 2. 3. 3. 3. 22. 51. 11. 5. 1. 1. 1. 0. 0. 0. 14.
    125. 3. 0. 0. 0. 2. 4. 57. 132. 1. 0. 0. 0. 49. 20. 35. 54. 1. 0. 8.
    22. 51. 2. 1. 2. 0. 0. 12. 71. 0. 0. 22. 132. 11. 0. 0. 0. 28. 14.
    27. 132. 24. 13. 6. 4. 132. 33. 14. 12. 2. 2. 5. 35. 81. 1. 0. 0. 0.
    0. 4. 64. 7. 30. 98. 132. 4. 1. 0. 1. 77. 64. 24. 18. 11. 25. 55.
    37. 132. 9. 0. 0. 1. 5. 37. 105. 113. 9. 0. 0. 0. 0. 0. 16. 39. 23.
    40. 83. 3. 0. 5. 34. 132. 49. 9. 2. 0. 0. 6. 75. 98. 2. 0. 0. 0. 0.
    7. 55. 61. 7. 2. 0. 0. 0. 0. 19. 32. 3. 0. 4. 71. 5. 0. 7. 54. 4. 0.
    0. 124. 15. 0. 4. 115. 8. 0. 0. 103. 26. 1. 1. 5. 2. 0. 0. 117. 38.
    1. 1. 40. 1. 0. 1. 65. 11. 1. 13. 62. 2. 0. 4. 124. 12. 0. 6. 124.
    6. 0. 0. 113. 24. 2. 2. 3. 0. 0. 0. 124. 50. 2. 2. 36. 0. 0. 1. 67.
    6. 0. 9. 54. 2. 0. 3. 124. 7. 0. 4. 124. 9. 0. 1. 104. 13. 0. 3. 4.
    0. 0. 0. 124. 34. 2. 2. 29. 0. 0. 1. 55. 7. 0. 10. 37. 1. 0. 3. 124.
    10. 1. 9. 124. 3. 0. 0. 67. 11. 1. 19. 4. 0. 0. 0. 124. 32. 2. 1.
    103. 122. 51. 6. 3. 7. 14. 23. 14. 36. 70. 36. 31. 37. 17. 9. 19. 4.
    3. 6. 5. 4. 3. 26. 6. 7. 24. 29. 1. 0. 0. 1. 45. 122. 51. 1. 0. 2.
    3. 5. 122. 95. 64. 9. 1. 0. 1. 25. 34. 8. 17. 86. 19. 2. 3. 24. 9.
    2. 22. 76. 5. 0. 0. 22. 51. 6. 0. 0. 0. 16. 33. 33. 122. 89. 38. 6.
    0. 0. 7. 31. 11. 25. 72. 81. 2. 0. 16. 64. 10. 1. 6. 19. 0. 0. 14.
    122. 3. 0. 0. 0. 0. 6. 122. 50. 10. 9. 3. 0. 0. 0. 122. 122. 1. 3.
    4. 0. 0. 0. 112. 122. 0. 0. 0. 0. 0. 0. 48. 122. 127. 19. 0. 0. 3.
    1. 0. 25. 127. 62. 11. 4. 4. 23. 81. 118. 17. 14. 10. 14. 23. 69.
    63. 18. 24. 23. 1. 0. 1. 3. 2. 11. 61. 68. 0. 0. 5. 22. 3. 1. 96.
    127. 116. 9. 3. 4. 2. 5. 76. 80. 111. 33. 20. 14. 3. 23. 17. 2. 5.
    26. 10. 2. 4. 27. 3. 7. 0. 0. 7. 109. 20. 2. 101. 71. 14. 0. 0. 11.
    17. 28. 127. 89. 39. 13. 1. 0. 1. 27. 14. 10. 40. 105. 10. 1. 2. 18.
    0. 0. 1. 5. 14. 54. 47. 1. 25. 4. 0. 0. 0. 15. 88. 53. 44. 46. 24.
    3. 0. 0. 57. 78. 2. 6. 23. 15. 0. 0. 51. 118. 0. 1. 3. 64. 88. 0. 0.
    0. 28. 0. 0. 17. 28. 1. 3. 56. 52. 0. 0. 0. 3. 16. 96. 127. 7. 0. 0.
    0. 18. 94. 107. 48. 0. 0. 2. 24. 81. 21. 7. 2. 127. 6. 0. 1. 14. 8.
    22. 81. 127. 87. 18. 15. 16. 11. 21. 125. 9. 12. 13. 32. 89. 63. 23.
    25. 4. 0. 0. 1. 17. 111. 38. 22. 55. 11. 1. 0. 1. 6. 94. 127. 64.
    43. 15. 7. 2. 5. 79. 107. 4. 7. 9. 13. 10. 8. 29. 13. 5. 1. 0. 0. 1.
    127. 38. 7. 50. 62. 15. 0. 0. 45. 33. 33. 6. 57. 75. 4. 1. 5. 18.
    10. 2. 31. 26. 2. 0. 2. 7. 3. 2. 34. 58. 71. 36. 8. 0. 0. 19. 143.
    83. 1. 0. 0. 1. 3. 3. 143. 75. 0. 0. 0. 1. 1. 1. 143. 22. 0. 0. 0.
    0. 0. 19. 25. 13. 50. 83. 29. 0. 0. 143. 59. 4. 1. 0. 1. 9. 20. 33.
    129. 9. 0. 0. 9. 48. 19. 36. 143. 3. 0. 0. 2. 7. 2. 27. 7. 1. 60.
    123. 14. 0. 3. 143. 21. 0. 1. 1. 0. 2. 36. 67. 3. 0. 0. 0. 15. 40.
    26. 31. 59. 0. 0. 0. 9. 30. 10. 28. 0. 1. 35. 11. 0. 0. 44. 143. 2.
    0. 0. 0. 0. 1. 115. 50. 8. 0. 0. 0. 2. 11. 33. 10. 1. 0. 0. 1. 3.
    41. 35. 0. 4. 88. 63. 0. 0. 0. 0. 3. 1. 107. 122. 0. 0. 0. 2. 16. 4.
    49. 122. 0. 0. 5. 41. 4. 4. 31. 21. 0. 0. 35. 54. 1. 2. 54. 122. 33.
    0. 0. 0. 75. 19. 80. 122. 3. 0. 0. 14. 50. 13. 55. 30. 0. 0. 0. 35.
    3. 5. 113. 51. 0. 0. 1. 7. 5. 7. 4. 84. 122. 7. 0. 0. 69. 84. 43.
    25. 16. 0. 0. 1. 10. 21. 122. 55. 0. 0. 0. 1. 0. 0. 72. 122. 0. 0.
    0. 0. 0. 3. 4. 13. 122. 50. 0. 0. 1. 59. 60. 12. 36. 3. 0. 0. 0. 17.
    100. 47. 1. 0. 0. 0. 0. 0. 23. 122. 10. 0. 0. 0. 8. 47. 120. 0. 0.
    0. 1. 25. 7. 113. 101. 0. 0. 1. 13. 19. 51. 120. 39. 0. 0. 1. 4. 1.
    96. 44. 3. 0. 0. 0. 0. 13. 47. 4. 1. 0. 0. 0. 3. 93. 37. 10. 1. 0.
    0. 13. 72. 94. 120. 61. 1. 0. 0. 38. 63. 16. 120. 43. 0. 0. 0. 1. 1.
