<?xml version="1.0"?>
<opencv_storage>
<ImageFile>"1.jpg"</ImageFile>
<Features type_id="opencv-matrix">
  <rows>131</rows>
  <cols>64</cols>
  <dt>u</dt>
  <data>
    253 253 255 253 254 255 255 249 255 253 255 255 255 254 255 254 251
    253 255 111 255 255 254 255 255 255 255 255 255 255 255 255 227 239
    239 255 222 255 253 127 127 223 255 255 255 255 255 63 175 191 239
    255 250 255 159 93 252 254 251 255 255 207 255 190 175 254 239 238
    63 191 213 122 253 253 252 251 255 191 246 79 235 245 127 249 245 87
    251 117 125 255 157 55 127 95 127 239 223 108 118 250 254 121 249
    124 125 223 122 63 221 53 245 111 189 173 24 13 248 29 159 77 56 246
    55 189 219 223 44 250 219 218 206 245 255 179 219 184 188 189 245
    203 143 217 118 189 52 253 127 255 110 207 174 120 47 255 59 118 253
    99 119 191 247 251 186 89 119 253 252 183 223 238 235 127 219 11 217
    177 204 219 86 177 221 230 175 238 241 220 177 95 213 221 148 191
    171 252 206 103 253 248 250 16 120 189 247 239 238 121 68 41 60 171
    255 219 245 111 91 255 225 127 215 246 108 119 231 247 223 248 203
    52 255 153 248 59 121 60 235 239 241 113 191 123 185 218 136 75 244
    165 216 245 55 215 247 167 178 251 237 78 189 254 239 233 54 63 189
    247 249 254 252 249 95 177 255 207 217 236 251 233 245 209 127 189
    249 109 189 178 109 213 253 239 253 72 254 228 255 253 177 253 254
    223 123 191 215 247 87 233 191 253 175 143 240 189 219 92 254 247
    207 220 255 219 110 255 57 222 238 237 63 255 253 55 61 253 253 217
    95 24 125 207 157 252 251 251 245 127 255 251 121 127 151 246 125
    247 253 255 207 248 251 100 255 255 248 59 251 191 243 191 255 179
    247 107 191 219 191 139 252 189 187 84 119 215 255 255 243 251 14
    255 86 49 211 247 220 162 227 104 66 41 80 119 163 66 131 80 106 199
    1 102 203 45 202 91 142 154 50 15 210 8 49 111 87 39 60 187 52 124
    69 84 65 64 152 74 73 4 201 215 136 36 88 4 96 26 156 73 64 50 51
    155 88 7 33 246 188 251 125 221 54 221 223 249 255 213 255 254 221
    126 253 236 243 213 126 111 23 124 144 246 253 246 183 125 124 222
    94 185 254 124 215 222 222 123 219 245 247 221 253 63 181 174 245 46
    159 189 133 79 250 29 159 95 112 246 120 223 123 31 46 250 221 189
    255 93 50 95 221 247 251 149 255 216 94 245 255 234 189 193 122 47
    23 125 102 247 255 119 151 252 109 239 222 40 151 95 97 206 206 125
    250 125 52 189 237 119 191 172 245 174 215 170 175 255 186 93 50 94
    109 95 88 107 121 185 205 222 187 246 110 231 191 245 219 184 246
    253 252 251 175 27 22 125 116 183 254 155 241 119 219 252 176 127
    113 183 126 243 231 255 143 232 191 116 255 153 120 255 125 77 227
    189 213 113 191 123 190 223 137 11 252 160 250 245 118 183 246 223
    179 251 236 94 53 187 246 213 62 253 217 112 206 213 255 251 239 91
    144 124 125 227 110 155 183 47 211 223 185 119 247 254 36 191 199
    239 207 126 239 30 222 185 250 127 125 61 227 239 191 33 191 47 186
    250 169 203 246 165 90 87 103 19 214 227 179 249 237 78 46 175 239
    222 55 255 213 127 245 252 222 245 127 63 188 111 139 245 99 251 245
    119 211 247 93 255 133 55 122 222 61 235 207 44 87 186 222 120 233
    124 120 93 58 175 213 53 245 111 185 172 152 13 240 29 156 77 48 242
    115 189 90 87 40 250 252 251 255 253 246 119 251 255 220 191 215 255
    255 208 251 234 186 221 251 111 63 141 231 191 175 235 190 191 223
    255 118 190 127 111 127 255 222 255 255 117 219 124 243 94 235 175
    251 190 237 191 254 243 217 255 158 126 212 252 121 223 127 45 179
    183 243 220 154 167 239 136 222 137 63 97 61 207 190 111 102 61 244
    179 60 145 204 87 147 104 227 214 249 127 190 115 207 55 151 253 90
    85 243 73 234 227 65 221 108 121 217 92 252 61 213 222 24 5 252 231
    216 235 27 247 180 61 148 89 144 202 108 173 239 152 83 223 87 127
    189 246 132 188 219 190 191 206 139 117 123 111 221 87 210 243 93
    227 156 39 113 221 24 107 207 36 87 186 82 120 237 124 112 93 60 47
    213 60 117 239 157 172 152 13 241 29 156 90 16 246 51 189 91 87 40
    250 110 173 239 154 55 223 215 127 245 244 190 245 123 190 190 238
    139 117 115 191 213 119 211 247 93 227 132 55 123 220 28 235 207 44
    87 186 218 120 233 124 112 93 60 175 213 52 117 111 153 172 152 13
    240 29 156 92 56 242 115 189 91 87 40 250 191 179 247 87 183 241 217
    56 198 145 253 250 239 90 160 113 114 167 110 159 183 127 67 215 164
    119 247 255 62 126 198 186 207 124 175 158 222 57 251 253 125 73 243
    111 181 97 191 47 190 191 137 203 242 160 218 85 38 19 214 199 187
    251 237 90 189 54 212 38 221 162 171 124 208 57 208 115 238 75 130
    81 98 173 135 81 225 15 235 125 134 170 104 135 218 77 225 239 95
    165 60 191 119 188 33 245 217 68 90 14 201 1 203 93 168 118 88 5 224
    190 156 65 22 178 183 156 156 7 164 93 157 44 239 33 62 127 240 246
    216 188 254 213 90 180 139 234 137 200 251 235 245 85 110 157 171
    109 28 230 109 71 51 238 221 88 225 100 127 189 237 56 120 149 123
    55 207 231 55 233 191 232 239 223 209 93 88 68 246 197 143 253 235
    155 76 222 154 147 222 215 183 241 222 176 98 147 149 234 238 85 34
    89 125 147 108 223 199 125 67 243 160 119 243 254 124 118 230 163
    223 124 155 148 219 89 250 97 117 73 187 111 245 5 255 63 158 218
    136 71 242 160 216 93 31 151 214 151 49 123 229 74 85 51 207 213 116
    179 27 254 194 174 211 54 201 195 147 67 106 197 3 103 139 165 198
    155 12 138 178 13 82 12 49 107 119 36 156 187 90 124 1 87 144 64 155
    14 195 12 193 95 154 172 24 5 96 184 156 73 128 50 51 159 76 22 32
    179 93 51 241 244 216 162 43 126 128 110 195 53 193 203 131 67 234
    205 3 102 235 173 194 59 14 138 178 143 82 8 49 111 87 39 60 187 16
    124 65 84 81 64 24 14 235 0 201 95 24 36 88 5 96 30 156 73 144 242
    51 159 76 7 33 242 29 51 215 33 85 163 163 254 0 144 196 117 98 91
    131 65 106 221 131 71 97 45 238 115 6 170 120 141 80 12 32 41 127 7
    180 186 16 248 5 85 209 64 26 6 105 1 73 198 24 60 121 52 112 190
    220 73 0 184 39 143 24 7 165 91 38 197 104 142 107 222 219 9 63 69 5
    204 157 126 60 116 188 179 16 179 198 115 210 99 117 214 193 127 50
    187 93 99 135 180 67 138 210 88 234 122 112 157 44 105 149 92 245
    111 145 174 152 13 240 21 220 91 56 242 50 189 88 215 40 218 102 205
    232 143 235 158 218 9 47 67 5 238 190 126 44 124 244 179 56 183 143
    119 210 97 117 214 249 127 50 187 215 35 135 180 71 138 194 89 235
    126 96 93 44 105 149 92 245 47 149 174 24 13 240 21 220 235 24 247
    50 189 88 87 56 250 69 47 231 153 88 223 167 231 105 228 43 20 209
    247 251 226 235 197 33 102 159 37 70 243 93 221 157 45 0 142 59 91
    247 36 85 186 80 122 233 94 164 84 56 47 85 142 245 111 153 172 24 5
    242 29 157 73 0 226 19 189 88 71 32 242 253 56 255 229 54 119 249
    246 208 254 214 181 127 176 155 194 251 204 251 107 249 209 239 156
    189 121 252 179 108 213 247 255 109 104 165 254 223 253 233 125 120
    85 243 62 199 165 19 108 191 173 239 207 248 31 28 84 230 244 47 217
    255 159 104 246 195 220 142 219 239 222 210 145 62 245 55 202 142
    217 126 157 108 211 60 167 78 135 171 113 43 83 189 110 213 3 146 55
    215 39 81 113 83 77 238 114 240 220 40 31 217 28 249 181 157 205 26
    5 253 239 153 235 81 252 48 61 84 113 16 251 24 40 138 181 6 225 248
    183 81 186 244 213 114 128 19 170 29 8 225 219 229 21 111 155 169 75
    242 230 73 199 166 230 77 184 177 32 63 236 232 97 120 108 247 43
    223 53 51 235 123 202 235 211 244 29 120 84 199 179 159 243 19 51
    192 78 109 206 237 169 155 221 167 73 173 255 168 142 217 45 255 239
    203 117 35 96 220 39 218 121 93 221 189 39 83 31 59 79 215 36 87 186
    82 120 233 118 114 94 56 47 213 86 245 115 153 172 24 5 240 29 156
    73 16 242 51 189 88 87 34 250 54 229 237 154 55 223 151 57 247 199
    61 250 191 59 182 110 243 245 98 243 213 119 211 103 93 247 181 63
    115 154 95 105 215 44 87 186 218 120 233 124 114 95 60 47 213 52 245
    111 153 172 24 13 240 29 156 73 24 242 51 189 88 87 42 251 13 143
