<?xml version="1.0"?>
<opencv_storage>
<ImageFile>"10.jpg"</ImageFile>
<Features type_id="opencv-matrix">
  <rows>198</rows>
  <cols>64</cols>
  <dt>u</dt>
  <data>
    197 10 131 177 217 162 162 200 8 171 2 127 130 195 131 1 106 69 61
    71 202 141 174 121 14 218 59 47 210 11 35 31 87 167 92 187 16 245
    109 86 193 96 8 26 201 12 89 145 72 44 24 181 209 254 140 235 80 120
    33 157 76 21 48 190 199 5 131 149 200 130 154 192 2 239 3 70 130 64
    130 1 98 213 5 99 202 45 194 90 12 138 178 47 82 8 49 107 87 36 84
    187 82 120 233 214 80 72 24 14 193 28 193 79 153 172 24 5 240 28 156
    73 16 242 51 189 88 87 32 250 197 10 194 99 221 240 171 216 24 187
    194 127 162 203 194 105 106 213 189 103 201 141 174 120 46 223 59 39
    214 11 35 31 119 167 92 219 80 245 109 150 81 100 74 30 201 12 216
    177 76 189 24 181 213 246 140 235 208 252 161 15 76 21 48 190 171
    222 108 75 255 189 215 24 191 85 173 202 175 121 108 205 193 245 62
    124 252 87 186 116 103 247 25 63 255 91 95 59 213 109 222 219 194
    115 189 191 247 223 106 63 213 218 252 17 149 157 22 44 249 229 143
    239 56 214 56 14 210 223 62 249 213 18 151 85 252 163 27 112 154 53
    215 7 198 217 0 35 116 207 94 167 216 143 170 153 138 106 236 78 16
    5 193 127 123 57 144 61 94 171 132 199 208 16 139 142 233 40 136 31
    172 69 25 163 241 248 156 195 97 63 51 158 248 20 20 253 206 205 235
    221 34 207 93 71 59 231 45 216 211 224 182 206 171 213 52 99 142 61
    226 99 93 215 183 47 67 139 54 107 215 38 84 186 82 124 235 246 114
    126 60 111 215 20 245 111 153 172 24 5 240 29 156 73 16 242 51 189
    88 87 34 251 206 205 235 220 34 207 93 71 175 231 37 216 155 234 180
    94 235 213 36 99 142 61 242 99 93 215 183 47 83 171 52 107 215 38 84
    186 82 124 235 126 114 94 60 111 215 20 245 111 153 172 24 5 240 29
    156 73 16 242 51 189 88 87 34 251 227 142 142 139 74 95 134 135 57
    254 46 207 154 60 127 173 205 49 33 161 212 213 94 224 83 101 24 34
    169 211 27 67 213 32 83 32 90 74 236 40 242 29 104 63 85 86 117 225
    153 136 24 13 213 13 153 202 22 224 50 61 82 83 10 250 240 57 211
    215 112 2 216 239 210 184 83 55 243 194 147 90 106 197 56 15 143 141
    199 199 143 202 178 15 66 40 50 110 119 39 117 187 86 124 227 84 80
    108 177 110 171 12 129 239 217 172 56 215 240 30 156 75 64 122 51
    251 88 21 177 250 213 59 231 213 252 247 251 246 216 189 214 223 207
    217 147 75 170 197 251 47 254 173 206 251 15 122 190 182 220 77 114
    111 87 167 181 123 94 253 255 119 208 100 235 126 203 40 121 179 220
    236 25 243 209 254 156 206 69 252 113 95 204 53 149 254 248 223 255
    253 254 255 255 249 253 253 255 219 255 252 255 252 255 213 127 111
    126 253 182 127 127 255 191 62 255 87 126 191 243 101 117 251 214
    127 249 117 115 221 249 63 221 158 253 63 141 173 30 5 248 63 159 77
    80 246 123 189 95 95 32 250 43 150 198 3 255 177 130 148 60 185 2
    103 172 91 43 5 104 253 193 178 241 39 95 253 96 56 56 166 124 81 33
    198 223 232 95 48 127 250 233 54 253 84 74 14 197 229 219 99 184 252
    24 5 244 13 156 73 22 242 183 181 218 87 36 254 78 13 239 220 34 223
    93 103 53 230 21 138 219 228 54 78 137 89 114 103 158 253 210 179 93
    203 150 62 65 157 62 107 215 52 85 186 218 120 242 126 112 127 60 47
    215 28 229 111 153 172 24 5 240 29 156 72 24 242 51 189 89 87 34 251
    163 214 76 138 255 158 135 24 63 127 36 235 175 59 100 93 226 247 61
    48 192 71 154 120 102 212 57 63 255 89 89 111 149 228 214 178 114
    120 173 244 118 222 42 29 209 20 244 77 145 189 24 4 240 21 159 79
    24 246 50 156 88 87 38 249 250 222 239 253 230 125 255 241 189 253
    127 203 159 188 127 238 189 221 125 111 124 223 246 120 127 255 191
    58 253 115 126 191 242 117 124 249 215 127 248 245 115 223 121 63
    223 142 220 61 141 137 94 5 250 159 159 77 80 246 57 157 95 95 0 186
    56 142 237 136 42 253 177 117 189 252 94 197 221 61 123 228 157 184
    195 42 244 115 218 251 249 125 148 246 108 215 127 239 207 216 67 36
    255 218 248 120 124 29 107 167 245 229 247 107 187 236 137 15 246 29
    152 93 62 243 247 189 251 219 108 222 35 18 0 34 223 160 3 8 230 24
    144 99 173 11 32 21 116 167 1 144 224 2 25 100 128 144 104 11 186 24
    193 64 29 172 130 180 123 8 33 64 76 64 18 137 192 97 180 77 48 54
    152 8 230 0 218 81 46 50 150 148 162 211 36 72 35 150 198 67 237 240
    130 20 120 185 6 71 172 117 43 1 108 231 233 178 212 103 91 253 98
    120 24 166 60 83 131 70 223 232 91 48 127 152 233 32 125 84 106 174
    213 225 243 107 184 252 8 1 244 5 152 73 54 210 150 165 210 95 36 94
    71 5 139 149 104 134 90 71 0 239 1 70 146 224 18 2 0 65 32 99 206 45
    194 75 30 138 166 15 66 168 49 75 87 36 84 187 82 120 225 222 80 104
    56 14 209 20 193 111 25 172 24 5 240 29 156 73 16 242 51 189 88 87
    32 250 33 134 108 138 43 221 133 125 53 124 140 133 60 125 45 197
    203 244 129 32 212 114 216 123 89 165 0 18 125 89 25 79 223 96 85
    176 118 120 233 124 116 93 106 47 84 148 245 107 185 172 24 13 240
    29 156 73 18 226 63 189 90 87 40 250 171 214 76 170 255 187 7 24 63
    121 36 235 191 59 38 93 226 247 61 48 192 85 154 120 102 212 57 55
    255 89 27 111 149 228 212 178 114 112 173 244 118 223 74 29 209 20
    244 69 149 189 24 4 240 53 159 75 24 246 50 156 88 95 54 249 70 1
    139 148 40 134 90 71 0 230 1 20 147 194 146 66 34 85 0 99 206 45 194
    75 12 138 166 15 82 8 49 107 87 36 84 186 82 120 225 214 80 72 16 14
    209 20 193 111 153 172 24 5 240 29 156 73 16 242 51 189 88 86 32 251
    194 140 138 139 71 203 210 143 31 225 30 207 186 142 46 175 141 19
    56 151 204 7 227 97 99 199 152 38 83 83 26 34 159 45 113 113 115 79
    236 112 112 221 60 43 157 28 125 229 221 136 26 5 245 45 156 202 16
    242 55 189 25 85 18 202 65 14 215 222 200 207 71 118 59 124 14 5 145
    252 185 236 235 85 153 38 198 45 202 107 75 252 138 6 56 75 25 79
    215 39 85 187 16 250 255 118 48 117 76 38 77 156 229 235 157 44 24 5
    179 93 156 203 80 110 59 189 88 69 35 242 235 199 76 131 231 157 159
    137 47 215 19 202 188 63 108 69 132 183 60 181 92 119 147 112 113
    214 185 62 190 122 31 49 214 101 95 155 210 89 236 56 116 93 56 45
    213 28 252 53 157 141 24 5 243 133 220 235 24 246 50 189 80 223 56
    250 62 50 245 183 254 165 187 124 210 191 211 53 237 66 145 80 246
    199 67 98 233 41 199 223 140 170 230 223 82 13 245 238 119 44 92 191
    94 122 225 87 217 76 83 14 194 37 203 95 153 172 24 7 240 28 156 73
    128 242 51 153 88 6 32 244 66 2 1 131 200 150 130 65 2 59 2 7 145 66
    147 16 98 209 1 34 200 33 202 88 12 208 188 47 130 136 49 74 71 36
    85 186 112 120 109 68 96 84 16 14 69 4 145 71 153 172 24 5 240 29
    156 73 16 114 51 189 72 87 32 250 66 2 1 163 200 130 130 193 10 59 2
    7 144 64 19 16 98 145 1 2 200 37 138 88 12 216 184 47 130 136 51 78
    71 164 85 186 112 120 109 68 96 84 16 8 69 4 145 71 153 172 24 5 240
    29 156 73 16 114 51 189 72 87 32 250 3 1 1 54 9 0 32 74 64 32 0 5 32
    193 0 3 2 4 5 64 194 40 1 3 6 138 130 1 18 0 33 68 18 38 16 186 1 0
    65 132 64 96 24 66 64 1 161 74 0 36 88 0 64 24 12 0 1 34 19 145 8 6
    33 105 64 79 86 95 200 143 100 227 105 160 42 25 144 247 217 170 226
    147 169 106 143 172 141 191 91 78 135 14 32 139 185 86 243 135 101
    50 17 218 247 206 166 118 200 70 108 174 75 131 137 109 116 117 55
    31 129 201 1 232 67 165 88 102 163 245 158 177 187 245 54 181 216
    101 151 175 213 216 223 192 48 90 188 222 118 235 142 124 226 219
    173 146 230 255 64 181 245 234 215 156 158 238 218 125 242 243 88
    202 245 109 178 20 209 127 155 170 58 71 248 29 124 93 17 243 115
    251 121 179 233 255 68 1 131 144 0 70 0 71 2 166 1 4 81 160 19 2 72
    64 1 100 130 133 194 3 30 128 148 12 0 136 16 72 71 38 5 186 0 104
    67 78 0 96 20 10 1 28 33 238 17 44 24 4 48 24 20 8 0 98 35 185 72 4
    32 227 158 176 59 245 46 181 216 33 31 191 213 218 223 0 48 82 180
    223 86 251 142 116 66 219 173 146 247 254 64 247 245 250 87 188 158
    110 218 121 232 243 88 200 229 108 243 20 147 63 155 234 24 71 248
