<?xml version="1.0"?>
<opencv_storage>
<ImageFile>"104.jpg"</ImageFile>
<Features type_id="opencv-matrix">
  <rows>366</rows>
  <cols>64</cols>
  <dt>u</dt>
  <data>
    63 255 125 222 62 127 221 123 255 94 255 254 125 127 252 253 243 247
    127 106 245 116 145 119 253 255 229 127 127 223 255 251 215 100 215
    254 218 122 249 125 118 223 127 63 212 150 245 111 157 173 158 13
    250 29 159 93 56 246 123 189 91 223 42 248 173 238 111 137 190 221
    149 253 189 253 254 255 221 60 255 236 217 244 235 41 244 82 254 252
    125 117 29 50 125 223 95 255 205 104 199 232 214 251 249 60 254 159
    110 183 84 246 116 97 191 173 159 13 218 29 159 92 60 244 238 188
    219 223 46 254 191 222 124 238 55 125 157 177 63 223 125 248 29 59
    252 255 243 246 109 233 117 82 245 112 125 253 169 123 127 95 255
    251 244 100 215 250 210 123 185 253 246 223 126 63 212 150 244 108
    157 173 30 13 250 29 159 93 56 246 123 188 91 223 42 251 61 254 255
    169 62 253 189 127 253 254 252 189 93 61 253 239 251 252 227 105 245
    82 222 189 253 253 173 247 125 215 127 239 197 232 223 190 255 255
    249 125 254 223 126 175 214 247 118 123 191 173 158 13 234 29 159 93
    188 246 123 252 219 223 42 247 187 254 127 207 255 221 223 185 255
    253 62 255 189 126 125 253 247 247 126 187 245 118 155 252 249 247
    117 59 255 219 223 127 223 236 223 246 254 91 251 127 119 223 239 63
    149 182 253 119 183 191 159 13 190 133 159 95 60 246 254 63 251 221
    46 254 105 206 109 136 3 95 5 91 165 68 173 136 89 189 125 239 139
    116 99 108 52 210 216 51 93 245 9 16 59 222 30 201 128 68 83 154 194
    122 165 58 54 191 124 167 20 158 116 232 149 173 149 12 27 29 135 28
    56 228 105 188 91 206 46 218 60 252 125 190 54 127 125 119 255 246
    255 184 125 63 253 254 251 242 67 249 181 114 209 183 221 109 229
    217 107 223 253 233 217 108 199 190 203 122 241 125 190 223 125 47
    244 183 231 110 159 174 143 15 250 29 159 93 56 247 123 252 123 218
    106 251 62 254 125 239 190 253 223 253 255 245 255 252 253 63 255
    254 251 246 91 107 253 115 255 60 253 239 228 63 127 219 127 239 245
    108 215 254 214 123 249 127 254 223 125 63 213 182 245 111 159 172
    159 13 242 29 159 93 56 246 123 189 251 223 46 254 62 252 125 171
    190 253 247 125 255 247 255 252 253 63 255 254 251 244 83 107 253
    115 255 124 253 237 164 191 127 219 127 239 213 236 87 190 210 123
    249 126 254 223 124 47 213 150 245 39 159 172 159 13 242 29 157 93
    56 246 123 189 219 223 42 255 61 253 255 252 50 127 245 255 255 212
    237 189 125 191 255 254 251 244 243 111 55 126 212 183 253 255 245
    217 111 223 126 249 238 68 103 254 214 122 249 125 63 223 253 183
    252 183 245 110 141 173 239 223 250 31 159 93 56 246 123 237 251 207
    47 251 61 253 255 236 50 127 245 255 253 212 238 255 125 63 255 238
    251 252 251 111 117 114 212 246 253 127 245 217 125 223 254 249 254
    68 247 254 214 123 249 125 254 223 255 183 244 179 119 110 191 189
    175 159 250 29 159 93 60 246 123 239 251 223 47 250 250 223 246 244
    119 127 253 251 253 93 255 251 127 252 124 253 245 255 127 255 119
    254 177 247 247 127 247 218 255 246 254 249 234 123 118 253 255 126
    216 253 223 223 255 255 217 119 247 110 237 167 222 207 250 63 159
    93 63 247 119 191 127 126 139 184 248 253 255 255 54 127 253 255 253
    221 255 253 127 254 255 238 251 213 123 111 117 255 247 183 255 239
    183 191 127 223 126 187 255 108 119 254 223 123 249 125 250 223 255
    63 221 183 247 110 159 173 159 143 250 29 159 93 120 246 123 255 123
    223 42 251 60 190 239 255 62 253 251 125 253 255 214 253 253 126 191
    205 187 253 251 43 245 127 222 255 121 234 166 183 125 209 125 239
    223 232 223 52 255 251 249 127 252 93 239 46 215 183 247 123 189 252
    152 13 246 29 157 93 62 246 255 191 251 223 42 254 125 252 255 221
    186 253 255 241 251 255 222 255 253 118 255 254 255 251 251 235 253
    125 95 255 249 127 247 254 109 215 255 255 207 104 71 254 223 251
    249 124 124 93 255 63 245 247 255 127 191 237 139 79 250 29 153 93
    126 247 127 253 251 251 107 254 254 244 125 156 62 23 29 247 231 230
    189 184 125 185 183 95 251 244 102 241 241 210 245 182 221 229 237
    123 123 220 253 251 241 44 198 190 218 120 177 253 126 95 125 175
    212 116 212 77 155 172 152 15 114 29 157 93 56 246 51 188 123 214
    106 251 58 190 253 207 58 221 159 37 255 255 86 223 189 54 191 92
    251 215 232 43 213 117 219 253 249 246 180 183 110 249 255 239 199
    196 223 54 255 249 233 127 112 93 111 45 245 148 245 107 191 236 153
    15 246 13 156 93 22 242 243 253 219 223 104 254 163 247 77 206 183
    157 95 24 239 71 61 250 173 59 244 221 155 246 36 57 158 114 179 100
    121 247 181 59 63 58 93 41 150 108 214 154 202 89 250 255 118 223 41
    173 180 82 244 47 147 191 144 15 108 141 223 93 56 247 50 61 248 223
    108 250 255 252 125 235 255 191 95 25 239 103 253 250 175 127 252 93
    243 247 63 116 255 247 155 124 246 255 107 63 255 59 253 189 210 239
    158 223 194 113 181 255 62 219 88 221 213 91 252 21 140 181 16 12
    104 183 199 121 120 180 249 190 222 222 62 185 183 255 93 206 183
    221 95 24 255 87 61 250 175 59 252 221 251 247 108 57 85 114 177 116
    233 247 245 59 255 59 95 57 210 108 214 222 202 89 251 253 118 223
    41 189 181 82 244 45 147 191 148 15 248 141 159 93 56 246 50 61 120
    223 44 250 167 214 109 138 255 156 31 8 175 71 61 202 141 63 116 93
    128 247 4 244 72 82 18 96 84 244 173 61 191 56 93 41 144 124 214 138
    202 121 176 249 118 218 56 173 212 88 244 29 145 173 16 13 104 153
    159 61 56 246 48 156 88 215 42 249 239 252 231 169 223 236 7 216 173
    111 184 250 239 235 246 125 227 245 63 101 127 207 186 124 110 255
    63 63 251 27 122 63 210 231 94 219 66 117 125 254 119 206 120 191
    221 26 124 181 204 181 16 36 201 191 142 111 88 180 33 61 220 87 48
    184 60 169 239 220 54 95 221 127 183 254 159 181 95 254 191 206 153
    212 98 43 215 127 212 179 127 247 151 53 125 219 30 235 215 122 215
    170 222 124 251 125 116 253 231 47 151 180 245 107 191 172 159 141
    178 29 158 92 56 226 122 255 123 221 44 254 59 212 124 138 46 221
    158 37 127 254 63 140 28 62 125 246 253 178 64 184 213 112 245 160
    249 37 225 88 45 255 221 115 249 120 67 164 222 82 168 248 246 159
    109 45 148 182 244 110 147 239 143 15 190 13 219 93 62 243 62 188
    251 218 106 201 59 223 124 108 55 191 223 57 255 85 253 248 253 125
    124 93 181 183 102 241 245 118 145 119 245 127 229 126 126 246 253
    233 142 124 195 190 222 120 248 125 126 223 127 175 245 113 246 111
    187 191 153 15 250 29 218 85 56 247 119 189 251 223 172 218 59 222
    124 78 63 253 223 57 255 93 253 251 253 125 108 253 245 183 102 185
    244 118 145 246 245 127 245 126 127 247 223 251 223 124 203 188 222
    120 248 125 127 223 127 175 245 115 246 111 185 191 153 15 250 29
    218 93 58 247 246 189 243 223 172 218 254 237 239 255 250 127 255
    239 253 255 254 191 255 254 255 238 251 213 127 111 63 223 239 63
    127 255 191 191 223 223 126 255 243 39 109 251 214 127 245 254 218
    255 253 62 223 159 73 177 207 173 94 149 217 63 151 207 208 252 105
    253 223 14 58 183 115 220 236 155 239 159 223 13 255 103 21 202 189
    104 63 92 246 247 56 242 206 119 219 108 255 194 254 63 243 185 221
    111 215 173 70 95 90 123 247 126 242 223 76 13 213 28 221 23 157 172
    24 5 116 29 157 235 88 246 58 189 216 95 50 255 63 178 253 98 62 185
    211 56 250 189 214 113 237 26 160 81 122 231 235 155 245 119 75 223
    165 58 117 255 126 93 229 238 95 232 205 182 127 184 233 117 249 213
    107 47 193 97 183 111 186 254 137 79 244 165 90 81 54 178 150 159
    251 159 228 94 124 169 255 253 114 255 255 255 253 254 223 189 93
    190 191 238 153 221 250 111 191 255 214 183 217 111 158 245 105 253
    127 235 207 89 231 167 223 251 250 125 124 61 247 103 183 189 247
    111 191 174 175 251 243 125 124 222 110 239 95 251 251 255 255 254
    252 254 255 253 254 253 251 249 253 255 254 255 255 253 255 254 251
