<?xml version="1.0"?>
<opencv_storage>
<ImageFile>"105.jpg"</ImageFile>
<Features type_id="opencv-matrix">
  <rows>139</rows>
  <cols>64</cols>
  <dt>u</dt>
  <data>
    2 0 9 132 46 146 26 0 6 34 21 4 25 16 16 18 0 213 0 224 192 32 192
    98 12 128 160 15 82 40 21 107 215 36 20 186 74 120 128 83 16 88 25
    12 208 20 193 79 153 172 24 5 112 25 156 73 16 114 51 189 88 23 32
    250 37 23 101 144 21 37 33 126 164 68 134 53 97 25 145 71 226 244 67
    96 112 34 208 55 12 168 160 9 80 12 48 105 220 36 85 186 82 120 1 84
    80 84 24 142 192 32 225 78 153 172 24 5 240 29 156 65 16 242 51 188
    88 86 36 250 40 9 175 152 2 95 1 231 71 196 31 22 81 180 123 238 131
    16 64 36 20 212 212 130 95 196 144 0 161 218 30 25 160 4 67 234 154
    66 203 8 50 53 20 52 28 150 228 236 87 44 135 157 147 27 16 26 40 96
    8 56 73 76 74 248 10 18 0 162 191 185 130 25 52 24 150 69 168 16 40
    1 100 220 1 208 192 34 129 112 4 152 8 0 94 70 33 64 221 32 211 176
    115 122 137 100 208 84 26 14 208 133 242 77 152 60 24 5 240 29 158
    73 18 242 55 188 88 87 36 216 2 2 4 0 143 184 2 24 32 24 130 69 136
    17 40 1 0 124 1 176 192 34 16 112 0 16 8 4 60 2 1 64 220 40 211 160
    122 10 136 32 228 20 26 15 80 196 244 73 24 44 24 4 240 29 154 9 18
    98 55 180 64 87 36 88 161 69 108 10 3 15 21 91 167 68 173 130 61 189
    116 103 135 52 70 101 18 210 176 38 80 164 133 24 177 154 92 97 136
    12 2 202 130 72 0 216 18 155 60 163 144 114 100 76 17 160 131 12 24
    25 195 20 56 48 48 60 25 212 46 201 2 1 8 154 7 19 4 30 6 2 21 0 57
    0 53 3 8 84 64 212 0 50 193 35 0 128 128 8 18 8 16 8 216 44 147 186
    74 104 1 64 48 75 52 13 84 20 229 78 19 172 24 4 50 25 212 25 16 162
    59 156 88 86 36 243 37 5 124 136 1 29 1 127 166 68 132 4 29 61 189
    69 194 52 67 32 80 114 208 98 84 160 132 8 56 136 88 105 220 4 71
    186 0 114 1 124 52 21 24 134 84 240 228 78 145 44 152 12 176 29 156
    73 56 226 59 188 88 215 42 248 39 38 97 130 29 132 1 73 230 70 2 48
    41 11 145 69 194 116 1 96 192 34 144 100 76 144 36 9 18 8 17 73 85
    36 84 186 82 120 1 84 32 64 24 142 64 0 192 77 25 44 24 0 112 25 156
    73 16 114 51 188 72 87 32 248 2 1 8 130 3 0 0 15 134 2 5 0 17 2 52
    18 70 86 0 64 0 50 192 2 8 128 160 8 18 136 16 104 144 4 18 186 2 72
    1 64 0 194 20 9 16 20 128 78 17 44 16 4 48 24 148 73 16 114 51 188
    88 22 32 249 19 49 153 158 55 83 92 46 66 130 213 176 60 130 5 82
    127 150 0 213 2 48 193 3 140 129 224 73 83 40 244 41 212 36 149 186
    74 120 128 85 48 202 61 41 212 20 229 110 155 174 27 7 112 25 212 73
    16 243 59 249 24 87 32 251 252 43 255 253 114 127 243 255 253 252
    222 189 127 254 251 238 251 213 251 111 125 255 230 183 93 239 188
    149 127 219 126 251 247 37 119 251 214 123 253 124 250 93 251 62 221
    166 193 110 159 173 223 141 242 29 157 93 80 246 123 253 91 94 34
    250 5 6 33 0 216 134 3 76 164 102 130 4 65 9 145 5 194 116 3 96 192
    2 152 48 12 136 12 5 16 8 49 73 117 36 85 186 64 48 5 20 16 64 24
    142 64 0 64 192 25 44 24 4 81 28 140 8 16 96 35 188 72 86 32 240 171
    214 108 170 191 189 151 24 189 85 190 250 173 63 236 197 195 244 7
    121 240 82 152 116 101 245 89 51 127 91 95 185 156 108 223 154 226
    121 169 53 119 223 122 189 212 195 244 101 128 189 148 12 250 133
    207 29 56 214 54 172 211 223 44 154 163 214 108 138 191 60 29 17 63
    127 45 200 14 59 116 237 129 244 36 185 192 210 185 56 101 133 169
    59 191 59 29 117 240 228 222 218 66 112 161 183 214 222 106 29 208
    22 244 73 128 181 22 4 76 149 135 13 144 242 32 28 220 86 46 185 36
    69 108 136 3 29 5 73 167 70 173 32 49 46 188 70 210 48 66 64 147 114
    144 38 84 52 133 9 32 156 25 64 200 12 71 142 128 96 3 90 52 155 4
    129 20 116 164 14 17 172 144 12 34 25 214 17 56 98 48 60 24 210 40
    72 53 37 229 152 18 5 1 127 230 68 149 20 93 45 181 70 250 244 67 96
    16 34 208 39 92 168 164 9 82 152 80 105 214 44 71 186 66 120 129 92
    48 88 24 15 212 52 229 78 153 172 24 5 112 29 156 73 16 242 51 189
    88 86 32 250 170 148 203 167 239 164 159 141 252 123 120 75 191 106
    35 93 231 215 33 112 192 5 190 124 110 201 185 39 218 113 55 255 245
    164 92 49 119 113 169 246 115 78 78 11 213 21 216 89 153 172 24 5
    244 29 156 73 16 242 183 188 222 87 32 252 41 3 244 2 17 33 33 126
    228 0 194 53 53 123 161 69 242 180 67 84 113 34 209 119 4 40 228 9
    82 140 96 160 222 44 70 190 82 56 1 92 88 80 24 14 192 113 131 78
    153 172 24 5 240 28 156 65 16 242 51 188 88 86 32 248 41 3 244 18 17
    33 33 126 228 0 198 53 61 121 161 71 226 180 67 116 113 34 209 119
    20 40 228 9 82 140 96 168 222 44 70 190 82 56 1 92 88 80 24 14 192
    113 131 78 153 172 24 5 240 28 156 73 16 242 51 188 88 86 32 248 60
    33 249 154 34 93 93 103 199 198 29 148 81 166 189 194 155 16 66 107
    22 112 192 135 157 133 134 25 3 248 28 232 198 20 71 170 138 120 195
    88 48 249 181 97 54 148 101 110 147 168 169 79 178 25 52 92 8 226 91
    249 121 222 107 242 203 70 40 169 207 150 7 137 188 127 40 10 153
    189 55 7 129 125 37 96 200 199 26 120 86 221 29 38 210 19 51 83 193
    164 87 40 115 120 37 34 112 84 56 173 85 84 116 225 25 44 24 4 209
    29 140 8 16 224 35 188 72 86 40 250 194 137 138 153 65 82 82 167 16
    225 52 138 18 240 7 138 9 17 56 135 76 133 230 34 75 195 152 32 193
    8 18 9 149 34 17 232 82 65 111 48 112 63 56 55 149 28 113 224 25 172
    31 5 209 89 144 10 17 224 41 61 72 85 0 219 33 5 117 152 18 5 1 127
    230 68 5 20 93 45 177 70 234 244 67 96 80 34 208 39 92 168 164 9 82
    152 80 105 214 36 69 186 66 120 129 92 48 88 24 14 212 52 225 78 153
    172 24 5 112 29 156 73 16 242 51 189 88 86 32 250 248 173 239 219 34
    95 209 255 221 212 94 157 95 252 191 238 155 212 123 47 62 249 230
    183 121 239 148 48 109 219 94 171 213 102 97 250 222 115 251 124 112
    253 253 55 157 180 117 238 159 172 239 221 208 31 148 92 124 244 107
    121 91 221 47 254 33 5 228 22 19 3 1 126 230 4 151 52 121 185 128 70
    226 176 67 116 81 162 193 183 92 40 164 8 82 140 48 41 218 44 68 186
    82 120 1 92 80 80 24 14 192 48 225 78 153 172 24 5 240 28 156 65 16
    242 51 189 88 86 32 250 251 253 255 255 255 127 221 251 255 253 252
    255 255 254 246 253 251 213 127 111 126 143 167 55 111 255 191 47
    223 91 122 187 242 39 84 251 82 119 253 244 210 94 56 62 217 30 217
    180 205 173 94 133 248 63 141 75 208 244 33 189 92 85 50 187 199 55
    214 19 223 130 2 136 98 35 130 38 254 227 35 81 228 179 43 246 73
    135 3 117 198 88 248 109 210 12 162 34 223 45 69 191 90 56 109 84
    112 84 24 15 213 124 225 77 153 172 24 5 240 29 156 73 16 242 51 189
    88 87 32 248 2 1 8 154 2 7 12 7 7 66 57 128 16 128 53 2 5 18 64 196
    2 176 64 3 24 1 128 72 1 184 20 0 128 20 18 138 10 72 2 64 34 11 52
    41 20 20 132 78 19 168 144 4 34 24 80 16 1 35 24 16 25 80 106 227
    195 196 2 3 193 192 130 132 40 193 45 204 34 33 65 171 13 32 36 213
    8 1 103 1 69 213 9 36 3 2 2 19 180 37 113 152 90 97 76 136 99 88 56
    170 145 24 120 52 25 136 82 5 209 25 132 106 144 114 32 60 0 85 0
    234 247 50 211 19 221 130 10 136 234 35 131 54 174 195 162 81 118
    167 43 214 73 135 83 85 198 218 252 111 146 8 226 34 87 45 71 191 90
    56 237 84 96 80 24 143 197 120 181 21 153 172 24 1 240 29 156 67 16
    242 51 189 88 87 32 122 247 59 211 19 221 2 131 138 206 7 18 118 175
    203 146 89 126 231 47 214 73 135 19 85 194 254 253 111 146 26 226 58
    199 45 71 191 90 60 109 92 112 84 48 143 221 120 181 229 153 172 24
    1 240 31 156 65 16 240 49 189 92 87 32 250 6 4 8 138 2 77 0 7 35 64
    15 4 16 54 125 226 137 16 0 228 1 144 52 32 88 1 8 8 161 136 24 1
    144 36 19 138 2 66 1 20 146 147 28 2 4 22 100 140 17 36 70 12 24 25
    129 8 144 96 40 52 72 0 34 233 35 17 64 178 23 34 5 122 68 66 208 48
    40 10 129 71 66 84 1 84 64 34 193 55 4 136 160 9 82 8 32 73 88 36
    148 186 82 120 1 84 48 66 24 15 80 21 192 78 24 44 24 4 112 28 156
    73 16 178 51 156 72 86 32 240 250 253 255 247 247 127 253 255 255
    253 124 255 191 255 246 254 251 213 61 111 95 143 167 55 127 223 191
