<?xml version="1.0"?>
<opencv_storage>
<ImageFile>"107.jpg"</ImageFile>
<Features type_id="opencv-matrix">
  <rows>39</rows>
  <cols>64</cols>
  <dt>u</dt>
  <data>
    2 2 0 0 0 144 10 1 0 34 3 2 128 1 17 3 128 73 1 224 192 32 66 80 72
    24 164 8 0 4 49 64 87 36 85 170 82 40 128 64 112 88 24 15 212 20 224
    79 153 172 24 5 240 29 156 73 16 242 51 181 88 87 32 250 187 214 108
    173 254 189 159 49 62 127 125 91 159 57 116 93 244 213 5 224 208 67
    162 112 78 221 189 126 219 82 119 107 213 36 84 186 82 112 169 244
    82 94 24 15 209 20 244 77 153 172 24 5 240 29 157 73 16 242 51 188
    88 87 34 249 5 34 17 32 0 0 36 76 192 2 131 36 96 7 129 3 96 42 3
    208 225 34 80 198 144 8 228 201 0 132 161 64 77 44 71 190 25 40 1 76
    108 64 20 139 196 113 166 79 152 172 24 1 242 28 28 65 8 178 19 176
    8 87 96 106 191 252 127 239 63 125 253 251 255 221 252 249 127 63
    252 253 251 244 127 105 117 90 189 60 237 191 99 187 255 95 255 255
    240 100 60 222 214 119 185 245 219 223 122 63 218 135 220 124 141
    181 86 5 232 151 135 77 152 244 41 156 223 30 34 185 60 51 117 160
    21 165 33 125 196 70 211 52 97 12 145 70 122 124 67 64 240 34 208
    199 28 184 164 137 18 148 113 201 78 44 87 190 17 40 9 76 108 64 20
    171 196 49 167 110 152 172 24 1 242 29 28 65 8 178 19 177 24 87 32
    106 36 35 49 32 17 34 35 78 192 2 195 52 97 6 129 2 122 40 67 80 113
    34 81 214 148 184 228 137 2 140 97 200 78 44 71 190 25 56 9 76 104
    80 48 171 212 113 167 110 152 172 24 1 242 29 28 65 0 178 19 177 24
    87 32 106 60 21 109 172 54 61 53 119 52 84 213 16 93 60 188 70 226
    220 3 96 240 32 192 50 76 136 164 25 114 20 61 233 212 36 20 186 66
    122 129 116 144 219 24 15 84 148 196 78 153 36 25 4 96 29 159 9 16
    242 59 156 88 70 34 249 60 5 109 172 54 61 52 119 164 68 213 16 93
    52 189 70 226 220 67 96 208 34 192 114 76 136 132 137 112 20 57 232
    212 36 20 186 66 122 129 116 152 219 24 14 80 148 194 78 153 36 25 4
    112 29 159 73 16 226 59 188 88 70 38 249 190 252 127 239 55 125 253
    249 255 221 252 249 127 63 252 253 251 212 127 107 117 218 181 60
    253 191 103 59 255 95 255 255 240 100 60 222 214 119 185 245 223 223
    123 62 218 135 92 124 141 181 86 133 232 151 135 77 152 244 105 222
    223 14 34 181 191 252 125 238 55 125 253 123 255 93 252 249 127 63
    252 253 251 212 31 105 245 90 181 60 237 191 99 155 127 95 253 253
    240 100 60 222 246 119 185 245 223 223 123 63 218 135 220 92 141 181
    86 5 232 151 135 77 152 246 43 222 223 30 38 189 4 35 1 32 1 0 32 78
    128 2 131 36 64 6 129 2 72 40 67 80 65 32 80 194 16 24 128 136 0 132
    33 192 78 44 71 170 25 40 1 76 108 16 20 171 196 113 167 110 24 172
    24 1 242 29 92 65 0 178 19 177 8 87 96 106 4 2 0 0 0 128 2 0 0 2 3 4
    144 32 1 2 64 9 1 192 192 33 66 194 16 8 128 12 0 132 33 64 95 36 65
    170 25 40 1 72 96 16 16 15 212 84 163 111 153 172 24 1 240 29 28 65
    16 242 19 181 8 83 32 106 1 4 0 0 0 129 2 49 0 2 3 2 144 0 33 3 100
    75 1 192 192 32 66 210 72 24 164 76 64 0 49 64 223 36 85 186 83 104
    129 64 112 92 56 15 212 116 163 79 153 172 24 5 240 29 156 73 16 242
    51 189 88 87 32 250 69 7 0 2 0 2 2 1 32 2 3 2 0 35 35 3 72 43 1 196
    193 33 81 194 80 16 184 76 0 140 161 64 95 52 71 170 81 8 9 76 96 16
    56 143 213 80 179 111 153 172 24 1 240 29 152 73 18 243 19 181 88 83
    32 106 1 6 4 0 0 129 10 37 32 34 3 0 144 33 33 2 108 9 1 224 192 33
    66 210 88 24 164 76 64 128 49 64 223 36 69 186 83 104 161 72 112 88
    56 15 213 116 231 111 153 172 24 5 240 29 156 73 16 242 51 181 88 87
    32 250 63 182 124 172 54 253 189 119 52 94 255 117 93 63 189 117 235
    212 1 96 241 112 193 115 76 157 161 29 90 94 53 233 212 36 85 186 82
    120 137 116 112 92 56 47 212 20 244 110 153 172 24 5 240 29 156 73
    16 242 51 188 88 87 32 250 186 212 108 173 255 189 159 241 60 127
    127 95 157 61 125 117 246 213 69 96 248 2 146 112 78 220 189 62 218
    18 115 251 245 36 85 186 82 114 169 244 242 94 24 15 213 22 244 77
    153 172 24 5 240 29 157 73 16 242 51 188 88 87 34 249 95 220 76 143
    255 223 158 49 63 255 63 217 30 63 124 237 233 211 61 237 205 1 165
    49 105 93 169 126 93 95 189 115 240 37 84 187 82 115 169 244 242 222
    56 47 213 30 244 108 157 173 30 5 248 29 159 73 16 246 51 188 88 86
    34 249 63 54 125 172 54 189 61 117 116 94 254 53 93 63 189 119 226
    212 3 96 225 32 129 51 76 136 164 9 90 12 49 233 208 36 85 186 82
    114 129 116 240 92 24 15 212 22 228 78 153 172 24 5 240 29 157 73 16
    242 51 188 88 86 32 248 63 212 124 172 55 55 63 119 54 94 125 209 29
    63 180 85 235 212 5 97 209 112 241 114 76 157 161 25 91 92 117 105
    212 36 84 186 82 120 137 244 114 94 56 47 212 20 244 78 153 172 24 5
    240 29 156 73 16 242 51 188 88 87 34 251 4 33 17 32 0 0 33 74 192 2
    195 52 97 2 129 2 114 40 67 80 97 34 81 198 148 56 228 137 0 132 33
    192 78 44 71 190 25 40 1 76 108 64 20 139 196 113 167 78 152 172 24
    1 242 28 92 65 8 50 19 177 8 87 96 106 0 2 0 0 0 128 2 5 0 34 3 0 0
    1 1 3 4 40 1 192 192 32 82 194 16 0 128 68 0 128 33 64 79 16 67 168
    17 8 0 72 100 0 16 138 196 112 131 79 24 172 24 1 242 24 24 65 8 50
    19 177 8 83 96 106 61 54 125 172 62 189 61 125 244 126 254 53 125 63
    189 117 226 212 3 96 225 32 192 119 76 136 164 153 90 76 49 233 213
    36 85 186 82 122 129 116 248 92 24 15 212 22 229 79 153 172 24 5 240
    29 157 73 16 242 51 188 88 86 32 248 187 214 108 165 255 189 159 113
    62 127 125 91 157 61 52 85 228 213 5 97 216 99 162 112 76 220 189 62
    218 18 49 107 213 36 84 186 82 120 169 244 82 94 24 15 209 20 244 77
    153 172 24 5 240 29 156 73 16 242 51 188 88 87 34 249 158 208 92 174
    55 125 188 118 54 222 125 213 28 62 182 246 235 212 5 225 65 32 229
    114 77 157 177 25 91 78 183 105 212 36 85 186 82 120 137 244 114 94
    56 47 212 20 246 108 153 172 24 5 240 29 156 73 16 242 51 188 88 87
    34 251 207 222 76 141 254 255 158 48 63 127 61 201 158 63 124 237
    225 255 29 237 201 65 164 120 105 125 173 126 221 91 61 115 241 37
    84 187 83 115 173 244 210 94 56 63 209 30 244 77 157 173 30 5 249
    125 159 203 80 254 51 188 88 87 50 249 3 6 0 0 1 128 2 1 32 2 1 2
    128 1 32 3 100 171 1 208 192 33 82 210 64 24 160 76 0 0 33 64 223 36
    87 186 91 40 129 96 112 88 56 143 213 84 167 79 153 172 24 5 240 29
    156 73 16 242 51 181 88 87 32 250 44 7 101 160 22 37 33 119 164 70
    211 20 89 44 177 70 98 124 67 96 240 34 208 226 28 40 164 136 16 148
    49 201 79 36 87 186 17 104 1 76 108 64 28 11 196 53 231 78 24 172 24
    5 242 28 28 73 8 178 19 176 8 87 32 106 186 214 108 133 254 189 159
    49 60 127 124 91 157 61 116 69 228 213 5 96 216 1 162 112 78 220 185
    62 216 82 49 123 213 36 84 186 82 112 169 244 82 94 24 15 209 20 244
    77 153 172 24 5 240 29 157 73 16 242 51 188 88 87 34 249 207 222 76
    141 255 255 158 49 63 127 61 201 158 63 124 237 225 215 29 237 217
    65 182 120 105 93 169 126 253 95 191 119 241 37 84 251 82 115 173
    244 210 222 56 63 209 30 244 125 157 173 30 5 249 125 159 203 80 254
    51 188 88 87 50 249 4 33 1 32 0 0 32 111 192 2 193 32 96 2 131 2 66
    40 67 208 241 34 81 198 16 40 132 136 0 132 33 192 79 12 71 170 25 8
    1 72 44 0 20 131 68 113 163 79 24 172 136 1 242 24 88 81 8 50 19 177
    8 83 104 74 62 7 124 180 50 53 60 103 52 254 87 23 28 63 179 86 234
    216 1 225 209 32 209 114 92 24 176 25 90 92 181 97 215 36 85 186 82
    120 233 116 112 92 56 47 212 20 247 111 153 172 24 5 240 29 156 73
    16 242 51 189 88 87 32 250 4 3 128 16 0 0 0 33 0 2 3 6 144 2 3 2 8
    11 1 192 193 37 66 194 80 16 144 72 0 128 129 64 207 48 65 162 17 8
    201 72 112 24 48 143 213 116 183 111 153 172 24 1 240 29 152 65 16
    243 19 181 72 83 32 234 4 2 0 0 0 128 2 1 0 2 2 6 128 5 1 2 64 9 1
    192 192 1 66 208 64 24 152 12 0 132 33 64 93 36 69 170 81 40 137 64
    112 84 48 175 213 84 166 109 153 172 24 1 240 29 156 73 16 242 51
    180 72 83 32 234 139 214 76 137 254 189 158 48 60 127 61 74 158 57
    116 109 224 221 37 224 200 69 162 112 78 221 189 62 209 18 51 107
