<?xml version="1.0"?>
<opencv_storage>
<ImageFile>"108.jpg"</ImageFile>
<Features type_id="opencv-matrix">
  <rows>210</rows>
  <cols>64</cols>
  <dt>u</dt>
  <data>
    124 188 255 171 123 127 179 255 253 252 222 189 125 190 251 236 251
    188 251 44 245 211 255 181 251 109 92 181 239 223 223 239 173 105 67
    244 247 83 237 124 254 29 126 54 93 183 119 236 191 172 207 141 242
    29 152 93 126 244 47 188 219 207 46 222 59 214 124 238 63 253 223 25
    255 126 159 252 189 127 124 117 253 246 66 243 245 114 211 118 245
    254 229 127 126 251 253 227 199 108 199 190 219 120 249 125 124 93
    126 173 212 117 245 111 185 174 152 13 242 29 220 93 56 243 115 189
    250 223 44 250 188 62 127 139 234 93 179 237 255 252 222 55 125 62
    251 244 247 146 203 114 125 147 159 180 219 108 252 201 239 223 255
    254 237 44 71 254 223 114 201 252 218 85 84 30 84 167 226 109 189 45
    223 13 242 31 157 89 54 240 47 188 91 14 42 248 191 253 252 222 55
    255 213 26 255 85 189 249 191 127 244 221 251 247 124 191 119 127
    241 103 117 247 209 63 127 123 222 169 158 110 182 214 230 89 251
    253 119 191 191 229 189 83 245 110 245 182 139 13 248 165 251 95 56
    183 126 191 187 253 191 219 183 254 125 207 255 188 223 24 255 93 44
    251 175 123 236 93 243 247 188 57 245 118 26 124 225 247 113 119 63
    123 197 127 151 240 222 20 246 217 251 63 119 223 106 245 181 80 252
    51 164 223 152 47 252 165 223 239 62 214 246 175 242 223 188 158 47
    166 108 168 63 189 189 89 181 118 133 188 157 63 189 69 136 252 1
    112 241 114 210 113 85 180 128 29 122 88 125 235 213 68 215 170 210
    120 169 125 116 95 56 173 212 209 244 111 153 172 24 13 242 29 220
    93 56 242 51 188 218 215 42 250 237 174 247 233 250 255 163 253 189
    253 206 255 223 191 251 238 235 221 251 111 253 143 254 120 95 239
    60 167 253 79 59 191 245 39 117 251 86 255 237 126 253 92 120 62 221
    158 121 177 157 172 92 53 241 31 156 77 80 252 35 189 94 87 34 254
    63 255 253 222 63 255 221 59 255 255 213 248 255 127 252 223 251 247
    98 187 247 127 211 127 253 247 247 63 127 251 255 235 199 236 199
    190 254 120 251 127 124 221 239 237 183 116 245 111 191 190 153 79
    242 29 254 93 56 247 243 255 251 223 236 254 243 221 239 223 247 31
    95 139 255 197 53 250 191 250 118 95 255 247 60 255 30 223 243 103
    255 215 255 63 243 59 214 41 151 111 22 223 202 125 255 255 114 223
    236 125 153 28 245 175 213 172 24 141 249 63 156 207 120 246 112 63
    93 93 56 251 186 253 121 254 63 175 221 11 255 125 253 249 63 126
    244 221 243 214 52 59 231 126 177 127 239 223 227 31 127 123 253 239
    151 231 60 214 247 123 251 247 211 223 239 105 216 23 253 79 205 183
    95 13 238 165 191 109 24 182 254 191 219 31 182 189 220 33 155 149 0
    199 122 231 64 167 83 22 211 192 147 66 250 73 99 103 143 173 194
    195 157 91 182 238 64 132 54 170 71 52 69 186 26 104 233 84 120 72
    181 47 231 60 179 47 155 172 24 3 240 29 28 73 0 242 51 185 88 23 32
    234 19 17 152 22 15 2 26 6 70 32 21 64 60 74 34 18 124 147 0 147 192
    39 193 103 200 130 224 78 18 24 209 104 215 44 80 190 90 72 234 116
    112 88 56 47 209 20 181 111 153 172 24 5 240 25 156 65 16 242 51 189
    88 87 32 250 156 33 147 149 2 193 216 229 194 163 81 18 211 192 147
    82 127 80 98 99 139 173 198 130 140 95 183 234 64 142 183 58 87 36 5
    190 26 104 233 86 112 72 181 43 231 52 181 63 155 172 24 7 240 28 28
    73 0 242 49 185 88 23 32 234 156 33 155 149 2 193 216 229 194 163 81
    18 211 192 147 82 127 80 98 99 139 172 198 138 140 95 183 107 64 142
    183 58 87 36 5 190 26 104 233 86 112 72 181 43 231 52 181 63 155 172
    24 7 240 24 28 73 16 242 49 185 88 23 32 234 251 254 239 239 255 191
    223 184 255 255 252 251 191 123 246 125 243 247 63 123 253 119 243
    124 239 255 251 63 255 91 127 255 215 109 220 255 254 121 249 245
    126 94 122 63 209 23 245 127 157 172 24 5 240 189 156 77 24 246 51
    189 218 95 34 251 195 205 142 223 103 79 85 135 63 229 61 202 158
    253 118 158 13 115 60 191 30 255 242 35 123 215 147 126 185 243 94
    39 151 251 48 65 195 77 254 171 115 191 237 113 189 28 253 171 213
    194 195 221 157 99 178 174 121 95 112 127 241 253 159 218 197 173
    255 93 16 66 240 246 80 197 165 248 66 193 135 202 235 65 51 111 7
    173 102 131 79 123 147 45 65 12 2 35 215 7 53 251 18 124 255 116 112
    120 184 231 191 24 117 238 217 172 122 213 241 31 148 74 17 250 97
    191 88 117 161 250 62 253 253 254 54 253 221 63 215 254 253 248 253
    58 189 94 251 214 98 251 245 116 195 247 253 255 245 191 107 251 245
    235 215 44 85 190 222 120 233 125 120 95 253 47 245 53 245 111 155
    174 153 15 240 29 156 93 16 243 51 249 123 215 40 250 56 45 253 222
    50 111 113 127 245 252 214 181 125 254 185 230 250 212 67 98 213 56
    197 183 93 170 164 9 122 216 61 233 247 36 85 186 86 122 193 116 240
    93 60 46 212 54 225 110 153 172 24 5 240 29 157 73 16 242 51 189 88
    86 34 250 196 45 163 177 200 198 162 199 72 237 40 31 210 228 147
    170 235 1 59 103 15 141 238 25 94 207 191 47 195 142 50 30 97 39 101
    251 18 117 109 94 112 96 48 174 79 28 25 176 25 172 90 53 209 30 148
    73 144 248 33 189 92 70 32 250 191 254 252 79 255 253 223 24 255 125
    188 251 191 123 252 221 255 247 254 187 245 127 219 125 241 247 119
    119 127 123 223 231 159 250 203 52 255 217 250 63 125 159 239 245
    181 113 253 115 182 223 137 111 254 165 250 247 127 215 246 175 243
    251 253 222 196 41 195 149 192 66 164 230 8 165 169 158 82 229 147
    234 235 81 63 103 15 141 238 51 78 223 191 47 195 142 50 30 241 39
    117 251 18 116 109 214 112 96 56 46 207 28 125 180 153 172 80 21 209
    30 148 75 144 248 33 189 92 84 32 250 18 146 81 167 255 176 138 89
    234 59 146 119 173 81 41 81 246 215 9 114 196 37 203 124 204 220 249
    111 86 10 177 110 215 36 213 190 82 120 233 117 112 92 58 47 213 4
    245 111 152 172 24 5 240 29 156 73 16 242 51 189 88 87 32 250 59 255
    253 254 127 191 221 26 255 85 245 250 191 123 244 93 246 247 62 115
    247 127 145 119 247 254 227 63 127 123 245 235 151 236 222 158 242
    120 251 127 127 223 251 237 213 17 245 111 153 190 24 13 240 21 158
    77 56 246 115 191 250 223 174 251 63 177 216 118 55 193 89 46 214
    132 213 245 62 202 132 94 126 214 32 251 135 46 225 119 173 138 226
    91 82 121 244 105 215 60 53 190 222 120 250 117 80 221 189 111 178
    20 245 111 155 174 25 71 240 29 188 73 16 243 115 251 121 55 160 251
    184 254 127 205 50 253 181 253 253 253 94 223 221 60 251 206 251 220
    227 43 252 210 222 252 121 253 53 178 125 211 127 191 221 96 125 248
    214 251 233 124 125 93 122 62 86 166 124 117 185 173 255 45 250 31
    157 77 148 240 43 237 223 79 32 246 255 244 125 255 255 191 223 24
    255 127 253 251 191 107 182 93 242 247 63 115 245 119 178 126 236
    255 251 127 255 121 119 239 215 108 158 191 242 121 249 245 126 222
    122 47 209 21 245 95 157 172 24 5 240 29 156 77 24 246 51 189 218
    215 42 251 175 221 108 222 55 31 93 11 167 68 61 218 31 122 118 95
    185 246 36 245 22 246 240 98 125 215 177 25 115 186 94 41 130 124 22
    218 202 88 219 125 50 219 61 233 148 20 245 110 145 172 144 13 120
    29 182 93 56 242 112 61 89 221 42 251 187 246 125 239 191 189 223 25
    255 127 253 250 189 123 244 85 246 246 70 115 245 114 147 126 245
    191 227 59 127 123 245 239 215 236 222 190 210 121 249 255 126 223
    107 175 212 17 245 79 153 191 24 13 248 157 159 73 56 242 243 191
    250 223 46 255 69 138 130 161 217 178 162 92 56 251 130 235 130 17
    131 9 8 77 185 9 201 69 74 121 101 89 25 166 124 5 35 71 157 195 249
    33 113 221 45 34 101 52 42 53 87 137 122 241 88 89 60 52 213 229 234
    174 22 204 167 133 192 83 20 94 60 45 255 220 50 119 125 127 245 220
    214 181 93 254 185 206 251 212 99 107 117 60 196 183 93 171 166 153
    123 220 124 233 214 38 85 186 86 122 209 124 120 93 189 46 212 52
    229 110 153 172 24 5 240 29 156 73 16 242 123 189 91 86 34 250 50
    223 238 223 55 221 221 59 191 215 63 200 191 126 124 223 157 247 96
