<?xml version="1.0"?>
<opencv_storage>
<ImageFile>"11.jpg"</ImageFile>
<Features type_id="opencv-matrix">
  <rows>366</rows>
  <cols>64</cols>
  <dt>u</dt>
  <data>
    44 174 231 137 154 221 163 253 253 220 206 117 89 60 251 228 219 92
    195 32 245 83 254 245 125 125 28 134 109 223 31 207 205 64 71 186
    212 242 237 60 125 21 86 166 85 166 117 225 191 44 207 13 211 29 156
    88 36 192 110 173 203 79 44 254 242 1 171 84 39 2 89 46 150 131 213
    240 123 200 18 14 56 21 118 223 6 47 224 103 30 155 182 30 82 188 36
    232 78 60 36 191 222 60 210 221 88 232 177 111 139 124 145 110 123
    170 25 195 112 24 188 80 81 243 115 219 57 53 128 251 41 196 108 232
    42 253 125 65 61 126 108 136 28 61 125 239 133 248 193 232 244 112
    24 58 113 45 129 176 109 215 125 225 240 80 83 32 227 235 248 168
    190 191 124 165 118 151 246 107 153 201 190 12 238 29 139 28 59 195
    123 188 211 202 106 177 8 206 12 140 111 95 20 55 61 124 46 141 24
    189 124 173 141 122 64 160 208 210 144 32 91 101 137 80 189 211 31
    65 208 112 83 96 211 66 168 32 118 191 76 63 20 150 228 72 21 193 94
    12 143 73 155 142 155 71 42 52 67 72 10 224 130 197 8 154 1 24 84 5
    39 66 45 200 16 104 108 174 133 50 4 129 6 112 240 98 81 135 129 32
    33 160 29 1 134 146 82 0 3 72 226 170 162 187 44 97 176 22 245 42 17
    136 48 12 20 1 241 186 25 67 48 53 1 112 139 201 48 3 37 20 47 1 25
    126 198 40 211 21 105 73 17 4 62 132 66 18 208 34 128 134 156 160
    228 8 0 152 65 104 79 44 1 188 222 32 2 73 56 64 145 142 68 224 129
    79 59 174 153 3 176 24 220 81 32 98 63 153 40 7 32 84 50 3 129 142
    38 132 145 44 198 132 23 4 25 57 27 4 60 198 66 42 130 42 194 103 56
    160 132 24 38 184 85 104 151 124 33 28 206 8 138 8 177 25 129 134 4
    160 145 110 51 128 201 11 48 0 148 81 33 98 58 89 96 5 4 254 47 199
    101 188 10 77 13 71 33 126 168 137 92 109 125 237 129 124 130 32 244
    120 24 42 93 141 3 81 169 126 61 69 183 242 95 40 176 226 250 172
    167 63 78 233 84 150 245 75 128 164 88 76 130 21 47 12 143 194 66
    180 215 206 43 49 47 199 125 250 11 157 101 11 181 116 108 129 29
    127 253 118 211 186 193 96 244 114 144 115 89 172 132 145 107 208
    125 233 131 66 67 160 227 90 209 120 62 191 92 229 84 215 231 79 153
    164 152 12 226 29 159 29 56 226 123 188 91 206 43 240 65 206 12 136
    106 95 30 23 61 126 40 140 24 189 124 173 133 120 0 160 208 80 16 33
    91 100 136 84 185 66 29 65 208 80 83 32 67 66 128 32 118 191 76 47
    20 150 230 72 21 201 28 4 135 77 155 142 27 199 58 52 65 88 2 224 43
    230 108 170 190 221 22 1 109 84 63 60 56 62 125 228 131 48 1 240 213
    112 25 116 121 133 1 17 111 251 29 85 160 236 79 154 203 82 137 190
    167 255 76 13 84 150 244 74 129 101 214 12 46 5 131 8 184 226 42 188
    75 78 42 177 35 198 93 142 43 29 29 9 251 114 45 138 61 55 110 255
    133 182 128 56 80 208 16 32 209 133 193 120 175 249 29 97 144 208 83
    96 234 74 178 105 182 159 108 53 52 214 244 77 145 131 142 14 14 11
    255 29 60 98 60 60 87 204 106 209 2 207 0 206 35 152 134 1 47 192 61
    200 156 124 109 28 237 147 32 191 134 116 193 99 89 87 1 124 55 176
    157 33 150 116 80 0 66 72 170 96 39 31 40 109 149 156 213 15 145 137
    17 13 54 1 187 203 17 83 50 53 81 121 0 202 42 230 109 138 30 157 6
    13 97 96 62 180 56 54 109 230 129 16 0 176 209 112 25 164 81 132 0
    17 43 217 29 77 177 236 69 178 202 82 129 62 166 255 76 44 20 150 68
    75 19 100 137 12 38 29 75 12 28 226 138 188 75 78 106 85 45 135 108
    218 43 157 116 5 53 118 5 136 28 127 60 71 141 186 65 232 247 112 83
    243 81 49 128 84 105 208 157 225 159 80 211 160 195 88 248 104 52
    191 124 37 244 148 247 111 147 236 137 12 246 13 218 29 59 227 123
    181 91 251 110 218 47 204 236 168 3 159 37 75 181 118 172 202 155 60
    116 79 129 61 103 105 244 118 216 115 117 247 17 38 120 211 29 193
    135 0 194 168 194 120 233 56 112 191 124 165 213 85 117 107 25 168
    152 12 243 29 223 28 56 226 115 189 91 223 40 218 187 249 127 255
    191 125 221 250 255 255 253 251 255 249 118 253 247 247 62 123 46
    238 165 126 239 255 247 59 255 127 254 63 242 109 124 223 218 127
    251 247 211 222 251 127 218 30 253 63 205 189 86 133 232 191 151 77
    144 246 49 63 221 94 34 185 69 142 183 9 200 204 165 215 41 252 138
    141 192 181 143 173 203 105 161 32 216 5 94 169 95 105 24 38 41 12
    11 71 197 131 81 40 16 224 45 46 101 20 40 167 93 144 124 225 24 76
    120 60 147 93 140 10 6 200 3 164 202 69 1 114 211 81 18 55 241 0 122
    200 2 171 97 114 162 130 192 18 34 87 28 79 10 172 160 8 12 138 171
    11 146 40 32 57 114 5 60 251 0 125 7 215 194 226 153 88 170 14 72 20
    66 1 112 181 73 250 165 234 192 56 49 90 76 20 51 185 164 255 238
    221 255 189 222 113 63 95 168 251 206 121 252 237 241 245 110 187
    213 111 51 251 103 127 163 127 125 95 191 55 223 100 222 187 210 127
    251 245 247 94 42 191 209 246 253 127 153 189 28 5 240 157 159 73 18
    246 114 191 90 95 42 185 164 254 126 221 255 189 223 113 63 255 168
    251 207 121 252 237 241 245 238 187 221 108 59 249 119 127 227 127
    125 95 255 119 255 96 222 187 210 123 251 245 247 94 106 191 213 246
    253 127 153 189 28 5 240 157 159 73 18 246 118 191 90 87 42 185 58
    175 239 255 42 255 243 229 253 252 222 223 253 116 127 252 255 177
    99 251 245 127 87 246 253 239 180 191 111 215 255 234 135 110 71 190
    254 122 249 124 254 93 253 239 213 119 247 111 189 172 137 79 242 29
    152 93 62 242 115 189 123 95 106 250 4 130 130 41 0 144 160 65 0 170
    2 130 192 1 9 3 12 72 161 98 192 36 74 211 73 24 16 224 0 4 33 66
    215 16 81 40 17 232 104 32 96 52 56 38 117 20 83 107 24 200 40 37
    240 93 24 8 23 195 19 165 64 115 65 234 46 198 108 142 39 93 28 5 55
    86 63 128 29 62 125 231 157 178 64 176 209 112 81 114 81 53 161 88
    57 254 223 225 196 56 83 160 219 88 168 120 116 29 60 175 212 214
    246 108 153 172 152 13 242 29 153 89 58 243 51 180 91 219 40 234 175
    254 109 236 191 189 255 89 253 95 252 249 111 121 252 221 243 252 63
    105 245 114 176 126 109 175 39 183 127 117 125 255 244 108 222 251
    247 115 177 181 223 222 122 159 210 151 214 95 169 181 30 5 104 181
    159 77 144 246 123 158 218 95 46 185 7 143 128 10 1 200 4 5 11 66 43
    136 128 7 141 11 137 0 160 0 134 36 82 67 69 149 17 33 2 42 1 64 135
    146 81 0 32 136 234 32 32 60 40 225 52 80 53 107 80 200 40 52 164 1
    120 42 3 3 18 33 0 113 65 66 235 152 138 143 207 75 211 140 63 121
    30 207 187 222 110 253 239 215 56 55 204 159 239 108 107 194 56 47
    211 75 31 111 151 167 113 113 114 71 239 246 211 221 76 58 157 30
    253 181 213 4 90 5 190 47 157 235 16 112 40 61 93 13 18 251 3 6 0 2
    13 130 2 0 34 0 2 65 136 57 32 1 100 35 1 144 192 32 1 96 64 16 136
    76 48 8 129 65 149 36 81 176 90 72 41 96 100 20 24 15 192 80 244 79
    152 172 24 5 240 24 152 73 16 114 51 180 88 87 36 74 204 34 147 245
    232 240 162 209 104 185 66 71 194 83 163 33 110 203 41 66 236 45 74
    216 130 90 177 238 196 3 35 246 223 36 85 58 81 248 233 118 120 92
    56 15 197 5 251 107 153 236 24 5 244 29 156 73 16 242 179 189 88 87
    32 250 5 182 110 81 189 241 154 240 58 251 130 255 200 65 201 67 136
    205 166 147 221 37 78 248 69 118 179 103 88 79 163 119 95 48 221 171
    126 248 233 117 112 76 42 174 215 48 241 123 185 238 24 5 240 29 220
    73 22 243 183 189 218 83 32 182 187 221 255 255 255 125 221 255 255
    253 125 223 63 253 118 253 255 246 62 107 126 206 180 62 255 255 247
    59 255 123 126 127 240 237 60 223 214 119 251 255 83 223 235 127 218
    22 253 60 205 189 86 133 248 159 151 109 144 244 121 63 223 93 34
    189 232 42 231 211 218 79 195 239 255 245 6 87 147 254 251 236 242
    213 249 38 212 157 238 103 127 202 28 7 182 203 30 127 247 39 119
    251 82 118 239 244 209 117 68 22 73 142 105 227 157 44 220 149 179
    31 157 75 80 124 34 61 73 13 32 248 131 214 0 2 221 128 7 8 162 1
    160 106 170 75 4 21 96 39 4 145 194 46 56 109 38 146 97 47 22 8 1 4
    26 238 156 26 96 8 35 134 69 194 8 201 192 80 188 19 0 149 16 32 108
