<?xml version="1.0"?>
<opencv_storage>
<ImageFile>"112.jpg"</ImageFile>
<Features type_id="opencv-matrix">
  <rows>193</rows>
  <cols>64</cols>
  <dt>u</dt>
  <data>
    175 252 109 186 63 189 127 89 253 127 237 250 189 59 252 255 210 245
    103 113 253 118 209 118 85 239 225 59 123 89 125 233 251 108 214 190
    211 122 177 253 254 223 62 173 212 115 244 111 153 174 24 13 248 29
    223 93 56 246 115 188 218 214 46 249 175 244 108 58 55 189 31 73 247
    103 173 186 189 59 228 127 243 181 39 113 249 242 145 116 85 239 225
    59 123 249 125 233 130 44 134 254 226 121 177 253 126 223 60 169 212
    83 244 77 153 174 144 13 104 29 223 85 56 242 119 188 187 214 42 217
    179 221 253 222 38 77 93 47 247 69 61 216 63 255 54 254 255 246 112
    35 22 249 243 39 251 231 247 123 187 249 222 105 151 102 18 214 202
    81 250 253 114 219 237 247 188 22 245 110 213 166 207 207 188 11 150
    79 57 247 120 63 123 253 175 251 252 111 255 252 50 127 125 255 245
    254 253 177 95 250 191 238 251 220 123 111 55 253 228 183 95 235 182
    153 107 220 62 233 243 38 117 250 214 126 241 252 250 95 185 63 223
    55 103 238 155 172 30 133 240 29 157 77 144 242 115 253 91 86 43 251
    177 221 221 222 35 77 85 15 191 212 45 205 31 255 126 255 255 246
    244 43 22 250 244 38 121 231 183 120 59 219 94 41 150 102 35 244 194
    67 250 248 114 223 172 247 188 86 117 110 145 160 254 12 188 11 182
    79 185 240 104 63 83 221 15 251 250 221 255 254 118 223 93 39 31 229
    125 216 31 252 126 254 253 215 60 111 158 189 230 59 255 207 166 95
    119 249 252 45 243 231 52 219 198 119 214 247 147 255 237 127 155
    158 109 190 199 161 87 213 107 127 183 239 209 254 105 251 93 44 147
    191 62 247 125 222 183 157 95 121 239 68 189 250 253 122 252 125 242
    247 70 116 87 114 145 118 253 182 229 61 63 222 220 41 218 108 86
    158 194 120 219 253 182 223 61 15 212 246 244 14 149 175 145 13 122
    29 159 93 56 242 114 189 121 223 46 249 236 238 231 237 186 125 241
    245 189 252 126 159 93 188 251 238 171 220 251 106 252 216 254 184
    123 125 31 178 253 215 63 223 249 99 125 251 215 247 253 60 255 125
    250 54 95 167 90 241 141 45 255 189 219 31 141 76 212 236 107 237
    223 79 35 182 124 127 255 252 114 127 125 123 217 254 219 181 95 228
    253 254 243 221 251 111 247 125 208 211 223 126 230 221 72 214 254
    249 202 19 117 191 157 126 217 125 254 125 255 238 255 183 231 111
    159 174 57 223 226 29 29 93 77 255 91 251 123 246 235 178 204 43 179
    245 96 103 120 247 144 185 67 151 83 192 147 138 171 73 251 111 30
    141 230 147 15 75 190 166 65 132 50 142 71 55 101 251 20 60 229 116
    120 124 177 54 235 60 11 238 221 168 126 211 209 94 156 72 193 250
    51 249 92 87 1 250 122 185 222 214 119 15 93 43 119 192 21 242 191
    250 182 94 246 151 112 183 215 63 195 103 219 194 242 95 114 248 212
    105 215 44 20 190 218 88 211 125 80 223 189 47 209 20 245 111 157
    174 25 5 240 29 156 75 16 243 51 189 121 85 32 251 146 185 155 215
    32 84 216 166 210 134 61 212 87 210 147 186 127 198 32 43 6 168 230
    134 169 215 247 105 3 171 214 122 247 6 5 214 94 17 234 116 112 88
    161 108 180 20 177 110 147 172 79 195 176 9 20 75 133 114 56 123 120
    53 97 254 232 142 231 137 219 207 7 253 239 229 136 219 255 188 190
    207 235 245 123 109 156 151 254 61 93 253 61 47 115 223 59 47 197 39
    119 187 66 253 237 126 117 93 108 47 31 60 125 177 157 164 88 44 243
    191 148 79 24 252 33 189 219 95 40 250 180 185 255 213 54 83 216 247
    82 187 253 249 118 82 147 250 255 194 114 155 199 41 103 159 173 87
    247 235 71 207 247 122 255 46 61 254 94 125 235 117 112 92 161 46
    151 52 145 111 155 172 15 195 240 29 28 73 150 243 58 251 89 55 225
    254 209 13 146 215 97 66 218 230 22 237 57 213 2 201 3 174 111 210
    52 103 14 169 229 43 75 203 163 14 83 10 50 127 114 39 53 187 82 100
    234 244 83 108 185 110 203 28 201 126 137 172 90 5 240 30 148 73 145
    242 51 187 92 54 33 186 15 51 81 118 61 184 42 88 96 51 195 114 236
    83 128 83 234 205 5 217 229 36 65 86 196 158 241 175 86 14 161 225
    91 36 212 186 91 120 233 85 120 92 58 47 209 5 247 111 152 191 24 5
    240 29 222 73 16 178 51 159 88 87 36 122 61 178 124 124 63 181 249
    124 244 190 212 245 109 25 49 71 252 252 195 251 245 114 219 255 165
    42 228 214 124 85 229 239 223 120 151 52 255 184 249 125 124 221 243
    175 208 225 179 111 186 254 153 11 240 29 222 85 62 179 255 223 251
    155 236 223 109 238 124 233 249 189 166 113 61 127 234 251 204 63
    236 77 139 249 239 232 253 87 27 249 87 125 153 183 124 71 187 215
    219 64 215 171 81 249 253 54 124 94 122 183 245 241 246 115 152 237
    24 37 243 157 203 29 26 255 183 165 218 211 40 190 58 177 155 254 50
    66 92 47 83 194 213 180 118 198 135 90 127 130 48 223 135 61 229 3
    173 215 243 253 67 171 214 105 151 52 53 158 142 72 250 117 48 201
    181 105 183 28 245 110 211 170 171 199 176 17 112 93 65 179 123 251
    57 49 225 206 124 51 247 245 242 231 171 253 204 197 211 55 213 214
    155 102 250 221 75 102 127 173 198 180 142 218 188 141 210 138 50
    184 114 37 85 187 82 122 193 84 152 84 145 14 193 172 201 62 153 172
    25 1 242 30 156 73 64 242 51 185 88 6 32 250 120 150 252 223 254 183
    223 113 63 255 85 218 157 121 54 68 254 215 121 99 252 117 210 121
    89 254 189 126 88 81 119 235 215 36 85 187 82 121 233 116 112 92 120
    47 213 20 245 127 153 172 24 5 240 29 156 73 16 242 51 189 88 87 32
    250 12 15 237 240 90 191 227 119 52 124 70 5 89 124 185 101 192 125
    65 98 244 61 208 115 95 170 128 6 120 196 57 203 247 38 87 186 82
    122 233 116 240 125 24 14 213 22 209 79 153 172 24 5 242 29 157 73
    16 242 51 189 88 87 32 248 76 15 231 244 122 191 243 87 53 252 6 197
    219 244 185 79 162 221 249 103 214 45 82 115 95 202 130 134 120 68
    52 203 215 39 87 186 82 122 249 116 240 125 56 46 221 20 241 111 157
    172 24 5 243 29 157 73 16 242 51 189 88 87 33 250 122 185 155 254 34
    83 216 167 83 194 85 252 119 230 151 90 63 130 48 223 7 61 231 135
    189 211 242 253 67 233 214 40 151 20 37 214 191 77 250 121 48 249
    181 105 191 28 245 110 223 170 171 215 176 1 112 222 69 243 122 251
    57 57 209 206 251 222 254 207 255 127 215 159 63 93 60 223 191 255
    126 253 255 247 61 119 92 199 182 48 111 239 121 63 255 91 122 59
    244 101 84 251 82 119 253 244 215 95 24 30 217 30 216 148 141 173 94
    5 248 191 149 203 208 244 33 60 92 94 50 249 58 241 217 254 55 17 92
    43 215 130 245 176 127 194 180 90 127 150 98 219 135 124 193 71 173
    151 243 121 67 253 244 232 134 188 143 222 238 125 242 85 48 203 245
    105 183 21 181 110 215 174 147 199 42 17 116 93 200 179 123 251 57
    185 232 166 238 252 251 169 216 252 170 197 121 251 234 255 247 6
    251 249 235 221 187 98 237 149 63 88 239 221 59 167 223 111 59 254
    117 199 221 251 53 247 237 118 107 92 78 120 95 159 126 177 221 124
    62 53 223 247 172 235 214 252 173 172 223 95 50 180 208 57 155 215
    32 71 248 231 83 236 85 149 86 226 147 186 63 194 176 47 6 173 230
    131 169 203 246 88 65 171 214 107 247 55 53 247 150 109 218 117 112
    104 181 98 175 20 225 110 219 170 111 215 240 26 52 206 197 251 121
    123 125 36 129 238 237 111 247 184 80 119 39 255 229 220 232 179 95
    251 191 111 227 253 107 102 125 133 212 178 95 239 189 137 251 14 58
    185 242 37 85 186 81 120 197 124 126 94 56 191 221 21 199 236 153
    172 24 5 240 31 156 73 16 240 51 189 88 86 32 250 110 101 237 154 19
    157 29 75 167 70 41 184 157 234 180 79 194 245 99 103 31 118 210 119
    92 199 167 45 82 152 52 41 194 36 86 186 194 120 193 92 50 74 60 175
    212 20 245 14 153 172 16 5 96 29 156 89 24 242 51 189 88 86 40 250
    186 241 105 215 55 181 221 57 214 155 181 248 255 74 180 87 242 212
    102 219 19 114 245 118 172 131 231 57 83 248 116 184 238 44 142 190
    218 121 131 245 90 203 183 77 210 116 145 94 187 174 154 3 122 25
    220 81 16 242 115 159 121 222 232 187 246 236 239 139 222 221 159
    173 239 239 185 250 255 174 255 220 251 245 122 179 159 215 219 109
