<?xml version="1.0"?>
<opencv_storage>
<ImageFile>"113.jpg"</ImageFile>
<Features type_id="opencv-matrix">
  <rows>234</rows>
  <cols>64</cols>
  <dt>u</dt>
  <data>
    210 50 147 19 200 210 138 129 202 171 19 94 227 66 19 16 126 195 28
    7 138 165 111 76 142 210 254 111 130 171 131 126 7 143 77 31 120 173
    111 66 64 64 193 88 131 12 153 49 223 204 24 227 181 243 60 243 69
    124 144 81 204 21 112 254 210 154 155 231 252 240 218 188 90 187 86
    95 130 82 3 49 124 199 152 155 204 37 238 89 169 194 122 103 94 99
    167 126 55 177 153 97 127 223 238 51 209 84 195 92 163 140 153 51
    254 218 29 227 245 229 252 235 87 95 182 207 192 59 212 254 27 48
    203 35 223 176 219 60 208 58 208 49 172 75 1 16 112 206 27 146 233 3
    207 93 174 136 106 135 94 113 225 238 125 168 156 53 127 181 37 119
    249 70 195 8 66 161 139 211 122 126 31 129 228 164 220 225 198 178
    175 218 168 135 240 117 58 177 89 247 191 153 218 41 222 25 215 119
    189 82 112 84 118 151 70 147 197 62 195 86 169 154 245 127 86 251
    213 234 143 44 70 182 255 89 234 117 217 221 245 79 209 37 181 111
    187 174 153 3 248 29 220 81 16 243 183 189 120 31 160 222 28 33 245
    148 16 133 57 115 192 68 213 48 81 224 144 66 226 76 67 99 211 44
    192 211 156 186 164 205 64 140 48 233 214 52 20 186 2 120 65 92 112
    72 53 15 240 52 229 110 153 172 24 7 240 28 28 73 16 242 51 185 88
    87 32 250 181 49 127 86 54 55 217 122 198 142 113 210 207 139 144 66
    114 197 70 107 178 102 192 223 136 162 166 159 80 24 116 249 98 44
    156 191 222 60 1 213 216 74 179 142 242 32 129 79 26 172 16 195 104
    24 157 81 64 178 51 219 124 150 104 191 76 70 117 252 249 175 47 121
    45 121 106 25 149 111 252 197 227 221 157 96 222 169 154 56 94 204
    171 127 188 9 57 79 115 199 124 187 0 242 181 214 39 102 72 183 108
    142 204 19 140 37 116 52 103 254 135 171 200 238 99 172 92 70 51 180
    186 207 206 139 35 21 156 167 63 223 61 202 31 185 55 254 245 210 97
    227 88 208 247 48 89 9 161 120 121 144 188 49 244 36 86 186 83 120
    129 252 114 94 56 46 212 22 209 108 153 172 24 5 240 29 157 73 16
    242 51 188 88 86 34 249 183 49 239 210 54 54 217 58 214 142 81 210
    15 139 144 86 82 215 70 107 178 118 192 127 44 162 166 27 82 57 112
    249 114 44 156 191 222 60 129 245 216 202 179 140 146 48 129 79 155
    172 24 129 104 25 157 81 0 178 51 219 124 150 106 191 249 253 127
    220 246 127 127 251 255 127 253 251 127 253 254 255 247 245 127 111
    124 246 180 182 255 239 239 186 251 83 126 185 250 108 214 255 218
    119 241 253 222 223 127 63 212 55 244 76 157 173 30 13 250 29 159 77
    184 246 115 188 255 222 42 185 250 207 238 159 38 149 28 165 63 255
    61 138 159 185 55 238 245 210 97 227 92 243 247 48 89 111 165 122
    121 144 254 187 241 36 86 186 211 120 160 252 114 94 56 47 212 22
    213 108 153 172 24 5 240 29 157 73 16 242 51 188 88 86 42 249 104
    205 174 223 226 221 210 181 63 213 31 206 159 124 127 172 157 211
    120 175 158 125 214 241 121 119 20 118 109 211 31 63 215 115 115 64
    214 75 254 42 247 189 237 54 149 158 253 35 159 201 159 173 159 77
    155 222 121 199 122 125 83 125 11 254 146 1 138 151 38 145 216 167
    22 139 19 70 154 64 19 16 28 147 96 151 7 55 231 79 184 18 246 106 2
    188 182 50 103 60 12 69 222 109 234 73 80 72 165 104 147 20 147 63
    155 202 24 199 244 1 124 211 19 115 48 113 53 57 192 234 148 50 19
    135 216 64 162 240 66 185 82 87 192 70 211 48 126 194 133 130 193
    136 141 200 138 28 61 203 132 14 163 126 113 163 125 183 61 182 109
    86 65 68 130 30 73 4 58 245 136 117 73 225 244 10 12 73 198 112 2 96
    76 7 32 164 70 33 130 19 81 130 130 130 0 130 1 54 130 194 129 2 8 1
    32 214 11 13 129 67 6 80 154 5 2 174 2 18 2 7 5 139 0 12 79 22 32 32
    128 200 9 8 1 171 82 108 16 145 17 88 96 162 64 43 16 17 8 33 177 34
    70 33 130 19 193 130 138 130 0 130 17 54 128 194 129 2 8 1 0 134 11
    45 195 67 10 16 154 5 0 170 2 18 70 55 13 139 0 12 79 6 32 32 128
    200 11 24 129 187 83 44 16 145 21 72 56 162 64 11 16 17 8 33 49 98
    77 22 116 244 217 175 47 89 45 121 170 57 141 109 164 69 227 221 157
    96 218 105 154 121 78 206 170 127 184 73 57 79 115 231 124 59 0 246
    53 214 71 194 74 39 109 142 204 19 4 101 112 52 103 254 143 47 200
    126 179 142 200 70 51 52 43 214 109 175 255 189 159 25 253 127 254
    235 173 29 125 197 129 253 95 240 244 114 155 124 117 253 25 183 254
    115 127 255 207 236 223 184 255 123 233 53 255 95 122 175 213 247
    254 121 188 191 152 13 250 181 223 89 48 246 183 189 250 223 44 250
    204 230 108 184 250 63 54 85 33 103 45 186 156 119 182 77 225 217 33
    224 201 225 51 48 78 77 169 43 209 12 177 97 245 36 86 186 83 112
    161 244 114 94 56 47 212 22 215 77 153 172 24 5 240 29 157 73 16 242
    51 188 88 86 34 249 214 33 155 183 32 66 218 166 66 171 83 22 210
    194 19 50 44 67 0 195 15 173 199 74 140 130 182 203 2 172 183 106
    119 180 93 187 31 110 202 86 192 64 149 72 163 12 131 63 219 236 24
    199 244 25 60 105 192 115 17 241 76 51 112 230 199 39 193 54 221 162
    39 74 0 41 160 115 162 203 128 1 98 69 37 69 202 173 168 107 6 154
    11 7 146 8 32 77 83 167 60 187 0 124 37 150 65 98 24 75 201 24 73
    211 72 36 80 20 65 58 140 9 16 56 35 159 12 86 49 57 45 223 245 218
    19 61 101 94 181 84 46 193 31 255 252 239 195 252 225 41 118 126 208
    115 83 175 5 16 125 88 92 201 158 66 242 176 161 90 211 189 119 191
    62 231 188 114 117 238 240 180 169 28 242 29 155 12 57 182 119 175
    91 220 143 218 188 255 127 221 255 253 255 249 255 253 254 255 255
    125 253 237 243 245 111 107 247 126 189 126 127 255 39 59 255 223
    127 255 247 102 95 254 210 123 249 252 255 95 250 62 212 166 245 111
    141 173 28 13 250 29 159 77 16 246 115 191 91 95 42 184 121 222 254
    223 254 255 255 245 191 253 124 155 159 253 191 223 255 247 121 111
    252 223 214 121 123 239 190 62 127 81 127 239 247 101 117 251 214
    127 249 124 114 95 122 62 223 150 221 127 157 172 30 5 240 29 157 77
    16 246 59 189 91 87 34 251 189 236 255 189 250 253 187 241 189 255
    93 255 223 127 255 236 235 253 103 99 253 103 246 243 89 126 181 191
    89 158 127 251 247 36 85 186 83 122 233 252 218 94 56 46 213 55 247
    111 153 172 24 5 240 29 156 73 16 242 51 189 88 87 34 251 2 18 136
    34 31 178 2 26 164 26 146 38 169 11 0 1 96 213 1 208 192 39 195 119
    0 152 160 13 82 8 33 104 223 44 213 186 91 56 1 116 112 84 24 15 209
    85 225 79 153 172 24 5 240 29 156 73 16 242 51 189 88 87 32 250 187
    255 125 111 247 189 223 56 251 93 252 251 255 127 236 253 247 183
    254 189 125 127 51 245 247 255 253 255 255 127 238 189 158 109 238
    247 254 59 249 253 127 223 255 255 221 243 252 119 237 183 207 207
    250 183 223 111 126 247 254 255 187 223 190 94 61 46 117 165 250 237
    167 113 237 125 74 87 221 127 249 228 243 253 203 96 245 37 26 253
    223 236 44 159 236 222 123 223 119 101 79 158 208 250 237 222 93 85
    88 166 68 226 236 115 137 37 152 45 242 29 140 73 44 246 19 172 202
    15 32 252 252 57 255 244 118 103 121 255 214 207 241 247 103 200 146
    126 251 213 127 111 63 175 228 183 143 251 247 191 83 190 118 185 66
    39 52 255 214 124 223 245 88 104 181 239 251 57 177 238 223 172 122
    211 248 62 156 69 209 190 113 251 125 53 177 186 223 218 154 255 255
    251 222 158 63 187 63 239 190 222 110 255 253 255 188 155 143 159
    239 57 99 207 251 127 223 107 255 119 251 179 254 117 119 255 254
    247 211 254 235 126 187 159 127 179 205 219 126 245 253 231 247 239
    211 221 236 127 221 124 147 191 110 237 251 250 80 78 247 207 223
    196 175 180 115 246 253 252 243 133 123 102 87 47 20 151 255 202 6
    141 227 152 24 248 166 47 71 223 154 54 215 252 187 255 144 194 92
    254 129 206 253 44 199 217 57 125 5 219 81 236 105 191 122 100 187
    241 198 2 147 231 168 160 186 200 24 251 66 223 131 2 129 18 42 221
    189 107 136 13 206 89 45 154 58 39 86 35 49 31 119 129 60 49 53 253
    109 22 193 100 187 104 235 4 89 179 73 137 56 181 245 198 188 232 64
