<?xml version="1.0"?>
<opencv_storage>
<ImageFile>"114.jpg"</ImageFile>
<Features type_id="opencv-matrix">
  <rows>229</rows>
  <cols>64</cols>
  <dt>u</dt>
  <data>
    127 246 237 184 63 191 63 121 245 254 252 248 253 59 180 95 242 253
    99 113 240 119 210 119 93 255 165 191 123 88 125 235 215 44 87 190
    211 120 233 124 126 94 56 47 213 53 245 111 153 172 24 5 240 29 156
    73 24 242 51 189 90 215 42 251 57 247 109 222 62 189 223 57 253 212
    95 221 189 127 253 69 179 245 99 107 244 118 211 247 121 254 165 62
    126 218 125 235 215 108 87 190 219 120 249 125 124 93 57 175 213 244
    245 111 153 172 152 13 240 29 156 77 56 242 115 189 122 223 40 250
    45 237 125 40 18 253 37 125 253 68 206 180 125 61 253 228 251 184 67
    96 117 114 81 247 93 60 4 153 105 222 126 169 204 76 71 190 194 114
    201 124 60 157 28 167 84 243 246 110 185 172 137 12 242 29 154 85 56
    242 123 189 123 223 46 218 251 214 108 171 255 191 159 153 191 127
    212 234 189 57 126 93 244 247 127 240 240 87 147 124 118 252 253 127
    254 81 253 251 223 108 214 255 219 121 169 117 254 223 90 31 213 245
    212 77 157 173 24 5 248 29 223 89 16 246 51 188 218 215 42 251 63
    253 243 118 59 200 220 79 123 209 215 253 126 119 228 216 255 130
    166 155 167 108 113 111 245 223 243 255 111 255 205 103 159 254 109
    158 254 248 250 127 109 253 237 225 191 21 247 111 241 246 169 207
    244 5 120 77 63 243 214 235 187 125 225 78 127 190 253 181 255 191
    191 121 253 255 218 255 255 110 254 117 243 253 123 115 253 39 219
    125 221 254 255 191 90 95 127 239 199 45 85 191 214 123 233 125 120
    92 123 175 213 21 247 127 153 172 24 5 240 29 156 73 16 242 51 189
    218 87 32 254 63 253 247 126 59 200 220 75 123 240 213 253 254 119
    236 216 255 162 162 187 167 44 83 111 245 223 243 255 111 255 207
    103 151 254 109 150 254 216 250 127 101 253 237 227 189 21 247 111
    249 246 169 223 244 5 56 77 63 243 214 227 187 125 161 78 45 206 108
    168 63 61 165 89 189 122 206 182 185 61 237 229 129 124 193 120 244
    82 152 112 101 188 17 145 124 83 63 219 221 64 215 170 115 250 169
    48 252 181 122 53 84 135 118 97 26 61 156 12 218 157 207 28 48 192
    175 172 203 223 44 82 186 221 126 223 175 221 217 161 63 245 63 222
    189 124 127 254 247 146 84 187 222 122 199 110 249 198 226 122 127
    251 223 127 247 172 81 126 210 91 250 255 210 221 237 110 148 22 253
    63 153 142 27 13 188 29 157 109 17 243 122 63 89 60 162 255 255 188
    255 245 255 191 255 249 253 255 218 255 255 108 250 125 243 221 127
    115 253 63 219 125 253 254 255 191 94 87 127 255 199 45 93 191 246
    121 233 117 120 92 123 47 213 21 255 127 157 172 24 5 240 29 156 73
    16 246 51 189 218 87 32 254 41 204 172 170 15 253 161 63 61 212 126
    205 29 61 125 173 205 124 193 248 240 82 222 241 121 109 8 148 125
    83 63 203 253 104 211 32 87 67 172 40 254 149 126 38 84 183 118 224
    191 24 159 12 246 13 203 28 58 198 47 188 211 219 14 216 125 125 247
    124 54 47 124 115 113 254 251 183 94 229 253 254 245 235 231 235 247
    253 81 191 223 110 231 223 104 247 254 247 235 122 103 190 255 126
    240 253 126 127 255 239 254 119 231 111 189 238 8 207 242 29 25 77
    63 247 87 183 251 242 235 234 44 206 236 168 31 253 165 125 61 222
    206 236 217 61 253 237 139 124 195 104 240 82 218 113 101 252 8 128
    125 87 59 203 221 64 223 138 83 250 45 52 125 149 122 55 84 135 118
    225 24 61 188 12 211 157 206 28 56 196 47 140 67 223 46 210 57 141
    254 223 107 207 241 119 189 253 94 221 159 253 255 236 251 245 249
    107 244 111 222 115 123 107 20 54 125 211 127 239 215 103 115 184
    214 123 253 124 245 125 248 39 221 54 245 239 157 172 153 13 240 29
    156 77 56 246 115 189 91 95 35 250 45 172 237 136 6 253 161 127 253
    212 222 213 93 61 125 228 137 124 195 96 244 114 86 247 125 45 4 144
    109 214 127 201 205 104 67 184 222 114 201 60 254 29 30 166 84 247
    247 110 187 44 143 13 242 29 156 28 60 226 107 188 91 223 110 250
    211 146 80 167 255 162 155 216 62 127 81 91 173 73 130 85 234 213 29
    103 200 37 194 120 76 218 186 47 210 41 51 47 87 37 28 187 82 121
    233 119 81 72 24 15 193 28 249 31 153 172 24 5 240 188 156 73 16 242
    51 157 92 87 48 250 69 39 151 17 64 195 34 246 64 162 195 4 64 192
    131 2 111 9 251 70 31 173 71 147 152 107 190 236 64 4 160 0 79 7 69
    171 16 40 69 76 56 32 48 166 101 121 3 174 153 172 40 115 241 92 16
    65 17 251 19 181 88 114 97 234 126 236 251 171 218 198 143 133 207
    239 24 184 159 166 191 222 251 215 56 36 137 213 238 45 223 213 63
    47 131 249 127 111 5 167 109 219 34 245 47 126 36 74 100 105 31 28
    125 177 215 172 122 180 167 83 52 255 200 252 40 121 221 77 56 182
    125 54 117 168 254 181 47 125 228 126 218 49 253 47 185 85 242 253
    67 96 249 99 155 188 220 168 236 159 218 220 249 239 113 36 87 190
    83 112 161 124 124 92 24 142 84 165 198 77 153 172 24 5 242 29 156
    73 16 242 51 188 90 86 32 240 62 52 237 180 63 183 187 121 212 255
    213 117 253 88 176 87 242 221 67 115 241 39 195 119 204 170 228 143
    82 21 113 235 215 44 20 190 91 120 233 244 88 92 24 14 209 53 227
    111 153 172 24 5 240 29 156 73 16 242 51 189 88 87 32 251 241 220
    252 143 119 95 31 245 63 221 61 219 191 189 246 223 255 247 124 173
    93 199 243 180 217 119 253 126 121 94 222 41 216 37 117 254 210 121
    233 125 114 223 57 63 149 52 244 108 157 172 26 13 248 29 158 79 16
    246 51 189 90 87 32 250 61 53 117 158 50 13 61 79 231 68 173 49 125
    127 188 84 243 246 66 96 119 42 145 55 222 172 228 89 226 188 252
    105 198 36 71 190 130 112 145 92 55 219 29 135 228 22 229 78 153 164
    88 13 98 28 151 73 56 242 115 189 120 70 34 248 249 223 254 159 119
    223 31 241 63 221 61 219 159 189 254 223 255 247 124 45 92 215 243
    117 217 127 253 126 121 94 222 41 218 37 87 254 210 121 233 125 116
    223 59 63 213 52 245 108 157 172 24 13 240 29 158 77 16 246 51 189
    91 87 32 250 122 20 237 176 63 183 59 121 180 255 213 118 253 120 48
    71 242 253 67 115 244 39 210 127 76 170 164 174 82 21 113 235 223 44
    87 190 83 120 233 116 88 92 56 15 209 53 243 111 153 172 24 5 240 29
    156 73 16 242 51 189 88 87 32 251 125 63 247 116 48 119 121 246 208
    188 214 53 87 245 147 66 186 205 251 107 255 173 103 159 157 106 166
    214 72 197 245 238 127 59 37 191 223 190 241 125 216 108 251 46 235
    225 131 111 185 238 110 215 240 28 156 69 214 255 95 223 251 38 225
    246 57 221 252 158 55 15 85 63 247 212 61 209 63 255 180 79 251 246
    101 103 84 46 241 55 89 175 161 25 123 216 92 105 214 36 118 186 210
    120 193 252 114 223 56 175 212 20 245 110 153 164 24 13 240 29 156
    73 56 242 51 189 90 86 34 251 59 215 101 188 55 189 29 91 167 94 185
    129 109 105 60 87 253 244 67 112 244 114 208 119 84 189 225 92 122
    84 125 233 215 108 215 190 194 120 177 125 124 222 62 175 212 81 245
    79 152 164 24 12 226 29 159 77 56 178 51 189 90 215 44 250 236 190
    243 253 218 231 174 213 45 255 234 191 211 198 187 255 251 221 251
    110 253 157 254 57 95 205 190 167 211 223 63 223 101 167 127 251 177
    245 237 118 41 76 118 190 127 157 127 177 220 236 126 181 199 255
    148 235 208 236 233 189 223 79 57 182 237 190 255 233 255 247 175
    249 253 255 202 255 239 125 187 77 251 253 251 98 253 117 218 253
    111 255 57 183 252 87 123 255 223 193 223 187 247 249 253 117 124 92
    122 175 213 49 255 115 188 252 24 45 243 189 156 93 62 190 247 191
    218 223 44 254 237 190 255 225 254 247 167 249 253 255 202 127 239
    127 187 77 235 253 251 107 253 117 218 253 111 255 57 183 252 87 123
    255 223 195 223 187 119 249 253 117 125 92 122 191 213 161 255 243
    188 252 24 45 243 189 156 77 126 254 183 175 218 223 44 254 237 158
    239 137 223 223 135 253 191 255 150 254 255 188 190 77 251 245 123
    103 220 87 218 125 127 246 60 47 254 217 123 111 215 231 95 187 82
    253 237 126 116 85 108 47 93 28 125 177 157 172 24 4 243 189 156 79
    88 252 51 189 219 93 56 254 106 174 239 139 219 95 131 237 253 252
