<?xml version="1.0"?>
<opencv_storage>
<ImageFile>"115.jpg"</ImageFile>
<Features type_id="opencv-matrix">
  <rows>237</rows>
  <cols>64</cols>
  <dt>u</dt>
  <data>
    33 207 109 202 11 221 197 123 191 84 44 205 25 125 124 173 139 116
    228 32 212 122 152 99 121 245 5 16 61 219 29 73 214 98 91 16 194 66
    250 40 119 191 110 167 20 150 244 107 1 145 157 12 155 9 143 30 57
    66 106 45 195 205 15 248 47 134 108 138 3 29 7 1 55 86 62 6 157 62
    60 100 213 243 65 224 240 114 208 112 89 244 157 88 120 218 95 97
    214 4 67 170 210 88 169 120 116 29 60 45 212 20 244 109 155 172 152
    13 242 29 156 89 56 242 51 188 90 211 40 250 215 20 155 87 253 130
    217 154 18 171 17 115 162 194 2 19 100 199 48 19 202 173 202 75 138
    210 242 111 146 41 195 111 71 177 156 117 55 141 98 87 80 72 227 201
    171 16 153 123 211 238 24 195 228 234 28 227 81 51 182 27 156 53 145
    254 63 245 125 254 191 253 217 121 255 119 223 124 253 127 252 245
    251 246 7 114 245 114 179 118 252 191 241 59 251 91 255 235 215 44
    85 190 210 114 233 117 240 221 24 15 212 22 245 111 153 172 24 5 240
    29 156 73 16 242 51 189 88 87 34 248 215 20 147 87 221 130 91 138 18
    171 17 103 130 194 2 19 108 143 48 19 202 173 202 75 130 210 242 111
    16 41 227 111 79 179 60 33 55 140 98 71 64 104 163 232 171 24 137
    123 88 206 24 193 228 232 252 227 65 58 183 155 156 53 145 126 191
    254 125 255 255 189 223 25 255 127 253 251 189 127 252 93 247 247
    124 59 253 119 147 124 253 254 243 127 255 123 255 239 151 236 222
    254 254 121 249 255 118 223 111 125 245 23 253 63 157 191 152 15 254
    181 159 125 56 246 247 191 251 223 46 254 41 5 108 170 34 29 52 103
    49 84 109 132 28 61 61 102 130 24 129 96 240 112 208 178 89 32 128
    144 104 208 29 201 180 20 193 168 195 74 128 232 182 159 28 4 116
    151 230 78 147 44 137 12 50 29 219 28 56 226 59 188 91 210 110 217
    26 7 76 10 2 25 4 39 51 16 28 4 28 54 45 114 196 154 1 176 193 112
    65 179 208 0 192 208 104 212 156 96 156 8 193 164 127 74 129 96 182
    159 28 4 84 247 230 78 179 44 137 12 178 29 219 89 62 227 31 180 88
    82 110 201 251 220 254 223 255 151 223 133 191 255 61 203 159 123 55
    95 255 247 56 171 254 127 255 127 249 231 247 127 127 121 253 111
    247 252 222 53 242 249 250 123 118 95 111 237 247 84 213 123 157 238
    24 15 244 189 157 255 25 247 243 191 251 223 58 255 252 173 239 253
    122 127 251 255 221 253 222 255 223 254 251 238 155 221 251 111 253
    253 254 255 127 111 150 183 109 215 63 255 239 35 117 251 215 255
    253 124 250 125 255 62 255 55 247 235 191 172 187 223 243 61 157 92
    86 254 127 255 219 95 43 254 5 2 68 129 220 176 130 176 32 28 2 83
    136 19 145 1 96 205 1 32 193 4 138 240 8 24 56 6 156 8 49 83 85 32
    85 186 82 120 41 116 116 84 26 14 69 4 208 77 152 172 24 5 240 29
    156 73 16 242 51 156 72 87 32 248 5 36 243 1 216 132 163 72 130 199
    131 116 192 3 129 64 234 213 3 100 137 5 194 97 12 152 172 45 82 8
    49 59 87 36 85 154 16 120 9 86 16 64 24 14 193 28 200 23 153 44 24 5
    112 28 156 73 16 242 51 189 88 87 32 250 195 10 130 51 221 98 39 142
    52 57 0 107 162 203 162 15 107 117 185 7 200 143 122 123 6 203 152
    39 218 1 34 71 215 167 87 177 115 188 109 116 96 100 58 43 221 89
    253 225 92 172 24 20 213 126 156 203 16 188 55 189 92 87 48 250 124
    175 255 255 250 255 243 251 253 253 222 255 255 126 251 236 242 221
    251 110 245 127 222 255 123 234 46 183 110 219 63 255 255 103 77 187
    215 255 253 124 255 125 219 62 221 167 219 231 191 172 153 141 243
    29 157 73 84 254 123 189 91 79 43 252 255 252 255 255 255 191 255
    122 255 127 253 251 239 251 252 221 243 245 63 111 255 111 187 127
    239 255 255 63 127 93 125 255 215 103 188 255 210 125 245 247 255
    222 251 63 219 158 221 223 141 181 94 133 232 191 159 77 216 246 123
    159 223 95 34 191 60 181 125 158 50 93 185 117 247 220 95 245 93 63
    191 246 251 246 67 99 245 114 211 246 221 171 180 27 123 216 127 235
    215 36 87 190 210 122 233 124 240 93 56 47 212 54 245 111 153 172 24
    13 240 29 156 73 16 242 51 189 90 87 42 250 109 47 119 249 216 39
    163 247 97 124 74 21 80 247 217 228 226 201 201 102 253 169 29 147
    218 104 12 132 168 68 57 223 227 3 85 186 21 242 69 108 198 116 24
    134 108 134 195 195 136 44 73 125 243 31 141 73 6 236 67 164 74 70
    35 240 255 252 255 255 255 191 223 25 255 127 253 251 191 251 246 93
    247 247 126 187 255 127 243 127 247 239 243 127 127 121 253 239 159
    237 158 247 255 125 251 255 126 223 239 253 243 123 253 127 253 254
    152 79 238 181 255 255 120 183 247 191 251 255 190 223 187 244 109
    175 255 189 159 89 253 95 252 251 191 123 244 93 243 245 53 113 248
    86 147 124 102 223 249 63 254 91 127 171 215 100 222 186 242 121 169
    245 118 223 126 47 213 21 252 85 153 189 24 5 248 157 159 73 24 246
    51 188 90 95 40 248 62 181 125 142 50 93 155 109 247 212 223 244 125
    126 189 244 251 246 67 98 245 114 209 246 221 171 228 25 107 222 253
    233 215 44 71 190 218 122 201 124 240 93 56 47 212 54 245 110 153
    172 24 13 240 29 156 73 16 242 51 189 88 87 42 250 15 50 194 39 189
    240 168 148 48 187 192 97 168 3 3 17 104 234 129 219 225 35 111 89
    132 11 240 227 94 101 161 198 93 184 222 36 127 184 41 119 109 76
    106 172 195 65 147 123 184 254 28 3 244 132 252 105 150 147 151 149
    186 83 32 110 63 53 125 174 55 63 29 127 247 94 221 180 125 46 180
    87 251 214 67 97 241 114 209 55 221 168 228 25 91 88 124 233 212 36
    85 190 82 120 129 116 114 222 60 47 212 20 228 110 153 172 24 5 240
    29 156 73 16 242 51 188 88 86 34 251 56 189 254 222 51 223 255 127
    255 252 95 181 61 126 249 214 255 214 249 107 245 59 231 55 253 255
    226 95 127 217 253 239 215 37 117 190 214 122 249 124 241 221 253 46
    245 150 245 111 157 172 95 13 240 29 157 77 16 242 123 189 91 15 32
    250 187 222 124 133 255 221 159 81 63 95 31 94 159 125 252 253 251
    213 37 96 212 70 176 113 110 222 189 63 254 27 127 123 214 36 85 186
    82 115 233 116 80 92 24 47 213 20 244 109 153 173 24 5 248 29 158 73
    16 242 51 189 88 87 34 250 120 63 255 219 50 247 245 247 253 252 94
    149 95 188 187 206 251 220 105 111 252 245 198 179 89 127 180 188
    121 208 126 235 215 36 117 186 87 122 233 116 120 93 56 46 213 164
    71 110 153 172 28 5 242 29 157 77 16 242 59 189 91 87 32 250 243 16
    146 87 233 130 218 140 194 169 131 119 162 202 131 18 118 131 58 23
    207 47 203 79 132 202 254 47 18 41 225 102 71 173 100 191 82 184 239
    94 65 72 33 234 171 120 137 63 153 238 24 1 244 56 156 227 80 123
    179 189 56 119 177 126 251 214 125 165 254 191 63 113 62 127 95 95
    221 125 244 117 243 213 5 100 248 197 146 112 78 220 189 63 218 30
    119 235 211 36 85 186 82 112 169 244 80 92 24 15 213 20 244 77 153
    172 24 5 240 29 156 73 16 242 51 188 88 87 32 248 68 37 136 18 0 130
    2 7 66 130 3 4 16 130 131 2 10 3 0 197 11 129 67 3 16 0 136 13 2 136
    0 0 4 4 1 138 1 8 5 72 0 0 52 128 17 92 1 46 19 44 32 4 49 9 112 130
    16 98 17 176 8 18 96 234 3 2 128 0 205 128 2 0 32 43 2 66 128 65 0 1
    68 43 1 144 192 37 26 65 2 16 8 102 0 0 129 66 23 184 82 32 121 8 44
    0 68 0 8 137 65 64 183 67 16 76 24 0 244 72 88 129 19 82 22 149 0 83
    32 106 182 176 115 135 223 196 155 137 206 239 179 126 175 10 147
    117 250 247 39 115 193 7 147 108 142 223 253 47 210 26 243 127 71 44
    95 158 90 120 233 86 113 72 48 175 209 16 176 61 153 172 24 1 240 29
    156 65 16 242 51 189 88 87 32 250 89 18 149 245 252 162 122 124 16
    59 66 23 196 193 131 17 102 207 153 98 232 173 138 249 142 138 234
    206 212 1 161 111 119 163 188 57 21 245 37 215 209 64 155 30 235 137
    203 87 136 85 92 53 228 254 158 201 209 190 179 143 92 6 53 181 254
    150 236 173 254 191 159 245 60 127 95 95 157 125 191 85 251 213 97
    100 248 229 194 112 78 220 188 63 250 92 127 235 215 36 85 186 82
    120 233 116 112 92 24 47 213 20 245 77 153 172 24 5 240 29 156 73 16
    242 51 189 88 87 32 250 12 7 12 136 32 25 52 103 49 80 46 132 80 52
