<?xml version="1.0"?>
<opencv_storage>
<ImageFile>"116.jpg"</ImageFile>
<Features type_id="opencv-matrix">
  <rows>233</rows>
  <cols>64</cols>
  <dt>u</dt>
  <data>
    236 238 239 105 234 255 166 245 253 255 238 170 223 183 255 206 153
    185 251 239 253 215 95 253 113 125 29 182 109 215 63 214 205 201 79
    111 219 255 253 62 124 61 124 191 87 255 127 177 189 205 174 127 215
    253 217 220 126 205 207 181 255 251 120 246 129 212 26 39 189 224
    185 220 60 185 228 207 162 25 3 165 111 220 165 91 224 34 238 120 37
    159 241 34 223 3 35 127 253 160 125 112 119 185 232 245 89 92 58 62
    209 17 251 121 185 190 90 5 244 159 156 73 18 242 183 189 220 87 36
    254 58 234 125 171 170 221 175 229 253 254 122 28 221 36 123 244 247
    222 67 98 252 240 158 188 221 173 172 251 207 209 127 255 101 204 79
    62 255 242 169 122 254 95 69 28 86 166 208 89 191 173 156 15 246 29
    157 89 132 242 27 188 223 222 106 181 58 234 125 171 170 221 175 229
    253 254 122 29 221 36 123 244 247 218 67 96 252 112 158 252 221 173
    172 251 207 211 127 255 101 236 79 60 255 242 169 126 254 95 69 28
    84 166 208 89 191 173 156 15 246 29 157 89 132 242 27 188 223 222
    106 180 147 148 154 39 189 96 249 252 156 185 252 207 162 25 3 189
    111 220 165 91 228 34 238 120 37 223 241 34 223 35 35 127 253 164
    125 112 119 185 232 245 121 92 59 62 211 17 251 121 153 190 90 5 244
    159 156 73 16 242 183 189 220 87 32 254 187 221 250 238 255 125 221
    155 63 89 253 251 175 94 102 221 255 247 60 251 102 94 179 127 231
    223 115 123 255 123 254 237 151 239 188 215 231 93 251 247 99 223
    239 121 223 21 253 191 196 183 86 140 238 167 254 237 121 180 244 63
    215 93 158 159 210 152 146 183 185 96 248 204 28 249 224 255 162 136
    131 186 111 215 181 67 204 141 239 56 47 203 242 43 211 35 35 127
    247 165 61 123 119 253 233 246 81 76 59 62 235 21 249 125 153 172 90
    5 244 30 156 105 144 242 183 189 92 87 32 254 62 255 125 234 55 255
    247 123 255 94 254 252 125 126 253 253 243 244 91 124 245 114 145
    119 253 237 229 29 127 223 125 233 214 108 215 254 210 123 249 125
    254 223 126 63 212 151 244 110 157 173 158 13 250 29 159 93 48 246
    123 188 91 223 46 249 195 154 146 87 237 66 210 132 58 185 46 79 130
    211 2 185 109 163 188 151 206 175 111 74 98 95 251 110 149 35 131
    118 191 179 112 117 115 133 238 231 81 60 42 247 233 72 185 177 237
    202 92 113 213 234 152 227 83 93 180 55 244 117 149 218 211 221 154
    95 237 200 216 134 26 33 53 203 174 219 6 184 125 131 60 159 14 175
    231 43 171 215 243 126 151 43 194 47 151 191 56 85 226 133 254 243
    83 218 169 249 187 24 189 183 193 210 87 243 172 226 178 227 209 31
    240 123 180 117 151 207 4 138 130 105 168 240 162 197 24 187 66 205
    192 17 139 129 9 73 169 107 204 33 78 217 45 91 19 166 68 7 35 86 87
    146 125 33 117 189 237 38 241 52 106 46 87 133 91 243 25 216 60 49
    213 213 188 40 150 202 131 165 64 87 33 246 60 191 125 222 62 253
    217 121 255 254 214 253 253 126 253 85 251 246 67 123 245 118 211
    247 253 190 229 255 126 223 253 235 223 108 215 190 222 122 249 125
    124 93 127 47 212 244 245 111 187 172 153 15 242 29 156 93 60 242
    115 189 251 223 44 250 250 204 254 207 235 95 212 135 63 245 62 207
    159 189 127 254 255 179 125 239 28 223 255 49 123 207 57 126 255 219
    222 55 181 103 99 91 210 87 253 254 243 223 108 63 157 30 125 180
    221 137 223 157 221 95 145 239 120 252 104 61 87 93 26 251 250 204
    174 143 235 95 212 135 63 241 63 206 30 188 127 252 253 147 61 253
    28 151 255 48 115 205 121 122 247 211 158 55 181 229 99 91 211 87
    236 254 243 223 108 62 221 158 252 180 205 137 214 157 221 95 145
    239 208 252 41 60 85 92 18 249 191 255 125 237 247 189 255 121 255
    87 253 250 255 127 252 253 243 245 127 127 119 118 144 118 125 255
    225 63 255 126 127 185 198 108 214 222 210 123 249 253 254 223 127
    191 213 23 244 47 157 191 144 13 250 189 159 93 56 246 115 191 123
    223 46 249 187 182 117 162 191 61 5 93 231 84 242 113 125 123 244
    213 246 246 71 112 241 114 177 118 204 170 228 27 254 92 253 233 213
    108 86 190 90 114 129 244 222 95 24 15 208 7 212 79 152 173 28 12
    242 29 159 73 16 242 51 188 88 94 38 249 175 206 108 233 191 253 231
    217 189 253 236 235 175 127 236 205 137 125 175 59 245 126 154 124
    117 255 17 183 127 87 63 215 159 234 223 16 247 249 249 55 125 125
    106 253 213 81 127 115 188 223 152 45 223 165 238 60 62 214 246 175
    211 223 172 94 191 118 117 162 191 61 37 121 247 124 250 113 125 127
    252 213 242 246 71 112 241 114 185 118 220 172 229 27 254 92 249 233
    240 108 86 190 82 114 129 244 222 87 26 31 208 135 196 77 152 45 28
    12 242 29 143 73 48 242 51 188 90 86 46 249 58 249 255 254 54 191
    253 123 223 222 255 249 127 248 252 254 246 215 118 107 247 60 193
    119 253 254 231 223 95 255 252 235 199 38 124 190 222 126 251 245
    251 223 247 111 255 23 245 111 159 174 153 199 250 29 157 93 16 242
    123 251 123 95 163 255 124 57 255 222 114 143 90 39 243 0 21 52 127
    246 188 90 246 147 122 230 95 189 65 167 218 106 230 93 99 220 220
    40 218 47 5 191 202 114 211 124 146 219 157 78 221 62 229 78 157 164
    10 71 112 29 157 75 88 247 123 189 120 38 163 249 41 141 236 152 35
    95 85 55 53 212 12 196 31 60 62 207 137 56 224 167 116 119 210 99
    113 119 148 48 121 208 30 33 159 80 67 160 210 72 216 120 116 189 60
    39 213 116 245 110 153 168 153 13 242 29 152 92 59 242 115 189 91
    219 44 218 62 49 117 150 62 5 29 59 198 46 249 49 125 106 144 118
    118 150 70 210 209 162 165 142 156 171 231 91 66 252 245 248 104 44
    6 190 222 48 129 253 90 74 21 14 192 116 128 78 171 174 24 3 98 24
    156 81 128 242 51 152 120 86 32 185 77 190 231 117 252 247 179 252
    248 189 198 251 207 113 147 65 138 237 251 107 253 109 78 253 141
    123 157 182 124 69 115 223 223 81 213 57 92 185 253 55 125 60 123
    182 245 225 219 115 184 252 45 115 241 253 156 76 118 254 151 143
    234 215 101 254 59 23 245 246 63 165 253 122 214 253 211 115 239 121
    144 84 246 215 103 115 246 46 193 119 204 186 231 127 82 48 245 239
    215 44 84 190 210 120 241 117 120 92 185 143 192 49 209 79 153 174
    24 5 240 28 156 73 16 242 115 191 120 87 32 250 114 57 211 247 254
    130 218 167 66 171 81 17 247 194 147 90 126 199 56 231 143 173 239
    31 142 202 230 239 66 41 244 126 119 167 60 191 94 125 247 215 80
    104 225 74 203 12 137 159 221 172 88 215 100 60 156 235 193 254 115
    219 92 52 177 183 194 1 139 20 0 64 80 167 2 161 21 130 146 192 22
    10 13 16 32 71 14 173 226 3 13 195 148 42 64 128 18 40 215 52 1 202
    2 104 226 82 48 56 52 43 145 28 165 46 25 168 25 5 112 25 20 72 17
    242 49 185 88 87 0 250 250 249 255 254 54 191 93 59 255 247 245 250
    255 242 244 94 246 215 126 251 191 127 195 119 253 222 247 191 127
    253 252 234 215 110 36 254 222 125 243 245 122 223 253 111 211 53
    247 111 159 174 153 207 248 29 159 93 80 247 115 255 123 127 171 255
    59 247 125 252 191 60 89 88 246 126 241 115 237 89 244 85 246 244 7
    114 228 34 144 118 204 154 231 123 210 28 241 251 211 44 86 190 90
    120 225 117 248 94 56 143 208 17 209 79 153 172 24 5 240 29 157 73
    16 242 51 189 88 87 32 249 253 254 255 233 254 255 255 249 253 127
    220 250 255 255 254 221 251 253 127 111 253 87 91 253 255 255 127
    191 255 95 127 175 215 237 223 255 218 253 253 127 124 223 122 63
    223 253 255 181 157 189 28 45 233 189 159 125 120 254 115 191 223
    223 120 254 175 238 236 170 123 95 167 207 189 222 172 249 61 63 255
    237 235 212 35 97 193 83 246 116 93 205 169 47 127 72 57 107 245 36
    84 186 82 112 169 244 114 94 56 47 212 22 212 76 153 172 28 5 240 29
    157 73 16 242 51 188 88 87 34 248 130 1 138 176 0 64 80 7 0 160 5
    130 18 128 6 10 13 8 33 195 10 165 226 3 12 131 144 42 64 160 2 96
    135 22 0 170 3 72 96 66 112 56 52 97 208 20 39 110 25 168 25 5 240
    25 48 64 17 242 49 185 24 83 0 234 14 140 142 220 47 253 216 55 61
