<?xml version="1.0"?>
<opencv_storage>
<ImageFile>"117.jpg"</ImageFile>
<Features type_id="opencv-matrix">
  <rows>31</rows>
  <cols>64</cols>
  <dt>u</dt>
  <data>
    60 246 125 168 62 125 161 117 253 222 254 53 93 62 249 228 243 252
    195 232 241 82 157 244 253 44 36 217 125 223 255 251 237 108 199 190
    223 114 137 252 254 93 86 14 84 167 226 108 187 45 159 13 242 29 159
    89 54 242 43 188 91 222 106 240 60 246 125 168 54 125 185 121 255 94
    254 52 93 62 249 244 247 222 67 104 241 112 148 244 253 172 228 217
    124 222 253 249 252 108 223 190 223 114 137 252 190 93 92 14 84 167
    194 76 155 45 156 13 250 29 159 89 16 242 59 188 91 222 106 240 61
    62 125 172 62 61 49 123 245 252 214 53 93 61 249 230 242 252 195 104
    241 80 208 247 93 168 164 145 124 212 125 235 249 100 85 186 215 122
    129 124 220 93 91 14 84 167 194 111 155 45 157 13 242 29 159 93 60
    242 59 188 219 206 42 241 127 53 245 214 55 135 91 25 230 199 147
    118 191 107 176 87 246 247 99 247 215 47 211 119 220 250 246 111 82
    152 241 105 215 44 87 190 90 120 233 124 112 92 56 47 213 84 245 111
    153 172 24 5 240 29 156 73 16 242 51 189 88 87 32 250 12 33 247 176
    16 103 160 119 208 220 226 53 81 162 145 98 234 220 99 99 241 32 196
    147 28 41 165 137 64 142 48 248 244 36 85 186 83 120 201 116 120 92
    48 46 212 53 243 110 153 172 24 5 240 29 156 73 16 242 51 189 88 87
    32 250 61 52 253 36 21 101 61 126 244 190 212 177 109 139 150 71 251
    252 195 97 241 130 228 180 140 185 244 137 91 12 97 233 217 44 180
    190 23 56 33 117 120 76 58 175 214 113 166 108 184 172 26 1 240 28
    156 65 56 178 51 184 90 215 36 250 251 255 255 247 255 191 223 120
    255 125 253 251 239 123 244 93 246 247 62 119 255 47 179 119 238 254
    243 127 254 59 247 191 215 101 84 191 210 121 249 245 83 94 185 111
    217 28 253 79 157 173 24 5 248 61 158 73 16 246 115 191 88 87 32 251
    60 48 125 168 23 109 33 125 213 234 254 52 117 6 249 246 251 220 67
    96 113 146 228 180 205 137 228 137 83 78 59 248 248 36 85 190 82 114
    129 116 186 85 28 46 84 55 226 108 153 44 90 5 240 29 148 73 144 242
    43 184 88 86 34 240 62 245 125 254 55 125 125 127 247 92 253 177 125
    62 252 254 243 212 71 105 53 122 165 54 125 169 164 25 127 92 124
    249 240 100 52 250 198 114 145 245 211 223 31 30 210 150 64 78 137
    37 87 12 104 29 135 77 152 242 43 220 91 14 34 185 254 253 255 255
    255 255 255 251 255 253 252 251 255 250 246 254 251 213 127 103 253
    47 243 119 223 255 247 191 91 91 118 251 215 47 84 191 82 124 249
    244 122 94 56 47 221 21 245 111 157 172 24 5 240 29 156 73 16 246 51
    189 88 87 32 251 60 113 125 190 55 109 117 127 245 68 253 176 125
    190 252 230 243 244 71 109 55 178 245 183 221 171 228 153 115 220
    124 169 248 44 54 190 66 114 129 252 218 223 60 47 208 55 231 78 153
    164 223 13 120 29 151 77 56 242 59 188 89 22 38 249 60 231 125 174
    50 125 185 125 245 222 254 181 125 62 249 230 243 220 195 104 117
    112 197 182 125 172 164 145 127 206 61 249 248 100 117 186 215 122
    129 244 218 223 27 46 118 167 66 110 139 45 127 5 250 29 159 77 144
    242 43 252 91 14 34 177 62 51 117 162 23 183 35 121 230 70 211 48
    253 107 177 85 242 215 67 112 241 34 193 119 204 168 228 141 82 156
    241 233 215 44 87 190 90 120 129 84 120 88 24 15 208 53 225 79 153
    172 24 5 240 29 156 73 16 242 51 189 88 87 32 250 61 52 117 160 23
    101 41 124 228 78 248 52 109 47 145 119 251 252 67 96 113 34 149 52
    92 169 164 137 82 30 113 233 80 36 85 190 82 112 1 92 120 64 24 143
    212 49 230 76 153 172 24 1 240 28 156 65 24 178 51 188 88 86 32 248
    60 126 125 169 54 125 61 253 253 254 254 180 125 190 251 246 251 220
    67 105 249 208 245 188 221 173 248 155 123 223 127 251 233 36 87 250
    215 122 161 124 250 93 121 62 214 135 194 108 155 173 159 13 242 29
    157 93 144 242 59 252 91 214 42 246 59 22 124 134 191 157 155 25 230
    126 19 98 189 123 48 85 244 246 0 240 209 114 145 116 212 176 224 91
    82 56 245 99 215 44 214 190 218 120 168 117 244 92 25 15 208 84 240
    79 153 174 24 7 240 29 157 73 16 243 51 188 120 215 40 248 63 48 117
    162 31 167 3 120 198 68 209 48 237 11 144 85 242 245 67 112 241 35
    193 118 204 168 228 13 82 156 113 233 199 44 87 190 90 120 1 92 120
    88 16 143 212 49 229 79 153 172 24 1 240 29 156 65 16 242 51 189 88
    87 32 250 61 54 117 134 55 61 33 121 246 92 214 53 125 63 176 85 242
    244 67 96 241 34 145 118 92 168 164 9 122 24 113 233 212 36 85 190
    82 122 129 116 208 92 24 15 208 20 228 78 153 172 24 5 240 29 156 73
    16 242 51 188 88 87 32 248 63 55 124 160 55 181 31 113 246 86 215 48
    125 63 177 85 242 244 67 96 241 98 209 119 92 168 228 13 82 28 241
    233 212 44 86 190 82 120 129 116 112 94 24 15 212 20 196 78 153 172
    24 5 240 29 157 73 16 242 51 188 88 86 32 248 61 54 117 160 20 37 33
    125 228 70 209 52 109 43 145 86 242 236 67 96 113 98 208 246 156 168
    228 137 114 156 113 233 68 4 215 190 1 56 1 92 44 64 16 143 84 49
    226 76 154 172 152 9 242 28 28 81 40 178 19 152 88 214 104 250 124
    61 255 244 55 119 125 127 245 252 253 177 127 254 180 238 251 220 99
    107 245 178 229 55 93 171 164 153 83 92 116 233 242 36 84 186 82 120
    193 244 90 95 57 46 208 55 195 110 153 172 26 5 240 29 157 73 16 242
    51 189 88 86 34 251 252 253 255 255 118 127 255 255 253 253 255 191
    127 254 255 254 251 213 123 111 125 159 231 183 223 239 255 191 91
    223 118 187 243 37 117 255 86 127 253 252 250 93 189 62 223 63 245
    238 157 172 30 133 240 63 157 73 80 246 59 189 89 86 34 250 193 78
    130 85 200 194 202 135 8 171 43 207 146 228 99 170 13 73 61 231 78
    141 110 137 75 95 159 102 129 3 50 22 115 51 121 97 81 237 238 162
    112 44 40 62 223 28 251 177 93 200 24 245 213 127 156 234 211 205 49
    53 68 113 17 170 63 48 117 162 31 167 3 120 198 68 209 50 237 74 145
    85 242 245 67 112 241 35 193 118 204 184 228 13 82 156 113 233 215
    44 87 190 90 120 129 92 120 88 16 15 213 49 229 79 153 172 24 1 240
    29 156 65 16 242 51 189 88 87 32 250 63 52 117 162 31 167 35 122 230
    68 208 53 109 75 144 85 242 245 67 112 241 34 209 119 204 168 228
    141 82 24 113 233 215 44 87 190 82 120 1 116 120 80 24 143 212 49
    229 79 153 172 24 1 240 28 156 73 16 242 51 189 88 87 32 250 63 55
    124 160 55 183 31 121 246 86 215 48 125 59 176 85 242 244 67 96 241
    34 209 119 92 168 228 13 82 28 241 233 214 36 84 190 82 120 129 116
    80 92 24 15 208 20 229 79 153 172 24 5 240 29 156 73 16 242 51 188
    88 86 32 248 45 54 117 32 20 32 33 88 224 6 192 52 97 11 128 65 242
    108 67 80 113 34 80 212 196 168 228 137 82 28 97 136 204 44 199 190
    25 56 1 84 120 64 16 143 212 113 166 76 184 172 24 1 240 28 28 65 48
    178 19 188 24 215 100 120 60 55 125 162 22 55 39 127 244 92 214 53
    125 63 177 70 242 212 67 100 113 2 193 55 92 168 172 13 90 220 112
    233 212 36 85 186 82 112 129 116 112 92 24 15 212 20 228 78 153 172
    24 5 240 29 156 73 16 242 51 188 88 86 32 248 60 53 125 162 22 55 39
    127 244 92 214 53 125 62 177 86 242 212 67 100 113 35 209 55 92 168
    172 13 82 92 112 233 212 36 85 186 82 112 129 116 112 92 24 15 212
    20 228 78 153 172 24 5 240 29 156 73 16 242 51 188 88 86 32 248 124
    53 245 182 94 167 35 127 246 100 212 51 255 235 178 86 250 213 99
    102 241 39 195 119 206 234 244 141 82 28 112 233 215 36 84 190 82
    120 225 116 120 92 56 15 209 53 225 79 153 172 24 5 240 29 156 73 16
    242 51 189 88 87 32 250 63 48 121 32 20 36 41 124 198 14 209 48 109
    11 145 85 242 236 67 80 241 114 80 198 156 168 228 201 82 156 225
    233 76 12 134 190 140 56 1 93 172 64 23 136 64 113 128 76 186 46 137
    10 98 24 92 81 44 50 19 152 58 150 108 113</data></Features>
</opencv_storage>
