<?xml version="1.0"?>
<opencv_storage>
<ImageFile>"118.jpg"</ImageFile>
<Features type_id="opencv-matrix">
  <rows>231</rows>
  <cols>64</cols>
  <dt>u</dt>
  <data>
    45 214 108 136 63 189 191 89 189 127 135 202 221 125 124 69 128 253
    67 97 244 114 210 122 125 254 181 118 124 87 125 235 215 112 215 170
    210 120 249 113 116 93 122 175 213 84 245 111 153 172 24 13 240 29
    158 77 56 242 51 189 218 223 44 250 58 249 255 254 54 189 253 59 213
    254 253 248 255 238 252 126 178 214 103 251 183 124 193 247 253 190
    231 191 90 247 252 251 199 44 245 190 223 124 249 117 122 223 247
    111 246 55 247 111 155 174 153 199 248 29 188 93 16 243 123 251 123
    255 168 254 61 190 253 204 54 255 187 125 253 222 215 253 221 61 189
    197 251 253 227 107 245 119 210 247 253 127 180 255 124 223 119 235
    223 124 215 190 222 122 249 125 124 93 123 47 245 117 247 111 187
    172 137 15 242 29 156 93 52 242 51 189 123 223 108 250 62 247 125
    206 63 61 221 57 247 84 215 115 125 122 252 84 242 214 70 240 117
    114 145 118 188 188 97 89 254 248 253 233 222 108 222 158 206 114
    153 125 183 223 223 31 208 134 244 79 134 183 145 12 106 21 159 93
    40 242 122 159 91 207 46 185 94 51 154 247 255 178 218 161 94 187 83
    119 162 66 17 80 116 211 29 215 207 45 131 95 170 218 250 239 86 43
    179 190 87 175 93 183 127 125 239 87 209 68 145 78 195 13 155 63 159
    236 24 65 244 229 156 235 67 243 51 187 88 55 176 182 254 252 127
    253 254 253 223 253 255 255 255 255 255 126 255 254 251 245 126 251
    253 123 247 252 253 255 247 255 127 255 255 255 239 108 207 255 222
    123 249 253 254 223 255 63 247 247 253 127 191 191 159 79 250 189
    159 93 124 247 123 255 251 223 110 254 248 237 255 219 242 223 223
    239 255 231 29 190 255 174 255 254 251 213 121 111 31 221 255 61 127
    247 187 63 115 219 126 175 199 231 119 219 194 255 255 126 50 253
    236 127 31 156 125 177 223 172 126 189 147 255 180 254 216 252 105
    127 223 93 59 246 38 231 109 140 63 157 156 9 231 66 165 226 253 113
    124 85 144 180 70 240 214 114 16 102 84 150 165 25 54 190 29 112 214
    60 198 154 202 122 138 119 182 91 24 13 244 86 244 79 145 175 144 15
    48 29 223 89 16 243 50 189 120 87 106 249 189 54 117 176 62 61 37
    120 244 126 242 51 109 123 244 85 242 252 71 96 241 242 144 246 204
    168 228 155 250 92 121 233 219 108 214 190 94 114 177 245 222 95 26
    31 208 231 198 77 184 173 24 5 242 29 159 73 56 242 51 156 90 214 36
    249 61 55 125 244 62 61 61 120 244 126 242 49 125 123 180 85 242 252
    67 98 245 114 144 246 204 170 230 155 122 92 125 233 219 44 86 190
    214 114 209 253 220 94 26 15 208 35 199 79 153 172 24 5 240 29 159
    73 16 242 51 189 90 214 32 249 124 61 255 94 114 15 94 47 243 0 213
    53 127 246 188 94 246 147 122 246 87 63 193 167 218 106 230 93 98
    220 220 40 218 47 5 191 202 122 211 124 218 223 157 79 205 124 229
    78 157 166 137 207 242 28 157 75 89 246 123 187 121 36 163 249 181
    191 119 245 176 100 233 240 218 221 226 123 199 75 210 113 118 239
    239 111 117 44 54 210 141 191 119 233 220 14 226 185 102 83 126 191
    180 188 217 245 77 76 179 246 235 33 155 126 168 189 120 115 240 182
    156 65 134 216 87 207 94 119 161 186 62 49 117 180 63 37 57 125 214
    46 249 49 125 74 176 118 242 212 71 114 241 170 181 190 156 171 231
    139 82 220 245 248 106 44 6 190 218 48 193 252 90 72 21 14 192 117
    131 78 185 172 88 1 224 28 156 81 144 242 51 156 122 86 32 184 38
    231 109 140 63 157 156 9 231 66 173 226 253 113 124 85 144 180 70
    240 214 114 16 102 84 150 165 25 54 190 29 112 214 60 198 154 202
    122 138 119 182 91 24 13 244 86 244 79 145 175 144 15 48 29 223 89
    16 243 50 189 120 87 106 249 181 255 119 245 48 100 249 243 222 221
    226 243 199 75 210 124 254 206 231 111 119 44 164 214 175 63 119 249
    220 46 226 185 102 82 124 190 180 60 219 245 93 76 179 247 234 33
    219 126 168 181 120 243 240 150 156 65 134 211 87 203 126 119 161
    186 63 55 117 246 63 165 249 120 246 93 243 115 237 91 176 85 246
    254 71 115 247 46 195 119 204 186 231 251 82 60 245 235 223 44 84
    190 219 120 241 245 216 94 185 15 224 53 211 79 153 174 24 7 240 29
    157 73 16 243 115 191 120 87 32 251 46 199 104 170 95 159 6 9 39 66
    175 112 189 126 236 85 192 183 5 244 215 114 145 115 116 212 65 29
    54 248 29 97 134 102 222 154 226 90 153 52 167 223 92 73 84 222 244
    79 149 53 144 12 42 5 203 25 56 242 122 188 90 219 62 89 124 253 255
    252 114 239 125 123 253 252 79 151 215 252 253 238 247 223 249 103
    246 125 208 243 219 254 230 220 104 210 126 233 203 19 85 190 149
    254 218 125 254 125 255 231 253 55 231 111 157 172 185 223 242 29
    157 77 93 254 115 191 91 127 171 250 77 238 239 169 112 247 163 245
    57 255 192 141 200 177 253 139 139 109 251 109 248 85 94 241 77 125
    157 180 109 70 59 155 213 65 213 169 85 248 173 32 126 30 58 167 119
    185 118 241 156 168 56 53 243 125 156 76 84 238 19 188 90 215 106
    243 3 6 8 34 13 176 131 8 180 58 2 100 168 11 32 5 0 54 129 144 224
    114 153 124 0 128 0 3 26 33 33 67 23 136 214 32 115 136 41 34 192 84
    74 137 208 65 176 75 56 236 24 1 244 5 220 17 18 50 183 180 138 147
    40 88 109 238 239 169 112 247 175 117 57 255 224 137 201 185 253 207
    139 125 251 111 248 85 94 249 93 125 157 180 125 70 59 155 213 1 213
    169 81 252 237 48 126 94 58 175 119 185 118 115 156 168 56 53 241
    125 156 76 84 238 51 189 91 215 106 243 62 244 253 174 55 63 93 127
    247 244 221 177 125 190 189 222 242 212 83 121 241 83 193 55 125 168
    232 29 123 221 125 233 213 44 52 190 82 122 129 116 242 223 61 47
    212 150 197 110 153 172 30 5 248 29 159 77 16 242 59 188 89 86 34
    251 187 150 108 229 255 181 191 241 61 255 120 203 141 121 54 85 244
    253 69 99 244 99 210 120 109 254 181 62 94 87 119 239 215 100 223
    186 211 121 233 117 124 92 122 47 213 21 247 127 153 172 24 5 240 29
    156 73 16 242 51 189 218 87 32 250 254 117 109 156 87 15 31 105 167
    70 189 184 29 174 180 94 243 213 22 101 26 211 176 32 92 197 173 29
    211 152 92 41 208 37 20 219 66 113 133 212 18 203 28 15 147 30 228
    28 149 164 18 4 42 25 151 75 152 246 57 60 93 84 34 177 69 5 129 144
    0 6 34 71 0 196 2 0 16 192 145 2 194 93 1 102 194 37 192 51 76 138
    128 12 80 0 48 73 82 38 85 186 16 120 65 84 48 96 56 14 65 20 193 78
    25 172 24 5 240 28 156 73 16 242 51 189 72 86 32 250 0 2 0 1 168 144
    170 48 8 186 2 71 192 17 9 1 68 137 129 192 193 32 75 216 65 24 180
    230 4 4 161 66 223 48 65 32 89 58 232 96 248 92 56 46 213 228 179
    107 153 236 24 1 240 29 152 73 22 243 19 181 88 83 96 122 245 61 243
    55 217 102 35 254 198 109 234 55 231 207 130 127 235 245 59 102 105
    143 174 53 78 235 250 47 210 10 98 47 97 39 117 255 16 52 69 212 81
    64 24 142 73 24 105 148 200 36 88 180 240 62 140 67 208 188 33 188
    92 4 48 248 108 47 239 253 114 183 127 123 165 230 235 144 219 228
    185 78 130 221 123 111 190 125 210 179 93 254 167 189 80 140 52 137
    211 39 87 187 82 124 245 116 116 124 184 47 247 28 229 111 157 172
    24 5 243 29 156 73 16 254 115 191 88 86 33 250 63 249 255 118 54 189
    253 122 215 157 245 241 255 123 148 92 246 247 102 123 247 110 209
    247 189 190 231 223 110 253 245 238 207 124 46 190 223 56 251 253 89
    223 243 239 248 97 183 111 171 183 137 203 248 28 159 85 52 243 119
    219 251 191 173 255 108 47 255 253 112 183 127 247 173 255 105 154
    211 225 147 78 130 221 123 111 190 173 194 187 95 235 182 191 80 132
    50 171 211 7 117 187 82 125 247 116 112 124 185 111 255 28 69 191
    157 172 56 245 241 125 156 76 81 254 115 255 89 86 33 250 50 17 208
    150 191 128 217 9 198 33 21 114 183 74 160 84 118 151 32 147 199 47
    195 103 132 146 226 47 18 56 193 110 135 44 84 190 82 120 235 86 64
    88 32 75 193 20 181 111 153 174 24 5 240 24 156 65 16 114 51 189 88
    87 32 250 63 247 125 244 63 53 125 120 244 126 241 114 237 91 148 85
    242 252 71 114 245 98 145 118 204 187 247 251 90 28 241 233 211 44
