<?xml version="1.0"?>
<opencv_storage>
<ImageFile>"119.jpg"</ImageFile>
<Features type_id="opencv-matrix">
  <rows>88</rows>
  <cols>64</cols>
  <dt>u</dt>
  <data>
    12 206 254 233 42 253 160 245 61 252 206 205 84 60 251 236 203 248
    227 106 245 112 94 249 121 125 16 242 109 199 63 247 253 82 95 32
    117 250 249 60 255 29 122 54 116 167 115 99 185 237 190 61 242 29
    153 76 22 194 175 173 219 75 43 254 254 245 249 154 23 95 95 15 231
    71 61 186 63 170 182 95 251 247 54 117 31 247 243 38 221 215 247 61
    83 184 254 41 194 44 22 223 194 124 227 254 50 203 60 41 151 28 245
    46 149 172 18 5 98 25 180 91 152 242 113 61 93 214 42 251 84 51 243
    244 48 34 120 107 194 138 209 178 227 130 147 82 122 197 35 111 3
    173 65 215 141 154 182 141 66 44 48 40 86 37 60 155 8 124 193 85 32
    72 177 110 171 12 65 126 219 172 56 211 96 28 60 73 64 242 17 219 92
    23 97 178 199 4 0 53 205 160 58 64 48 43 0 75 130 73 0 17 36 77 5
    193 200 172 138 120 6 154 179 98 208 39 33 87 83 177 28 57 115 173
    32 198 64 64 8 11 195 16 202 17 9 196 24 5 228 158 156 105 16 178
    179 157 204 23 32 167 60 179 254 245 255 177 250 248 254 185 199 125
    231 80 161 81 254 223 223 91 255 47 199 255 165 58 226 255 94 69 245
    190 255 47 158 191 87 123 249 117 217 92 211 78 241 229 155 127 189
    191 24 71 248 189 157 73 19 243 247 159 120 63 167 251 94 50 218 247
    255 177 250 124 88 187 210 117 228 66 129 82 118 223 153 83 237 45
    207 89 140 138 226 239 82 69 161 238 127 38 156 191 119 127 97 213
    216 68 147 14 195 5 203 87 155 44 24 5 224 156 156 73 210 242 183
    159 88 23 32 246 54 49 89 182 255 130 95 11 198 74 145 114 189 66
    180 85 118 215 20 20 195 62 129 111 174 146 226 93 18 56 245 104 2
    172 158 159 234 124 3 215 0 202 5 73 194 28 133 95 209 182 16 5 40
    16 188 123 16 50 50 155 60 28 48 177 66 130 130 163 201 192 130 133
    10 235 0 106 162 67 3 17 76 3 185 146 201 37 79 73 34 211 123 103
    150 9 163 87 23 131 221 1 49 197 111 2 97 96 106 201 87 29 91 147 88
    92 24 48 165 224 232 235 195 24 134 135 132 113 145 38 66 130 130
    163 201 130 134 5 0 107 0 72 130 67 3 17 72 3 33 130 201 5 203 73 2
    211 59 39 18 9 33 71 23 131 28 1 49 204 47 2 97 96 32 201 3 24 91
    147 80 76 24 32 133 224 44 170 131 8 130 129 4 113 16 38 55 245 125
    190 247 156 31 72 230 70 185 50 253 107 180 85 242 247 6 116 3 102
    145 102 204 150 229 93 50 56 245 41 210 44 22 158 202 120 129 223 38
    202 24 9 212 24 244 15 145 164 16 5 104 25 159 73 24 242 49 156 88
    86 32 185 50 49 241 182 17 132 77 78 198 102 145 48 33 202 148 86
    114 84 2 65 130 46 192 103 12 138 230 9 18 168 112 105 71 38 20 158
    2 120 3 222 0 194 20 201 192 16 129 79 17 164 24 0 96 24 156 65 24
    50 51 153 24 86 32 251 58 49 113 246 190 164 123 105 210 56 211 117
    253 66 144 80 118 214 6 210 231 40 129 95 140 154 230 223 66 255 245
    236 67 44 20 190 255 122 210 117 217 204 147 78 224 5 171 79 169 166
    25 71 224 28 156 65 5 243 119 187 122 39 163 253 63 118 109 170 159
    189 15 73 230 78 250 52 125 47 253 117 242 244 3 96 225 114 144 116
    76 140 172 9 210 26 121 249 112 36 215 186 66 114 1 84 182 64 24 12
    84 134 228 76 153 45 16 4 98 29 143 73 24 242 59 188 88 86 34 176
    124 173 255 220 50 207 249 111 199 196 223 180 95 230 191 238 187
    212 98 103 183 125 198 183 223 235 166 157 99 188 124 233 247 38 69
    190 210 122 219 124 186 125 189 110 245 62 229 110 155 172 155 207
    240 29 148 93 25 242 123 251 121 118 171 251 58 49 113 246 254 173
    91 57 214 125 215 117 253 70 16 84 118 215 70 210 246 42 131 223 188
    186 230 223 90 243 245 238 71 45 36 190 255 123 250 117 217 204 215
    78 225 53 171 79 169 166 25 71 232 28 156 65 69 243 119 187 122 39
    163 253 66 1 128 176 1 2 64 79 132 0 3 0 19 232 48 22 108 25 33 70 2
    47 192 35 30 138 162 76 82 128 48 104 66 38 6 186 2 104 65 76 0 224
    20 75 73 28 165 206 25 36 24 0 96 28 148 65 17 242 51 185 72 22 32
    250 123 181 245 255 250 228 127 108 251 109 221 249 255 239 150 94
    255 191 178 99 255 45 243 127 222 235 226 255 107 245 253 239 215
    183 37 191 191 121 250 125 125 206 189 235 253 17 255 127 153 166 24
    71 240 28 28 65 125 183 115 187 186 119 161 254 61 50 117 160 28 183
    43 120 228 62 210 53 109 11 145 69 242 237 195 112 241 99 208 247
    140 168 228 133 90 220 97 203 79 44 215 190 93 56 1 92 108 68 18 142
    192 97 131 79 186 172 24 1 242 28 220 81 4 178 23 156 74 215 104 114
    5 3 1 80 0 0 64 114 0 4 2 4 64 65 0 3 72 72 193 6 70 44 0 195 8 50 6
    0 0 4 0 0 74 2 145 168 0 8 83 0 80 32 144 199 64 96 33 206 18 44 137
    64 176 24 72 0 33 2 67 147 8 179 229 74 12 143 206 218 34 95 208 55
    61 244 30 133 30 183 63 238 137 154 224 171 213 117 247 179 121 99
    148 86 109 209 151 227 223 16 67 160 215 90 248 120 112 61 121 39
    181 180 119 111 155 232 175 13 244 13 152 92 55 243 59 253 91 115
    106 250 125 181 245 254 249 238 127 109 247 109 201 185 255 239 150
    94 255 191 163 99 255 45 243 63 222 235 226 255 107 241 253 239 199
    167 101 190 183 248 251 125 124 94 253 235 253 17 255 111 153 166 24
    79 240 28 28 65 57 247 115 187 186 119 161 254 13 38 247 0 216 165
    161 126 160 60 130 55 193 149 171 65 234 237 195 96 241 5 26 217 6
    184 60 131 208 12 51 78 93 36 87 186 80 178 45 84 252 84 26 134 69
    224 160 193 152 44 24 4 240 29 156 65 16 224 19 189 72 71 32 242 251
    252 255 255 255 255 255 249 255 125 253 255 255 254 254 253 251 245
    127 119 253 127 179 125 255 255 255 191 255 95 127 255 215 109 85
    255 214 115 249 253 123 223 127 63 221 55 253 127 157 173 30 13 248
    63 159 73 88 246 123 189 218 95 34 249 5 38 243 0 216 167 161 94 160
    62 130 55 193 196 171 65 234 109 131 64 209 5 26 217 6 184 60 133
    144 12 33 78 77 36 87 186 16 178 13 84 184 68 24 142 69 224 128 197
    24 44 24 4 240 28 156 65 16 96 19 188 72 71 32 112 7 71 0 136 1 0 4
    3 36 66 40 2 0 75 36 5 64 56 5 4 66 162 24 34 82 149 1 1 144 8 0 1
    128 2 210 138 0 64 7 0 38 34 24 201 84 80 84 192 80 44 16 4 1 0 196
    8 24 0 32 52 8 80 40 33 13 2 162 32 217 176 160 90 36 58 194 39 192
    205 137 5 194 93 163 64 224 7 138 121 70 152 16 134 80 6 33 194 95 2
    85 186 16 184 109 116 120 84 24 143 69 65 247 195 152 44 24 0 240 29
    140 73 16 226 51 189 72 87 32 122 253 191 255 245 118 255 255 255
    253 253 215 251 255 249 186 222 251 253 123 111 255 255 246 255 255
    251 183 191 127 221 126 239 215 109 119 255 214 125 249 125 124 93
    255 63 223 165 255 111 157 172 30 141 242 63 158 77 88 246 115 191
    91 95 40 250 63 149 253 158 23 15 81 95 183 68 133 240 61 122 182 95
    242 244 2 53 82 119 208 103 116 162 224 29 114 88 92 105 134 36 22
    190 194 120 211 252 82 219 28 7 144 20 229 78 145 164 153 12 114 24
    156 65 56 178 114 189 89 223 46 219 124 62 247 253 63 119 237 255
    245 254 218 181 127 238 187 207 251 220 227 107 245 143 254 191 95
    107 242 135 89 85 123 239 111 162 117 183 247 252 241 116 124 76 250
    174 223 181 67 235 185 236 28 149 246 29 156 77 150 242 247 191 223
    86 41 246 124 62 247 249 63 119 237 255 245 254 218 177 127 238 187
    207 251 220 227 107 245 143 222 191 95 107 178 135 89 85 121 239 111
    162 117 179 119 252 241 116 120 76 250 174 223 53 67 235 185 236 24
    149 246 29 156 77 150 242 247 191 223 86 41 246 0 2 1 128 0 84 13
    109 132 6 3 0 1 0 25 134 13 76 65 96 128 2 196 0 28 129 4 8 16 128
    49 72 96 20 75 10 0 34 0 2 160 0 16 136 6 132 0 72 19 40 116 0 32 25
    133 16 128 66 33 152 64 70 32 176 46 38 109 138 18 149 5 39 37 246
    22 144 25 58 185 70 202 212 1 105 145 80 200 51 93 128 164 13 82 152
    49 107 213 36 85 186 82 120 161 116 48 93 56 47 86 148 100 111 155
    172 24 5 242 29 156 76 16 226 59 188 89 87 32 242 251 222 110 239
    255 253 223 153 191 127 253 203 175 121 118 253 181 245 126 187 252
    127 187 124 111 255 187 55 255 115 119 191 215 237 222 89 254 125
    252 179 119 223 235 125 213 30 252 49 237 223 20 13 221 231 159 255
