<?xml version="1.0"?>
<opencv_storage>
<ImageFile>"12.jpg"</ImageFile>
<Features type_id="opencv-matrix">
  <rows>66</rows>
  <cols>64</cols>
  <dt>u</dt>
  <data>
    197 2 131 177 217 130 162 200 0 169 2 87 130 195 131 1 106 69 45 70
    200 141 142 73 14 154 58 39 146 8 35 31 87 167 20 187 16 244 101 86
    64 64 24 10 201 12 201 145 24 44 24 53 209 58 140 107 16 120 49 157
    76 23 48 250 197 2 131 177 217 160 162 200 0 169 0 87 130 195 131 1
    106 69 189 71 200 141 174 88 14 154 26 39 146 8 35 31 87 167 20 187
    16 253 109 86 193 96 24 30 201 12 201 145 88 44 24 53 209 186 140
    107 16 120 49 157 76 23 48 251 197 2 194 51 217 160 162 216 8 187 66
    115 162 195 131 1 74 69 189 71 200 141 174 120 14 154 59 39 210 10
    35 31 119 167 92 187 16 245 109 150 193 96 24 30 201 8 217 145 88 44
    24 53 209 190 140 235 64 120 33 157 76 23 49 191 59 253 255 222 55
    189 221 59 255 221 245 251 255 122 252 93 255 247 118 187 245 127
    211 247 253 255 247 63 127 255 247 235 207 108 199 190 254 121 251
    125 120 223 255 47 213 117 245 111 191 174 153 15 242 29 156 93 62
    247 119 191 251 223 172 250 237 174 239 249 254 247 243 253 253 253
    222 255 223 189 251 239 235 253 251 107 253 215 254 189 127 239 188
    183 255 95 127 255 247 101 85 251 214 255 253 124 252 93 122 62 221
    167 219 241 189 172 30 13 243 189 156 77 80 254 59 189 219 95 40 254
    187 223 100 251 223 189 199 56 63 125 252 251 172 127 108 93 247 247
    61 243 252 126 155 114 97 255 113 63 254 83 251 127 159 231 209 112
    119 89 253 125 117 223 254 127 213 17 255 103 140 149 25 12 254 167
    143 237 123 180 247 191 210 223 164 222 4 2 131 0 0 192 32 103 0 162
    66 4 80 132 155 2 8 8 195 64 136 0 78 129 24 8 4 128 0 132 32 194
    101 18 97 40 21 170 0 0 168 32 16 2 38 164 3 226 27 72 105 114 19 88
    16 0 135 72 11 224 0 34 65 98 124 43 239 136 18 127 165 127 253 214
    254 176 93 188 249 198 251 212 107 109 112 81 196 181 93 237 45 13
    125 220 56 185 240 38 87 186 82 122 5 124 244 85 56 46 84 166 64 228
    155 45 156 4 242 29 143 93 16 240 43 188 89 86 40 250 109 7 109 185
    255 127 167 253 188 126 206 29 89 125 251 229 203 212 67 102 124 227
    166 50 78 237 188 5 219 10 59 187 241 36 85 186 82 114 193 116 242
    92 24 14 213 22 193 78 153 172 24 5 240 29 157 73 16 242 51 189 88
    86 34 248 250 221 255 255 255 255 127 255 255 253 253 251 191 252
    254 223 251 213 127 111 252 247 247 55 111 255 189 63 251 91 126 187
    211 36 21 250 82 121 233 116 114 223 56 63 213 20 245 111 157 173 30
    5 248 29 159 73 16 242 59 189 88 23 34 250 45 35 237 240 54 55 97
    126 244 222 214 52 105 189 177 71 130 124 67 111 51 118 208 183 29
    170 134 149 120 220 48 137 126 46 150 186 94 122 81 220 220 225 146
    142 66 161 67 238 26 44 152 8 242 29 158 20 48 226 123 223 75 150 44
    250 133 206 12 73 232 217 166 196 56 59 10 79 144 117 111 161 197
    249 141 162 204 97 46 248 66 78 24 102 237 7 59 87 247 18 81 32 81
    226 236 160 214 52 24 22 85 198 247 211 153 77 28 36 213 93 139 9 19
    192 35 133 64 115 2 248 19 22 144 2 15 130 2 10 98 0 1 2 172 9 34 17
    100 231 1 240 192 39 83 103 196 136 224 76 18 16 225 97 215 44 81
    190 90 40 1 68 96 64 24 143 193 80 229 79 152 172 24 5 240 28 156 73
    16 242 51 189 88 87 32 250 133 206 12 73 232 217 166 193 56 123 14
    79 144 117 107 161 133 217 141 162 204 97 62 248 66 94 24 102 237 71
    59 86 247 18 81 32 81 227 236 160 210 52 24 22 85 198 247 211 153 77
    28 36 213 93 139 9 19 200 35 165 64 115 3 248 2 4 8 190 43 0 28 3 50
    96 45 2 28 230 36 18 100 146 0 224 201 160 193 34 80 158 161 75 66
    169 149 96 147 52 0 178 67 72 160 118 112 218 60 43 212 20 229 79
    153 172 24 5 244 29 152 73 16 243 51 189 88 86 32 234 66 5 8 150 35
    27 28 3 34 96 5 2 28 246 36 22 100 146 4 228 74 176 129 34 88 150
    161 88 2 40 148 97 146 52 80 186 67 72 128 80 112 155 56 47 212 20
    228 78 145 172 16 5 112 25 152 73 16 243 51 189 88 86 32 250 3 149
    16 2 5 128 4 8 2 0 129 96 32 67 4 17 100 34 0 144 193 34 81 71 196
    144 224 73 18 40 193 64 134 188 130 134 40 8 10 65 96 136 0 193 144
    80 181 79 48 182 8 2 32 0 120 1 58 19 22 177 48 211 228 74 238 233
    239 223 242 223 221 239 191 229 63 190 159 254 255 238 235 213 61
    111 14 143 230 51 127 207 191 47 211 139 62 63 242 39 117 219 82 119
    239 246 146 95 56 62 223 158 73 182 141 173 86 5 248 31 149 75 144
    240 41 61 93 84 34 251 54 241 121 158 159 132 93 72 198 71 181 120
    61 106 180 84 250 214 6 112 131 42 161 103 62 147 227 41 147 185 85
    41 146 172 30 158 66 113 3 222 35 202 4 73 144 28 252 30 193 164 82
    4 40 16 182 107 152 114 56 25 88 21 32 185 252 239 239 223 242 223
    217 255 255 245 127 191 223 254 255 238 251 213 127 111 31 223 230
    63 127 239 183 61 255 219 62 63 242 103 117 219 82 127 215 254 179
    223 248 62 223 142 73 182 141 173 86 133 122 31 135 79 208 244 105
    93 93 12 34 179 251 223 254 191 255 127 159 254 126 253 127 223 191
    253 255 254 255 213 37 103 108 135 231 55 79 207 185 63 211 26 118
    59 243 36 84 186 82 114 233 244 210 94 56 46 209 22 193 109 153 172
    24 5 240 29 157 73 16 242 51 189 88 86 34 249 3 0 0 2 1 0 0 2 2 0 1
    0 0 3 0 17 4 42 0 144 193 32 65 195 192 0 192 64 0 32 129 64 143 24
    65 32 41 8 0 64 96 16 16 129 208 80 167 79 16 234 8 2 180 8 88 1 23
    3 22 177 32 115 96 74 221 37 115 177 144 100 41 237 192 230 225 54
    81 128 147 98 226 12 7 70 43 128 164 144 30 136 182 137 195 140 50
    185 96 4 4 251 0 116 1 220 154 64 20 26 66 29 128 20 9 44 82 37 64
    30 4 65 144 240 33 152 76 6 34 177 237 237 239 253 119 111 247 254
    189 253 252 255 191 254 254 239 235 245 191 111 126 191 254 55 127
    255 155 55 251 91 54 239 215 103 53 251 86 125 255 252 115 255 254
    127 223 30 125 227 221 164 94 157 217 63 156 78 120 252 107 191 223
    95 55 250 34 0 165 130 7 135 1 111 228 70 16 0 185 40 50 6 194 85 65
    96 192 7 195 119 92 136 140 12 82 144 49 73 215 36 85 186 82 120 1
    92 112 80 56 15 213 20 229 79 25 172 24 5 240 29 156 73 16 242 51
    189 72 87 32 250 45 39 229 176 16 55 33 126 180 254 194 53 65 185
    145 71 130 124 195 96 240 71 208 243 12 168 132 132 120 68 48 201 95
    0 215 186 21 56 1 124 124 68 26 134 64 33 67 239 56 44 56 0 242 28
    156 0 36 226 51 157 74 215 32 250 35 5 128 130 7 2 2 15 102 64 17 2
    188 41 34 21 238 151 1 240 192 39 195 119 68 152 240 12 82 0 49 105
    215 36 85 186 82 120 137 116 112 92 56 15 213 20 245 79 153 172 24 5
    240 29 156 73 16 242 51 189 88 87 32 250 137 196 12 141 238 157 158
    16 56 127 44 203 158 125 100 45 133 249 29 224 192 113 50 120 98 127
    185 118 253 71 63 115 213 112 80 96 83 97 168 224 82 158 88 31 209
    22 246 73 153 141 24 5 248 93 159 73 19 211 51 188 80 83 2 249 5 2 0
    0 8 144 34 0 0 34 2 6 128 1 1 2 4 9 128 128 192 33 66 194 64 16 128
    196 0 4 129 64 31 16 65 32 25 8 0 0 96 48 16 129 241 112 163 75 25
    200 8 3 244 73 88 0 7 67 23 181 0 115 64 74 250 127 255 247 254 127
    255 253 255 253 222 63 255 255 251 254 251 213 127 111 125 247 183
    52 95 254 188 63 255 219 126 187 243 100 85 254 82 115 217 244 214
    93 88 62 213 134 193 109 157 173 30 5 250 29 159 77 16 246 51 189 88
    86 34 248 3 84 0 34 157 128 4 8 2 3 161 98 160 11 4 17 100 38 4 208
    129 34 9 72 4 144 97 11 146 40 129 4 16 172 156 154 0 8 1 134 1 194
    8 137 64 80 156 21 0 22 16 4 44 128 230 33 16 50 176 148 0 87 32 1 4
    2 0 16 0 128 34 69 0 162 2 4 64 4 9 2 8 8 129 0 128 32 74 194 80 0
    132 132 0 132 1 66 79 16 65 32 17 136 0 8 32 32 16 128 36 96 3 107
    27 72 40 99 149 88 88 0 7 67 19 161 0 99 97 98 3 1 0 2 1 0 0 2 2 0 1
    4 32 2 0 17 4 42 0 144 193 34 65 195 128 0 192 64 0 160 129 64 15 24
    195 36 41 8 2 72 32 0 20 129 32 113 167 79 50 106 137 74 54 0 120 17
    39 3 150 177 32 243 236 74 141 198 12 73 238 185 190 16 57 127 44
    202 154 113 100 9 132 121 189 233 192 117 58 248 96 95 25 246 253 71
    57 83 215 80 152 96 83 233 184 162 86 190 122 63 209 20 246 81 25
