<?xml version="1.0"?>
<opencv_storage>
<ImageFile>"122.jpg"</ImageFile>
<Features type_id="opencv-matrix">
  <rows>168</rows>
  <cols>64</cols>
  <dt>u</dt>
  <data>
    174 237 239 184 222 95 21 207 181 102 61 62 29 238 255 236 227 212 3
    96 85 210 180 50 94 140 164 9 211 152 58 105 240 36 85 250 82 114
    129 244 146 94 28 14 84 22 197 76 153 44 26 5 240 29 149 73 16 240
    41 188 88 86 34 249 126 57 255 252 118 111 125 127 253 110 221 188
    127 238 191 254 251 212 83 102 63 253 230 63 95 234 166 29 91 221
    124 233 243 38 21 251 194 119 209 245 146 207 221 46 222 30 229 126
    159 44 90 133 98 29 149 77 216 182 121 251 93 14 34 241 186 221 94
    223 38 221 220 129 127 211 61 202 190 114 124 222 253 147 60 191 7
    124 49 115 249 87 243 126 111 251 222 51 146 252 218 71 202 93 250
    251 114 223 237 125 183 30 245 63 215 203 131 207 252 5 251 255 89
    247 112 127 113 249 218 187 63 221 254 254 55 175 125 67 57 252 109
    217 30 255 236 255 231 255 181 99 247 125 240 115 127 223 227 255
    123 115 252 233 151 112 84 178 243 121 248 253 118 223 127 105 253
    23 247 111 221 172 26 13 250 29 189 77 56 247 123 191 91 223 47 251
    127 253 254 252 51 43 125 74 49 250 237 249 126 239 172 127 231 187
    177 243 229 125 209 115 229 239 227 223 123 101 252 227 159 80 53
    186 179 124 249 253 126 223 127 97 255 23 247 111 221 174 58 23 248
    29 248 77 58 183 255 191 27 243 163 203 60 239 255 249 50 125 241
    247 253 252 222 189 93 61 253 238 251 252 235 106 245 112 220 183
    249 125 21 176 109 215 127 251 253 66 103 188 223 250 249 124 254 29
    251 182 85 183 119 238 191 173 239 205 242 29 157 92 46 230 111 253
    219 207 111 254 45 166 100 138 223 127 167 125 237 84 174 53 109 63
    251 229 227 244 203 96 113 66 157 244 84 108 8 1 190 94 91 205 252
    100 87 186 80 114 13 60 119 85 26 182 68 163 116 68 136 53 221 12
    242 31 143 77 40 228 35 188 90 79 46 88 56 58 255 244 62 179 253 126
    212 188 214 113 237 93 153 66 255 205 235 123 245 103 203 255 137
    126 244 214 124 85 245 238 95 120 213 52 255 184 248 117 124 85 251
    63 229 161 215 107 186 255 141 203 240 189 159 93 102 247 151 223
    234 151 100 222 45 38 101 130 223 111 167 121 229 84 174 53 125 63
    249 229 227 244 67 100 113 66 153 116 84 236 8 9 190 26 89 205 252
    101 87 186 80 114 13 252 119 85 24 182 68 162 236 68 136 37 221 12
    242 30 143 73 56 244 35 188 90 70 36 88 124 59 251 112 54 183 120 91
    196 186 225 178 243 194 177 91 210 205 123 79 191 55 82 223 135 138
    231 175 66 172 52 234 75 14 198 175 218 60 225 117 248 110 176 109
    243 125 147 111 191 174 24 83 226 29 93 89 20 242 83 191 121 86 233
    243 124 59 251 248 54 183 120 91 196 186 225 178 243 194 187 91 210
    205 107 79 191 247 82 223 135 203 231 175 66 172 52 234 67 14 199
    191 218 60 225 117 248 108 176 109 243 237 179 127 190 174 152 83
    226 61 222 89 20 242 83 159 121 86 233 243 126 49 243 246 53 162 249
    110 214 136 213 245 103 130 129 114 114 212 31 79 3 42 229 23 173
    138 226 13 82 41 100 60 114 39 60 255 86 127 3 213 211 194 145 74
    170 15 9 238 203 39 119 149 104 58 181 77 192 114 43 218 89 6 179
    181 1 6 0 3 201 128 130 16 34 33 2 67 128 89 0 1 68 99 133 0 192 39
    138 105 2 16 24 102 148 8 1 71 87 162 88 0 16 136 45 2 69 0 8 7 65 0
    248 147 16 92 24 36 180 192 136 235 16 82 178 133 64 87 32 104 1 134
    16 3 201 128 130 16 34 49 2 71 128 89 0 1 110 99 129 0 192 37 10 105
    2 24 25 102 148 2 129 71 23 227 89 16 49 136 109 2 101 0 10 135 65
    64 249 67 24 92 24 36 244 0 136 203 19 82 146 133 192 87 36 106 125
    57 255 244 54 119 249 250 212 190 215 53 117 222 153 98 242 221 91
    107 183 63 196 255 173 170 166 157 82 79 119 255 115 39 53 255 86
    127 217 85 152 212 211 14 234 167 65 111 159 44 59 133 248 29 156 69
    64 242 59 251 73 6 35 246 86 57 219 248 54 146 88 67 66 130 181 178
    194 130 181 91 90 199 56 207 135 117 65 211 141 211 243 237 66 44
    180 104 146 6 148 171 74 124 227 85 48 202 177 105 179 28 81 239 223
    172 32 215 120 57 124 94 84 251 27 223 89 177 249 243 214 49 203 244
    54 18 92 3 2 195 49 242 194 130 144 91 0 199 52 207 7 53 64 67 141
    210 179 127 66 44 180 120 82 20 148 171 74 124 227 213 64 74 177 105
    179 28 209 111 219 174 16 71 104 89 124 90 16 115 51 223 88 49 112
    187 5 38 225 48 24 160 33 79 224 170 128 48 64 3 131 67 234 196 3 98
    193 33 70 19 76 137 164 9 82 12 33 74 213 36 85 186 82 56 33 116 112
    84 56 143 208 80 193 79 153 172 24 1 240 29 156 73 16 242 51 189 88
    87 32 250 246 35 243 212 50 87 13 239 198 194 147 50 115 226 178 82
    235 213 35 103 7 165 224 55 12 223 183 41 82 142 50 104 82 36 85 186
    66 120 225 84 112 88 48 47 197 12 245 110 153 172 24 5 240 29 156 73
    16 242 49 189 88 87 32 250 6 2 0 33 136 128 138 1 10 3 3 66 128 64
    64 16 76 11 36 66 198 36 0 66 12 150 177 107 0 42 35 82 6 148 77 138
    0 40 232 66 32 16 48 201 213 20 180 47 152 172 16 1 240 5 156 105 0
    82 18 181 64 83 32 106 5 38 225 48 24 166 33 79 224 174 130 52 65 67
    147 67 234 196 3 98 193 33 70 55 76 136 164 13 82 12 33 74 215 36 85
    186 82 56 97 116 240 84 56 142 208 16 193 111 153 172 24 1 240 29
    156 73 16 242 51 189 88 87 32 251 195 6 0 39 205 130 138 8 36 59 2
    67 162 75 32 21 34 119 60 148 200 7 155 105 2 218 187 39 146 33 33
    87 23 165 94 49 115 12 36 134 193 64 8 201 193 72 216 19 92 140 24 5
    229 224 156 235 16 126 179 157 72 23 48 56 211 21 144 22 221 2 88
    142 66 1 161 99 166 203 6 25 118 163 52 149 75 143 35 6 130 139 251
    107 146 40 194 36 26 37 52 255 2 4 6 213 65 202 24 203 233 88 169
    156 192 166 80 16 96 186 16 227 17 57 52 19 28 52 148 73 125 57 255
    244 54 103 249 254 212 188 215 53 103 206 153 246 242 212 91 111 167
    175 228 63 45 170 166 141 82 13 124 255 115 39 53 255 86 127 209 213
    217 196 147 14 234 167 65 110 139 36 127 133 248 30 157 69 208 242
    59 219 89 6 35 247 39 54 117 138 223 141 3 88 166 70 130 52 45 47
    236 85 234 244 1 96 193 64 144 96 68 144 104 9 178 26 121 105 80 36
    87 186 66 114 1 84 148 212 24 15 84 20 228 77 144 36 16 4 32 29 143
    73 24 50 51 188 88 71 34 240 82 48 147 183 60 162 24 54 66 175 83 21
    195 194 145 82 98 199 1 99 139 173 239 27 142 138 162 143 82 41 49
    111 115 165 60 187 90 124 33 215 80 64 145 14 202 4 201 95 152 172
    88 5 96 24 156 73 128 50 51 153 92 6 32 180 55 54 113 7 221 164 131
    88 238 85 134 119 229 27 208 117 242 247 7 96 241 2 144 116 196 184
    108 15 146 26 65 127 164 36 87 190 82 50 137 252 193 84 24 134 192
    82 248 77 136 172 24 9 240 29 156 65 48 242 51 188 88 87 36 249 61
    253 125 222 55 125 209 127 255 212 223 252 125 127 252 253 255 246
    98 251 247 114 209 247 241 63 213 121 127 222 222 233 142 108 195
    190 218 90 249 125 124 29 189 167 212 119 245 110 155 174 137 15 242
    29 216 93 56 243 115 191 123 223 172 218 61 245 125 222 55 221 81
    127 247 196 189 244 125 127 252 246 255 182 66 251 183 114 241 247
    249 63 197 89 123 222 221 233 142 108 67 190 202 88 249 125 126 157
    61 167 212 118 245 110 153 174 137 15 242 29 152 93 56 242 115 189
    123 223 46 218 60 48 249 167 255 167 251 88 246 63 194 119 229 78
    179 85 122 247 211 66 241 47 219 127 164 250 246 207 94 125 245 239
    79 173 159 191 246 251 201 117 89 68 86 14 225 101 171 95 189 62 24
    1 224 180 156 65 22 178 183 143 250 31 32 242 82 1 128 150 32 2 24 7
    66 0 21 0 18 130 16 18 52 3 32 149 2 37 65 131 152 2 224 76 2 168
    132 32 130 60 0 146 11 8 130 72 0 24 181 73 161 28 161 78 147 170
    129 67 48 8 48 195 1 115 18 113 48 48 64 202 63 246 125 234 191 189
    223 121 255 127 252 251 253 123 236 117 242 245 71 251 245 114 145
    118 229 174 225 63 126 95 253 251 255 108 214 190 90 122 233 245 218
    223 122 47 208 119 245 79 153 173 24 5 248 29 159 73 16 242 51 188
    88 87 38 249 14 135 64 169 139 136 170 65 45 66 131 100 144 102 233
    68 136 24 1 192 197 32 146 113 85 152 0 45 84 174 57 1 151 52 95 138
