<?xml version="1.0"?>
<opencv_storage>
<ImageFile>"123.jpg"</ImageFile>
<Features type_id="opencv-matrix">
  <rows>167</rows>
  <cols>64</cols>
  <dt>u</dt>
  <data>
    205 108 239 185 194 63 47 199 45 239 233 138 219 173 191 206 137 121
    123 103 63 213 126 185 95 239 191 183 201 212 62 131 113 19 70 235
    145 253 181 126 62 110 124 191 255 31 71 176 93 172 58 181 67 127
    149 12 216 236 97 189 95 86 27 178 204 108 239 185 194 63 47 199 45
    239 233 138 219 173 191 206 137 121 123 103 63 213 126 185 95 239
    191 183 201 212 62 131 113 19 70 235 145 253 181 126 62 110 124 191
    255 31 71 176 93 172 58 181 67 127 149 12 216 236 97 189 95 86 27
    178 44 175 237 216 50 253 245 127 253 254 222 181 125 62 189 238 203
    212 195 107 245 115 222 183 93 169 132 21 127 221 61 235 247 70 87
    186 214 122 249 124 246 127 126 38 84 182 101 107 155 172 159 13 242
    29 157 92 56 226 107 253 91 222 42 250 190 125 125 254 55 61 93 123
    247 126 255 178 127 250 252 222 243 214 102 123 119 254 145 118 221
    159 243 27 122 251 124 249 210 44 86 254 222 120 241 245 114 223 253
    63 212 22 245 79 155 173 152 13 250 29 159 93 16 242 115 189 91 94
    40 250 186 245 249 62 55 15 93 15 231 70 253 176 127 234 180 94 247
    182 102 245 55 186 241 39 221 143 231 217 67 184 252 232 130 44 38
    254 202 124 211 253 58 203 181 233 186 119 165 78 193 166 210 207
    106 24 53 93 152 243 121 249 59 86 170 185 51 178 93 70 191 176 223
    56 242 63 145 249 237 91 4 81 118 231 222 187 225 111 203 255 164
    178 99 127 126 125 229 111 95 252 188 21 254 185 250 119 93 202 235
    79 179 97 217 91 178 246 24 67 228 160 222 69 63 23 246 207 242 191
    229 95 215 49 210 118 117 34 121 186 82 185 210 119 38 203 128 83 98
    215 157 87 79 175 161 63 138 138 226 79 210 41 224 125 122 39 60 247
    119 126 83 213 209 192 155 78 202 1 201 94 137 38 90 133 232 62 156
    73 208 178 55 155 92 6 163 185 253 48 255 181 26 229 249 254 212 239
    212 183 243 206 147 110 251 93 115 99 255 173 238 59 12 235 178 175
    82 75 115 255 103 38 53 251 23 253 105 126 120 72 245 42 207 21 105
    255 155 172 26 133 240 28 156 65 152 178 59 251 221 23 33 246 214
    241 152 214 119 194 88 11 70 1 21 250 182 194 4 90 60 147 52 151 7
    63 227 71 166 215 243 125 2 186 198 40 134 63 36 223 138 77 218 85 1
    169 181 105 187 28 181 46 215 162 131 199 40 96 112 227 89 19 112
    123 57 57 149 203 12 34 225 176 25 161 33 126 132 46 194 49 65 200
    147 67 194 92 3 96 233 135 202 59 14 136 128 131 82 12 49 203 87 36
    84 186 82 120 33 84 248 68 16 15 64 5 195 75 25 172 24 4 240 29 156
    65 16 242 51 189 72 86 32 250 78 34 225 176 29 160 33 126 132 34 210
    48 97 192 146 66 66 92 3 64 233 135 202 19 14 136 128 139 82 12 49
    200 87 36 84 186 82 120 33 84 248 64 16 15 64 5 131 79 25 44 24 4
    240 28 156 65 16 242 51 188 72 22 32 248 58 53 125 190 55 189 93 41
    247 70 85 176 189 106 180 86 246 246 66 243 247 114 209 119 220 186
    230 89 82 248 245 233 214 44 86 190 218 120 193 125 120 95 61 47 212
    20 229 79 153 174 24 7 240 29 156 89 24 242 51 189 120 87 40 250 255
    176 247 167 223 167 131 248 238 101 213 123 239 75 178 85 250 245
    127 116 249 15 187 125 46 250 124 47 210 25 115 239 215 45 30 159 82
    113 45 215 89 64 24 15 201 25 217 149 140 180 88 1 240 190 156 65 16
    182 51 157 216 7 36 248 127 50 255 33 254 183 155 88 230 31 209 114
    239 105 179 85 250 245 107 118 249 103 211 117 206 250 252 175 82 28
    241 170 215 44 87 191 90 56 233 116 120 92 56 143 209 121 241 79 153
    172 24 1 240 29 156 73 16 242 51 189 88 87 32 250 255 157 250 255
    219 198 95 15 63 229 133 249 190 234 166 95 255 179 48 119 191 47
    246 43 119 235 242 127 115 57 253 103 135 167 52 255 146 125 247 126
    82 219 124 235 249 25 221 47 221 174 26 13 240 28 188 227 56 254 115
    189 154 215 187 251 189 254 247 117 189 53 249 250 252 191 192 251
    239 219 211 77 250 237 239 107 125 142 54 252 231 127 247 179 220 71
    99 255 95 104 254 255 215 189 249 117 93 76 58 190 251 97 219 125
    168 191 24 49 248 190 156 77 20 240 183 159 254 87 32 186 189 254
    247 101 189 117 185 250 252 255 226 251 239 219 211 77 250 237 239
    107 125 206 180 252 199 191 247 179 220 94 98 255 90 108 254 254 213
    188 249 117 125 76 59 191 251 97 218 125 168 191 28 51 240 159 156
    77 20 242 119 159 254 215 36 186 249 221 255 254 54 111 125 255 255
    221 253 221 127 252 118 254 183 214 126 111 62 255 228 55 255 239
    231 216 123 242 254 185 242 119 52 254 214 127 210 253 219 255 191
    126 250 54 205 110 143 167 223 207 248 30 159 77 249 247 123 251 127
    46 163 251 3 149 136 54 5 128 80 12 18 0 133 224 160 75 4 23 110 54
    0 209 194 46 195 103 0 154 224 15 82 40 1 97 159 36 16 178 35 8 99
    116 112 202 56 105 208 17 181 111 17 166 24 4 240 24 220 65 16 178
    55 157 24 87 164 75 249 221 255 254 55 111 125 255 255 221 253 219
    127 252 246 254 183 212 126 111 62 191 244 55 255 239 231 57 127 250
    126 185 242 127 52 255 214 127 210 253 219 255 191 127 250 54 221
    110 205 167 223 223 248 62 151 77 249 247 121 251 127 46 163 185 47
    166 109 170 23 61 5 127 245 86 84 176 61 63 189 71 203 244 67 96 240
    114 208 119 93 177 132 25 122 216 57 233 213 44 215 186 82 120 137
    124 116 93 56 45 84 148 245 110 155 172 24 13 242 29 156 89 56 242
    51 189 88 215 40 250 243 148 16 103 255 128 223 8 206 43 17 107 174
    75 4 21 118 247 60 147 206 47 139 109 164 210 251 127 22 57 229 111
    23 237 28 23 235 185 234 119 65 202 235 73 193 88 189 31 196 214 24
    5 100 160 190 227 81 55 182 159 176 87 176 63 61 190 255 205 190 253
    251 253 249 253 214 255 255 119 187 236 251 229 235 43 245 117 95
    253 253 106 180 183 108 221 127 239 223 108 71 190 222 251 249 125
    253 93 123 166 245 245 245 107 187 172 137 79 242 29 156 93 52 246
    215 189 251 223 108 254 113 15 246 87 200 207 99 103 175 68 15 6 148
    255 251 164 247 179 66 102 126 175 83 231 219 106 148 92 160 154 218
    33 207 7 67 190 128 2 223 76 180 21 28 166 109 122 229 174 153 44
    137 121 178 93 152 195 57 126 83 181 90 228 41 200 118 48 235 160 22
    20 24 79 198 162 241 176 83 130 147 90 90 212 34 73 137 148 236 13
    140 129 172 11 67 189 52 106 97 172 132 190 74 124 33 86 48 202 101
    41 146 20 0 236 219 172 18 133 96 25 52 81 144 242 41 216 93 20 96
    183 127 48 113 166 223 167 15 120 198 101 209 115 237 10 144 85 242
    247 71 112 249 7 155 125 142 168 232 15 210 25 113 237 69 45 22 190
    66 112 33 214 81 194 20 143 201 24 200 13 136 36 24 0 96 28 156 65
    16 178 51 152 88 6 32 249 5 134 100 0 173 177 162 112 32 16 134 97
    200 57 0 5 0 40 195 208 241 98 24 241 64 56 1 198 60 20 129 195 221
    88 211 40 88 24 41 40 252 21 26 135 80 225 242 75 56 255 137 8 240
    93 218 16 38 195 151 132 194 243 108 74 188 49 255 181 54 229 125
    252 212 255 209 183 239 143 147 82 251 220 99 107 57 245 194 190 140
    171 246 187 90 220 118 171 87 44 181 254 222 125 241 117 120 72 183
    47 247 53 231 127 186 172 24 195 224 156 28 93 140 178 51 219 127
    151 96 246 101 15 244 90 192 207 35 119 175 68 14 7 156 255 187 164
    255 179 225 102 119 111 83 231 210 110 212 92 168 154 218 33 143 71
    67 190 128 2 223 76 52 21 28 167 109 122 229 238 145 36 137 92 178
    29 152 195 57 126 83 165 90 231 173 72 77 206 110 233 237 191 174 81
    57 255 168 202 138 57 109 15 137 125 189 235 252 117 90 249 65 119
    153 182 124 71 51 87 223 208 219 33 113 249 252 34 116 60 106 45 215
    213 119 115 28 201 56 37 215 253 220 156 23 206 183 181 195 211 104
    250 188 49 255 181 54 101 249 254 212 255 209 183 239 175 147 82 251
    220 99 107 57 245 198 190 140 171 246 185 90 220 118 171 87 44 189
    254 222 125 249 117 120 72 183 46 247 53 231 127 155 172 24 131 224
    156 156 93 140 178 51 219 127 151 32 246 61 178 117 33 253 177 171
    248 252 191 194 127 237 27 201 225 242 245 207 104 249 99 142 252
    172 184 121 183 222 79 99 255 125 229 221 191 116 179 173 53 221 84
