<?xml version="1.0"?>
<opencv_storage>
<ImageFile>"124.jpg"</ImageFile>
<Features type_id="opencv-matrix">
  <rows>63</rows>
  <cols>64</cols>
  <dt>u</dt>
  <data>
    233 204 254 201 234 223 243 245 63 213 12 207 158 189 127 172 205
    187 249 45 252 85 126 241 123 117 24 118 109 211 222 39 157 81 91 65
    246 207 252 40 247 157 110 55 29 190 125 177 255 216 175 189 151 229
    218 254 127 220 238 45 211 217 94 223 44 110 245 138 18 221 37 69
    239 228 15 184 85 190 253 222 251 240 97 96 159 80 91 53 93 213 181
    41 35 154 31 233 193 4 71 154 128 120 233 94 52 93 116 167 85 148
    116 164 153 172 176 12 178 29 149 89 16 242 97 189 91 71 40 250 126
    52 253 170 254 221 31 109 255 110 217 62 253 110 191 84 251 213 67
    112 249 115 211 116 220 204 252 61 82 216 127 235 215 44 87 190 218
    120 233 124 112 92 28 47 213 20 245 111 153 172 24 5 242 29 156 89
    24 242 51 189 88 87 40 250 210 17 138 86 103 130 94 11 6 3 21 66 170
    194 38 25 116 147 60 151 70 47 195 71 130 210 251 111 18 184 128 32
    134 47 2 183 75 12 230 208 64 200 48 73 217 92 181 79 209 174 24 1
    112 72 156 195 17 115 50 189 24 117 144 234 210 25 154 86 71 2 92 11
    6 3 53 194 162 202 38 31 116 179 60 151 70 47 241 71 130 210 243 111
    18 56 192 96 134 47 6 183 106 12 230 244 64 202 176 73 153 92 181
    207 209 166 24 65 96 8 188 195 17 114 114 63 24 117 144 251 250 217
    138 247 103 203 216 143 63 209 53 207 191 250 118 191 125 147 60 223
    14 143 247 119 179 223 243 126 87 179 214 54 151 61 114 212 219 77
    250 245 209 221 177 127 153 92 253 47 221 138 154 135 248 15 184 235
    17 243 113 63 113 125 144 219 108 47 255 248 114 119 53 127 181 254
    204 149 95 189 191 206 203 221 251 111 124 213 214 51 95 235 188 149
    121 200 62 233 215 4 87 187 20 124 213 116 116 93 60 39 255 148 101
    238 221 172 56 149 243 29 156 93 24 254 51 189 91 86 41 250 108 47
    255 184 80 119 37 255 181 254 200 181 87 183 187 206 203 221 249 111
    120 213 198 51 79 201 184 133 123 72 58 233 213 4 85 187 16 124 197
    116 116 92 56 39 95 21 101 236 157 172 56 149 243 29 156 77 24 254
    35 189 89 86 32 250 55 54 125 130 255 180 155 120 230 119 149 114
    237 27 146 85 242 245 3 112 193 7 195 116 76 168 252 47 210 24 113
    107 215 44 84 190 82 120 161 116 208 92 24 143 209 16 208 77 153 172
    24 5 240 29 156 73 16 242 51 188 88 87 32 251 44 175 239 253 50 127
    249 255 189 252 94 149 93 252 251 238 155 220 227 107 244 125 214
    179 93 239 148 146 125 211 63 235 247 48 87 186 214 122 249 124 248
    125 255 46 245 182 245 107 155 172 159 13 242 29 156 92 20 242 123
    253 91 95 42 250 50 0 136 166 7 128 26 13 68 99 81 240 184 10 4 22
    104 18 1 209 129 35 195 109 20 136 232 47 82 184 33 233 133 172 20
    186 107 104 41 126 96 200 53 169 211 17 247 111 27 174 24 1 224 16
    252 65 24 178 51 184 24 87 32 234 5 7 209 176 17 34 33 74 164 74 130
    49 1 139 128 71 74 93 129 68 192 37 192 115 4 152 0 5 82 8 32 73 86
    6 85 186 16 120 5 84 96 64 56 35 69 4 101 238 24 44 56 20 240 28 156
    9 16 242 51 157 72 87 33 250 47 246 109 168 55 61 165 91 245 94 196
    241 109 59 188 69 242 252 67 104 241 114 81 118 69 184 37 153 126 92
    121 233 212 108 215 186 82 120 137 116 126 94 58 47 84 213 246 108
    153 172 24 4 240 29 159 77 24 242 51 188 90 215 46 251 58 160 237
    158 55 95 93 63 215 230 61 180 61 62 63 238 251 150 64 187 148 114
    197 167 249 165 228 25 99 217 93 106 221 44 71 190 218 122 233 124
    114 223 117 47 148 54 229 111 155 174 155 15 242 29 156 93 16 242 59
    249 121 94 42 250 50 128 136 166 7 128 26 12 70 226 85 240 56 10 4
    22 60 18 0 209 129 35 227 69 28 137 224 15 82 184 161 105 133 172 4
    186 107 8 168 126 64 200 53 169 208 16 181 111 153 174 24 1 240 16
    188 65 16 179 51 185 24 87 32 235 178 213 124 222 39 29 93 41 247 68
    61 210 189 122 116 86 244 246 68 183 22 126 145 102 217 182 231 121
    50 250 212 56 130 44 2 190 202 88 210 253 114 219 181 109 144 116
    245 110 131 167 145 79 122 25 159 93 57 243 114 63 121 246 172 219
    61 247 125 158 55 29 29 123 231 70 173 240 125 59 180 87 242 246 70
    97 17 114 209 119 220 170 229 25 114 28 252 41 210 36 86 190 194 120
    129 253 118 219 56 47 208 20 245 78 153 172 24 5 112 29 159 77 24
    242 51 188 88 86 34 251 68 3 147 208 0 134 232 103 0 166 3 4 80 225
    147 2 234 73 161 99 134 45 194 83 77 138 182 76 0 8 48 74 87 6 85
    186 16 120 195 68 112 96 56 38 231 20 193 111 153 172 56 5 240 29
    156 73 17 242 51 189 88 87 33 250 99 13 138 150 39 135 89 7 54 229
    21 194 155 232 54 14 174 213 32 103 134 47 195 99 77 210 178 62 82
    56 20 107 215 36 52 186 82 120 234 117 80 92 57 47 145 20 245 111
    153 172 24 5 240 29 156 73 16 242 51 189 88 85 32 250 35 197 105 134
    55 140 157 9 230 68 63 118 189 62 116 117 176 246 4 240 2 50 145 102
    124 148 129 25 50 186 93 57 162 44 86 154 202 90 137 221 131 217 29
    8 208 22 244 78 129 175 145 13 58 1 157 73 56 114 50 188 88 31 46
    248 123 150 125 171 255 181 191 125 254 255 222 125 253 61 185 85
    242 245 67 96 248 115 211 124 76 232 172 63 90 93 113 235 215 44 85
    190 82 121 233 116 120 92 56 47 213 20 245 127 153 172 24 5 240 29
    156 73 16 242 51 189 88 87 32 250 54 49 217 150 18 133 88 111 198
    192 21 52 53 98 176 82 126 150 0 67 131 36 193 71 156 146 224 77 2
    168 212 104 134 36 20 190 2 120 195 84 16 217 53 43 144 20 229 110
    145 172 25 5 112 24 156 73 16 114 51 185 88 23 32 250 0 1 1 0 0 128
    1 109 128 2 3 4 65 0 17 2 0 68 3 64 192 34 192 67 12 128 132 4 0 136
    1 72 69 36 65 170 0 40 1 64 32 64 16 138 68 116 129 78 25 44 24 0 48
    24 28 0 0 98 19 184 72 87 32 242 45 198 109 169 185 253 167 249 189
    255 106 255 153 63 249 229 131 220 197 106 252 98 158 120 77 252 129
    35 92 75 59 223 245 36 85 186 83 250 233 52 246 92 122 62 212 151
    208 105 153 173 24 5 240 29 157 73 16 242 51 188 88 87 32 248 5 7 16
    8 0 14 36 71 34 68 40 0 0 161 164 7 68 104 1 96 0 0 16 3 80 0 0 72 1
    0 8 65 128 4 80 138 0 64 1 72 38 2 24 129 4 16 68 204 17 32 112 4 32
    24 1 8 24 96 3 180 72 66 34 225 187 222 127 231 255 253 191 249 190
    127 251 123 191 123 246 253 243 245 127 99 252 119 186 124 110 255
    189 63 222 91 119 255 215 229 93 251 210 113 233 247 113 92 122 63
    213 22 252 53 157 189 24 5 240 157 156 73 16 246 51 189 222 95 32
    252 59 55 241 54 125 162 41 74 198 58 211 49 101 73 128 85 246 215 3
    82 224 47 193 119 134 154 226 143 82 40 225 234 87 44 84 190 114 56
    225 116 104 76 24 143 193 81 177 79 153 172 24 5 240 28 156 65 16
    242 51 189 88 87 32 250 64 0 129 18 8 131 34 102 64 168 64 5 144 128
    131 2 66 9 193 64 200 37 75 131 24 40 140 134 0 128 33 78 79 36 1 48
    17 136 33 76 80 64 20 6 65 52 163 107 25 44 24 1 244 24 28 65 4 98
    19 177 8 86 32 234 111 53 238 246 119 167 123 126 244 92 212 117 63
    234 176 71 226 245 115 119 245 47 193 119 14 234 162 5 90 88 52 233
    223 46 20 186 87 120 193 244 88 221 30 14 193 21 227 111 153 172 24
    5 240 28 156 73 16 242 51 189 90 23 32 250 7 50 85 32 156 176 42 80
    98 42 130 20 204 33 161 83 226 213 1 96 201 33 195 113 76 136 168 15
    82 12 49 106 215 36 85 186 82 120 161 116 112 92 24 14 213 20 225 79
    153 172 24 5 240 29 156 73 16 242 51 189 88 87 32 250 60 181 253 142
    54 189 49 127 247 212 213 181 125 62 191 86 250 246 67 97 245 114
    211 247 221 40 228 217 106 220 220 233 223 44 71 190 222 120 201 124
    120 93 61 39 212 52 245 110 153 172 137 13 242 29 156 89 56 242 59
    189 123 87 44 250 255 255 255 255 255 255 255 249 255 253 223 251
    255 127 254 221 251 247 126 127 255 127 147 124 255 255 255 191 254
    127 255 191 223 237 223 255 254 249 253 127 125 221 251 255 253 253
    253 63 175 191 153 239 250 183 158 127 124 254 247 191 255 223 189
    254 50 52 17 170 17 10 6 9 66 98 57 52 49 6 141 118 118 18 0 80 1
    128 129 4 212 128 232 9 130 168 137 104 0 164 21 158 0 66 1 86 34
    192 20 9 68 30 164 12 129 36 16 4 32 24 100 73 136 50 41 184 24 6 34
