<?xml version="1.0"?>
<opencv_storage>
<ImageFile>"125.jpg"</ImageFile>
<Features type_id="opencv-matrix">
  <rows>225</rows>
  <cols>64</cols>
  <dt>u</dt>
  <data>
    234 220 142 251 238 255 222 131 57 255 40 202 158 224 126 159 157
    251 188 187 254 85 91 123 243 87 251 246 77 243 255 247 199 211 219
    97 251 237 254 99 114 255 238 105 255 93 247 251 223 202 24 247 239
    229 253 255 95 223 247 191 215 249 217 174 235 220 190 255 238 223
    222 131 63 255 45 202 158 232 124 223 157 251 60 235 254 125 90 123
    243 215 251 254 77 243 255 247 199 211 219 97 251 237 254 107 112
    255 237 109 247 92 247 123 223 202 24 95 255 109 253 255 95 223 243
    191 247 249 217 190 46 237 237 170 23 31 21 75 229 70 189 186 253
    190 189 94 219 181 99 116 49 87 209 119 85 213 185 61 115 154 124
    169 198 44 71 186 202 120 169 124 58 95 52 173 213 85 244 110 155
    172 152 13 242 29 220 89 24 242 115 189 91 215 42 251 58 246 117 171
    218 221 131 205 239 127 122 30 189 62 251 244 255 214 9 32 200 208
    142 60 252 197 124 107 159 219 123 127 117 228 93 95 118 243 173 126
    167 87 72 28 84 142 200 17 143 77 86 36 190 151 135 107 192 244 168
    60 222 78 58 181 44 167 101 142 55 93 133 127 231 84 158 53 125 62
    251 229 251 244 67 96 113 114 213 182 93 237 164 25 251 222 126 169
    204 44 87 186 210 114 201 124 52 93 20 175 84 246 244 108 153 172
    152 13 242 29 156 89 48 242 59 188 90 71 40 248 45 230 101 169 223
    189 167 89 173 126 202 59 233 47 253 69 194 125 67 96 249 86 154 120
    84 252 9 167 94 90 57 219 209 102 223 187 83 120 45 52 124 86 58 175
    85 209 118 209 24 45 24 4 227 29 141 8 24 224 35 188 202 215 40 178
    47 230 101 169 223 189 167 89 173 126 234 59 233 47 253 69 194 125
    67 96 249 86 154 124 85 252 9 167 94 90 57 219 81 102 223 187 83 120
    45 52 124 86 122 175 85 213 118 209 24 45 24 4 195 29 141 8 24 224
    35 188 202 215 40 178 60 190 239 237 62 253 177 125 253 252 214 253
    253 127 187 228 251 252 67 114 245 115 214 247 221 232 180 159 126
    215 127 239 223 108 71 190 223 122 249 124 252 93 122 174 213 181
    247 111 185 172 153 13 242 29 156 93 56 242 51 189 218 215 42 250
    186 253 248 246 63 200 88 11 247 97 189 245 63 126 228 125 246 182
    36 211 199 62 241 103 245 142 227 91 114 123 221 102 135 172 86 182
    235 90 251 247 83 221 237 105 208 87 245 111 145 230 153 79 252 21
    248 73 56 243 247 191 58 127 166 219 189 182 127 229 255 245 187 248
    252 255 214 255 237 25 187 85 250 253 219 107 253 99 206 252 173 252
    249 191 126 87 119 255 255 100 221 191 119 249 233 117 124 92 123 62
    213 161 219 117 184 189 28 5 240 189 156 77 20 246 183 157 218 151
    36 254 60 190 239 237 62 253 177 125 253 252 214 189 253 127 187 228
    251 252 67 98 245 119 222 255 221 232 180 191 124 211 127 239 223
    108 71 190 223 122 249 124 252 93 122 174 213 181 247 111 185 172
    153 13 242 29 156 89 48 242 51 189 218 87 42 254 189 182 127 229 255
    245 187 248 252 255 210 255 237 25 155 85 250 253 219 107 253 99 207
    252 173 250 249 191 94 87 119 255 127 100 221 191 119 249 233 117
    124 92 123 62 215 161 219 127 184 189 24 5 240 189 156 77 20 246 183
    159 218 215 36 254 186 253 120 246 63 77 92 11 119 97 189 245 63 126
    228 125 247 182 4 147 199 62 177 103 247 142 227 91 115 251 223 103
    135 174 86 182 235 90 251 247 83 223 197 107 208 23 245 111 145 230
    153 13 252 5 152 73 56 243 247 191 58 127 166 216 59 181 125 190 54
    189 125 115 247 84 215 240 125 126 188 84 254 214 67 224 245 116 209
    247 253 186 228 157 122 220 253 233 214 108 85 190 219 120 217 125
    120 221 61 47 212 53 247 111 153 172 153 13 240 29 156 73 56 242 59
    189 90 95 40 250 201 158 158 117 237 178 250 144 56 251 98 75 142
    121 2 13 36 235 189 187 252 111 58 249 34 122 251 246 220 97 225 247
    127 241 218 33 247 173 252 227 221 44 106 222 241 97 219 91 184 219
    24 99 245 237 222 233 87 223 247 135 246 243 145 61 43 134 108 139
    159 157 131 57 255 92 30 5 189 61 121 101 242 245 67 176 240 114 147
    116 93 172 12 36 126 218 89 235 213 108 87 186 82 122 169 124 244 93
    26 174 84 246 244 109 185 172 152 13 242 29 156 89 56 242 51 188 90
    215 40 248 141 206 100 233 252 253 166 208 57 127 106 75 204 61 237
    161 129 237 141 232 253 64 26 248 103 125 25 242 253 71 59 215 245
    209 221 33 117 243 189 34 255 22 74 183 85 131 254 209 168 93 28 36
    213 231 139 44 22 204 135 132 198 91 38 180 149 187 147 119 249 160
    248 248 218 185 192 255 230 211 130 25 126 199 190 11 207 45 75 223
    162 218 115 239 158 43 227 126 95 243 60 117 53 157 254 119 73 108
    235 247 171 97 187 179 232 222 41 243 244 226 60 227 71 29 214 71
    182 117 149 95 205 206 70 233 232 253 166 208 57 255 106 203 142 53
    107 169 201 233 189 232 252 197 30 248 99 125 25 182 253 71 59 215
    245 193 217 97 117 247 189 34 255 22 106 62 85 135 94 145 172 93 28
    53 221 239 143 236 150 204 167 132 198 91 0 180 177 251 147 87 185
    224 249 248 218 185 67 255 167 83 194 24 126 199 252 11 207 47 239
    206 169 127 119 123 30 107 199 126 223 247 125 85 181 157 250 119
    121 124 227 247 171 32 185 51 232 219 233 243 244 162 184 231 103 31
    214 67 247 125 149 94 42 134 108 139 175 157 131 25 255 92 22 5 189
    60 121 101 224 244 65 176 208 114 145 116 89 180 140 4 62 218 29 123
    197 44 87 184 218 122 169 124 244 93 28 14 84 246 244 79 153 172 152
    13 178 29 157 73 16 242 51 188 90 95 40 248 254 50 117 167 255 181
    63 248 230 127 209 115 237 11 144 87 242 213 71 97 233 162 129 124
    140 190 253 191 210 56 117 255 115 44 20 191 82 120 161 215 88 72 25
    14 193 5 192 93 136 173 24 1 240 28 156 73 16 242 51 156 92 22 32
    184 57 5 188 222 34 143 92 39 115 68 5 128 92 244 60 22 188 186 64
    227 150 125 83 131 217 34 198 220 96 244 220 97 143 20 3 172 139 72
    210 105 112 191 189 103 180 52 231 110 147 170 137 79 242 29 24 93
    63 243 123 179 115 243 207 203 211 158 150 119 237 162 218 128 58
    249 86 79 142 121 2 21 100 171 188 179 236 47 175 120 226 106 250
    118 252 49 227 119 127 243 24 117 247 131 254 235 209 60 203 222 201
    9 219 83 169 223 24 97 245 230 152 235 87 223 246 159 210 55 145 221
    57 113 255 86 54 39 253 58 214 188 117 241 127 251 144 94 118 214
    102 251 247 46 193 247 185 58 231 219 126 249 244 254 251 46 36 182
    223 60 242 253 217 207 251 111 234 33 147 111 171 167 153 203 248 28
    157 69 37 243 123 219 251 38 161 255 120 52 253 188 50 189 61 127
    213 238 209 176 125 172 188 86 251 212 67 105 189 241 195 191 221
    169 230 159 90 220 125 233 211 36 117 190 214 120 225 124 120 204 61
    47 246 21 229 111 155 172 56 5 226 29 156 77 24 242 51 249 91 86 40
    242 57 241 127 86 54 39 217 58 214 188 117 241 63 122 148 94 118 214
    102 187 247 46 193 255 185 42 231 219 110 249 245 255 251 44 36 182
    223 56 242 253 219 223 243 111 234 49 147 111 171 167 153 203 252 28
    157 69 39 243 127 219 251 182 163 255 59 213 124 222 63 157 93 9 183
    110 61 192 61 108 116 85 180 246 4 187 150 122 144 111 125 150 231
    91 94 123 253 111 215 252 62 30 194 120 250 255 83 207 237 111 178
    22 245 79 129 167 16 7 108 25 159 77 25 243 122 191 251 95 42 187
    120 254 255 207 254 221 219 253 255 253 126 253 127 191 255 236 251
    212 122 43 253 83 255 189 255 237 172 63 127 219 95 255 245 237 103
    127 222 243 253 254 247 95 237 62 220 182 249 115 191 236 223 141
    246 29 157 95 248 246 235 252 219 222 42 253 45 38 101 168 17 117 37
    125 181 254 202 181 89 61 185 231 137 124 195 104 241 82 220 56 93
    169 0 129 121 84 57 203 125 64 215 170 117 242 1 60 190 52 122 174
    86 163 66 104 56 44 124 12 210 29 141 28 152 224 47 188 203 198 42
    242 191 254 255 239 191 253 253 252 253 223 212 251 255 191 255 220
    251 255 251 123 253 95 203 125 255 255 127 247 127 87 246 175 215
    233 253 245 255 253 249 125 125 221 251 63 223 149 255 247 255 188
    25 189 240 181 158 125 126 246 255 239 219 223 44 254 45 230 109 136
