<?xml version="1.0"?>
<opencv_storage>
<ImageFile>"126.jpg"</ImageFile>
<Features type_id="opencv-matrix">
  <rows>400</rows>
  <cols>64</cols>
  <dt>u</dt>
  <data>
    44 237 239 200 34 221 213 127 253 220 190 157 93 124 255 236 211 244
    195 42 244 115 214 183 125 101 132 16 109 223 94 169 237 108 71 254
    214 115 217 124 254 221 84 38 84 246 229 110 189 44 159 13 178 29
    159 93 60 230 107 188 91 222 42 248 252 169 255 221 34 95 253 247
    189 254 125 155 223 244 191 206 155 221 250 111 190 253 214 187 91
    111 150 182 105 213 62 235 223 83 103 233 214 253 250 121 118 63 253
    119 191 188 245 235 223 168 191 223 243 125 156 94 93 255 123 255
    251 253 201 254 124 185 255 220 34 95 125 119 223 228 85 152 95 180
    191 206 255 209 123 111 183 93 199 183 253 107 182 252 105 221 252
    235 215 45 103 255 222 127 249 126 56 223 245 47 191 188 119 110 159
    172 191 207 242 29 149 93 88 246 123 249 123 79 42 246 187 220 238
    253 255 255 253 255 61 253 252 207 159 124 126 237 189 253 253 251
    244 125 254 123 111 127 243 246 125 119 255 255 223 243 217 112 247
    255 248 179 243 191 251 127 221 151 255 107 157 219 30 141 252 181
    159 77 55 215 255 191 211 127 142 255 235 222 124 233 255 191 191 89
    61 127 169 202 223 121 252 93 211 245 63 105 252 117 154 120 127 255
    187 63 255 95 127 255 211 196 222 187 210 253 253 247 118 94 106 61
    213 158 244 51 156 189 24 5 234 189 159 93 24 246 51 189 222 223 40
    187 235 222 125 233 255 189 191 89 61 127 169 202 207 121 252 93 227
    245 63 105 252 85 154 121 79 255 187 63 255 95 127 127 211 229 222
    59 210 253 253 119 118 94 106 191 215 158 252 51 156 189 24 5 226
    189 159 77 24 246 51 189 222 223 40 187 129 222 6 101 237 176 170
    144 56 57 130 79 142 121 64 1 100 239 45 243 236 45 27 248 66 126
    121 246 252 7 163 87 223 249 90 48 91 185 232 35 93 28 58 159 193 97
    251 115 168 221 24 1 244 141 154 73 23 211 183 149 208 87 36 122 163
    214 68 138 159 12 5 8 39 70 40 138 44 47 100 29 197 118 36 48 112
    210 144 96 82 245 89 57 187 58 89 1 144 100 210 146 161 64 33 104 38
    219 60 169 84 80 244 76 0 180 16 12 34 1 199 13 56 176 32 52 18 214
    44 24 56 254 239 207 46 253 209 183 253 253 94 221 255 61 127 238
    157 251 250 187 244 87 255 253 249 119 85 182 109 211 223 254 223
    248 235 100 255 219 248 57 255 159 239 55 191 247 127 227 191 219
    175 255 254 141 251 220 127 215 254 239 243 249 78 223 179 221 108
    222 175 205 85 11 191 69 61 202 191 127 124 125 253 247 52 49 214
    126 144 103 115 247 241 62 59 123 95 105 146 108 211 222 194 73 250
    123 118 223 108 233 149 84 245 111 145 166 144 13 188 9 158 79 57
    182 114 63 243 221 46 218 110 174 236 171 255 189 183 61 61 255 252
    185 189 62 191 205 153 253 249 184 253 87 219 125 113 109 152 183
    127 221 61 231 223 200 215 35 247 249 189 62 126 95 110 45 85 181
    247 115 191 236 152 13 247 189 223 93 62 230 191 189 219 219 46 246
    250 73 174 221 102 31 94 163 47 231 127 142 159 244 126 238 149 219
    92 255 30 253 210 242 219 70 166 90 224 243 190 161 226 60 83 105
    203 79 210 235 146 191 213 124 182 30 231 63 159 202 145 207 126 93
    155 223 89 247 121 123 119 248 74 232 249 140 190 223 43 111 252 183
    61 253 84 205 30 253 63 142 189 187 249 187 244 223 255 187 123 107
    210 246 121 209 254 231 207 113 99 116 247 207 248 121 122 63 255
    166 253 53 247 235 189 202 187 223 244 93 152 205 127 247 255 251
    243 241 143 207 234 9 130 150 103 79 92 7 47 97 63 69 63 238 54 254
    189 50 112 151 94 191 247 39 83 71 224 94 35 248 158 32 135 61 98 52
    203 66 194 200 66 221 69 107 141 94 173 110 213 130 218 15 182 11
    145 219 27 115 114 49 51 124 154 200 41 142 172 8 10 93 164 119 249
    148 142 133 92 61 127 164 205 56 195 176 245 114 95 183 81 109 4 144
    105 214 223 194 205 106 67 36 218 2 216 40 124 21 92 166 84 247 39
    110 185 104 137 12 178 29 88 93 63 227 79 181 243 235 106 202 105
    142 239 217 111 255 247 127 189 255 206 205 155 253 127 239 137 125
    251 43 252 127 254 251 123 255 23 54 125 83 63 207 223 83 243 33 215
    239 252 41 124 61 238 39 223 181 117 227 189 152 62 189 215 253 158
    28 125 206 255 191 195 223 13 254 250 185 247 215 254 199 219 190
    222 253 87 127 191 254 147 124 126 215 120 63 255 175 231 127 191
    250 246 127 254 251 215 255 215 237 53 247 254 127 250 127 209 93
    227 126 233 12 249 63 253 174 217 203 244 190 156 227 97 247 242 123
    251 45 181 254 47 100 237 136 18 85 5 79 165 198 168 144 89 172 191
    238 203 116 3 96 16 208 212 34 93 133 4 9 83 156 56 73 224 4 87 186
    66 120 1 124 54 82 60 173 86 22 68 236 25 44 16 4 114 29 132 8 152
    224 33 188 88 86 42 243 2 130 128 226 29 248 160 78 20 26 66 81 32
    19 128 129 75 68 161 41 196 32 233 123 45 159 17 39 30 10 33 78 87
    230 125 144 116 56 105 52 97 116 58 47 71 4 117 107 24 180 24 0 224
    5 158 8 0 242 34 173 64 87 32 250 86 33 155 156 0 66 88 103 66 162
    21 148 82 192 150 90 42 1 48 71 11 173 194 131 140 195 182 77 2 172
    22 104 199 20 37 187 10 108 227 86 48 200 181 105 183 28 165 110 83
    172 41 199 224 24 52 75 80 243 49 249 24 85 113 234 5 19 128 6 21
    234 128 122 2 16 134 119 162 82 128 1 106 133 33 19 197 37 195 83 1
    27 81 47 20 14 2 65 159 36 81 186 80 88 233 84 113 21 58 39 197 5
    181 111 152 172 9 5 240 29 152 65 16 114 55 181 72 87 36 90 4 42 131
    225 184 240 168 80 24 187 2 85 192 84 137 1 8 76 161 11 196 44 202
    91 45 154 18 39 20 11 49 94 87 146 93 42 112 250 233 22 97 52 98 110
    231 132 177 123 152 252 24 5 244 21 156 72 16 66 178 175 72 23 33
    254 59 245 237 138 23 127 21 127 247 84 188 241 61 63 180 77 251 244
    99 117 113 87 209 119 84 253 213 61 123 218 94 233 206 108 71 190
    210 120 249 124 124 223 60 175 213 116 245 110 153 172 153 12 242 29
    158 93 56 246 115 189 91 223 44 218 8 154 146 167 57 242 160 90 0
    145 66 101 162 82 160 1 107 223 161 67 196 37 194 83 1 223 17 38 86
    2 35 75 223 36 85 178 81 88 233 100 97 84 50 39 197 5 247 111 152
    172 24 5 240 29 156 73 16 242 55 173 88 87 36 90 169 222 118 239 189
    253 245 144 57 221 108 203 142 123 109 173 229 254 165 43 244 104
    190 120 115 127 17 242 253 83 255 247 191 242 217 112 247 209 248
    173 119 63 122 183 244 147 223 99 168 221 13 45 252 135 137 77 63
    215 246 175 210 255 47 221 4 170 131 209 56 248 224 116 24 184 2 85
    192 82 137 1 10 76 161 11 198 45 74 219 45 154 18 39 20 11 17 79 87
    146 221 10 52 250 235 54 241 52 226 102 101 132 113 107 24 252 56
    117 245 5 156 8 21 66 146 175 64 87 37 254 4 170 131 209 56 248 224
    126 24 184 6 85 192 86 201 129 10 77 161 11 198 45 74 219 41 146 18
    39 20 11 17 79 215 146 221 0 52 218 235 54 241 52 226 102 101 132
    113 235 24 252 41 117 245 5 156 8 5 74 146 175 64 95 37 254 197 178
    199 33 221 240 171 220 56 191 192 127 194 73 131 33 9 109 187 98 233
    129 46 120 102 221 59 167 221 7 35 87 117 227 157 121 118 181 109 55
    121 100 74 158 77 137 219 177 28 220 92 33 213 254 140 235 214 140
    167 143 204 71 48 182 60 174 255 253 58 255 241 119 253 252 222 157
    93 61 187 238 251 220 235 107 245 115 222 247 217 109 148 246 109
    215 127 239 223 104 71 188 223 250 249 124 124 29 123 39 213 183 247
    107 191 172 141 13 242 29 156 93 62 246 123 253 219 223 44 254 3 134
    206 34 63 176 152 22 48 186 22 99 170 123 34 1 232 249 33 243 229 39
    195 119 65 26 176 39 90 4 33 98 223 44 85 178 91 56 233 116 120 92
    58 47 213 81 247 111 153 172 24 5 240 29 156 73 18 242 55 189 88 87
    32 250 54 239 254 216 51 223 85 79 47 196 173 248 127 251 252 222
    219 177 106 191 23 127 243 103 85 247 211 61 63 190 220 33 158 78
    231 142 194 120 251 124 54 191 189 229 183 220 117 174 215 174 165
    221 50 25 243 94 56 247 114 255 123 249 237 218 122 157 238 223 47
    223 217 47 255 252 87 253 191 254 61 222 253 183 114 187 244 127 211
    119 249 251 230 62 122 249 245 235 207 44 71 180 254 122 248 125 248
