<?xml version="1.0"?>
<opencv_storage>
<ImageFile>"13.jpg"</ImageFile>
<Features type_id="opencv-matrix">
  <rows>233</rows>
  <cols>64</cols>
  <dt>u</dt>
  <data>
    252 253 255 253 114 127 249 247 253 253 223 255 95 253 255 254 255
    253 251 111 247 255 246 183 255 111 246 255 109 247 254 255 231 123
    103 254 247 255 251 253 223 61 255 246 253 55 255 111 253 172 239
    223 242 31 153 93 127 255 115 255 251 127 175 254 191 51 247 183 22
    97 169 254 198 133 241 118 239 203 147 115 251 245 103 119 35 175
    231 247 142 251 247 187 114 30 246 187 95 45 183 158 88 56 121 93
    109 65 183 43 201 105 185 46 24 190 153 131 242 186 28 85 40 178 17
    219 57 151 36 122 124 63 255 249 118 63 119 255 253 254 220 187 255
    252 191 222 251 221 123 110 125 223 210 183 223 253 190 189 251 221
    126 169 211 39 21 255 86 127 213 116 60 223 254 63 93 173 103 238
    159 173 159 141 242 63 159 93 88 252 123 159 95 14 42 242 255 120
    251 247 223 231 251 252 222 239 253 250 231 202 147 126 251 245 127
    87 63 159 238 28 191 255 255 175 211 187 118 191 99 175 191 223 218
    125 237 223 120 72 245 251 219 57 57 181 223 174 82 177 248 190 180
    115 208 188 249 123 189 149 184 182 251 254 254 255 255 191 223 152
    255 127 189 251 175 251 246 221 246 247 62 191 239 239 187 125 231
    255 251 127 255 123 255 127 247 239 158 95 250 253 255 247 215 206
    234 95 219 90 221 151 205 215 22 229 237 247 159 239 216 252 240 31
    254 125 178 189 8 142 140 241 40 253 168 85 57 254 74 196 208 116
    121 163 141 88 193 235 212 116 90 219 89 94 150 226 68 199 59 195
    215 16 83 32 81 234 232 32 112 60 120 38 247 22 247 107 153 200 56 5
    242 29 152 72 23 195 51 181 64 115 73 250 184 49 247 183 22 103 173
    254 198 197 249 115 111 136 147 118 251 212 103 103 51 174 229 182
    140 255 247 169 82 158 118 185 110 44 55 190 152 60 105 93 125 64
    181 171 207 49 181 110 152 172 216 1 242 30 20 65 136 178 17 217 60
    87 32 250 4 2 131 1 0 144 160 71 0 154 2 0 64 17 137 3 8 72 161 106
    192 36 78 211 77 25 4 196 4 4 33 66 87 18 81 40 16 168 104 0 100 52
    56 38 103 132 83 107 24 168 40 17 241 93 24 8 7 194 19 165 64 83 65
    242 253 254 247 253 252 231 251 255 252 253 248 255 239 255 211 236
    251 237 255 111 127 207 254 253 255 255 63 183 255 223 114 191 247
    239 127 255 215 189 253 255 127 124 251 191 223 59 127 177 237 189
    94 249 209 255 156 109 236 252 97 239 254 87 57 254 253 62 247 245
    222 103 175 255 236 255 240 123 239 235 146 95 251 253 255 103 255
    207 254 253 158 251 255 191 250 221 119 239 71 239 126 191 220 252
    125 127 109 76 255 191 203 57 217 181 252 188 24 249 243 190 156 109
    108 188 209 251 222 215 57 254 251 212 126 175 255 231 219 156 191
    127 189 239 191 107 102 253 244 247 28 179 252 243 191 124 230 235
    235 127 255 123 255 127 183 253 158 119 243 241 252 255 211 223 79
    88 209 91 249 49 157 222 26 45 252 247 156 231 120 191 255 190 255
    222 62 253 41 206 44 10 207 221 135 25 189 124 14 205 188 125 109
    173 199 245 193 176 212 119 219 125 113 124 8 38 126 83 27 71 223
    104 83 48 118 202 232 40 247 93 74 175 213 118 245 107 185 252 24 13
    246 13 157 73 62 242 182 189 210 95 46 218 7 132 0 40 1 136 4 1 33
    66 1 140 128 4 44 3 0 8 0 193 128 32 82 64 65 20 1 32 0 34 1 0 135
    144 209 0 33 200 232 34 32 56 44 97 52 84 119 43 16 200 40 36 134 1
    120 40 27 131 18 165 0 115 96 74 125 249 127 125 51 187 251 254 253
    186 255 189 125 190 237 250 242 221 219 111 245 123 197 183 237 170
    226 157 127 77 124 250 250 100 117 255 86 123 209 244 218 223 221 62
    246 167 195 110 159 173 63 5 248 29 159 77 208 246 59 252 89 14 35
    241 58 253 253 254 55 189 93 59 255 255 253 248 191 122 116 94 180
    246 118 251 183 126 241 127 253 162 230 95 127 249 253 233 215 252
    166 254 206 123 242 251 218 223 253 109 178 54 245 111 183 170 155
    79 106 29 255 93 57 247 123 251 251 251 234 255 58 253 255 254 55
    159 93 47 247 246 253 248 127 250 116 222 181 182 118 251 182 127
    241 119 253 231 231 223 107 249 252 233 223 126 166 254 207 125 242
    249 250 255 253 109 186 55 245 111 247 170 187 207 106 29 255 92 57
    247 123 251 251 248 203 255 19 212 16 6 141 128 12 8 2 3 129 98 166
    73 4 17 100 163 4 145 130 38 1 73 164 146 97 111 18 40 193 36 18 172
    152 30 98 8 34 195 65 194 8 201 128 80 156 23 0 214 16 4 108 128 234
    97 17 51 178 149 16 83 160 9 253 247 253 244 52 119 125 127 244 127
    244 249 111 219 150 79 251 236 239 105 249 227 246 191 204 255 247
    187 127 29 96 233 221 44 150 254 222 52 49 117 124 206 58 191 215
    113 247 78 184 165 94 1 224 188 158 93 148 246 51 159 122 215 44 250
    189 181 243 53 20 102 173 254 196 141 233 253 103 207 147 127 251
    228 103 67 113 43 119 151 132 255 247 171 83 30 98 251 207 44 71 190
    18 48 105 125 120 72 48 175 213 113 181 110 184 172 88 1 240 28 28
    65 16 178 51 185 56 87 32 250 186 254 247 247 254 253 223 177 127
    253 255 251 255 126 254 252 255 243 126 251 253 125 179 255 251 127
    247 255 239 255 255 255 223 237 95 247 255 121 249 255 127 93 239 63
    221 55 255 127 173 255 137 207 254 159 159 93 126 247 247 191 251
    255 168 254 255 61 246 215 255 231 219 208 126 255 59 255 191 238
    242 127 251 247 60 231 207 175 231 125 143 223 255 127 210 63 247 63
    247 37 84 191 82 125 237 247 80 92 56 47 219 28 253 63 157 172 24 5
    240 61 156 75 80 246 51 189 92 87 48 250 121 183 247 191 22 103 175
    255 228 204 248 245 109 109 147 127 251 244 99 103 240 43 246 183
    156 255 183 189 91 146 114 235 199 44 23 190 210 120 105 125 124 72
    58 175 213 49 245 110 152 172 24 9 242 28 156 65 40 178 115 153 90
    215 40 250 186 255 255 255 254 253 223 177 127 255 255 255 255 126
    127 252 255 247 126 251 255 125 19 255 255 127 247 255 239 255 255
    255 207 237 95 255 255 127 248 127 127 93 255 127 253 183 255 127
    191 255 137 207 254 159 159 93 126 247 215 191 255 255 234 254 108
    40 100 184 219 109 34 117 13 106 202 52 113 102 251 228 203 24 195
    192 221 177 159 128 95 77 24 129 193 222 59 192 77 2 71 170 21 114
    205 52 188 117 84 10 85 55 39 224 159 44 218 12 211 29 68 24 138 160
    79 176 10 74 106 96 48 11 154 154 34 95 132 7 7 192 7 132 21 54 59
    22 255 146 32 42 132 117 193 99 217 128 224 72 34 232 156 107 135 4
    83 32 16 72 234 96 32 29 100 37 52 148 117 111 147 168 185 13 182 9
    184 89 17 114 58 189 81 89 8 250 127 249 255 125 54 243 249 254 251
    189 213 253 127 249 143 250 191 223 250 251 167 125 231 255 173 251
    246 255 111 103 247 239 223 122 181 244 255 125 250 125 248 253 251
    111 187 53 243 111 191 170 175 199 240 29 252 77 127 247 255 255 251
    255 231 223 151 165 207 124 52 54 245 246 240 156 116 217 78 123 135
    74 106 236 187 111 101 111 230 247 44 171 21 177 111 9 112 107 151
    110 36 250 126 57 49 60 251 254 187 223 217 176 81 206 59 188 79 197
    112 20 191 76 52 246 43 223 88 151 36 251 142 232 78 203 59 89 212
    196 63 144 62 253 28 54 237 232 235 208 21 105 197 80 165 48 109 157
    161 11 127 79 29 123 240 36 84 250 82 115 129 244 210 223 88 30 208
    150 192 76 137 45 94 5 248 29 143 73 16 242 43 188 89 30 34 249 0 1
    129 18 8 0 0 6 194 162 3 6 224 64 3 2 12 2 128 146 194 36 67 199 128
    18 212 192 0 160 129 66 15 154 195 36 57 136 98 72 40 32 164 225 36
    113 167 107 50 234 169 67 182 8 120 16 39 35 150 177 32 243 205 74
    173 190 239 116 60 191 245 126 240 253 246 241 110 123 130 77 226
    237 251 107 245 111 123 255 191 42 134 151 124 93 97 239 223 106 100
    190 223 186 241 253 221 254 250 143 217 99 211 75 185 236 13 79 240
    29 159 77 62 246 247 159 250 151 37 255 62 240 92 46 63 153 148 72
    123 48 156 253 124 54 237 248 226 212 7 56 193 80 165 52 109 156 224
    27 127 79 157 122 176 100 20 250 114 115 129 244 210 223 88 30 208
    150 192 76 137 45 94 5 248 29 143 77 16 242 43 156 89 30 34 249 29
    190 117 101 189 185 241 120 184 61 246 117 236 121 200 225 226 237
