<?xml version="1.0"?>
<opencv_storage>
<ImageFile>"131.jpg"</ImageFile>
<Features type_id="opencv-matrix">
  <rows>197</rows>
  <cols>64</cols>
  <dt>u</dt>
  <data>
    252 218 255 253 126 127 251 247 61 252 126 157 95 188 255 238 251
    221 251 111 252 209 230 178 121 111 189 182 253 215 127 255 249 33
    85 249 215 115 249 252 250 95 123 62 213 183 195 108 157 173 95 5
    248 29 157 77 80 246 59 189 91 94 34 251 190 253 248 255 255 188 223
    9 255 99 189 250 191 126 230 125 245 183 62 243 183 127 211 127 247
    215 243 127 127 251 255 231 135 252 206 222 234 121 251 255 110 223
    237 233 245 95 245 63 221 190 152 79 254 21 255 125 56 247 247 191
    187 255 187 219 234 141 238 246 103 223 220 15 63 241 149 235 191
    250 54 95 249 179 120 255 215 127 243 119 119 219 243 63 123 253 246
    227 223 47 70 187 218 125 251 124 112 255 252 111 221 93 245 111 221
    174 24 13 240 29 156 77 17 247 115 191 91 117 168 250 162 246 64 106
    252 24 142 129 107 27 58 75 172 51 76 145 135 199 172 184 69 226 41
    124 193 213 125 51 191 42 131 84 144 232 220 20 109 144 168 161 103
    94 43 189 212 198 244 89 162 247 4 2 206 135 203 169 6 209 148 4 118
    83 100 60 122 173 216 222 42 223 94 7 91 226 15 180 52 118 253 250
    255 147 48 171 135 53 193 67 217 215 224 79 3 235 157 98 151 164 85
    178 82 90 235 118 240 93 109 109 181 22 245 111 157 172 24 7 246 29
    189 75 16 243 51 189 89 95 32 250 231 52 73 119 221 162 123 88 240
    61 196 115 238 203 128 17 98 229 31 118 235 47 43 127 38 218 234 143
    210 41 97 127 115 175 20 251 123 181 53 215 217 194 10 202 201 73
    201 19 13 36 24 4 109 254 140 227 80 190 179 159 216 22 48 189 231
    116 235 119 253 178 123 72 240 63 224 123 238 203 132 25 98 237 191
    119 233 47 59 125 38 218 239 183 218 33 97 255 83 175 156 63 123 189
    117 247 216 202 26 201 217 89 203 83 125 237 24 33 237 252 158 227
    84 190 183 159 248 150 176 189 199 202 146 71 232 88 140 128 10 185
    43 203 130 215 66 184 109 195 60 139 76 141 46 72 79 215 59 107 135
    43 131 86 241 165 92 91 112 181 239 166 99 92 40 127 157 30 252 177
    201 205 84 181 221 199 133 235 208 88 144 36 84 85 16 188 243 159
    246 231 255 230 155 217 238 213 163 127 175 91 162 125 255 247 47
    119 207 47 183 117 198 223 249 111 214 26 243 63 215 37 95 159 82
    112 233 116 113 92 56 143 217 92 249 63 153 172 24 5 240 29 156 73
    16 242 51 189 88 87 32 250 194 206 198 223 235 92 212 195 63 253 44
    207 158 253 126 237 235 213 60 47 14 143 190 57 111 215 63 43 151 11
    18 55 241 231 125 91 82 247 255 182 243 126 104 127 159 30 124 177
    205 141 86 181 221 255 133 235 145 252 32 61 92 85 18 185 251 222
    238 255 255 127 223 187 61 255 126 219 159 253 127 253 253 247 61
    111 124 207 190 56 111 255 59 63 255 83 122 191 243 103 125 251 83
    119 253 246 243 94 122 63 223 158 252 181 205 141 86 181 217 255 143
    239 208 252 33 63 92 93 18 185 195 221 138 223 255 72 220 137 31 225
    61 251 178 222 110 253 235 215 60 31 14 143 174 40 103 215 123 43
    151 43 26 63 178 167 124 91 98 215 255 182 227 254 232 121 159 30
    124 177 197 149 86 181 157 231 167 234 209 252 168 127 85 92 147 189
    125 190 255 125 62 255 249 255 253 252 222 253 95 253 251 239 185
    253 251 107 245 127 94 255 255 111 214 246 109 215 255 239 255 91
    231 100 255 191 249 125 253 61 251 182 255 227 247 107 191 255 175
    223 242 253 155 92 126 223 255 239 251 255 239 222 246 49 24 182 23
    2 88 42 198 130 213 50 51 130 146 82 114 146 20 213 3 150 225 6 140
    130 232 73 82 168 244 40 96 44 36 222 10 124 1 213 16 202 21 8 130
    28 128 76 83 166 18 135 104 24 116 81 144 51 57 88 61 22 32 171 60
    188 255 236 62 255 249 127 253 252 214 253 127 126 191 236 251 220
    227 107 245 119 222 255 253 235 180 183 127 221 127 239 223 104 215
    190 246 250 249 125 120 93 255 47 213 181 247 107 191 188 159 13 242
    29 156 93 52 242 255 255 219 223 46 254 146 234 27 99 232 88 142 129
    74 27 43 234 162 22 78 184 103 131 44 153 69 132 41 92 167 215 121
    107 135 171 131 118 160 132 76 87 121 157 237 162 99 92 32 121 149
    78 188 49 195 223 20 35 220 7 239 227 70 89 144 36 84 89 112 60 122
    53 253 222 55 31 93 63 247 92 213 177 61 254 52 86 246 247 98 183
    244 119 209 119 221 170 228 93 122 216 244 233 199 44 71 190 222 120
    209 125 120 223 63 47 213 52 229 111 185 172 153 13 240 29 156 89 56
    242 115 189 122 87 40 250 253 253 255 253 255 119 251 255 253 253
    252 255 255 253 255 255 251 253 123 111 125 175 246 55 95 239 191
    191 251 95 118 191 247 37 85 251 82 117 253 116 122 95 56 62 221 23
    255 111 157 172 94 5 240 31 156 73 16 246 51 189 92 87 34 251 252
    185 255 253 114 127 251 255 221 252 254 191 127 246 251 238 251 221
    251 111 125 253 231 183 255 111 254 183 109 223 254 251 239 109 103
    255 223 123 253 124 250 93 247 54 253 183 247 110 191 172 207 223
    242 63 156 93 118 254 127 253 123 95 43 254 248 204 127 171 250 125
    191 253 221 255 126 223 183 62 255 236 235 212 125 102 124 131 175
    60 123 253 189 43 215 139 51 191 240 37 93 251 83 115 237 244 242 94
    56 62 213 158 252 52 137 173 86 37 216 31 133 73 144 240 41 60 92 86
    34 185 58 21 253 158 55 31 93 63 247 92 213 177 61 254 52 86 246 215
    98 183 244 119 209 119 221 170 228 93 122 216 244 233 199 44 71 190
    222 120 209 125 120 223 63 47 213 52 245 111 185 172 153 13 242 29
    156 89 56 242 115 189 122 87 40 250 189 254 126 237 255 249 251 248
    252 249 214 255 237 89 233 85 252 253 255 187 253 127 155 252 229
    126 121 247 252 87 231 255 223 249 223 117 255 251 253 55 253 93 235
    63 245 225 255 115 190 223 157 47 255 229 218 253 118 223 246 143
    242 223 188 94 60 188 238 252 63 107 253 127 213 250 252 177 127 206
    175 207 251 220 227 91 245 63 205 63 109 255 243 151 91 85 127 239
    223 162 189 186 247 252 249 117 120 255 255 111 223 21 119 107 189
    174 58 133 242 29 156 76 158 178 255 251 155 95 161 246 99 23 192 22
    93 130 3 10 230 64 130 99 170 203 160 21 98 245 33 54 194 47 209 103
    70 154 162 15 18 8 0 65 87 39 86 186 64 120 7 84 197 64 24 203 201
    72 193 207 144 36 24 4 96 24 156 75 16 50 51 157 72 85 32 122 199
    202 130 3 201 72 134 128 42 185 42 203 130 199 74 169 233 227 61 199
    77 141 47 24 67 95 59 107 213 15 162 54 241 167 127 123 83 53 237
    246 115 92 32 191 221 90 62 177 201 205 84 49 221 255 140 227 144
    248 33 60 92 85 16 184 135 254 17 67 252 88 142 153 74 27 170 107
    226 87 200 177 101 199 44 153 69 128 41 220 199 215 121 107 150 10
    163 22 240 236 220 31 120 178 237 166 231 92 42 191 213 66 188 49
    136 221 20 33 220 135 143 107 4 208 148 36 84 87 32 56 34 70 97 138
    203 204 14 9 239 98 11 4 185 38 124 117 195 55 4 112 136 114 16 108
    84 212 173 13 2 186 25 16 0 140 79 139 8 106 137 66 36 208 12 169 21
    222 228 61 128 37 16 4 42 17 102 59 24 98 24 188 8 71 122 48 251 220
    126 239 255 181 223 153 191 255 189 235 191 122 118 125 244 247 124
    187 254 255 187 124 247 247 251 127 255 123 255 191 231 253 158 85
    254 253 254 251 83 223 239 253 249 95 253 49 237 223 26 47 253 231
    220 247 121 223 252 63 247 253 158 191 249 220 222 175 247 109 252
    247 125 245 125 207 62 188 127 239 239 220 61 111 44 135 167 60 111
    223 189 170 215 7 50 191 240 37 117 251 83 119 237 246 123 94 56 63
    223 31 254 180 141 173 86 5 216 31 133 73 144 240 33 188 92 86 34
    185 255 252 255 255 254 247 255 253 255 255 253 255 255 254 251 254
    255 215 127 127 255 223 255 61 255 255 255 255 251 223 254 191 247
    175 117 127 218 253 255 255 122 127 237 126 223 63 217 179 221 204
    94 245 253 255 156 239 209 252 241 63 223 117 147 255 249 216 255
    253 255 127 253 254 191 255 253 219 223 188 126 255 255 213 63 111
    46 143 166 56 111 255 191 106 215 7 114 191 240 37 116 251 82 117
    237 246 114 94 56 63 223 30 252 180 141 173 86 149 216 31 133 73 144
    244 33 60 92 86 2 187 133 170 231 69 248 221 243 248 216 189 198 127
