<?xml version="1.0"?>
<opencv_storage>
<ImageFile>"132.jpg"</ImageFile>
<Features type_id="opencv-matrix">
  <rows>292</rows>
  <cols>64</cols>
  <dt>u</dt>
  <data>
    188 239 109 205 50 93 215 245 253 212 255 156 93 60 255 238 155 244
    90 47 53 242 244 182 125 117 149 49 109 223 95 185 228 108 103 250
    214 123 217 60 254 157 125 54 180 182 244 108 191 173 239 15 218 29
    151 92 56 230 123 125 123 223 46 250 44 239 109 220 50 221 87 101
    253 212 63 156 93 62 253 230 155 212 74 111 22 114 244 182 125 245
    133 17 109 218 31 185 224 100 103 250 210 123 219 60 182 255 125 54
    148 182 100 110 159 173 199 13 154 29 151 28 56 230 107 252 91 222
    42 250 248 223 254 219 98 159 95 179 63 255 5 202 159 187 126 223
    255 243 124 175 190 213 211 115 249 119 255 126 125 243 246 163 215
    84 215 229 211 93 250 121 116 223 125 61 183 156 247 127 223 137 184
    159 254 125 191 223 123 255 123 253 123 249 89 250 205 239 239 89
    234 253 250 241 57 255 199 206 222 113 255 204 136 249 251 235 253
    117 82 243 249 126 149 246 108 215 191 243 223 80 71 168 219 123 248
    120 252 61 120 39 245 119 247 111 187 172 8 79 240 93 153 93 22 215
    115 189 122 243 106 251 43 204 237 202 63 253 213 127 253 253 222
    205 191 60 124 205 139 244 99 123 244 119 219 127 125 255 149 54 127
    211 127 239 215 108 87 56 214 121 249 60 116 221 126 47 213 180 245
    107 157 172 152 13 242 29 158 93 56 242 123 189 219 223 44 254 61
    191 253 252 62 255 241 119 253 252 222 245 221 125 125 237 244 253
    227 251 245 119 83 247 249 106 196 214 124 215 253 227 223 120 195
    180 255 122 249 125 252 29 123 167 213 115 247 111 185 174 137 15
    242 29 153 93 62 243 119 189 251 223 108 218 41 206 238 200 175 221
    213 63 189 125 30 205 159 125 124 205 137 116 97 43 212 119 218 123
    123 247 21 54 125 211 31 79 215 98 83 48 214 121 248 56 117 253 110
    47 213 180 245 235 153 172 152 12 246 29 158 12 57 230 122 189 211
    223 8 250 207 207 230 253 239 255 230 135 61 125 44 203 158 249 126
    237 129 249 189 231 253 93 122 115 119 79 25 246 253 85 190 199 151
    243 82 33 243 93 252 160 119 63 122 127 221 95 255 227 221 204 24 13
    243 125 153 235 55 223 119 183 82 123 28 250 121 221 239 253 54 255
    253 127 189 255 253 217 95 249 124 238 189 221 255 107 244 125 228
    251 121 127 163 246 125 115 125 255 255 113 244 113 255 127 248 245
    218 255 251 63 251 183 211 107 191 171 63 207 248 61 159 76 87 247
    127 255 251 95 175 255 207 207 230 253 239 255 246 147 61 125 44 203
    158 249 126 173 165 249 189 231 245 127 122 115 87 127 153 118 253
    87 190 199 151 115 83 33 243 88 252 232 119 63 122 255 221 95 247
    235 221 204 24 13 243 125 153 201 51 223 119 183 210 123 28 250 120
    158 239 223 126 223 159 189 255 255 63 159 157 255 127 238 255 215
    96 35 220 117 214 247 89 247 181 62 123 219 87 107 215 36 85 186 82
    122 233 116 240 93 56 47 213 22 245 111 153 172 24 5 240 29 157 73
    16 242 51 189 88 87 32 250 60 190 255 156 62 127 157 255 255 254 255
    183 221 127 255 238 251 213 99 99 245 117 210 247 93 255 181 59 122
    222 119 235 215 36 85 186 82 122 233 124 240 93 56 47 213 54 245 111
    153 172 24 5 240 29 157 73 16 242 51 189 88 87 32 250 122 190 255
    255 254 191 255 61 255 253 126 249 191 127 191 124 247 215 121 107
    252 125 219 127 249 239 235 127 126 89 253 239 247 101 85 183 247
    121 249 117 118 95 251 47 213 150 221 111 157 172 24 13 240 61 157
    77 80 246 115 189 219 95 32 254 187 221 127 222 54 125 221 51 247 84
    253 216 127 125 116 252 245 246 102 251 54 126 177 119 255 191 231
    88 127 119 254 249 246 108 28 222 202 115 218 253 211 223 189 127
    216 22 245 110 137 175 23 15 120 29 151 77 57 243 121 191 123 95 42
    249 69 34 219 145 24 144 163 76 74 179 2 242 192 19 131 66 66 197
    137 43 136 37 74 217 141 130 40 175 2 9 1 75 119 134 85 187 16 248
    109 86 240 84 40 36 19 8 81 51 155 172 40 101 241 29 60 74 20 122 19
    189 72 23 97 251 69 34 219 161 152 144 163 76 74 183 2 248 193 19
    139 82 66 197 185 107 136 37 74 217 141 192 40 175 2 9 49 79 23 134
    85 187 56 249 109 86 224 84 40 36 19 8 89 179 155 44 40 37 241 29 60
    106 84 122 19 253 72 87 112 254 190 156 255 255 63 253 253 127 189
    255 222 255 191 126 190 253 187 253 251 59 244 127 218 127 109 254
    242 183 126 115 127 239 215 226 223 48 247 251 249 117 120 125 251
    111 247 21 247 107 191 254 24 5 244 157 156 93 23 246 247 191 251
    223 175 254 76 1 175 148 0 199 123 127 144 236 197 145 83 224 147 10
    235 93 115 103 134 45 194 179 77 203 182 174 64 128 48 107 215 38 53
    186 18 120 233 116 112 124 56 47 215 20 245 111 153 172 24 5 240 29
    156 73 16 242 51 185 88 87 32 250 251 254 238 255 255 191 223 24 253
    127 245 251 175 123 116 93 242 245 63 255 253 127 155 127 111 254
    251 63 255 91 127 239 215 109 222 187 218 121 253 247 86 94 122 63
    209 29 253 127 157 189 24 5 240 189 159 77 24 246 51 191 218 87 34
    251 134 139 138 115 37 144 216 138 24 147 53 234 138 211 2 27 136
    129 36 219 199 45 194 83 103 215 147 39 86 42 34 34 151 182 85 170
    122 120 235 116 96 124 56 109 209 20 245 111 217 172 24 5 240 21 252
    105 17 242 51 189 88 119 160 250 134 139 138 247 47 144 216 130 24
    187 55 202 138 211 2 27 8 129 36 219 207 45 194 115 69 215 179 39 82
    42 35 98 151 182 84 170 123 120 235 116 96 124 56 109 209 20 245 111
    153 172 24 5 240 29 156 73 17 243 51 189 88 119 32 250 108 15 239
    149 251 191 61 127 173 231 195 186 155 250 178 78 226 245 99 99 254
    55 210 115 95 234 164 47 82 152 61 235 199 36 86 186 210 120 225 126
    112 95 56 175 213 28 197 111 153 172 24 13 242 29 157 73 16 242 115
    189 88 86 40 250 236 15 239 177 251 183 189 251 173 231 195 250 155
    234 179 78 226 245 97 103 254 135 210 123 95 234 178 47 82 152 56
    235 199 36 86 187 82 124 225 126 112 92 56 175 209 28 209 47 153 172
    24 5 240 29 157 73 16 242 51 189 88 87 32 250 189 255 119 253 190
    125 253 249 253 221 255 251 255 127 254 237 243 245 255 107 127 254
    188 254 255 255 55 187 255 95 126 191 242 103 124 223 214 255 249
    183 255 127 251 255 254 167 221 181 172 189 118 255 218 191 143 109
    240 244 113 239 255 95 175 190 235 222 238 255 255 191 223 152 253
    127 245 251 175 123 118 77 226 245 63 255 253 127 155 125 111 254
    187 63 255 91 127 239 215 109 222 251 218 125 253 247 86 222 122 63
    209 28 253 127 157 173 24 5 248 189 159 77 16 246 51 191 218 87 34
    251 69 5 131 181 0 198 123 111 144 238 65 129 211 224 147 10 169 77
    49 103 200 45 194 147 76 219 178 166 64 0 50 107 215 37 53 187 18
    104 233 116 112 108 56 47 215 20 245 111 25 172 24 5 240 28 156 72
    16 242 51 185 88 87 32 250 191 255 119 253 254 125 253 251 253 221
    255 251 239 127 252 253 243 245 127 107 119 110 180 126 239 255 55
    187 255 123 126 191 242 111 124 223 214 127 249 181 255 127 251 255
    255 131 252 191 204 181 85 221 218 183 143 109 112 244 113 239 255
    95 165 190 26 49 191 212 38 151 88 55 214 166 85 144 223 192 51 82
    252 211 98 251 150 53 195 199 141 2 230 92 64 188 244 232 215 60 7
    190 218 120 226 81 112 89 181 47 179 52 177 111 155 174 153 71 240
    29 28 89 17 243 51 249 121 51 96 250 3 22 0 34 157 176 131 8 34 58 2
    97 172 91 32 17 100 231 1 144 225 34 25 124 68 144 96 79 22 40 225
    71 23 172 222 182 121 24 41 71 68 64 10 137 192 65 208 79 152 254 24
    0 228 0 222 65 18 50 150 149 136 211 36 88 227 222 239 137 206 159 7
    201 175 103 61 202 159 253 126 221 253 245 61 100 30 215 154 97 94
    245 61 110 179 154 90 41 146 103 211 219 66 117 45 90 52 219 40 189
    85 28 124 149 213 140 16 12 51 253 135 251 120 252 32 61 88 213 24
    250 252 251 255 223 126 127 253 255 253 252 254 191 127 255 223 238
    251 213 251 111 253 221 247 191 255 111 182 183 239 223 126 255 255
    111 103 255 222 127 253 125 254 127 251 190 255 167 211 239 191 173
    207 219 250 63 159 93 236 254 123 223 255 94 43 255 83 20 0 55 221
