<?xml version="1.0"?>
<opencv_storage>
<ImageFile>"133.jpg"</ImageFile>
<Features type_id="opencv-matrix">
  <rows>188</rows>
  <cols>64</cols>
  <dt>u</dt>
  <data>
    248 143 254 223 234 223 211 167 255 253 94 223 159 252 123 238 245
    187 251 187 253 127 223 247 251 110 246 246 108 215 255 239 239 107
    67 52 255 91 255 124 88 125 246 46 221 119 255 111 189 236 137 77
    246 29 152 221 119 246 119 189 219 127 171 254 122 221 238 255 127
    247 223 159 255 255 189 234 255 252 63 223 253 179 122 251 255 119
    87 255 245 119 247 254 127 245 255 227 207 124 199 191 219 125 250
    123 126 95 125 237 215 253 247 111 189 238 152 79 242 29 220 93 57
    247 255 191 251 251 232 250 250 157 254 223 127 255 217 191 255 255
    215 223 191 252 123 254 255 215 123 251 254 255 247 127 251 255 246
    126 95 211 254 255 207 46 87 253 223 127 250 125 248 125 247 126 223
    55 245 127 189 174 152 205 242 29 157 93 17 246 119 191 251 127 169
    254 62 254 109 234 190 189 223 57 253 127 222 251 253 127 252 221
    208 245 79 56 244 118 152 124 253 190 101 183 126 251 125 255 215
    236 222 22 255 251 249 191 223 223 203 157 212 167 244 91 186 253
    157 13 238 133 207 93 60 214 246 175 243 223 110 189 253 254 255 233
    254 253 191 249 253 255 253 250 255 57 255 237 251 253 123 123 253
    119 95 253 253 127 253 254 125 87 255 255 223 108 223 191 218 249
    249 127 126 95 123 191 213 247 255 55 191 253 152 47 242 189 221 93
    60 246 243 189 251 223 108 255 211 191 155 119 56 210 251 238 219
    185 245 219 231 209 131 154 62 199 184 11 134 45 238 95 237 219 243
    255 71 43 103 111 215 183 117 63 254 185 250 119 241 124 235 239 187
    24 241 107 155 170 57 195 244 61 188 199 85 250 243 255 248 87 177
    255 40 138 108 139 207 255 131 49 61 126 94 5 157 60 121 229 193 221
    73 160 240 87 218 121 121 116 12 22 124 211 61 203 213 96 211 32 87
    122 173 48 244 85 94 46 85 150 244 107 159 44 152 13 242 29 157 89
    26 230 59 188 91 223 42 250 170 206 110 221 47 93 157 179 189 255 57
    202 159 188 127 239 157 252 102 251 60 214 244 56 93 255 183 58 253
    243 127 255 193 124 127 104 210 125 248 123 118 93 125 191 215 22
    244 121 157 169 148 13 218 31 156 92 152 242 113 189 255 223 8 186
    205 205 255 221 50 95 253 231 61 197 109 222 31 252 254 238 171 213
    60 111 14 189 230 51 125 223 179 63 81 11 62 57 242 39 117 251 82
    127 251 244 210 255 189 127 191 30 117 174 157 172 62 149 248 29 149
    76 16 246 57 253 89 84 35 251 249 253 255 255 255 255 247 255 255
    253 212 251 255 254 255 220 255 247 251 63 253 127 211 247 251 127
    245 247 127 219 246 239 223 105 71 244 255 121 249 125 124 93 255 63
    221 117 247 111 189 174 137 143 242 61 156 93 126 246 119 191 251
    223 172 218 124 188 255 223 62 223 219 115 127 255 21 249 223 122
    189 94 250 215 96 43 213 45 195 251 205 251 183 127 90 79 247 111
    215 36 85 186 210 120 251 119 240 92 105 47 243 20 241 111 153 172
    24 5 240 29 156 73 16 242 51 189 88 87 32 255 58 222 238 254 63 185
    212 11 127 249 254 251 190 122 108 92 246 179 165 147 245 127 219
    119 115 95 241 55 126 251 231 231 143 236 71 180 255 88 249 124 121
    93 127 111 213 21 247 111 185 238 153 13 246 5 217 73 54 243 247 189
    154 127 172 94 122 57 187 255 34 199 217 239 215 238 85 144 83 128
    147 90 63 87 112 43 142 61 198 11 157 195 182 127 66 233 116 239 199
    182 53 187 182 236 250 127 112 105 229 104 191 20 81 111 95 170 59
    215 240 24 60 84 89 178 123 219 121 21 129 246 7 31 2 87 253 154 142
    72 10 19 131 98 162 91 200 17 2 229 44 6 199 47 130 115 70 214 179
    47 22 42 3 82 87 38 221 155 80 56 235 71 96 116 40 237 197 72 181 47
    152 173 24 1 240 29 156 67 17 114 50 183 72 119 161 122 186 191 238
    126 63 123 252 191 253 185 246 249 126 242 46 206 249 187 123 219
    245 127 119 247 243 127 247 183 111 215 247 230 223 44 71 182 223 88
    249 125 120 93 127 47 213 117 183 111 189 238 136 79 242 29 216 93
    54 243 247 189 123 123 168 218 68 9 138 145 1 195 240 231 16 128 68
    150 146 192 131 74 10 25 161 71 78 173 198 67 9 219 146 36 64 136 50
    10 215 6 21 170 16 120 233 116 112 60 180 38 245 20 49 111 25 172 57
    21 241 29 156 72 16 250 51 185 72 87 33 250 68 32 147 53 8 162 170
    102 0 169 64 65 194 192 131 2 42 9 161 67 192 45 74 219 8 91 150 230
    64 4 33 70 215 18 69 56 17 168 105 100 120 44 48 39 245 53 147 107
    25 236 24 71 240 28 28 73 23 242 19 177 88 119 33 234 133 7 246 53
    153 36 161 254 176 252 66 85 0 121 131 5 234 204 129 98 224 170 238
    50 78 138 176 11 208 8 33 111 119 38 84 186 82 48 65 244 80 68 24
    142 192 0 193 79 153 44 24 5 240 28 156 73 16 242 51 157 88 87 32
    248 254 152 255 245 255 231 251 185 156 255 211 255 255 200 115 125
    252 223 127 211 254 47 238 121 175 250 251 254 220 119 247 255 111
    187 28 125 255 253 252 247 217 76 227 94 219 61 219 51 253 222 24
    231 253 255 156 227 81 254 247 191 254 31 144 191 3 142 199 213 253
    188 139 88 188 125 2 79 139 89 96 5 128 245 45 35 196 47 154 123 79
    222 19 38 30 11 51 95 215 231 93 56 114 120 251 38 117 124 42 175
    209 0 253 123 152 188 24 5 241 29 156 73 16 242 50 191 88 87 32 250
    107 150 76 138 231 159 31 17 63 86 23 6 156 63 124 85 244 243 8 244
    208 81 17 112 209 112 232 92 122 80 221 33 212 44 210 164 219 90 128
    121 212 95 24 13 213 214 228 77 153 172 24 13 242 29 159 201 56 247
    51 188 90 211 42 251 204 237 239 253 114 127 254 247 89 254 253 189
    83 246 255 234 137 89 251 111 63 221 230 147 127 111 159 181 105 199
    62 155 242 19 117 235 223 127 253 61 122 61 253 118 255 191 103 250
    223 169 239 255 219 127 52 222 213 237 105 251 127 126 219 246 133
    214 68 69 252 176 187 240 56 253 98 75 204 121 193 1 226 237 141 107
    237 37 138 248 105 126 57 182 92 7 97 119 255 225 92 59 83 249 233
    183 245 92 42 158 193 3 218 19 136 253 24 37 244 189 157 73 16 246
    179 173 216 87 32 190 169 254 117 111 255 237 247 89 253 85 238 251
    237 127 236 93 251 245 255 112 252 111 27 124 247 255 125 191 254 91
    111 173 143 239 111 159 227 185 253 63 125 221 126 183 221 121 252
    55 172 183 144 44 234 183 142 109 56 190 247 175 186 207 189 90 44
    142 237 232 2 127 37 127 181 252 206 133 93 61 253 239 203 124 195
    104 244 83 220 179 93 169 4 148 125 212 57 201 221 66 67 168 245 242
    249 60 254 63 126 167 84 247 119 234 185 44 239 12 242 29 159 28 62
    230 111 188 91 207 46 251 193 13 147 23 65 70 99 255 132 133 37 151
    3 201 147 46 235 85 61 103 14 175 230 51 78 219 191 44 210 10 50 56
    242 39 117 187 18 124 197 244 112 88 56 46 201 28 193 238 153 172 88
    5 241 30 156 75 80 248 49 189 88 86 32 250 193 13 146 151 65 70 82
    231 6 197 37 158 18 202 147 46 107 81 56 103 14 175 230 35 90 203
    191 44 211 10 18 57 226 39 53 251 18 108 71 124 112 88 56 47 217 28
    225 238 153 172 24 5 241 26 148 195 80 248 49 57 88 84 32 250 250
    253 255 223 255 239 223 255 255 245 255 255 255 254 254 254 255 215
    127 127 255 255 247 183 255 255 247 127 255 219 254 239 207 111 103
    255 222 127 255 255 251 223 253 127 221 63 253 175 191 166 223 205
    250 63 157 95 120 246 123 251 251 95 190 255 251 252 254 207 255 93
    223 136 255 245 189 255 191 255 238 253 255 247 61 247 77 135 191 60
    231 223 249 107 215 27 250 63 241 45 86 255 90 119 237 246 210 94 56
    63 221 94 252 181 141 173 86 5 248 31 149 107 144 244 49 60 92 87 34
    185 40 166 237 170 63 189 165 123 245 254 66 51 189 59 187 69 202
    245 97 96 240 87 219 119 93 184 180 39 122 216 49 203 215 36 87 186
    82 120 233 116 116 92 56 47 213 148 245 111 153 172 24 5 242 29 156
    73 16 242 51 189 90 87 40 250 59 223 28 223 39 221 221 17 127 255 61
    202 188 125 124 31 253 243 96 187 182 126 83 127 241 119 247 126 127
    243 223 227 143 250 235 36 255 73 250 107 124 191 239 237 183 240
    247 111 183 219 168 79 246 133 250 253 63 215 254 247 243 251 205
    206 42 174 237 170 63 189 165 123 245 254 82 178 189 59 185 69 202
