<?xml version="1.0"?>
<opencv_storage>
<ImageFile>"134.jpg"</ImageFile>
<Features type_id="opencv-matrix">
  <rows>77</rows>
  <cols>64</cols>
  <dt>u</dt>
  <data>
    141 238 111 233 190 253 165 216 189 255 234 255 205 61 253 237 131
    124 143 104 240 80 190 120 111 189 9 179 253 71 59 223 245 192 221
    202 116 247 189 182 255 247 90 62 86 135 124 177 12 61 126 52 203
    183 143 44 156 196 171 140 207 207 38 181 50 4 128 130 203 128 130
    13 70 99 17 64 176 74 32 20 102 147 1 208 192 39 195 101 30 136 168
    47 18 136 49 107 199 36 84 186 82 104 41 86 64 72 16 11 209 20 145
    79 153 172 24 5 240 29 156 65 16 242 51 189 88 87 32 248 175 238 111
    233 255 253 183 217 189 223 236 251 191 63 236 237 131 253 63 105
    125 86 186 120 103 255 25 51 255 91 59 155 246 100 222 219 82 127
    253 180 223 255 122 63 211 23 124 177 141 189 20 37 217 183 143 44
    24 212 49 172 95 223 42 187 122 57 243 86 18 3 92 111 215 160 213
    177 119 194 146 90 126 130 98 223 151 47 227 135 159 11 246 141 66
    188 196 232 207 46 36 190 142 60 83 93 120 233 181 107 171 53 39 238
    251 162 169 219 240 24 120 85 77 51 87 219 57 53 193 78 13 174 246
    169 184 253 163 245 57 254 202 157 92 61 187 229 233 248 203 104 249
    81 126 185 89 105 44 246 125 85 251 199 253 208 125 32 245 242 237
    62 125 20 122 174 87 163 127 113 184 108 126 45 246 93 156 77 190
    198 175 164 219 207 42 246 201 15 174 217 234 223 115 247 45 229 5
    142 154 252 63 14 141 121 121 103 254 173 210 243 91 123 158 38 208
    148 50 3 223 55 83 41 82 109 254 106 112 61 56 47 221 60 255 179 157
    140 24 21 241 125 156 203 81 254 115 189 88 119 17 250 250 221 142
    175 231 255 158 183 63 213 127 206 158 188 126 254 253 251 121 253
    60 215 247 113 123 125 253 124 125 214 254 161 212 109 83 253 211 79
    204 120 242 223 60 63 221 158 246 44 157 136 30 13 250 125 155 205
    82 247 59 189 81 91 10 251 201 207 174 217 234 215 250 231 41 247 43
    206 154 241 123 174 137 121 125 239 30 141 126 185 91 127 159 38 193
    135 50 23 247 51 99 105 82 237 254 106 112 60 232 63 223 62 127 177
    221 200 28 245 213 255 156 234 81 252 113 61 220 117 17 254 249 221
    222 138 71 95 68 183 63 192 30 254 62 190 110 238 255 147 121 181 21
    215 247 37 123 117 121 44 243 218 218 33 220 39 85 243 67 87 205 124
    112 221 60 63 29 28 116 228 149 172 26 132 186 15 128 207 26 244 40
    61 93 89 34 234 196 170 131 225 216 242 170 193 24 187 66 79 194 133
    203 169 11 77 185 10 204 133 14 216 47 221 27 167 204 71 35 214 119
    131 221 97 53 255 109 34 225 100 106 60 79 141 90 177 124 93 60 177
    213 231 140 170 198 204 135 37 198 83 81 54 43 204 173 201 47 221
    213 61 189 223 22 204 157 125 125 141 205 252 99 187 244 118 218 115
    121 247 21 54 125 211 31 235 199 106 195 40 218 104 248 40 112 61
    120 175 213 116 117 107 187 136 152 13 240 29 156 93 57 242 115 189
    211 223 40 250 187 221 124 207 239 189 223 17 63 93 61 203 191 123
    116 93 245 247 116 179 244 118 179 116 251 247 241 122 255 115 223
    49 214 108 146 116 219 73 250 249 118 223 127 191 213 20 244 111 149
    159 152 13 252 141 158 93 57 247 114 191 243 223 44 251 192 11 134
    81 200 195 162 247 8 161 66 142 130 208 11 138 13 9 249 207 30 141
    110 153 11 123 154 166 128 134 34 22 207 19 97 97 17 141 110 34 112
    52 176 54 93 60 27 177 93 200 40 241 213 255 152 130 67 204 1 53 68
    113 17 234 192 11 130 81 192 211 162 247 8 177 66 143 130 208 3 10
    13 9 249 207 30 141 110 145 75 123 154 166 192 132 34 6 207 19 97 97
    17 141 108 34 112 52 176 182 93 45 43 177 93 200 40 241 213 127 152
    130 67 204 1 181 68 113 145 106 64 11 131 209 200 135 10 231 0 103 3
    6 146 192 19 10 108 73 57 102 206 173 194 211 26 74 190 46 128 128
    50 10 71 39 85 187 82 108 229 70 112 112 16 14 205 28 225 143 157
    172 24 5 241 125 156 203 81 254 51 189 88 87 16 250 200 201 142 221
    98 95 254 247 29 253 125 143 27 244 63 174 141 25 248 47 30 189 230
    179 91 111 151 54 105 195 54 171 223 51 97 97 215 109 254 120 114 61
    189 127 191 62 119 234 223 136 127 215 209 127 188 206 215 255 123
    127 95 117 147 250 63 246 124 206 63 189 221 17 55 95 61 248 188 127
    244 85 242 246 4 243 213 112 145 114 109 190 225 123 126 91 245 123
    215 36 84 186 82 120 233 117 112 95 56 47 212 20 245 111 153 172 24
    5 240 29 156 73 16 242 51 189 88 87 32 250 248 158 239 253 190 189
    253 245 189 255 87 219 223 249 123 206 232 221 107 107 252 247 194
    249 89 122 182 190 120 85 55 239 223 36 85 186 83 123 249 116 248 95
    120 47 213 55 219 127 153 172 24 5 240 29 157 73 16 242 51 189 88 87
    32 251 58 245 93 222 55 157 93 9 247 85 61 249 61 122 244 126 242
    214 20 59 135 122 241 102 253 134 227 27 127 249 93 109 178 230 52
    222 226 89 243 255 211 219 237 105 144 22 245 79 133 165 215 13 56 0
    191 109 24 246 122 31 89 94 162 249 77 46 239 248 56 55 45 119 49
    254 192 145 90 177 159 74 137 77 235 107 244 213 72 187 79 121 150
    150 73 69 49 203 215 16 85 171 85 252 241 116 124 126 58 47 215 149
    103 235 155 172 24 21 241 29 156 76 20 226 19 189 90 87 96 242 84 34
    147 148 72 130 42 71 2 162 3 20 64 196 145 18 106 64 0 98 139 169 78
    139 142 128 166 77 0 140 49 78 115 151 117 187 0 230 71 70 128 64
    128 66 43 12 1 139 17 44 112 81 32 88 20 75 128 106 1 177 72 4 33
    230 77 46 239 248 56 119 45 247 49 254 192 145 91 177 155 202 137 77
    235 107 244 213 78 187 79 105 150 150 73 69 51 203 215 16 85 171 85
    252 241 116 124 124 58 47 215 149 103 235 27 172 60 21 241 29 156 76
    20 230 19 189 90 87 96 242 63 246 125 191 63 189 189 121 253 255 221
    255 253 127 180 85 251 252 71 99 245 114 211 118 93 190 245 187 90
    94 117 235 215 36 85 190 83 120 233 116 120 94 56 47 212 21 247 111
    153 172 24 5 240 29 156 73 16 242 51 189 88 87 34 250 59 222 125 203
    255 253 151 121 255 253 22 255 189 127 249 213 251 245 125 106 244
    115 155 124 109 255 57 63 126 91 127 255 215 101 95 155 82 123 253
    118 245 93 122 63 213 132 252 119 157 189 28 5 240 157 159 73 16 246
    51 189 218 95 32 250 51 117 125 158 54 13 29 11 230 68 61 48 125 122
    52 84 244 214 0 240 211 48 145 102 220 148 225 89 50 56 213 105 210
    44 84 158 202 120 131 92 48 219 61 15 212 20 245 78 145 164 16 13 50
    25 159 73 24 114 51 189 88 86 32 248 203 206 238 253 238 255 255 211
    61 253 44 203 159 253 126 239 237 221 61 111 206 141 238 123 111 223
    187 54 221 67 54 127 247 227 125 121 82 253 255 246 115 126 234 127
    223 30 253 179 221 205 30 245 221 255 157 239 81 252 241 63 220 117
    147 255 203 206 206 253 238 255 254 199 61 253 46 203 158 253 126
    175 173 221 61 111 206 141 238 123 111 223 187 54 221 67 51 127 247
    227 125 121 114 253 254 246 115 126 234 127 223 30 253 179 221 205
    28 245 213 255 157 239 81 252 241 63 220 117 145 254 198 8 171 145
    200 150 90 197 8 231 1 142 210 224 51 10 136 89 56 103 142 165 202
    73 94 210 190 46 64 133 51 75 215 53 85 43 82 109 230 82 112 104 40
    47 209 28 225 59 157 140 24 5 241 125 156 203 81 254 49 189 88 87 48
    250 62 182 125 174 62 245 185 37 245 212 87 213 29 51 185 84 250 222
    65 99 245 112 213 247 217 185 164 219 110 216 245 235 215 36 87 190
    219 88 233 124 248 93 57 47 212 20 243 111 153 172 152 13 240 29 156
    73 16 242 51 189 90 87 32 250 185 190 246 47 255 253 163 181 253 253
    222 125 125 61 123 228 255 254 219 250 245 67 191 188 251 105 124
    246 253 215 251 255 253 105 71 116 255 51 237 124 253 85 90 158 77
    227 250 229 189 125 223 13 242 191 153 77 254 244 175 188 250 15 46
    220 59 245 125 254 119 15 95 75 231 68 189 242 61 110 244 92 247 215
    36 103 71 44 129 103 220 223 227 93 114 58 244 41 146 38 20 158 66
    120 219 244 114 219 189 107 213 20 245 78 145 164 16 5 104 29 158 73
    24 242 115 191 88 87 161 250 60 51 117 176 18 165 41 125 196 110 211
    52 117 10 145 86 242 220 67 96 241 32 195 247 140 168 228 137 82 140
    113 233 87 36 85 190 83 120 129 84 120 68 16 15 196 53 231 111 153
