<?xml version="1.0"?>
<opencv_storage>
<ImageFile>"140.jpg"</ImageFile>
<Features type_id="opencv-matrix">
  <rows>315</rows>
  <cols>64</cols>
  <dt>u</dt>
  <data>
    254 57 255 213 118 39 91 251 198 197 245 250 255 202 150 94 242 215
    126 119 63 175 227 55 158 234 247 125 82 188 244 169 226 63 36 255
    202 125 211 221 218 234 177 207 251 56 137 14 223 174 145 211 120 62
    157 67 81 255 113 219 124 52 177 251 190 215 108 221 183 189 223 17
    63 223 61 202 157 121 124 117 244 255 100 251 245 118 144 114 125
    126 241 123 124 254 247 179 214 124 87 190 218 120 248 117 118 94 57
    47 212 22 247 111 153 175 24 5 240 29 156 89 16 243 51 189 90 87 40
    250 210 49 147 214 98 2 88 39 66 160 21 147 182 194 146 90 126 131
    48 135 143 173 195 135 154 202 246 79 2 168 214 110 199 55 36 191
    154 76 242 94 112 104 165 107 171 28 161 111 221 174 9 199 240 24 28
    195 65 115 115 251 56 53 177 234 47 247 108 220 55 191 222 17 63 223
    189 250 220 123 108 125 176 249 102 247 87 118 144 115 85 119 227
    125 120 126 244 49 218 60 214 170 218 120 249 245 114 95 57 47 213
    22 247 111 153 175 24 7 248 29 157 73 16 243 115 191 120 243 40 251
    135 6 68 34 221 168 35 88 160 53 66 119 168 27 128 5 98 245 5 96 224
    2 136 112 6 152 8 11 210 8 33 77 85 36 84 186 67 48 41 212 197 80 24
    143 192 1 248 69 8 36 24 4 240 28 142 9 16 240 51 156 72 87 36 249 9
    205 172 216 35 95 213 119 53 84 14 197 25 124 124 173 141 120 225 35
    212 122 208 115 89 119 149 80 121 214 30 65 214 114 83 40 210 74 250
    40 116 61 60 39 212 118 245 110 153 168 152 13 242 29 152 12 59 210
    115 189 83 223 9 250 5 38 101 241 157 176 163 124 144 255 194 113
    227 91 128 65 74 205 135 107 233 33 234 123 12 155 2 39 94 13 33 79
    87 38 212 186 86 184 97 246 208 100 58 143 193 1 81 67 24 172 24 1
    240 29 156 73 16 242 51 157 72 87 32 255 5 178 231 249 189 240 225
    126 180 252 224 113 171 91 131 77 106 213 43 106 225 47 206 123 14
    203 34 39 94 9 33 111 215 38 21 186 82 120 105 116 113 76 58 47 93
    128 209 239 25 172 24 5 240 28 156 73 16 242 51 159 88 71 32 250 5
    34 231 241 253 240 161 124 148 253 224 113 227 91 131 65 106 212 169
    106 225 45 206 123 14 139 50 39 86 9 33 79 215 38 21 186 82 112 105
    116 112 68 58 15 193 128 209 195 25 172 28 5 240 28 156 73 16 242 51
    157 88 87 32 250 207 206 238 233 255 191 255 81 61 127 238 203 219
    125 124 237 129 125 63 105 252 85 218 121 111 223 11 55 125 87 61 79
    215 225 220 75 82 255 253 183 247 255 106 63 223 158 253 179 157 221
    28 37 205 245 159 44 16 206 187 189 193 95 50 255 223 253 254 92 119
    59 92 27 51 208 181 250 254 249 100 95 244 255 62 255 87 127 81 115
    199 127 227 125 113 60 244 33 218 62 86 190 218 120 242 245 242 223
    185 111 209 87 215 110 153 174 24 71 240 29 157 73 17 243 115 191
    120 119 160 251 251 212 60 252 239 191 94 17 63 127 61 202 158 120
    100 29 245 251 60 243 244 116 17 122 245 87 243 126 121 119 255 99
    211 120 146 108 219 105 248 243 114 223 124 45 213 85 247 111 157
    203 24 7 232 29 218 73 27 247 115 189 115 251 40 250 187 223 254 254
    55 59 220 59 55 216 253 251 190 251 100 94 244 215 124 255 247 109
    193 115 239 127 227 127 126 126 244 233 222 126 84 190 222 120 250
    245 118 223 187 111 221 23 247 111 153 175 24 71 248 29 159 77 17
    247 119 191 88 119 161 250 94 49 201 180 118 178 59 26 196 43 209
    114 203 192 50 83 16 77 98 245 224 117 66 215 140 218 188 191 82 164
    53 232 87 60 150 170 251 120 224 85 104 72 55 41 241 21 183 111 26
    174 152 3 226 56 92 89 20 179 19 155 120 87 100 250 248 47 247 251
    218 127 227 255 253 253 206 63 255 255 251 236 235 213 251 102 125
    143 159 183 95 239 62 175 254 219 58 255 247 39 85 251 86 118 253
    116 252 85 88 62 77 174 109 231 157 45 92 5 243 31 141 73 80 252 35
    189 90 70 32 248 45 135 109 136 19 191 37 123 181 84 172 129 29 60
    188 101 194 124 195 32 240 118 208 115 85 160 4 20 120 216 93 201
    207 64 211 168 210 122 137 184 118 159 62 167 84 246 245 79 177 172
    153 12 242 29 223 29 56 226 127 188 91 222 46 217 169 156 254 251 27
    125 240 223 61 249 142 239 62 254 174 253 235 246 161 35 212 215 254
    51 103 223 112 35 251 67 59 103 215 34 87 240 115 113 249 116 112
    221 126 47 213 21 117 231 153 172 26 5 240 29 156 73 26 240 39 189
    91 95 32 250 150 121 154 247 55 0 216 163 82 219 113 115 182 194 194
    90 118 131 36 215 71 172 165 83 142 27 243 107 194 46 230 59 114 36
    60 254 94 124 227 245 208 78 177 94 202 20 211 94 137 175 24 135 248
    30 156 73 18 243 51 157 92 54 32 185 77 34 247 161 24 247 163 116
    208 190 194 53 65 133 155 194 10 76 203 104 249 65 206 153 13 40 12
    134 72 69 49 207 125 3 181 169 53 190 5 28 220 36 90 6 103 161 67
    243 58 108 111 176 241 252 28 20 230 174 143 200 203 134 97 246 187
    223 124 254 119 191 255 51 127 93 125 219 191 123 116 93 247 247 125
    255 247 126 145 119 255 255 243 127 126 118 244 249 210 100 86 190
    215 120 249 245 119 223 187 63 213 149 247 111 137 173 24 13 248 29
    159 77 16 247 115 159 90 95 32 250 61 63 247 252 48 111 124 119 81
    252 207 177 86 245 156 218 255 202 227 107 247 45 97 147 221 107 226
    223 105 68 252 239 223 18 117 190 149 248 241 125 124 125 187 231
    255 53 247 111 153 166 41 223 240 29 24 77 39 243 87 255 123 119 165
    250 187 215 125 255 255 189 223 57 255 95 125 219 173 127 124 93 247
    247 109 123 244 126 145 118 253 255 247 127 126 83 247 251 214 108
    223 190 215 121 249 117 127 95 123 191 213 148 245 111 137 189 24 13
    248 29 159 77 16 246 115 159 90 95 44 186 255 212 238 181 255 183
    223 137 63 111 185 250 191 104 54 93 241 245 60 247 206 247 250 120
    110 207 251 63 211 121 119 111 215 173 158 251 210 125 245 247 114
    202 108 41 211 28 221 21 157 172 24 5 97 189 157 107 216 182 49 189
    220 95 48 188 5 163 246 244 57 160 225 94 36 148 128 113 227 91 131
    69 226 213 35 106 199 47 195 119 14 138 34 13 86 12 48 111 247 38 53
    154 82 120 105 116 113 64 56 14 200 128 209 111 153 172 24 5 240 28
    156 73 16 242 51 157 88 71 32 251 231 172 235 85 223 230 219 216 140
    175 147 126 203 203 210 237 137 101 127 87 63 143 126 205 103 255 31
    39 208 31 34 159 79 175 222 219 90 61 239 159 89 108 32 255 219 120
    189 177 92 156 16 241 209 255 156 162 208 188 241 63 204 149 176 186
    186 253 255 222 54 77 89 163 255 207 95 254 63 238 254 254 255 146
    103 243 55 254 241 183 251 191 247 217 235 219 254 184 194 110 103
    254 223 127 217 124 218 223 245 47 222 54 245 238 191 172 155 205
    250 31 157 93 56 242 121 249 127 223 42 251 29 191 247 244 48 111
    124 119 49 252 206 245 86 245 140 250 251 200 225 107 247 44 96 211
    221 47 226 219 104 70 252 229 223 18 117 186 149 250 249 125 125 61
    187 231 236 17 247 111 153 166 105 95 240 29 24 77 47 243 87 231 91
    119 165 234 239 220 238 237 255 183 223 201 63 255 185 250 191 105
    246 93 225 245 61 115 237 245 190 120 110 223 187 63 223 127 119 127
    247 229 158 123 242 253 253 247 118 78 106 125 215 28 221 17 157 221
    24 37 237 247 157 239 216 254 177 189 220 95 48 189 40 15 231 200
    203 255 163 123 253 88 222 5 121 124 121 228 192 57 203 54 244 127
    24 247 83 104 12 132 236 214 57 222 239 107 67 48 94 114 221 172 223
    53 86 134 68 231 227 203 189 44 137 12 243 29 137 89 55 230 87 188
    66 78 42 88 51 18 9 135 175 149 155 40 214 254 22 71 189 24 51 20
    118 215 1 98 192 39 194 116 72 152 188 46 82 16 113 107 215 36 85
    176 83 120 233 116 112 92 56 14 209 20 241 111 153 172 24 5 240 29
    156 73 16 242 51 189 88 87 32 250 231 236 235 81 222 230 219 216 156
    175 187 254 195 202 242 237 137 109 127 87 63 143 62 92 39 255 31 39
    209 31 34 159 103 175 223 219 90 61 239 191 89 124 96 255 219 120 61
    177 77 156 18 177 217 255 132 162 208 172 241 63 204 213 48 190 1 7
    132 82 201 130 130 2 34 48 6 69 128 115 0 1 98 229 1 34 198 45 8 99
    66 154 0 6 50 8 1 71 215 38 80 176 80 24 235 100 212 116 24 134 193
