<?xml version="1.0"?>
<opencv_storage>
<ImageFile>"141.jpg"</ImageFile>
<Features type_id="opencv-matrix">
  <rows>207</rows>
  <cols>64</cols>
  <dt>u</dt>
  <data>
    210 25 154 151 87 195 90 175 214 163 181 190 179 128 51 122 125 151
    114 215 138 151 231 15 143 211 255 111 83 191 214 106 199 45 37 255
    26 109 239 118 112 72 37 43 159 28 181 175 223 172 26 133 240 57 52
    195 80 178 49 249 25 21 16 234 208 41 155 151 66 67 218 239 86 161
    253 190 243 194 147 122 127 147 112 87 143 173 231 135 159 223 251
    111 67 143 182 122 207 39 37 255 26 125 239 118 112 88 181 43 159 28
    181 239 159 172 27 133 240 29 28 75 80 242 51 249 25 85 32 234 212
    41 147 215 96 66 250 231 74 169 97 223 210 226 147 170 111 131 53 71
    15 173 231 147 203 95 179 238 65 138 178 62 215 39 117 187 18 124
    235 116 112 92 177 47 255 28 253 111 153 172 88 69 240 31 156 73 16
    242 51 185 88 87 33 250 45 239 237 216 50 191 245 91 189 94 134 240
    93 127 252 205 139 253 227 107 247 117 80 243 117 255 23 183 125 92
    61 225 215 66 223 170 210 120 249 60 116 255 122 39 245 244 245 111
    153 188 184 76 242 29 159 28 60 210 115 175 91 223 109 250 45 239
    237 248 50 191 117 95 245 94 142 241 93 127 252 205 139 253 227 107
    247 125 80 243 117 255 23 183 125 76 61 193 215 66 215 170 208 120
    251 52 124 255 122 103 245 212 245 111 153 188 184 76 242 29 159 28
    60 242 115 175 91 223 109 250 68 79 175 217 64 95 163 247 45 214 42
    140 83 253 251 175 137 121 249 46 94 213 94 179 91 101 29 36 41 130
    26 17 240 19 83 169 16 230 223 40 182 53 56 182 21 254 101 226 29 8
    60 60 147 93 133 158 153 204 107 45 64 212 11 242 44 142 101 168 9
    125 161 223 189 254 138 5 81 61 249 165 137 60 195 40 240 82 92 56
    85 173 12 128 61 210 59 219 173 194 195 32 52 162 45 40 172 53 82
    164 84 227 100 224 56 57 238 56 147 85 205 28 174 192 143 164 195
    207 110 82 65 14 199 212 105 130 163 74 48 249 2 71 138 249 160 3 34
    221 33 99 196 45 202 115 74 218 128 6 80 0 49 79 215 39 84 186 82
    120 233 116 80 124 56 15 201 4 241 107 153 172 24 5 240 28 156 73 16
    242 51 189 72 87 32 250 188 254 255 221 58 127 249 247 253 252 254
    221 95 245 251 238 253 218 251 235 245 125 119 191 249 111 247 242
    109 215 255 254 255 120 103 244 223 251 249 124 254 93 255 190 253
    167 211 111 191 237 143 207 250 29 153 93 126 247 127 253 251 251
    107 254 124 175 255 253 114 255 251 247 253 252 222 253 95 246 251
    238 251 153 251 239 247 127 215 247 251 107 230 223 109 215 254 250
    239 123 71 190 223 122 249 124 254 61 245 246 253 167 243 111 191
    173 143 203 242 29 155 93 127 247 127 255 123 127 235 254 252 189
    239 253 126 247 251 247 189 253 214 223 223 253 187 206 249 221 251
    111 252 125 246 251 123 107 182 246 125 213 127 239 255 33 85 249
    223 123 249 124 216 95 251 62 213 55 211 111 189 172 26 5 240 29 157
    77 84 246 115 189 90 87 34 255 14 34 164 161 236 178 162 48 36 58
    210 70 200 81 25 1 0 233 107 210 241 119 90 217 6 120 12 166 12 148
    33 194 95 24 199 40 125 56 233 32 108 20 18 141 85 225 179 75 58 236
    136 1 243 93 216 81 6 195 151 149 202 211 104 122 253 221 255 253
    247 127 253 250 191 221 253 219 159 249 246 255 251 245 125 111 126
    239 182 123 111 255 179 63 255 91 126 191 242 103 60 251 210 125 253
    245 215 223 250 63 219 30 253 254 141 181 94 5 232 191 159 77 152
    244 121 159 95 95 35 187 187 221 125 230 255 253 255 56 253 93 222
    223 239 125 124 253 247 255 255 251 244 126 153 255 235 126 119 254
    126 115 255 237 223 239 219 52 255 91 248 125 125 221 255 239 213 51
    255 111 174 215 137 206 236 165 159 93 127 183 247 239 243 255 173
    222 59 222 125 237 191 189 255 121 253 127 222 251 237 125 124 93
    255 255 255 123 244 118 154 125 237 255 115 255 126 83 127 255 223
    236 223 29 247 249 249 119 125 221 123 191 215 149 254 115 172 157
    24 45 238 181 143 125 60 214 247 175 211 223 44 190 108 46 109 136
    202 95 35 125 173 118 222 20 93 60 255 228 209 252 67 100 240 83 144
    176 93 228 140 140 233 222 59 233 213 4 199 170 82 114 137 120 190
    93 28 13 84 182 228 108 155 172 152 12 242 29 157 89 56 226 59 188
    90 214 106 248 192 0 139 153 200 70 58 229 0 166 69 14 80 128 147
    162 11 73 49 70 72 129 230 128 10 201 156 160 193 128 50 10 97 5 5
    251 17 229 101 82 48 72 48 34 117 28 129 56 25 172 90 53 209 94 20
    64 208 232 41 185 76 22 32 242 252 254 255 237 126 127 191 247 253
    253 126 223 223 189 251 238 251 221 251 107 253 213 239 189 251 125
    189 182 253 215 127 255 253 97 125 251 215 255 253 125 255 93 123 62
    223 167 255 121 191 237 223 141 243 63 159 93 214 254 59 253 223 95
    40 254 252 254 255 253 122 255 255 247 253 253 126 159 223 182 251
    238 251 221 251 107 253 221 207 191 251 127 189 182 125 215 127 255
    255 101 117 251 215 255 249 117 124 93 251 63 255 183 255 111 191
    173 31 151 242 63 157 77 86 254 59 253 219 95 32 254 120 157 254 255
    127 255 251 191 63 253 214 221 191 252 59 254 255 223 249 191 244
    125 231 251 251 107 242 254 125 213 255 239 223 99 117 245 247 127
    248 117 249 93 255 62 221 151 243 111 189 174 31 141 240 61 157 77
    87 247 127 255 219 127 162 254 113 119 117 158 114 95 7 115 231 84
    63 21 93 253 252 230 243 244 71 100 113 226 145 182 218 108 141 24
    169 158 216 41 248 44 67 190 202 114 129 252 118 95 24 135 212 114
    228 76 153 165 137 12 242 29 155 73 56 242 51 188 90 214 46 248 130
    5 0 246 197 128 74 9 6 67 51 66 130 75 0 53 100 215 4 71 206 46 162
    99 72 130 163 47 18 40 1 41 54 38 20 146 99 72 67 196 192 96 24 73
    192 4 241 15 17 172 16 5 116 0 156 233 17 114 51 157 72 22 32 249
    131 23 1 214 237 128 219 8 134 65 49 66 171 75 0 53 100 215 4 83 194
    46 128 99 72 138 163 47 18 40 1 105 118 36 20 146 67 88 226 199 193
    72 24 203 192 0 209 79 153 164 16 5 116 8 156 73 17 114 51 157 88 22
    32 249 242 17 152 118 127 162 94 11 198 43 17 66 175 194 36 27 124
    215 60 215 194 47 195 79 134 218 247 127 82 56 244 96 87 189 22 191
    235 108 242 85 96 202 181 73 201 92 181 79 213 166 24 71 96 56 156
    203 17 179 115 159 56 55 176 234 130 7 8 242 133 144 66 9 6 67 33
    202 130 91 4 55 68 215 37 71 142 46 194 99 64 130 163 47 18 40 0 33
    182 38 20 178 99 88 67 208 194 98 56 73 208 20 113 7 209 172 24 4
    116 1 190 233 17 242 51 157 88 86 48 249 60 233 238 252 54 255 253
    119 245 254 212 153 95 248 61 206 153 248 227 251 247 127 209 247 57
    127 151 182 109 213 116 235 207 90 167 164 223 124 248 121 120 255
    247 47 247 245 119 111 191 170 171 207 242 29 216 92 63 243 127 255
    123 251 233 251 205 238 239 253 122 255 255 243 189 255 238 219 223
    253 255 236 227 221 251 107 245 125 206 251 79 255 183 183 125 71 63
    255 247 34 85 186 86 248 249 116 122 95 122 47 213 22 247 107 153
    172 24 5 240 29 157 73 16 246 51 189 88 87 32 250 253 255 255 221
    254 93 223 249 251 253 175 255 223 255 255 237 251 245 126 111 95
    237 62 188 255 127 191 123 237 95 126 63 251 103 93 223 218 247 255
    255 211 127 233 126 253 62 253 177 205 141 86 247 217 255 133 235
    209 252 241 63 220 125 179 189 234 67 2 247 239 35 14 139 196 10 35
    3 179 202 113 21 118 151 109 214 74 174 145 126 18 158 247 40 210
    146 54 176 106 45 78 247 83 36 128 196 169 64 16 31 203 109 138 28
    137 165 80 1 74 30 141 193 145 240 49 157 124 70 32 48 236 172 239
    168 62 119 179 255 245 254 252 253 95 189 191 238 155 221 251 105
    240 213 254 187 125 233 156 151 121 217 63 235 245 0 215 234 254 250
    169 252 250 95 127 46 213 55 241 105 191 172 155 13 241 29 156 92 60
    246 63 252 219 215 110 255 120 33 171 181 66 199 120 231 212 174 209
    20 83 224 51 66 252 137 99 199 255 181 71 151 154 106 182 206 64 148
    246 234 79 44 7 190 91 108 225 124 88 76 53 46 209 53 163 111 155
    172 24 67 240 29 28 81 16 242 51 185 88 87 96 234 251 222 127 233
    255 255 183 249 189 95 222 127 255 61 255 221 251 245 95 108 124 215
