<?xml version="1.0"?>
<opencv_storage>
<ImageFile>"142.jpg"</ImageFile>
<Features type_id="opencv-matrix">
  <rows>383</rows>
  <cols>64</cols>
  <dt>u</dt>
  <data>
    242 250 83 103 252 240 187 248 218 191 251 123 231 3 211 240 127 199
    62 111 105 141 167 92 175 223 255 191 214 43 227 190 113 165 124 255
    86 189 233 247 121 76 51 190 235 8 152 61 137 191 92 163 248 190 156
    107 192 254 49 28 124 87 48 190 250 220 254 255 255 247 223 249 63
    255 253 251 191 235 246 92 251 213 125 103 255 253 235 121 127 255
    251 63 255 219 119 255 215 231 93 251 82 253 255 126 116 95 237 127
    221 28 253 183 221 172 24 165 243 255 156 239 88 252 113 191 221 95
    48 254 231 190 115 103 253 162 139 216 234 61 130 111 166 91 194 21
    98 229 63 38 237 47 27 124 70 254 123 47 150 11 99 87 87 231 95 159
    112 188 111 87 101 68 42 223 201 72 253 179 136 245 24 33 245 182
    142 227 16 60 178 143 220 87 52 58 92 141 254 220 98 95 240 103 63
    244 86 135 30 244 63 238 237 153 241 38 212 53 194 115 123 74 144 68
    104 197 30 107 215 32 81 184 86 90 233 124 240 157 124 38 213 22 245
    111 157 172 25 13 240 29 153 73 18 242 59 189 91 95 34 250 197 94 70
    97 221 178 163 216 172 61 162 107 170 91 194 5 98 237 191 102 109
    143 58 124 6 255 59 39 158 10 35 23 90 103 222 155 81 180 109 150
    109 116 26 159 73 73 254 145 136 53 16 48 209 254 142 235 16 252 33
    135 204 87 52 56 197 94 70 97 221 178 163 216 172 61 162 107 162 219
    194 37 98 237 191 102 109 143 59 124 6 255 27 39 222 14 35 23 90 103
    222 155 81 181 109 150 77 116 26 159 73 73 254 145 8 53 16 48 209
    254 142 163 16 188 161 143 204 87 52 56 237 255 255 239 240 255 247
    253 249 221 110 255 247 191 255 237 251 253 255 111 61 141 62 180
    251 255 63 175 205 131 122 191 248 103 111 223 83 247 253 252 251 94
    56 182 223 255 94 180 141 173 118 53 217 255 135 205 208 252 41 172
    92 79 51 185 187 253 254 254 63 237 93 62 119 125 252 249 63 255 38
    255 255 246 244 187 247 124 247 59 227 239 227 251 127 115 222 239
    159 242 176 116 255 213 250 253 119 255 239 103 252 19 255 239 213
    242 207 223 252 134 250 77 63 183 255 251 147 253 143 222 58 213 252
    254 39 61 93 23 247 198 125 168 61 186 60 223 189 178 98 251 183 114
    81 183 209 39 231 216 123 244 252 224 138 28 194 174 203 88 242 121
    62 223 181 237 182 119 183 110 187 170 136 79 114 29 251 93 57 243
    123 255 123 250 238 203 59 158 253 255 62 221 223 1 255 253 63 203
    157 127 60 93 255 247 96 43 244 119 211 119 249 247 245 127 126 251
    215 239 151 236 199 180 243 88 248 125 116 93 107 173 245 80 245 111
    185 172 152 13 244 29 156 93 56 246 115 189 250 215 44 250 59 220
    124 170 55 125 181 191 55 212 124 189 61 62 239 255 251 214 129 41
    49 208 245 48 121 173 89 25 127 91 94 105 180 100 181 242 247 91 137
    116 182 223 126 53 22 150 116 108 155 61 255 12 186 15 167 76 184
    224 47 220 91 143 46 211 252 255 247 207 240 223 247 253 251 213 110
    255 215 183 255 236 251 215 127 111 31 141 190 181 251 255 61 175
    197 139 122 190 240 39 109 223 82 119 237 254 243 94 56 62 223 190
    92 180 141 173 86 181 249 255 135 203 208 252 41 60 92 68 50 185 249
    221 254 223 251 255 251 247 61 253 127 223 159 252 251 238 251 221
    125 111 126 159 247 59 123 111 187 62 249 215 126 191 255 37 117 251
    211 127 253 252 242 95 249 62 221 30 219 191 157 172 94 133 240 63
    157 77 80 254 115 189 95 87 34 251 60 240 92 138 23 121 53 124 119
    80 142 180 61 62 239 247 251 150 193 56 65 208 205 48 101 133 72 25
    127 73 31 105 156 68 149 250 70 82 9 116 182 215 94 55 20 135 100
    108 147 53 255 12 186 29 199 77 184 224 47 252 89 14 38 210 58 242
    125 238 54 253 223 61 255 255 93 249 253 63 252 214 191 214 90 185
    165 112 195 124 237 213 229 127 127 251 253 239 149 252 191 214 254
    251 184 119 119 223 239 125 183 134 252 127 183 243 191 15 174 165
    191 125 220 247 254 207 251 143 110 246 213 253 218 119 241 162 250
    248 12 131 225 250 162 202 192 78 106 213 63 79 15 175 167 125 47
    223 187 47 82 14 50 57 82 39 60 219 66 125 239 214 240 104 184 127
    251 28 25 182 205 173 50 181 105 254 132 227 208 254 49 255 92 55
    177 187 255 253 238 255 127 191 223 155 191 255 189 251 191 250 246
    255 243 247 126 127 245 127 242 119 119 255 243 63 123 251 127 251
    223 44 86 255 210 121 249 253 210 223 127 47 209 23 245 111 157 174
    26 13 248 29 157 73 48 246 115 189 91 223 42 251 199 217 218 119 245
    176 254 216 10 131 161 250 162 195 196 25 107 197 61 111 143 47 235
    121 111 223 59 47 86 11 34 62 86 167 60 219 66 61 239 151 113 232
    184 127 155 28 125 183 201 157 48 53 105 182 166 107 208 250 48 143
    92 85 49 186 253 185 255 254 52 119 249 246 213 254 116 177 71 139
    147 206 187 204 243 107 245 173 230 191 169 171 182 147 89 201 118
    239 247 34 53 242 247 252 249 125 250 126 179 174 251 48 81 238 187
    172 127 211 240 29 156 68 244 242 123 251 251 215 35 255 77 143 175
    217 64 223 227 119 45 244 14 142 211 253 255 175 137 121 251 103 222
    125 82 243 91 103 158 102 104 214 26 67 199 19 67 169 144 106 255
    104 244 61 60 167 245 126 245 235 157 172 184 29 243 93 157 74 57
    206 115 189 90 87 9 250 114 16 154 150 31 130 88 14 198 171 17 114
    179 202 18 82 126 23 34 211 138 39 195 79 140 194 246 47 82 169 245
    110 71 172 4 191 10 108 99 87 80 200 37 105 131 20 165 111 81 174 24
    1 224 24 60 65 24 50 51 153 56 21 32 238 237 207 254 251 249 127 191
    219 61 255 0 235 158 127 239 205 235 253 173 103 116 247 210 114 83
    255 177 50 249 66 123 115 223 4 87 186 209 120 249 124 116 92 56 183
    245 85 245 109 153 172 24 5 240 29 156 73 24 246 51 189 90 215 40
    250 237 207 254 219 251 127 191 217 61 255 4 235 159 127 239 77 203
    253 185 103 124 247 210 114 83 255 185 55 249 90 127 99 223 4 87 186
    211 120 249 124 116 95 56 63 213 84 245 109 157 172 24 13 242 29 156
    73 24 246 51 189 90 215 40 250 209 251 151 213 248 224 248 246 90
    191 97 219 198 193 211 186 111 199 188 47 14 141 238 153 175 219 183
    254 213 11 50 63 115 151 60 91 20 253 254 247 211 106 235 118 171 12
    89 179 205 145 118 247 205 250 180 239 213 252 32 79 84 37 17 183
    196 14 131 21 232 130 138 129 8 187 3 79 194 193 3 0 108 137 41 199
    204 165 66 217 74 90 191 238 192 6 35 98 215 37 69 187 91 56 237 116
    112 92 56 175 209 92 179 127 153 172 24 1 240 29 156 73 16 242 51
    189 88 87 32 250 122 49 232 182 55 179 91 56 214 170 215 50 189 74
    48 86 118 179 66 215 247 119 195 87 144 114 246 159 82 248 245 232
    79 44 134 190 219 56 225 125 120 93 181 45 209 117 179 111 191 174
    152 3 242 29 220 81 16 243 119 185 57 147 232 202 213 249 147 213
    248 224 249 254 26 191 97 219 198 193 131 187 111 197 188 47 14 141
    238 153 175 219 187 111 213 11 50 63 115 151 60 91 20 245 127 215
    209 104 235 118 171 12 89 179 204 145 118 245 201 250 164 235 209 28
    32 79 92 37 145 183 122 49 232 246 55 147 90 41 214 162 213 178 189
    74 48 86 118 147 98 215 247 55 195 87 144 122 247 191 66 252 245 232
    207 44 6 190 219 56 224 125 120 93 181 47 209 117 183 111 187 174
    152 3 242 29 220 81 16 243 119 185 57 243 168 74 35 198 76 10 15 157
    7 16 33 84 14 64 12 63 108 5 192 118 129 176 240 114 145 99 112 52 0
    20 60 88 89 65 150 64 209 128 101 74 25 40 231 151 30 133 84 146 244
    79 18 53 9 12 178 5 203 13 42 130 54 164 194 219 46 89 251 221 254
    255 87 111 121 246 31 197 125 158 63 174 255 254 255 215 121 111 62
    157 231 51 111 239 186 57 243 91 126 185 240 39 53 251 82 119 221
    252 50 221 253 62 223 30 109 180 221 172 87 149 248 191 148 77 216
    252 105 251 93 14 50 250 254 255 255 252 118 127 127 235 255 215 255
    218 223 253 254 254 251 213 63 111 22 255 208 119 95 223 183 63 127
    154 126 185 210 39 85 251 82 124 253 116 116 93 184 63 223 156 245
    239 157 173 24 5 240 29 158 77 16 246 115 189 89 87 32 250 221 109
    239 125 113 99 121 250 152 173 245 187 195 235 203 238 162 77 127
