<?xml version="1.0"?>
<opencv_storage>
<ImageFile>"143.jpg"</ImageFile>
<Features type_id="opencv-matrix">
  <rows>194</rows>
  <cols>64</cols>
  <dt>u</dt>
  <data>
    247 237 107 223 226 222 95 129 175 231 61 218 159 254 116 254 181
    215 60 111 30 253 242 99 253 215 191 127 39 187 94 59 130 181 100
    203 202 95 250 255 18 187 237 249 191 30 253 63 199 139 19 239 125
    119 183 239 81 255 112 127 125 93 59 191 212 185 159 213 38 215 218
    246 90 135 21 222 222 208 19 106 60 195 122 175 31 125 102 195 169
    115 182 126 69 175 214 59 223 60 177 207 218 121 250 113 240 61 177
    46 179 60 177 46 159 170 171 199 240 125 24 87 81 211 114 251 121
    185 65 251 191 254 109 235 255 253 151 217 255 125 190 255 253 127
    252 253 243 245 127 184 245 114 155 124 247 253 125 63 255 95 127
    255 245 236 223 222 254 243 253 190 255 223 106 63 213 215 252 113
    173 253 156 13 254 165 143 125 52 212 182 172 219 223 46 189 60 239
    239 253 58 255 253 255 253 252 222 253 127 255 249 206 187 213 251
    107 245 127 222 255 127 255 151 183 127 219 63 255 215 102 119 186
    214 252 249 124 125 125 251 63 255 164 245 235 157 173 191 157 242
    29 158 92 16 246 123 223 219 95 41 254 63 254 125 234 255 189 151 25
    255 93 188 251 189 63 252 253 247 247 239 184 245 118 153 125 245
    244 105 127 127 123 221 239 159 236 223 182 254 91 185 125 255 223
    106 189 213 247 244 79 190 255 141 13 254 133 223 93 62 246 246 188
    251 223 110 221 61 237 255 220 34 127 117 119 49 212 109 136 94 249
    190 206 157 250 224 235 183 125 112 179 249 103 149 216 109 244 220
    225 151 82 243 168 219 88 250 121 126 191 189 231 181 180 247 110
    155 168 175 223 242 29 187 92 63 247 123 255 123 251 79 219 45 253
    255 216 34 127 117 119 53 212 109 200 95 249 190 207 157 248 226 107
    182 125 112 243 249 103 149 240 109 212 220 225 151 82 211 168 211
    88 250 121 126 191 191 231 180 244 247 110 187 168 175 95 242 29 155
    92 63 215 123 239 123 251 79 219 135 206 6 33 253 112 130 208 40 155
    162 79 138 89 66 41 73 237 45 243 68 6 62 120 102 223 25 34 212 6 35
    23 215 96 221 202 82 57 233 38 113 92 58 191 209 80 250 49 152 157
    24 1 208 135 140 73 16 208 48 173 84 87 32 250 131 206 134 33 253
    240 139 152 56 155 130 79 138 89 67 45 104 237 61 247 104 7 62 120
    102 223 57 34 220 7 35 23 215 97 93 89 82 57 237 36 113 92 58 191
    209 65 250 49 152 157 24 1 209 183 156 105 16 212 51 189 84 87 32
    250 59 205 109 138 2 221 149 33 239 68 31 206 189 63 124 196 223 51
    96 232 182 118 211 229 121 244 21 60 46 218 95 41 134 76 67 150 203
    75 250 40 53 157 124 165 21 244 116 39 147 136 161 12 182 5 186 28
    56 226 122 233 115 219 108 218 62 252 234 235 255 253 223 9 255 251
    253 250 191 126 124 93 217 247 126 251 255 119 219 125 245 215 123
    63 127 251 255 255 135 236 223 71 251 253 249 115 120 221 231 105
    215 93 255 51 255 222 152 13 254 165 252 253 80 247 254 191 251 251
    248 254 47 174 231 11 222 221 129 73 255 253 134 255 255 63 255 205
    219 245 235 41 245 87 91 125 119 244 29 39 62 219 91 207 135 236 79
    158 122 255 237 62 237 85 110 173 93 246 124 177 253 124 136 60 247
    133 143 127 60 244 182 173 219 221 60 254 129 140 130 5 9 192 160
    244 24 185 6 205 130 17 3 171 104 8 161 139 196 47 239 211 33 11 16
    38 92 5 3 70 223 35 113 48 53 136 233 36 241 52 42 38 201 113 59 227
    185 200 120 5 244 29 152 72 23 210 167 165 64 119 4 203 76 170 227
    225 25 240 161 255 28 251 192 251 195 155 131 79 202 93 187 75 137 5
    206 121 15 201 26 39 84 13 35 207 87 131 253 187 116 253 109 54 112
    100 106 54 95 141 89 179 88 124 60 176 209 253 188 108 80 232 163
    205 201 85 49 246 69 13 147 112 0 194 224 110 0 224 70 133 66 192
    139 10 10 77 161 67 134 45 206 83 13 219 146 6 64 1 49 79 215 2 113
    42 16 232 109 86 112 52 184 98 111 20 113 235 25 168 56 21 241 29
    188 72 17 234 51 249 72 87 1 250 217 152 206 87 255 243 251 190 120
    191 212 255 190 185 35 75 239 179 251 155 253 87 239 253 35 123 248
    182 120 71 231 103 223 173 149 53 95 253 252 123 120 93 107 47 213
    49 247 123 191 238 24 133 245 189 216 197 118 247 183 189 185 211
    164 222 250 251 255 255 118 127 125 255 255 255 127 159 255 254 255
    254 251 213 121 111 62 253 230 63 127 223 183 63 255 219 126 191 243
    103 119 251 214 127 255 119 118 255 247 127 223 142 109 191 207 165
    255 213 235 191 191 223 201 252 121 255 95 76 147 182 45 174 109 136
    146 221 39 105 237 68 142 188 221 61 253 196 203 117 67 100 177 83
    218 245 93 245 13 45 42 158 89 137 197 68 71 154 0 122 45 30 60 85
    60 167 85 250 116 161 155 44 129 12 179 29 143 20 56 230 43 188 202
    215 40 250 175 239 125 220 50 93 221 67 191 223 5 218 223 127 244
    221 171 212 44 107 134 124 240 122 109 215 55 59 127 43 63 127 215
    102 124 218 82 121 251 55 119 254 232 127 183 20 245 111 153 189 30
    69 248 21 159 77 25 246 114 143 89 95 35 251 217 152 206 67 255 243
    211 188 120 191 212 255 190 185 35 73 207 177 123 187 253 87 239 253
    35 127 249 182 125 71 231 103 223 237 145 117 95 253 253 123 120 93
    107 47 213 121 247 243 191 222 25 133 245 189 216 199 126 247 183
    189 185 219 196 222 47 166 109 232 223 189 135 89 189 94 138 55 217
    127 253 101 128 125 195 32 245 114 154 120 124 228 4 21 252 94 57
    203 215 98 223 170 114 122 125 52 116 117 94 44 84 198 245 67 56 60
    24 12 211 29 143 24 56 230 59 188 202 223 46 240 124 33 239 244 50
    247 251 119 212 254 213 240 211 160 146 74 187 221 98 107 183 53 194
    223 29 251 182 191 64 189 53 234 199 60 69 186 218 120 232 127 120
    92 177 47 247 52 183 111 155 174 24 7 240 29 156 81 16 243 51 253
    121 87 32 254 211 21 130 54 223 2 79 10 38 41 17 67 174 203 2 31 110
    215 53 247 202 175 195 103 14 219 251 47 210 8 34 107 211 39 20 187
    82 120 101 116 112 72 56 11 217 28 245 79 153 172 24 5 240 28 156 75
    16 242 51 189 88 87 48 250 109 46 231 209 120 183 163 127 180 252
    214 55 207 249 147 70 234 213 107 102 244 47 202 243 94 234 156 39
    120 152 49 207 215 39 85 186 86 120 237 124 116 84 56 143 197 160
    241 239 153 172 25 9 240 29 156 73 48 246 51 157 90 87 32 250 125 46
    231 213 252 247 227 255 180 253 212 55 207 255 147 78 234 213 123
    102 252 173 206 123 94 234 188 47 120 25 51 239 215 39 85 187 82 120
    237 118 112 92 56 174 205 12 225 239 153 172 24 5 240 28 156 73 80
    246 51 157 88 87 32 254 38 50 64 2 31 130 11 8 230 2 17 112 41 11
    160 85 98 246 4 208 193 34 129 103 4 144 224 15 18 56 1 104 23 44
    150 154 74 56 33 214 192 66 0 9 192 68 144 79 16 172 24 0 96 24 156
    73 16 50 50 156 24 87 32 121 140 206 94 237 232 221 186 193 61 219
    42 207 158 117 123 189 237 217 173 98 204 100 30 120 127 223 51 122
    221 199 59 55 247 112 95 105 115 251 232 112 247 92 56 62 213 22 250
    53 153 141 24 37 248 23 157 105 16 208 51 173 84 95 32 186 248 9 255
    255 34 127 125 231 221 254 91 157 83 164 255 238 187 220 249 107 62
    157 230 187 93 138 166 146 67 193 62 239 99 6 100 251 151 255 209
    254 154 239 245 62 254 150 65 250 223 40 126 181 74 31 181 92 209
    232 105 249 95 6 11 183 135 7 3 51 136 128 8 192 0 35 35 66 130 195
    130 1 66 69 37 67 74 172 10 74 14 150 179 43 146 10 35 19 115 38 84
    186 16 124 99 198 96 96 56 73 192 16 209 23 25 172 16 5 208 24 156
    105 16 112 49 189 76 86 32 184 200 42 231 1 216 183 34 247 104 187
    194 6 206 177 147 3 74 205 251 108 89 197 75 245 10 120 28 164 168 4
    34 130 95 7 87 187 81 60 45 68 124 84 56 183 77 237 119 245 28 44 8
    48 211 125 142 207 68 236 3 149 76 87 112 122 250 57 250 247 247 195
    219 169 222 171 255 254 191 206 114 254 127 147 126 223 31 191 231
    79 189 223 247 127 66 251 246 190 75 189 39 255 222 61 250 255 88
    221 245 105 191 125 189 63 255 174 154 195 248 63 252 243 81 247 245
    251 61 63 184 254 250 57 250 247 247 215 223 137 222 171 255 254 191
    206 114 254 127 151 126 223 63 191 247 95 181 223 247 127 82 251 246
