<?xml version="1.0"?>
<opencv_storage>
<ImageFile>"144.jpg"</ImageFile>
<Features type_id="opencv-matrix">
  <rows>116</rows>
  <cols>64</cols>
  <dt>u</dt>
  <data>
    171 223 239 222 55 221 221 11 191 255 57 202 159 185 124 223 153 245
    110 107 182 118 210 127 93 247 183 63 127 251 127 235 199 124 215
    190 210 124 250 123 118 95 125 237 183 86 245 111 157 173 24 13 242
    29 191 93 24 246 115 189 123 223 42 251 250 253 255 255 126 247 249
    183 127 253 255 255 255 254 251 254 255 215 250 251 255 253 231 191
    251 111 246 255 127 247 255 255 255 255 53 247 255 255 250 255 219
    223 255 126 255 55 219 127 189 238 95 199 252 63 157 77 215 247 255
    255 255 63 163 255 252 255 255 253 50 127 253 247 253 253 254 255
    223 254 255 238 251 221 255 107 253 253 246 191 253 255 183 191 125
    223 127 255 247 103 117 251 214 127 249 245 250 95 251 62 255 182
    211 111 159 173 159 141 248 29 159 77 84 246 123 255 91 95 43 255
    204 43 163 245 40 119 232 247 16 190 98 23 83 208 147 98 8 73 235 75
    196 173 100 155 15 75 151 134 64 198 50 218 99 18 85 169 84 124 233
    116 248 52 178 62 235 36 131 235 153 172 24 81 209 93 156 64 6 242
    19 189 72 86 33 250 59 214 116 238 255 236 247 88 255 125 174 125
    173 127 236 245 247 247 141 50 244 42 155 126 230 255 99 63 255 123
    253 111 151 231 125 190 246 243 249 255 119 223 74 207 204 147 253
    87 136 183 92 12 236 182 159 105 56 182 254 175 218 79 167 220 204
    43 163 245 112 119 232 247 16 190 98 23 83 208 147 98 8 77 235 79
    197 173 68 155 15 75 151 134 64 198 50 218 103 19 85 169 85 252 237
    116 248 52 178 62 235 164 147 235 25 172 56 215 209 93 156 64 6 234
    19 157 72 86 97 250 251 189 251 118 55 3 217 174 214 189 245 243 191
    250 134 94 254 151 54 211 231 175 227 119 189 219 243 127 82 121 246
    107 215 60 4 254 254 120 250 125 120 221 189 111 241 21 245 111 155
    174 25 199 240 29 156 65 16 243 119 251 120 119 160 250 243 61 251
    118 55 2 93 170 210 185 213 243 238 251 130 90 254 135 50 215 231
    175 195 119 206 251 243 127 66 61 230 107 223 60 36 190 222 56 250
    125 112 92 185 111 249 17 245 111 153 174 25 71 240 28 156 65 16 243
    115 187 120 119 161 250 124 37 247 151 17 199 240 255 212 224 212 53
    243 230 147 78 234 213 99 103 221 47 199 183 30 218 180 13 82 140 50
    106 223 36 21 186 82 120 233 116 112 92 56 46 213 52 225 111 153 172
    24 5 240 28 156 73 16 242 51 189 88 87 32 250 50 49 17 182 58 128
    152 41 194 32 87 53 245 70 153 80 118 130 2 210 195 40 195 71 156
    152 228 205 2 168 197 238 7 44 69 190 158 26 201 94 168 80 149 74
    228 4 161 111 155 174 137 67 176 24 24 65 0 115 27 177 56 7 32 70 60
    191 255 217 218 127 227 255 191 252 206 125 93 126 251 252 251 253
    251 98 245 123 222 243 255 239 116 223 253 223 127 255 239 66 71 190
    214 242 253 124 254 29 222 182 85 182 245 239 189 44 159 13 242 29
    157 89 60 244 107 189 219 223 43 252 251 181 255 118 63 51 93 30 246
    191 245 250 191 234 38 95 188 247 54 243 231 127 243 127 165 251 247
    127 122 121 247 235 215 188 150 254 250 121 250 125 120 223 255 105
    243 117 245 111 187 174 24 71 240 29 252 93 56 179 119 191 185 247
    172 250 221 63 255 245 248 183 251 253 188 255 194 127 215 121 179
    85 254 221 235 99 252 45 194 251 205 234 246 239 88 69 243 239 215
    34 85 190 87 120 233 116 120 92 58 46 213 21 243 111 153 172 24 5
    240 29 156 73 16 242 51 189 88 87 33 250 93 23 255 245 248 183 251
    252 188 255 194 87 215 120 179 84 244 221 227 99 244 47 194 123 206
    234 182 239 80 69 115 235 215 32 85 190 83 120 233 116 120 92 56 46
    213 21 243 111 153 172 24 5 240 29 156 73 16 242 51 189 88 87 32 250
    59 222 124 111 191 189 223 24 255 255 253 251 191 123 108 93 255 183
    254 187 245 118 219 125 241 127 247 255 127 119 239 231 143 252 203
    52 255 153 248 123 127 223 239 253 245 241 255 127 190 223 153 79
    254 165 219 117 63 247 246 191 179 251 236 94 252 93 255 252 118 127
    125 123 189 255 253 153 95 248 252 238 251 221 127 111 254 255 228
    51 79 255 167 127 89 87 126 251 242 37 116 251 210 126 241 245 242
    223 57 63 223 22 229 110 157 173 30 5 248 29 159 77 144 246 51 189
    89 86 34 187 253 222 246 241 255 243 235 248 60 255 194 127 239 221
    235 237 251 253 255 123 253 143 191 125 103 127 123 167 220 87 227
    255 127 227 221 113 119 253 253 119 125 84 250 62 207 161 251 241
    172 221 28 181 245 255 140 105 86 252 247 143 222 127 181 190 233
    222 246 241 253 243 227 248 188 255 194 127 239 217 227 205 235 253
    255 123 253 143 191 125 103 255 123 167 222 71 99 255 127 227 221
    113 119 253 253 55 125 116 250 62 207 33 91 243 172 221 28 181 213
    255 140 233 86 252 231 143 222 95 181 190 153 222 20 71 175 249 152
    176 58 29 86 79 142 121 104 17 124 235 229 187 244 102 19 240 227
    126 117 242 252 86 227 178 223 120 219 52 255 24 232 33 125 28 58
    191 213 225 246 111 184 223 24 3 244 133 154 73 54 211 54 165 114 91
    36 218 43 215 120 250 47 188 125 1 39 102 1 136 188 127 108 85 246
    255 1 242 166 118 81 115 213 150 227 127 114 50 245 99 135 148 215
    142 195 88 248 123 36 91 124 233 245 85 247 47 153 174 16 13 118 29
    220 89 25 243 115 191 88 243 104 250 43 215 120 250 47 188 31 1 39
    102 1 202 156 123 124 85 246 247 0 226 182 118 81 115 213 150 227
    127 114 50 245 97 135 148 215 142 195 88 248 123 36 91 60 233 244 84
    245 47 153 172 16 13 114 29 220 89 24 243 115 189 88 211 104 250 235
    222 127 171 223 253 135 217 255 255 40 250 191 63 254 253 243 245 61
    105 252 215 191 124 111 255 61 47 223 91 123 127 245 231 94 251 82
    247 173 246 214 94 104 63 209 30 124 181 157 173 28 4 248 191 143
    105 144 244 33 188 220 87 34 185 254 125 255 252 118 111 125 127 245
    126 253 185 95 238 180 254 243 253 127 111 255 191 244 63 31 235 166
    159 91 253 124 237 115 45 54 255 198 119 241 253 218 207 255 47 218
    31 237 94 141 164 94 133 234 62 151 77 216 246 123 223 223 6 34 181
    62 49 241 151 19 129 153 109 214 168 211 53 245 66 147 86 122 147 66
    82 245 47 195 199 156 170 230 237 66 252 229 234 79 44 71 190 158 56
    233 92 120 93 181 42 229 117 177 111 187 174 153 3 242 28 28 81 4
    115 87 185 58 23 160 74 59 150 108 134 63 189 29 89 247 94 159 84
    189 61 116 85 255 244 7 240 240 86 145 117 108 252 233 31 126 94 125
    105 213 108 213 190 210 120 169 117 116 221 56 47 212 20 244 109 153
    172 24 5 224 29 158 73 24 242 51 188 88 87 32 250 58 17 105 182 55
    160 93 26 214 78 213 240 45 74 52 87 118 246 70 209 224 54 209 119
    132 154 224 25 82 240 244 233 134 44 150 190 235 120 128 117 88 203
    55 9 208 85 181 78 155 174 152 1 224 28 220 81 48 178 55 153 58 151
    44 251 187 222 108 239 255 189 159 152 191 127 189 203 175 121 100
    29 245 247 62 185 252 119 154 124 101 247 249 126 255 115 207 255
    159 248 218 85 255 217 248 235 127 223 107 189 213 83 252 17 188 219
    152 45 252 165 223 255 59 151 246 191 242 223 60 159 191 246 125 172
    190 125 155 253 254 126 253 93 93 61 63 245 253 246 3 240 240 240
    182 52 204 169 228 91 251 94 255 235 245 44 85 190 90 114 169 244
    210 94 24 14 212 22 228 77 153 172 24 5 240 29 156 73 16 242 51 188
    88 86 34 249 251 157 254 119 55 55 221 191 215 221 245 251 191 250
    18 94 188 215 126 255 55 191 231 119 185 123 247 255 126 245 246 186
    239 61 36 255 223 61 250 253 89 255 183 254 251 53 147 111 255 170
    155 207 248 62 188 69 115 247 119 219 123 63 137 255 214 65 139 246
    19 2 92 10 6 163 53 146 19 194 132 90 98 87 52 79 14 172 224 3 12
    147 179 45 19 40 16 57 146 166 52 219 66 125 99 214 34 234 181 105
    155 28 81 174 83 172 18 133 104 16 180 106 16 114 49 89 93 20 49 187
    59 17 109 182 55 33 93 60 214 102 213 178 173 8 54 87 244 246 66 209
    248 242 211 118 4 170 224 25 82 48 101 233 207 44 150 190 203 120
    128 117 120 202 55 143 208 49 229 79 155 174 152 9 240 28 220 81 56
    178 51 153 56 150 44 219 59 21 108 150 55 161 31 60 246 102 213 178
