<?xml version="1.0"?>
<opencv_storage>
<ImageFile>"145.jpg"</ImageFile>
<Features type_id="opencv-matrix">
  <rows>232</rows>
  <cols>64</cols>
  <dt>u</dt>
  <data>
    45 254 236 104 63 253 245 121 253 252 206 249 253 125 252 205 219
    252 227 123 245 118 219 247 117 127 85 183 124 215 127 231 207 104
    199 188 247 248 249 125 124 29 122 167 213 241 247 107 185 188 137
    13 242 29 218 85 62 242 247 189 251 223 44 218 251 252 127 171 254
    181 223 209 127 111 57 250 191 111 246 93 255 247 61 103 251 213 187
    124 238 223 251 63 215 27 247 63 211 101 28 223 82 117 237 246 114
    202 120 63 213 28 252 21 157 173 18 5 232 191 156 73 152 244 49 189
    92 95 34 186 63 180 125 174 63 253 157 93 247 254 221 252 61 62 188
    213 251 214 1 97 212 50 242 119 125 159 225 59 83 91 125 107 215 36
    85 186 82 120 233 116 112 221 124 47 212 20 245 111 153 172 24 5 240
    29 156 73 16 242 51 189 88 95 32 250 251 252 126 171 255 183 223 209
    127 111 61 250 191 111 246 93 251 247 61 101 249 213 187 124 238 223
    251 63 211 31 243 59 211 101 156 223 66 117 173 246 114 202 120 63
    213 28 252 21 157 172 16 5 232 189 156 73 24 244 49 189 92 87 32 186
    255 84 108 180 255 191 31 80 38 103 185 90 223 237 52 87 228 245 53
    101 72 245 146 112 78 222 185 127 210 28 117 41 210 36 84 187 66 120
    161 244 118 202 56 47 213 28 244 29 153 172 16 5 96 29 156 73 24 246
    51 189 88 86 32 248 191 254 125 236 255 189 255 120 253 93 254 251
    237 127 252 93 243 253 111 121 245 118 144 118 237 255 241 255 126
    87 119 235 223 108 215 190 223 120 249 125 124 223 58 175 213 49 247
    111 153 189 24 13 240 29 159 77 56 246 51 189 218 215 44 250 253 239
    247 253 112 127 249 247 253 254 234 189 95 255 219 238 139 221 251
    111 125 205 238 191 95 111 191 181 125 207 62 159 241 67 117 251 212
    247 245 125 254 126 251 182 127 163 75 242 191 173 127 241 211 255
    159 92 196 236 107 239 223 198 43 183 68 3 0 0 0 2 34 39 0 2 2 0 16
    2 17 2 100 11 65 196 209 33 64 131 24 8 172 204 0 128 161 64 76 36
    71 170 17 40 1 76 96 16 16 143 192 116 130 78 153 172 24 1 242 29 28
    65 0 242 19 180 72 86 32 104 61 51 117 160 22 53 33 122 198 70 209
    48 109 91 145 85 242 212 67 96 112 34 128 118 12 168 164 9 82 8 113
    233 246 36 84 186 82 120 1 84 240 64 24 14 208 20 192 78 153 172 24
    5 240 29 156 73 16 242 51 156 88 86 32 249 61 62 245 168 17 253 165
    127 253 220 202 53 109 63 217 228 235 252 131 96 245 34 222 55 93
    169 36 133 91 92 121 235 197 38 85 186 84 114 137 124 252 84 58 174
    84 131 119 230 153 44 28 12 240 29 141 73 0 242 35 188 90 71 40 242
    61 51 117 160 22 55 33 122 198 70 211 48 109 91 145 85 242 212 67 96
    112 34 128 118 12 168 164 9 82 8 113 233 116 36 84 190 82 112 1 84
    240 64 24 14 192 0 192 78 152 172 24 1 240 29 156 73 16 242 51 156
    88 86 32 249 22 50 17 132 52 0 24 100 66 130 83 20 64 2 145 82 114
    198 0 96 1 32 196 16 140 136 160 73 66 40 177 105 112 36 84 186 90
    114 129 85 144 72 17 14 226 4 192 76 153 172 24 7 112 28 149 73 128
    114 51 152 88 6 32 241 124 107 255 125 48 127 249 246 249 190 238
    189 95 245 219 234 139 205 251 111 253 221 110 191 223 107 150 151
    109 199 62 222 251 83 229 235 221 190 253 125 254 61 251 54 127 163
    67 234 190 173 239 251 211 127 159 92 238 236 75 255 255 198 111 247
    253 254 247 255 254 127 251 247 253 253 126 191 127 255 255 238 251
    213 255 111 125 205 255 61 127 239 191 191 255 95 122 255 241 103
    125 251 86 247 253 244 255 94 250 62 95 158 89 244 141 173 94 181
    248 191 133 77 208 252 105 253 223 70 34 183 62 113 121 174 23 77 31
    73 71 66 153 52 53 70 244 116 243 214 4 100 3 48 129 102 204 156 225
    9 82 58 253 57 192 36 21 158 66 112 137 84 18 200 20 11 212 20 228
    78 153 172 16 5 104 29 148 73 16 242 59 188 88 86 34 176 254 115 81
    182 255 34 11 216 198 35 241 50 175 202 162 83 114 215 7 84 73 166
    129 54 134 138 233 11 210 40 241 120 114 44 148 255 66 112 1 213 194
    66 24 24 192 15 192 77 136 173 16 5 122 62 141 73 16 176 49 156 92
    86 52 185 58 191 255 254 54 255 249 55 255 254 223 253 255 62 127
    254 255 255 226 187 245 119 211 247 249 127 245 254 127 247 255 235
    207 120 199 180 255 122 248 125 124 93 247 175 245 245 247 111 187
    174 153 15 242 29 156 93 62 243 127 253 123 223 108 250 64 1 136 18
    64 130 2 4 2 34 7 4 144 192 41 3 12 3 0 134 138 53 74 3 0 0 128 68 0
    128 1 64 3 18 3 32 0 136 70 2 32 32 4 64 37 92 33 163 17 72 40 52 53
    73 88 146 19 75 26 53 0 48 81 226 59 156 158 111 175 249 254 28 125
    187 222 237 188 92 109 253 189 187 241 155 245 127 95 253 225 127
    115 246 125 119 239 230 223 248 219 36 255 203 248 51 121 29 239 111
    245 247 191 123 189 218 136 111 246 165 217 245 55 147 254 167 179
    251 204 78 12 38 0 33 201 176 162 197 112 58 194 39 224 17 171 1 64
    41 131 208 233 131 27 220 4 8 28 130 192 4 161 198 77 136 199 32 121
    178 33 96 200 20 18 140 64 229 130 65 56 108 8 0 244 29 216 73 22
    224 151 148 74 83 96 65 12 2 37 225 56 245 161 117 156 188 198 85
    193 20 153 1 138 220 195 106 244 32 202 217 45 56 4 134 92 71 49 206
    79 32 93 48 117 250 233 52 249 20 82 38 68 165 179 107 184 124 25 5
    240 29 156 72 6 194 183 173 194 15 36 254 190 245 121 190 55 13 93 9
    215 67 253 250 255 106 244 94 242 214 6 113 7 186 177 102 252 159
    227 57 83 250 252 168 194 44 52 222 202 121 193 245 82 203 181 107
    210 22 244 78 129 166 18 7 104 28 189 73 24 178 121 185 57 94 34 185
    190 245 121 190 55 141 93 9 215 67 189 250 191 98 244 126 246 150 36
    81 7 62 177 103 253 151 227 121 83 250 220 40 130 44 52 222 234 121
    211 245 82 219 181 105 146 22 245 46 193 166 18 7 104 21 189 105 24
    178 113 187 57 94 162 187 254 49 217 182 23 35 89 126 198 38 209 50
    119 202 146 82 114 214 3 101 11 167 227 38 142 138 230 9 210 8 244
    40 114 44 20 190 66 116 1 212 208 202 21 10 192 20 129 78 153 172 24
    5 96 24 148 65 16 178 49 152 92 22 32 249 13 50 229 160 29 34 33 94
    224 56 194 53 97 19 130 97 226 204 3 96 225 0 232 48 14 136 40 137
    210 12 33 233 85 36 84 186 82 114 1 212 216 84 24 14 64 1 226 76 153
    44 24 4 240 28 156 73 16 242 35 156 72 22 32 249 60 38 101 168 50
    253 37 125 229 222 210 53 93 60 249 198 235 220 67 104 240 80 212
    180 93 184 164 137 90 220 57 233 80 36 85 186 82 114 129 116 188 85
    24 46 84 132 68 76 153 45 28 4 242 29 159 73 16 226 43 188 88 71 32
    242 61 50 117 160 28 53 33 126 228 30 210 53 109 11 153 101 242 220
    67 96 241 2 132 180 12 168 36 137 82 12 113 233 116 36 213 186 80
    114 1 84 156 64 26 14 64 161 192 76 152 44 24 0 240 28 156 73 0 242
    35 156 72 6 34 241 121 31 238 188 118 191 59 115 52 254 86 19 159
    249 57 79 226 221 105 102 244 117 208 115 79 234 172 28 88 80 52 233
    215 36 85 186 82 120 225 116 240 92 56 47 213 20 229 111 153 172 24
    5 240 29 156 73 16 242 51 189 88 87 32 250 178 253 216 254 55 136 92
    11 95 65 61 250 190 66 100 92 247 147 52 151 135 60 193 103 247 215
    243 127 83 251 212 40 134 172 28 222 234 89 250 245 99 223 181 105
    149 20 245 111 209 166 17 71 232 1 252 107 25 179 114 187 57 125 176
    203 175 254 109 233 254 253 191 216 61 255 234 219 205 125 253 253
    225 253 175 107 244 117 154 120 109 255 57 183 254 87 119 255 215
    224 223 57 119 251 249 119 125 92 122 63 213 131 254 113 184 253 28
    5 244 181 159 77 22 246 183 189 218 223 32 254 190 241 121 190 23 12
    93 11 199 66 253 178 125 102 180 94 243 150 38 209 3 186 145 38 220
    159 227 25 83 184 253 232 130 172 6 158 202 120 179 215 42 203 181
    233 212 21 181 78 211 166 144 75 106 16 116 89 24 178 113 187 57 86
    168 250 189 191 255 245 54 247 249 126 253 253 213 249 239 251 144
    95 250 245 127 107 247 47 226 255 237 251 247 191 126 95 118 239 215
    111 52 190 214 125 249 117 89 92 251 175 251 49 241 111 185 188 25
    199 240 61 156 77 48 246 115 223 251 87 37 254 76 38 97 32 88 182 34
    71 192 186 194 49 64 131 129 2 2 41 131 196 249 3 93 149 20 8 140
