<?xml version="1.0"?>
<opencv_storage>
<ImageFile>"146.jpg"</ImageFile>
<Features type_id="opencv-matrix">
  <rows>387</rows>
  <cols>64</cols>
  <dt>u</dt>
  <data>
    255 255 254 253 247 255 255 241 255 223 255 250 255 255 254 255 247
    255 126 255 63 255 243 119 255 127 255 255 127 255 254 187 255 125
    223 255 223 127 252 253 254 223 255 253 247 255 255 63 255 191 159
    239 251 253 255 255 120 255 123 255 255 251 255 251 122 220 110 235
    255 189 223 153 63 127 158 250 191 126 253 221 251 247 61 58 252 119
    154 121 103 214 123 63 255 123 127 255 151 231 223 91 242 255 253 55
    247 223 110 121 87 158 252 179 223 221 26 45 239 229 239 255 88 158
    250 175 215 223 62 183 58 221 218 254 47 223 222 3 127 247 61 200
    191 126 124 222 189 179 60 187 151 127 83 111 241 215 247 127 47 251
    221 103 135 254 235 4 235 217 250 123 100 191 237 233 183 92 245 111
    215 202 137 79 246 69 251 255 123 215 242 255 243 249 217 222 252
    255 255 253 246 255 255 255 253 253 254 191 255 254 255 238 251 253
    251 111 125 255 247 183 255 127 247 191 255 223 126 187 251 111 87
    255 215 127 253 124 126 95 255 63 221 183 255 238 189 173 159 141
    250 63 159 93 120 246 123 191 219 222 42 250 254 254 255 237 254 255
    255 253 255 255 253 251 255 191 255 252 251 245 127 125 253 87 247
    253 255 253 253 191 255 223 255 191 245 109 199 255 222 127 249 255
    126 223 255 191 221 191 252 61 191 189 159 143 250 189 159 93 120
    246 123 252 251 223 46 254 252 253 255 253 118 127 247 255 253 245
    254 191 255 254 255 238 251 221 123 111 127 223 247 183 127 239 190
    189 123 221 126 171 255 103 119 255 215 127 253 124 122 95 253 63
    221 191 247 238 157 172 159 141 242 61 157 93 120 246 123 253 91 95
    42 250 250 253 125 255 255 191 95 57 255 119 253 186 253 255 124 254
    247 247 126 254 253 247 147 116 255 246 237 127 255 251 255 185 210
    108 215 255 222 123 249 253 254 223 255 61 213 191 244 47 159 175
    147 15 250 189 223 93 120 246 123 191 251 222 62 253 251 254 255 239
    255 255 223 249 255 255 248 251 255 255 255 253 243 247 255 63 253
    223 191 124 255 255 127 63 255 219 127 191 231 239 94 127 246 247
    253 255 127 95 235 190 223 159 220 177 237 221 94 189 223 247 141
    255 248 252 244 63 223 221 58 188 188 254 255 253 62 253 253 253 253
    255 252 251 255 126 255 255 251 253 127 123 253 127 247 255 253 255
    247 191 127 223 127 255 207 108 207 254 222 123 249 125 126 223 255
    191 215 247 247 127 191 191 159 15 250 157 159 93 60 246 127 255 251
    223 46 254 186 254 125 255 255 253 223 57 255 255 255 255 255 126
    252 253 255 247 126 251 245 127 211 127 253 255 247 255 127 255 255
    255 207 236 207 254 255 123 249 125 126 223 255 63 245 247 247 127
    191 191 152 15 250 189 223 93 60 247 255 191 251 223 174 254 124 174
    238 137 234 253 179 241 189 253 86 223 221 60 251 228 219 249 251
    107 253 119 218 253 121 124 156 182 108 215 127 239 207 72 71 36 215
    251 233 124 252 29 126 166 213 55 247 107 191 236 153 13 246 29 156
    93 54 246 119 189 219 223 40 254 251 221 237 218 63 63 93 59 191 119
    189 250 191 255 116 255 245 247 124 251 246 119 240 119 119 247 227
    63 127 123 93 233 155 108 214 254 202 121 251 255 118 223 239 109
    213 22 245 111 151 175 155 13 234 29 223 93 56 246 243 191 251 222
    174 219 237 254 230 253 255 253 255 249 61 253 234 251 207 253 254
    237 169 253 255 107 253 205 190 121 111 255 59 183 253 87 63 191 247
    227 253 113 247 253 253 183 127 126 234 127 223 31 255 177 236 221
    94 181 221 255 157 238 214 220 247 175 223 95 181 190 204 170 139
    113 232 243 250 199 24 187 194 251 210 192 162 202 137 137 191 79
    239 141 110 219 15 91 187 231 197 71 51 214 215 147 108 107 81 253
    237 118 216 124 248 127 251 29 27 179 221 236 56 245 209 127 156 202
    212 252 179 189 92 119 17 255 238 237 239 221 114 95 223 239 253 247
    253 250 127 186 254 238 139 213 126 111 31 253 244 54 125 255 191 63
    127 251 62 187 210 101 119 251 210 125 255 252 114 255 253 63 183 30
    245 110 159 173 54 13 219 63 181 94 208 254 113 253 95 95 56 250 255
    253 239 254 55 127 221 190 255 255 253 251 255 251 190 223 251 245
    123 251 245 127 243 119 247 235 247 63 123 221 126 235 207 108 199
    190 222 120 249 125 126 95 127 175 213 113 245 111 189 174 152 13
    240 29 156 85 56 246 119 191 251 223 44 251 238 252 106 171 255 253
    159 137 63 251 186 251 191 46 254 255 217 245 61 57 221 209 254 120
    117 213 187 51 223 251 63 255 69 228 223 123 242 253 237 247 98 204
    102 57 215 22 252 49 221 253 30 37 206 183 252 125 144 244 247 60
    223 95 56 182 120 217 255 253 54 191 125 255 253 253 255 155 255 252
    255 206 243 221 123 111 254 255 198 55 111 239 166 189 127 69 124
    187 243 39 53 251 87 127 241 117 250 223 253 62 223 135 195 111 157
    173 30 5 248 29 159 77 16 246 59 191 89 30 34 251 251 220 255 239
    254 127 127 254 255 125 255 157 127 252 255 252 251 212 123 108 124
    211 167 53 127 237 172 31 255 93 126 187 241 37 21 250 82 115 129
    252 210 223 88 30 221 134 196 76 157 173 94 5 248 29 159 73 144 246
    59 156 88 30 34 249 251 29 158 215 103 199 219 174 150 239 85 219
    191 232 51 94 189 215 48 247 206 175 195 119 143 219 242 126 82 57
    246 107 215 60 21 255 218 125 234 117 112 92 189 47 247 20 245 111
    153 174 24 7 240 29 156 73 17 243 51 189 120 87 32 250 205 174 199
    97 248 178 162 240 120 187 194 123 202 115 139 73 138 205 187 42 237
    101 74 249 71 90 29 167 252 69 35 214 223 195 85 49 117 185 237 54
    252 124 106 23 213 229 219 243 188 236 24 37 245 253 156 203 86 254
    151 157 202 87 48 254 187 221 238 222 167 77 93 139 63 69 189 203
    191 253 102 253 189 182 36 187 30 222 177 39 119 183 243 122 191 243
    222 61 146 254 114 92 234 71 250 235 87 255 237 123 152 22 253 190
    193 131 214 141 106 135 183 109 185 243 112 63 247 252 142 153 204
    202 198 209 252 115 226 247 56 177 102 79 202 241 107 169 105 201
    125 239 77 141 46 240 107 95 57 174 213 7 50 54 255 39 85 251 91 117
    237 118 241 92 56 63 221 173 251 181 157 173 28 5 209 127 156 203 80
    252 49 189 92 87 48 250 255 253 255 255 255 255 255 221 255 117 253
    254 255 255 254 253 251 213 63 111 47 223 166 60 111 223 191 63 255
    91 126 191 242 101 29 219 66 119 253 246 119 223 120 63 221 158 253
    180 141 173 86 5 248 191 151 77 216 244 57 157 93 95 50 185 219 95
    238 245 119 191 127 242 61 255 87 219 159 248 126 206 236 221 61 111
    110 255 194 115 111 251 183 62 126 65 60 169 211 37 20 251 82 127
    240 117 240 223 121 63 217 140 213 111 157 173 30 5 248 29 159 77 16
    246 59 157 89 31 32 251 248 93 255 247 246 63 123 251 189 93 87 159
    159 248 126 222 254 213 125 111 126 255 130 115 127 250 182 28 254
    81 126 169 210 101 20 251 210 123 209 116 208 223 89 30 217 134 225
    79 157 173 30 5 248 29 159 77 16 246 59 157 89 31 34 251 212 187 255
    213 120 190 255 242 219 191 227 250 199 243 219 90 186 205 254 111
    191 109 66 223 207 127 247 255 76 175 230 250 215 19 199 175 156 188
    251 127 124 124 179 247 255 104 183 127 186 174 169 243 240 253 28
    95 68 255 83 239 248 247 241 254 196 234 194 121 232 208 170 192 40
    187 163 234 210 227 235 168 224 169 63 198 207 141 30 217 87 95 191
    175 196 143 35 150 251 39 79 187 81 189 237 126 248 124 56 191 221
    123 155 177 153 205 24 33 209 223 157 235 16 252 145 181 92 87 48
    187 121 255 247 255 255 191 231 249 255 253 194 251 191 251 253 93
    242 247 255 47 255 111 219 127 255 254 123 63 126 91 127 255 215 231
    127 191 244 253 255 126 125 125 234 255 223 157 125 247 188 189 56
    125 247 189 157 239 112 254 247 175 219 95 189 254 125 60 255 53 223
    227 251 252 216 63 214 63 230 206 131 113 122 253 251 214 249 143
    143 157 142 120 254 239 210 79 243 239 95 173 21 127 95 181 109 87
    120 68 75 14 77 41 171 177 189 236 24 165 245 254 156 227 86 188 191
    187 220 7 48 244 243 53 242 54 221 38 91 79 214 109 180 49 39 203
