<?xml version="1.0"?>
<opencv_storage>
<ImageFile>"147.jpg"</ImageFile>
<Features type_id="opencv-matrix">
  <rows>217</rows>
  <cols>64</cols>
  <dt>u</dt>
  <data>
    120 236 109 202 54 127 119 183 253 254 126 156 93 190 127 238 155
    252 123 105 116 210 244 182 121 125 157 176 109 211 127 233 201 108
    199 250 223 115 249 120 126 223 125 63 213 182 246 108 191 173 159
    13 250 29 159 93 56 246 123 252 251 222 106 250 252 255 255 223 254
    223 223 249 255 223 47 250 255 126 254 221 251 247 126 47 255 125
    118 253 255 247 255 127 239 251 254 187 215 77 206 223 218 127 255
    255 246 95 109 63 245 254 221 55 189 189 156 111 250 189 159 127 124
    254 114 63 255 221 123 250 108 206 109 152 110 127 55 183 189 118
    124 156 93 188 127 238 153 252 123 232 116 211 244 178 89 109 157
    144 233 211 127 235 241 104 199 234 223 114 249 120 126 159 125 63
    84 182 230 104 159 173 159 13 218 29 151 93 184 230 107 188 219 222
    106 248 239 204 238 249 239 191 247 11 61 253 14 207 159 253 126 79
    128 125 121 127 252 127 218 115 87 254 152 54 120 209 63 199 215 99
    83 185 243 123 253 124 212 63 124 175 221 31 245 235 157 172 152 13
    243 125 157 220 56 254 115 189 219 223 58 250 187 221 238 205 238
    253 223 181 63 213 125 202 159 125 127 236 189 255 120 239 244 117
    246 112 121 255 185 126 125 243 127 187 247 116 83 232 223 91 248
    121 118 31 125 191 245 150 245 111 159 140 159 15 242 29 157 93 56
    247 123 189 211 223 46 251 249 221 239 221 231 253 223 189 189 213
    125 202 159 125 127 236 189 253 120 111 252 117 246 112 121 255 185
    126 125 243 127 187 247 116 211 248 215 121 248 121 118 95 125 191
    245 150 245 47 159 142 159 15 242 29 157 93 56 246 123 189 219 223
    46 250 60 220 252 248 42 255 117 119 61 254 76 136 221 253 124 223
    221 251 251 235 245 119 91 251 241 127 245 254 109 215 253 227 223
    88 195 36 223 219 248 122 124 159 126 165 245 245 247 111 191 236
    136 15 246 29 219 93 63 247 255 189 251 251 110 254 73 143 174 221
    42 159 222 7 61 254 5 202 158 253 63 15 141 57 248 171 214 125 82
    251 113 115 146 118 45 209 29 67 223 82 67 32 211 200 250 42 116 63
    108 103 181 244 213 107 157 202 184 79 183 77 217 222 63 199 122 183
    243 249 203 251 56 191 253 202 118 159 215 125 255 84 222 156 253
    125 189 236 247 245 67 102 244 119 211 247 249 232 164 28 126 216 93
    233 255 108 71 190 214 122 217 124 190 95 93 38 84 182 245 111 159
    172 153 13 242 29 159 93 56 246 123 189 91 223 46 248 45 236 109 168
    18 191 37 71 37 102 106 144 89 172 253 239 131 124 195 104 177 80 88
    51 93 236 132 149 121 220 61 201 193 4 247 170 128 250 129 124 54
    223 124 161 86 150 102 107 145 36 56 12 34 29 191 28 56 226 43 252
    91 198 106 242 62 254 125 238 62 253 253 5 255 254 252 253 125 63
    253 253 255 186 195 250 245 114 93 255 245 61 229 219 111 255 253
    247 189 236 207 182 255 250 249 127 255 223 111 109 246 247 246 111
    187 255 142 79 254 5 251 93 190 243 255 189 251 235 238 215 255 254
    117 239 255 191 255 121 255 125 222 251 175 95 252 93 243 247 255 57
    244 127 154 125 103 254 123 55 254 123 127 239 223 233 255 117 247
    255 253 55 125 223 239 255 253 167 252 115 172 247 153 173 239 167
    159 239 124 190 246 175 251 207 189 158 249 185 239 253 119 243 255
    254 221 191 213 187 239 220 151 79 155 221 251 127 190 255 198 191
    45 255 179 182 127 115 118 239 223 111 181 249 254 125 254 117 120
    237 255 127 255 173 117 123 190 186 191 199 251 253 254 92 237 190
    255 219 255 159 181 246 58 205 110 206 39 93 221 191 191 222 63 204
    29 124 125 236 157 246 116 187 54 122 244 114 121 247 151 48 125 243
    94 249 182 120 251 64 247 75 250 57 247 191 255 125 150 150 245 110
    151 155 223 13 190 5 183 92 185 199 122 127 243 221 14 187 45 230
    100 172 191 237 39 93 173 116 238 189 125 63 253 229 163 124 67 112
    245 114 29 52 85 173 128 149 123 222 125 197 248 100 87 186 195 114
    145 252 191 223 92 175 84 247 230 74 137 37 214 12 226 29 135 13 184
    226 107 188 219 78 42 240 186 221 93 138 162 93 151 129 255 86 60
    202 29 62 125 252 255 242 68 44 84 242 181 100 249 245 61 120 175
    242 222 185 128 108 75 212 243 67 218 104 54 223 124 61 20 150 244
    108 135 137 150 13 190 7 135 223 185 244 104 60 87 223 42 184 189
    253 255 93 53 107 249 254 216 157 245 255 239 217 198 239 251 245
    247 111 118 175 230 247 175 255 247 187 125 79 118 187 223 39 181
    254 86 121 249 125 121 253 187 55 253 49 245 110 185 190 27 213 248
    191 156 69 48 178 127 255 120 215 165 218 252 223 254 219 98 159 223
    147 63 255 37 202 159 187 126 223 157 243 252 175 31 213 83 115 249
    119 191 126 125 251 222 35 215 80 211 229 211 93 254 121 116 159 125
    61 183 156 245 111 223 171 184 159 255 125 251 223 123 255 115 127
    123 249 89 250 179 223 146 71 233 194 218 136 202 129 55 202 166 90
    66 28 126 179 60 151 134 47 195 71 227 215 243 111 22 42 194 54 135
    45 105 151 82 9 234 110 97 92 33 235 153 88 185 63 217 142 24 5 244
    1 156 227 17 115 50 61 112 117 176 218 185 253 255 93 55 127 249 254
    255 149 253 255 111 253 254 239 255 244 119 111 54 239 230 247 173
    255 247 184 125 75 118 185 222 102 181 254 82 121 251 125 123 221
    187 55 255 49 245 110 153 188 59 213 248 63 156 69 57 182 123 255
    121 215 167 251 248 250 247 247 254 255 255 251 252 191 243 251 255
    243 216 220 251 213 127 111 255 239 191 255 159 255 255 191 206 215
    119 254 75 239 110 63 223 189 253 119 253 124 243 255 255 239 191
    179 238 255 156 243 255 191 159 255 196 254 211 223 255 95 185 190
    196 138 130 81 96 210 162 199 8 187 34 203 146 177 11 170 8 9 169 15
    204 37 78 211 73 75 153 166 4 132 35 82 247 19 97 33 113 152 236 32
    224 60 56 55 211 4 83 235 153 200 56 21 213 93 152 202 23 202 19 181
    64 115 1 251 203 204 134 253 239 238 246 135 61 253 44 203 158 253
    54 191 237 251 61 231 237 143 255 123 87 79 186 118 251 117 187 231
    151 163 114 113 115 237 252 238 83 127 104 127 217 30 255 243 221
    204 24 5 245 127 153 235 27 253 179 181 222 119 18 235 235 206 166
    253 239 239 126 135 61 253 44 203 158 249 54 191 237 251 61 231 236
    143 251 121 87 79 187 126 251 117 191 231 215 163 82 121 115 237 252
    238 118 95 124 127 217 30 255 243 221 204 24 5 247 127 153 235 27
    253 115 189 222 119 18 251 13 47 245 220 16 109 33 87 33 196 138 53
    81 245 249 231 235 124 195 110 55 168 84 179 93 168 0 137 33 12 56 9
    112 38 119 186 0 114 81 84 181 112 24 134 76 134 97 238 8 36 116 20
    50 30 133 12 144 224 11 172 72 70 35 240 242 221 125 222 119 15 95
    43 231 69 189 250 63 250 116 254 247 215 124 247 22 190 177 38 255
    199 227 125 243 186 222 57 178 45 54 223 202 125 210 253 18 219 189
    123 152 30 245 14 197 167 211 143 40 26 183 79 89 247 120 123 125 92
    178 185 232 205 223 223 106 95 245 239 157 253 108 221 19 254 255
    238 171 213 189 47 198 173 238 59 123 207 147 54 127 203 30 127 247
    39 117 251 86 255 255 180 243 255 233 118 191 158 125 235 205 173
    127 149 217 31 157 206 209 252 107 111 89 76 3 255 245 125 243 86 17
    70 81 206 198 69 165 113 35 203 134 255 98 230 54 71 3 138 180 39 14
    139 230 9 147 8 64 45 96 39 52 222 2 52 3 220 147 194 152 210 170 90
    9 142 193 36 118 144 40 26 165 67 144 48 96 30 92 4 163 185 204 234
    203 169 249 240 162 237 220 187 192 250 227 19 219 200 203 205 251
    75 205 87 206 92 109 221 61 167 87 143 35 222 213 140 207 43 119 185
    237 54 120 92 98 61 215 245 50 49 187 236 28 33 245 157 220 120 20
    240 183 189 216 83 96 254 63 50 101 163 191 177 167 120 252 63 210
    127 237 63 129 81 218 245 203 120 233 85 203 125 44 252 121 183 126
    95 117 207 95 236 157 186 127 249 105 53 109 197 123 45 69 129 254
    115 58 247 153 36 226 180 222 61 46 166 191 141 202 143 36 86 134
    201 138 243 37 208 216 138 26 147 53 202 130 211 6 26 8 129 36 155
    134 37 226 67 103 215 147 47 22 43 2 50 151 182 213 138 122 89 235
