<?xml version="1.0"?>
<opencv_storage>
<ImageFile>"148.jpg"</ImageFile>
<Features type_id="opencv-matrix">
  <rows>56</rows>
  <cols>64</cols>
  <dt>u</dt>
  <data>
    60 237 255 252 50 255 253 119 189 220 126 221 95 124 253 236 187 252
    255 111 119 126 244 243 253 127 183 244 109 215 126 185 214 114 79
    254 215 123 249 61 127 191 255 55 245 182 247 110 191 189 159 79 250
    29 159 93 62 214 123 239 123 255 43 250 251 246 125 171 255 125 31
    189 255 255 254 191 253 63 255 247 247 246 95 248 121 210 191 60 253
    237 253 251 255 223 255 191 249 237 79 255 219 115 165 254 190 223
    92 62 86 255 110 53 173 109 86 12 238 159 135 125 152 244 169 60 223
    206 42 181 251 246 124 171 191 125 31 177 255 255 253 190 253 63 255
    247 247 246 95 249 57 210 191 60 253 237 253 251 255 223 255 191 241
    236 111 255 219 115 161 254 190 223 124 62 86 247 110 53 173 237 86
    45 238 159 135 125 184 244 169 60 255 222 42 181 123 29 255 253 255
    183 95 59 191 255 213 155 159 232 54 94 244 255 122 247 254 127 210
    127 223 234 230 254 90 241 253 239 215 63 22 191 219 125 242 127 88
    95 253 111 241 61 195 127 157 174 24 71 240 125 156 73 89 247 115
    191 251 247 187 255 122 29 254 253 255 183 95 59 191 255 213 155 159
    233 54 94 244 255 122 247 254 127 210 127 223 234 246 254 88 245 253
    239 215 63 70 191 219 125 242 127 88 94 253 111 243 61 199 127 157
    174 24 71 240 125 156 221 89 247 115 191 251 247 187 255 252 254 255
    253 254 255 255 253 253 253 254 255 255 253 251 254 251 221 255 107
    253 255 254 255 255 239 254 191 255 215 127 255 255 239 127 255 247
    255 253 255 223 95 251 126 255 175 219 243 239 253 255 255 251 191
    157 125 244 254 255 255 255 15 187 183 63 51 253 246 63 181 217 56
    246 254 209 115 237 91 176 85 246 215 66 243 231 46 195 127 204 186
    230 95 90 121 245 235 215 44 84 190 218 120 249 117 112 92 187 15
    209 20 209 111 153 174 24 5 240 29 156 73 16 242 51 191 120 87 32
    250 250 185 255 247 255 231 251 254 223 255 213 251 255 234 182 94
    255 215 126 255 255 175 227 255 191 255 255 255 218 255 246 175 207
    191 36 255 222 125 254 127 88 204 247 127 251 61 191 63 253 174 24
    199 240 255 156 227 81 255 243 251 255 119 177 254 205 189 215 117
    248 227 242 246 56 189 70 223 194 211 131 75 107 205 185 111 239 45
    206 251 43 123 26 166 92 71 51 111 215 131 125 49 53 253 253 54 121
    124 250 103 255 29 127 243 221 252 56 245 245 253 156 206 87 254 183
    239 216 119 149 254 250 187 247 245 254 183 255 249 254 255 211 123
    239 249 211 93 254 215 127 111 255 175 203 255 239 255 255 255 222
    119 247 255 87 239 125 127 222 253 255 119 125 92 235 127 239 45 255
    55 252 253 24 243 245 255 156 235 69 254 243 159 254 127 177 190 250
    251 255 247 254 247 255 251 223 255 255 251 255 248 242 254 255 223
    126 127 254 175 255 255 255 255 247 255 223 247 247 255 199 255 126
    127 255 253 254 247 121 124 227 127 255 45 255 63 237 223 28 243 252
    255 156 255 85 255 241 223 255 125 145 190 186 242 127 167 254 241
    155 252 250 189 255 255 253 49 83 240 255 199 94 187 232 225 239 252
    173 253 253 250 239 119 247 254 253 253 125 125 254 249 232 247 219
    92 107 62 241 39 216 61 185 223 94 39 252 159 156 109 86 247 183 28
    246 95 32 254 250 191 255 214 127 159 223 59 255 253 21 251 191 250
    52 93 246 247 124 187 247 127 211 127 251 254 247 127 126 249 245
    239 215 45 86 191 222 120 250 125 80 95 255 111 241 20 245 111 157
    174 152 79 242 29 157 89 16 247 115 191 123 127 168 250 221 190 247
    45 248 226 178 244 90 189 198 255 230 183 139 250 255 207 187 111
    233 5 239 253 239 121 120 255 127 15 227 191 221 229 117 255 117 189
    237 118 121 92 123 182 237 57 122 181 253 252 111 181 245 254 152
    239 70 252 183 237 216 71 52 254 13 182 125 225 188 181 187 120 248
    255 194 127 205 121 153 65 226 253 195 106 245 97 202 248 109 186 36
    183 124 71 49 255 223 224 221 186 119 251 233 119 253 92 122 46 213
    161 211 123 184 252 24 5 240 157 156 73 22 242 183 157 218 87 36 254
    122 191 254 214 127 159 223 59 255 255 23 251 191 250 52 95 246 247
    124 191 215 127 211 127 251 250 247 127 126 249 245 235 215 45 86
    191 222 120 250 117 112 93 251 111 241 20 245 111 157 174 24 79 242
    29 157 89 17 247 115 191 123 127 168 250 121 150 254 117 238 183 186
    52 122 255 66 75 206 121 51 21 252 235 107 227 253 39 91 255 202 122
    244 238 88 21 241 231 215 40 87 52 91 56 233 116 120 92 58 175 213
    112 243 111 185 236 24 1 244 29 156 73 22 242 51 189 218 87 32 250
    89 150 254 117 238 183 186 52 122 191 66 75 206 121 51 17 252 239
    107 227 252 39 91 255 202 122 244 238 88 21 241 231 215 40 87 52 91
    56 233 116 120 92 58 175 209 112 243 111 185 236 24 1 244 29 156 73
    22 242 51 189 218 87 32 250 51 18 208 54 95 162 3 26 230 56 146 33
    173 91 0 21 118 183 1 144 225 39 219 119 134 170 224 79 58 56 193
    103 31 172 86 180 127 24 33 77 108 64 26 139 193 65 161 79 184 174
    152 9 246 24 216 65 42 50 151 149 154 87 36 90 124 37 245 188 18 47
    61 111 133 110 233 177 83 238 182 110 226 92 67 100 115 172 224 51
    94 138 166 137 83 140 60 233 114 36 52 186 2 116 129 252 90 202 28
    15 234 23 197 78 153 164 88 5 96 28 157 73 152 242 51 184 88 70 34
    241 124 37 245 188 16 47 61 127 149 110 233 177 83 238 182 110 226
    92 195 97 113 172 224 51 94 170 166 137 81 204 60 233 114 36 52 186
    18 124 129 252 90 206 29 15 234 23 197 78 153 164 88 5 96 28 157 73
    152 242 51 184 88 70 34 241 51 149 92 214 63 146 218 18 118 122 21
    65 172 123 32 21 246 247 0 179 197 47 193 119 192 154 227 95 90 56
    229 99 215 60 85 182 219 120 234 117 112 92 59 47 241 20 245 111 153
    174 24 7 240 29 156 73 16 243 51 189 120 87 32 250 63 53 253 150 55
    7 89 127 214 196 213 240 125 58 176 86 254 214 98 113 209 55 193 119
    140 186 244 93 82 120 244 105 215 44 21 190 218 120 201 117 112 217
    61 47 209 20 245 110 153 172 25 5 240 29 156 73 16 242 51 185 88 23
    32 250 59 182 108 190 63 189 189 61 245 252 212 241 61 59 188 71 250
    244 67 243 245 114 209 119 93 170 228 159 122 221 117 235 223 44 87
    190 223 120 233 125 120 93 122 47 212 53 247 111 185 172 152 13 240
    29 156 73 48 242 55 189 90 215 44 250 124 61 255 252 54 127 125 127
    215 220 213 177 127 250 190 222 251 221 251 111 55 255 241 183 221
    107 230 221 105 220 252 233 202 45 39 191 222 124 209 125 122 223
    183 47 255 53 231 110 191 174 171 223 242 61 31 93 124 247 123 251
    123 246 235 251 13 4 148 52 8 160 178 84 48 184 6 5 192 81 169 3 44
    104 129 98 224 33 74 211 64 8 128 198 72 5 33 71 223 16 81 32 49 232
    232 100 112 28 58 6 229 21 243 107 153 236 24 5 240 29 152 73 22 211
    55 189 88 87 32 234 235 54 105 35 223 118 131 156 244 255 214 55 45
    31 179 245 235 245 27 116 105 195 255 52 12 249 60 47 218 27 115 235
    213 45 213 251 122 112 45 116 120 84 26 60 85 73 96 229 152 44 30 4
    241 63 140 65 48 244 35 188 220 151 52 250 59 244 120 174 63 190 29
    11 103 110 219 52 189 46 253 85 242 215 1 240 225 86 145 125 220 156
    233 29 82 58 253 233 213 164 221 190 227 122 169 117 32 220 28 41
    212 21 244 111 153 172 24 5 226 29 156 73 24 242 59 188 88 87 42 178
    58 180 233 170 95 190 15 11 117 106 210 54 189 47 173 85 242 247 1
    240 225 85 153 125 70 220 232 29 90 122 121 235 85 172 223 187 123
    126 169 116 100 76 30 41 85 21 244 109 152 172 24 5 226 29 156 73 24
    178 51 188 88 87 42 242 63 182 125 172 63 189 191 121 244 126 214
    117 253 127 185 85 242 253 195 112 241 115 218 127 204 168 228 159
    126 93 117 239 223 44 215 190 246 120 169 117 124 93 90 15 213 53
    245 79 185 172 24 5 240 29 156 73 20 242 55 189 218 215 44 254 29 52
    181 52 8 165 33 118 208 172 196 21 65 129 145 2 254 108 195 98 240
    40 72 151 156 40 164 194 72 196 241 239 203 32 33 188 21 168 33 108
    88 4 22 134 96 113 131 111 185 44 169 11 240 28 24 65 46 178 19 185
    250 6 37 238 242 253 255 222 102 15 95 139 231 101 61 250 191 250
