<?xml version="1.0"?>
<opencv_storage>
<ImageFile>"149.jpg"</ImageFile>
<Features type_id="opencv-matrix">
  <rows>28</rows>
  <cols>64</cols>
  <dt>u</dt>
  <data>
    169 204 239 255 63 125 253 255 253 253 254 223 255 253 255 236 179
    252 227 107 244 127 255 255 127 239 148 178 127 215 127 239 255 108
    87 250 215 122 249 252 254 127 127 47 212 55 247 107 189 172 153 13
    242 29 157 77 56 246 115 189 219 223 42 254 107 7 134 215 111 167
    219 54 180 255 82 67 143 233 51 7 236 255 97 99 254 47 210 123 74
    250 182 62 88 17 49 111 215 38 85 48 83 104 248 100 112 124 56 47
    213 20 245 111 153 172 24 5 240 29 156 73 17 242 51 189 88 87 32 250
    187 214 124 174 255 63 31 25 255 126 61 251 189 127 124 253 247 247
    94 240 245 114 145 124 245 237 237 127 255 123 255 239 241 236 215
    246 251 115 185 255 254 223 126 191 212 247 244 77 189 191 156 13
    254 29 159 93 56 246 255 188 250 222 46 249 61 182 125 170 63 253 63
    125 255 246 215 188 253 63 253 215 255 247 67 120 241 115 211 244
    221 248 236 221 127 221 253 235 221 108 215 190 222 122 169 125 188
    95 127 47 85 183 244 109 159 172 153 13 242 29 159 93 56 246 59 188
    91 223 46 242 251 253 254 255 55 191 223 153 255 255 253 250 191 250
    118 95 247 247 126 255 191 127 211 127 253 255 247 127 127 251 247
    251 215 124 214 255 218 121 250 125 122 95 253 109 247 29 245 127
    159 174 24 15 242 29 221 93 16 247 115 191 123 223 168 250 40 7 53
    184 0 79 37 67 37 102 11 4 21 108 253 246 231 124 1 96 178 160 144
    50 92 140 160 8 82 130 57 201 80 38 87 186 1 98 1 78 36 64 28 11 68
    22 228 78 153 36 16 4 98 29 133 73 152 226 35 188 88 70 34 176 163
    205 229 138 67 15 5 15 167 68 44 194 27 189 118 237 195 116 37 36 16
    214 184 37 94 229 13 0 179 152 24 9 144 102 82 218 66 64 5 188 55
    211 28 47 28 30 116 196 65 36 210 12 11 26 135 14 56 100 32 60 72 92
    2 249 104 134 238 201 238 245 167 181 61 255 14 205 157 125 59 165
    221 251 217 170 252 115 222 249 121 109 12 118 125 209 125 247 255
    224 91 33 215 219 252 42 124 29 106 174 213 246 219 115 189 200 156
    13 247 77 157 221 63 214 243 189 210 219 40 254 105 142 174 203 234
    213 134 181 61 253 14 205 156 125 59 165 205 251 249 162 252 115 222
    249 121 117 28 118 124 211 155 247 255 227 91 33 119 203 252 42 117
    29 106 166 85 244 219 115 189 204 152 45 247 205 152 219 63 222 246
    173 210 219 40 254 253 250 127 229 254 249 187 248 248 191 214 127
    237 29 219 193 250 237 255 121 253 85 11 252 173 124 125 247 252 87
    247 255 223 233 221 117 255 187 237 55 253 93 107 63 213 161 254 113
    190 223 141 35 253 245 223 125 102 158 151 207 246 159 124 222 59
    151 124 254 55 189 223 25 255 222 215 248 189 127 125 85 244 183 74
    251 247 119 211 119 245 246 230 125 126 252 253 227 223 124 207 190
    251 122 248 121 124 93 251 237 245 245 247 111 187 190 152 15 242 29
    223 93 56 247 127 191 251 251 236 218 252 188 255 255 62 127 249 255
    253 253 254 255 127 190 251 238 251 221 123 107 253 223 231 191 127
    239 180 191 123 223 127 255 255 45 117 254 215 127 249 252 218 93
    255 62 223 55 211 111 157 172 31 141 240 29 157 77 16 246 51 253 91
    94 34 254 255 51 117 247 255 183 219 184 254 125 211 127 239 123 146
    85 246 247 95 246 253 47 147 126 142 250 247 127 254 63 247 255 215
    109 86 191 218 120 249 245 93 92 27 159 193 33 249 95 152 175 24 1
    240 190 156 73 16 246 51 159 248 87 32 248 249 222 247 101 255 249
    251 248 188 189 214 239 239 89 98 13 255 253 255 59 252 79 154 253
    103 255 123 246 252 87 99 255 223 235 253 117 247 189 253 55 125 124
    234 255 221 233 255 179 236 223 24 245 221 231 142 239 119 220 246
    143 246 255 149 158 252 172 239 247 63 119 249 255 253 253 254 255
    255 190 251 238 251 221 123 107 253 215 231 191 125 235 188 191 123
    223 127 255 255 44 117 250 215 123 233 252 218 93 125 62 219 55 211
    111 159 172 31 141 240 29 157 77 16 246 51 253 91 95 34 255 249 222
    247 101 253 243 251 248 252 189 194 127 239 89 226 77 254 253 255 59
    252 79 154 253 103 255 123 182 252 71 99 255 223 235 253 117 247 189
    253 55 125 124 234 255 237 233 255 179 236 223 24 245 221 231 142
    239 119 220 247 143 246 223 149 30 7 38 195 243 189 176 137 73 172
    251 131 114 171 107 128 7 130 229 33 115 204 102 210 123 69 146 179
    39 18 40 33 75 87 36 222 186 80 56 233 86 100 92 56 173 211 64 241
    123 152 172 24 1 240 29 156 73 16 242 51 189 72 87 32 122 253 49 255
    183 127 103 123 254 214 253 213 55 255 234 147 94 254 223 115 103
    253 175 231 183 206 235 246 239 210 140 243 235 223 36 85 190 83 120
    225 124 120 92 56 46 209 53 227 111 153 172 24 5 240 29 156 73 16
    242 51 189 88 87 32 250 58 253 252 254 55 221 93 47 255 254 221 184
    61 126 61 222 255 146 98 251 183 122 211 127 253 255 243 127 123 251
    253 239 207 254 103 190 223 120 250 127 124 253 237 239 183 181 245
    111 187 238 153 79 246 29 252 93 41 243 255 251 187 255 169 222 255
    183 125 247 255 183 219 184 254 127 245 127 239 123 178 117 246 247
    126 243 255 111 179 126 238 254 247 127 254 63 247 255 215 109 94
    191 218 121 249 247 92 92 187 255 209 105 253 127 153 175 24 1 240
    189 156 73 16 246 115 159 248 87 32 250 7 38 225 177 57 148 137 73
    164 239 131 114 193 43 177 71 130 117 35 99 200 103 210 123 76 146
    183 39 18 8 49 75 87 4 215 170 80 120 233 86 100 68 56 173 211 68
    209 107 24 172 24 5 242 29 156 73 16 242 51 189 72 87 32 250 94 187
    255 244 119 179 221 126 215 186 213 241 127 218 182 91 189 223 250
    191 183 127 230 255 175 243 243 255 125 125 244 235 223 251 190 175
    254 124 250 117 120 255 231 109 187 61 213 111 255 250 191 215 243
    125 254 223 119 255 247 223 251 249 221 223 255 252 255 255 255 255
    255 255 255 255 253 251 255 255 246 253 251 247 127 127 253 223 183
    127 255 255 255 191 255 127 255 255 223 109 190 255 254 117 253 253
    123 223 255 63 223 191 253 127 175 191 223 141 248 191 159 93 248
    246 255 223 255 223 62 191 94 187 255 220 119 251 219 126 247 191
    245 248 127 216 52 91 188 255 122 191 183 127 226 255 175 243 243
    255 125 253 244 239 223 251 254 175 254 124 250 119 248 255 231 109
    187 189 245 111 254 250 189 215 243 125 254 223 119 255 247 223 251
    249 221 223 247 52 113 135 255 198 155 200 230 101 151 118 237 47
    179 117 250 247 6 112 193 35 143 108 140 216 248 95 146 63 211 127
    117 164 85 190 82 114 233 87 80 92 8 14 193 28 224 109 153 172 24 5
    240 29 156 73 16 114 51 188 88 23 32 248 65 134 144 15 201 194 130 4
    58 57 6 77 160 115 11 48 102 131 136 146 196 41 79 73 66 66 72 102
    44 9 129 70 191 163 65 48 53 130 110 42 229 20 10 194 65 16 249 99
    185 76 9 37 181 64 152 235 55 91 150 165 144 103 183 77 65 134 144
    11 201 194 130 4 58 57 6 77 128 115 11 48 110 163 152 130 196 41 79
    73 96 64 72 102 44 9 129 71 191 163 81 48 53 130 110 42 225 20 10
    130 65 16 249 99 177 76 9 37 181 64 152 203 55 90 182 165 144 103 54
    77 187 252 255 239 255 125 221 155 255 223 253 251 191 254 254 253
    255 247 62 59 126 222 191 124 255 255 115 59 255 123 126 191 242 239
    254 223 246 119 251 247 211 223 235 127 219 22 252 181 205 191 86
    141 248 183 175 111 240 244 248 63 223 221 190 189</data></Features>
</opencv_storage>
