<?xml version="1.0"?>
<opencv_storage>
<ImageFile>"15.jpg"</ImageFile>
<Features type_id="opencv-matrix">
  <rows>243</rows>
  <cols>64</cols>
  <dt>u</dt>
  <data>
    191 255 253 252 55 63 117 123 181 116 253 187 95 253 252 223 251 252
    103 107 117 254 176 55 95 255 181 153 255 223 124 233 210 100 86 254
    210 114 241 252 126 223 56 191 212 151 245 78 153 173 158 13 248 29
    159 77 56 246 123 189 91 214 46 249 191 253 255 252 55 127 117 123
    189 84 253 251 127 255 254 253 243 244 127 107 117 246 176 119 127
    255 181 25 255 223 126 233 210 108 87 254 210 122 249 252 126 223
    124 63 212 182 245 110 157 173 158 13 250 29 159 77 56 246 123 189
    91 222 46 249 35 132 16 134 203 74 4 15 38 64 14 69 60 126 38 53 255
    178 0 144 64 2 145 98 82 132 96 73 178 186 203 97 132 164 83 144 98
    66 138 76 69 149 12 129 132 20 244 76 145 36 216 12 182 0 152 75 56
    114 50 60 16 69 32 72 1 6 132 8 0 155 36 6 33 112 40 129 24 53 45 3
    133 40 129 224 192 64 80 179 81 8 128 196 40 4 169 65 221 48 81 32
    89 72 0 104 118 22 56 39 84 215 71 78 25 104 8 4 240 29 155 8 31 195
    19 180 64 98 2 72 63 53 245 54 55 166 125 122 228 15 241 113 239 203
    132 87 242 253 103 83 243 46 209 119 132 186 231 159 82 28 224 233
    74 44 22 190 219 56 225 245 88 74 51 175 193 113 183 79 152 166 24 1
    224 28 156 65 16 178 51 159 120 87 32 250 69 6 132 56 0 18 36 71 33
    98 32 0 88 161 45 3 136 40 129 224 193 65 80 147 82 9 128 196 41 4
    168 65 213 16 67 168 25 96 0 104 38 30 24 135 84 208 199 78 25 232 8
    4 112 93 25 8 30 195 3 180 72 82 66 97 127 53 245 116 55 167 125 122
    244 127 241 113 239 203 148 87 242 253 103 119 243 47 241 119 140
    250 231 159 82 28 224 233 202 44 22 190 211 56 225 253 88 74 59 175
    209 113 183 79 152 166 24 1 224 28 156 65 16 178 115 159 120 87 32
    250 251 21 253 181 55 165 27 252 230 231 209 114 239 136 178 87 234
    213 35 103 200 167 195 118 76 202 176 47 82 12 51 43 215 36 85 186
    82 120 233 116 112 88 56 47 209 20 241 111 153 172 24 5 240 29 156
    73 16 242 51 189 88 87 32 250 56 21 125 158 38 23 91 51 247 244 85
    149 61 126 61 102 246 246 67 98 244 114 209 247 217 42 228 156 106
    208 253 233 239 44 71 190 219 122 193 124 218 93 29 14 212 54 225
    111 153 172 152 13 240 29 156 89 16 242 59 189 90 86 42 249 121 21
    253 148 23 229 59 124 166 229 213 18 253 41 178 71 238 213 35 103
    232 35 194 118 76 171 180 46 82 12 115 41 215 36 85 186 82 120 233
    116 112 88 56 47 209 20 241 111 153 172 24 5 240 29 156 73 16 242 51
    189 88 87 32 250 113 21 245 21 1 197 27 124 166 229 133 0 205 105 50
    23 238 245 35 103 200 35 194 50 76 187 180 44 82 0 115 41 215 36 85
    186 82 120 233 116 112 88 56 47 209 16 241 111 153 172 24 5 240 29
    156 73 16 242 51 189 88 87 32 250 63 53 241 52 29 162 125 94 226 4
    193 112 101 75 132 85 250 229 3 80 227 47 209 119 134 154 230 143 82
    28 225 237 71 46 28 158 66 56 65 87 89 200 24 139 193 81 183 79 153
    164 24 0 96 28 156 65 16 178 51 159 24 23 32 250 131 6 0 130 201 8 6
    133 38 64 42 7 48 126 43 52 102 18 1 128 64 128 153 32 82 8 8 8 146
    8 139 65 176 38 81 176 1 66 5 196 3 80 24 2 68 22 228 196 129 36 88
    4 54 10 136 201 16 112 33 52 72 70 32 104 45 38 116 32 153 101 35
    253 244 124 202 53 124 63 171 229 226 188 195 96 249 162 29 180 84
    40 108 129 248 84 105 198 121 32 71 190 85 50 5 124 220 84 26 134 68
    227 66 69 184 44 88 12 242 29 141 73 22 224 39 180 74 70 34 112 254
    61 250 246 127 3 92 79 119 96 189 241 62 238 166 126 243 147 52 247
    199 173 229 55 222 203 226 95 211 189 252 105 183 37 20 190 210 112
    243 244 82 219 189 107 216 30 197 78 153 174 90 5 112 28 157 73 16
    243 51 189 88 86 34 249 126 189 242 254 91 234 246 79 95 224 215 253
    255 254 175 220 251 151 51 87 199 47 203 119 215 219 242 111 83 45
    247 111 151 167 85 190 114 120 237 118 97 93 252 105 221 29 245 111
    221 174 25 5 240 21 188 73 16 242 179 185 24 87 176 218 62 16 109 52
    255 179 187 120 148 59 214 113 237 88 32 69 176 253 67 82 240 35 202
    127 4 170 224 151 90 117 101 238 79 172 150 190 254 56 233 119 88 76
    83 14 193 97 145 75 184 190 152 1 240 29 220 81 48 178 183 159 186
    151 164 94 98 133 17 170 64 142 38 65 67 66 3 132 145 100 188 16 194
    85 1 100 134 37 194 67 93 212 40 45 2 138 24 9 150 6 93 155 0 104 79
    70 32 80 60 97 85 28 117 167 145 36 48 4 35 21 36 43 24 234 50 169
    88 71 49 242 5 197 40 136 0 156 36 65 41 198 1 140 208 37 173 3 136
    104 0 96 130 116 82 97 85 148 1 36 32 46 17 1 150 16 211 138 0 104
    232 10 36 56 60 33 55 20 117 43 19 168 48 36 161 85 124 28 24 194 26
    165 65 211 105 226 46 142 237 202 63 157 209 11 189 246 22 220 157
    127 60 77 152 245 99 107 244 119 210 119 125 242 132 55 126 217 85
    235 215 108 71 186 210 120 249 124 116 93 120 45 213 84 245 111 153
    172 152 13 240 29 156 93 56 242 115 189 91 223 40 250 47 197 104 176
    159 156 31 9 165 103 41 74 153 107 116 85 128 117 4 112 138 118 144
    106 84 150 167 59 210 56 61 73 18 172 158 154 194 120 161 215 6 202
    28 201 208 84 244 31 17 172 16 5 106 17 189 41 24 178 49 188 88 86
    40 185 189 247 119 117 253 164 239 248 252 63 224 123 239 75 132 93
    242 237 127 115 251 46 187 253 230 186 119 191 222 29 97 191 95 111
    156 159 82 61 53 247 221 66 154 159 201 105 219 151 168 181 16 32
    104 190 143 65 56 180 243 159 254 215 165 185 253 127 119 117 253
    160 235 248 248 61 226 123 239 203 192 77 226 237 255 111 125 175
    170 254 142 58 119 183 220 5 96 191 122 111 60 255 85 181 117 245
    223 70 154 158 203 227 203 215 168 53 92 241 232 190 143 73 212 188
    119 159 222 6 165 177 183 182 113 37 221 160 47 88 224 47 224 123
    239 75 132 85 242 229 15 81 235 47 27 125 134 186 107 175 214 29 225
    239 95 239 156 159 106 189 53 215 77 194 26 203 193 105 154 23 40 54
    16 32 96 180 206 97 56 182 183 159 188 215 180 57 119 180 241 38 221
    162 15 72 226 43 145 114 239 75 132 81 114 167 38 81 227 39 91 79
    134 210 250 239 18 60 225 110 15 172 142 159 170 56 105 95 76 72 34
    201 209 121 181 79 240 182 8 74 224 176 124 115 60 178 215 155 186
    215 252 74 18 19 24 214 39 144 222 0 6 144 21 66 148 86 32 16 116
    147 4 147 194 44 192 98 8 146 240 72 18 40 149 57 150 52 16 176 114
    72 130 65 64 72 1 72 128 4 193 79 145 174 24 5 48 8 156 73 17 115 50
    29 80 23 32 250 210 19 16 214 108 6 94 50 70 111 49 67 6 193 16 19
    118 199 36 7 198 173 161 67 136 211 227 110 18 40 193 105 66 54 20
    177 82 104 226 193 64 72 161 203 161 16 209 79 144 172 24 67 224 24
    156 67 1 51 50 27 88 116 33 184 60 53 253 152 50 181 53 127 245 254
    214 177 125 62 185 70 250 212 67 99 245 114 209 183 221 40 164 157
    106 220 125 235 223 44 71 190 214 120 225 124 120 93 60 47 212 52
    197 111 153 172 152 13 242 29 157 89 16 242 51 189 91 87 40 250 38
    101 97 168 0 12 15 73 167 70 41 18 209 46 252 86 194 116 4 100 2 48
    144 96 92 148 173 9 2 186 57 9 0 4 95 154 0 120 1 94 34 202 28 169
    86 28 228 12 1 164 16 4 42 17 166 41 24 226 49 188 92 86 40 176 109
    62 247 225 254 119 163 245 252 252 202 53 77 125 251 229 251 252 203
    98 245 227 158 188 95 104 44 151 252 86 123 223 253 99 215 190 85
    242 253 124 220 85 90 150 68 227 195 225 184 45 220 13 242 61 156 73
    54 244 39 188 218 198 46 248 61 252 255 124 50 125 121 247 241 254
    216 189 93 167 255 238 251 252 195 107 245 240 116 190 253 45 166
    145 105 215 127 255 249 72 109 254 223 246 209 125 254 206 255 190
    246 183 99 126 187 173 126 223 234 29 29 92 156 242 75 248 255 206
    107 183 18 5 156 158 3 141 92 7 39 198 21 128 29 236 52 22 252 82 32
    163 134 62 208 99 89 130 166 88 16 176 156 105 214 52 97 160 130 72
    210 104 112 155 189 107 182 20 229 110 145 168 24 5 176 25 156 73 25
    115 115 185 89 85 0 234 127 36 234 118 63 162 120 103 80 187 210 241
    122 163 128 86 250 136 71 219 253 47 231 159 213 42 226 143 66 149
    225 230 111 44 36 190 223 60 225 252 216 78 49 142 211 49 131 111
