<?xml version="1.0"?>
<opencv_storage>
<ImageFile>"151.jpg"</ImageFile>
<Features type_id="opencv-matrix">
  <rows>369</rows>
  <cols>64</cols>
  <dt>u</dt>
  <data>
    254 237 239 249 182 221 93 203 191 255 121 218 223 236 126 254 153
    245 126 111 62 247 246 63 127 247 183 63 123 251 126 187 194 110 207
    239 218 125 251 122 126 255 253 125 215 94 245 191 223 173 150 141
    234 29 148 93 152 246 121 189 255 221 104 178 253 253 253 252 118
    255 127 127 253 229 253 184 127 255 246 223 251 252 127 127 63 251
    119 183 253 239 231 255 123 93 252 169 217 111 182 255 202 113 177
    255 94 223 255 191 247 123 199 14 191 166 207 79 120 189 23 93 248
    190 105 255 251 214 239 219 171 204 105 239 255 157 95 9 191 87 63
    234 189 126 108 253 128 183 28 249 142 114 146 120 117 214 233 63
    247 251 95 57 146 252 222 202 202 123 250 251 210 223 109 125 212
    158 244 29 149 175 16 13 106 21 223 123 16 246 56 60 89 223 58 185
    110 236 120 184 11 221 71 65 175 102 173 186 145 126 252 254 217 49
    102 225 159 246 24 102 85 215 149 111 35 255 223 193 131 142 195 142
    128 216 251 122 38 191 100 225 21 92 52 43 215 237 161 12 174 21 234
    54 56 226 241 53 155 251 249 78 248 254 255 203 254 255 247 249 255
    255 126 223 255 255 255 236 251 245 255 47 124 215 158 252 123 255
    61 62 255 219 127 191 247 103 95 251 214 127 253 124 246 93 122 191
    221 190 252 181 157 173 156 45 248 191 143 95 80 252 123 189 95 95
    42 250 126 184 184 254 34 223 124 39 95 234 87 158 209 134 127 222
    157 219 112 201 159 117 91 203 249 84 246 253 65 247 255 230 135 144
    251 37 175 207 234 99 32 189 229 105 55 156 55 59 215 202 169 223
    166 69 123 180 71 195 219 243 243 233 219 230 250 220 238 253 239
    253 253 183 61 255 94 223 159 252 127 236 253 221 125 235 254 223
    174 57 123 127 191 122 253 215 126 191 243 243 125 121 215 247 252
    247 211 255 255 126 223 30 255 177 205 205 94 181 223 255 157 237
    209 252 121 255 223 125 19 191 171 223 108 207 255 189 223 49 61 95
    61 202 159 125 124 205 173 245 124 235 254 126 146 120 107 255 183
    62 253 83 127 191 214 117 223 91 195 123 248 55 119 255 122 63 213
    158 253 51 141 157 20 13 234 173 159 109 25 246 112 191 215 223 46
    186 42 205 237 202 6 221 213 59 237 198 61 200 187 63 124 78 137 116
    98 185 150 118 83 231 121 247 21 52 47 218 28 73 135 110 195 138 202
    88 251 56 116 253 108 173 151 116 117 107 19 168 137 12 178 13 254
    28 56 226 114 253 219 217 108 250 249 157 247 223 98 71 253 247 191
    245 125 217 31 191 147 254 255 215 248 47 190 207 246 183 219 239
    188 126 121 249 222 239 231 117 97 117 214 221 254 253 119 29 239
    183 191 58 221 239 255 168 255 159 244 127 188 207 105 255 115 251
    251 85 29 254 71 205 231 253 73 134 231 207 165 228 45 136 31 249
    191 15 128 125 57 102 230 77 222 115 86 203 136 53 123 160 24 79 183
    247 18 186 18 88 53 62 38 59 56 195 93 24 209 203 89 172 152 29 81
    92 157 14 56 238 59 189 88 70 51 249 110 207 237 244 127 191 31 25
    189 127 249 218 159 125 116 79 128 253 111 251 252 119 210 123 93
    238 131 55 122 240 61 201 215 124 86 187 218 122 177 245 222 127 125
    47 209 23 213 75 157 172 24 13 227 29 159 29 24 246 115 189 91 86 42
    249 135 205 138 117 253 210 219 202 158 219 183 254 162 91 194 189
    40 213 60 95 70 47 166 123 47 223 179 47 215 43 34 63 247 165 93 219
    82 127 235 183 211 124 56 126 219 26 249 63 217 189 30 5 249 55 156
    99 144 242 48 191 92 21 48 187 123 253 254 223 119 159 223 11 127
    247 189 250 191 126 126 127 183 183 56 255 215 127 211 119 245 231
    227 127 127 251 223 107 215 124 215 190 218 121 250 253 114 223 253
    109 245 30 245 111 159 174 24 79 240 29 221 95 25 247 115 191 123
    255 171 251 248 29 222 215 234 159 93 183 63 255 23 203 159 248 50
    78 254 215 121 99 222 255 202 123 91 250 182 62 248 65 63 111 215 39
    84 121 82 127 242 118 208 95 236 63 217 20 221 95 157 140 24 5 242
    29 157 73 25 246 51 189 92 87 0 250 251 253 255 223 119 159 223 137
    255 247 189 254 191 254 126 127 180 247 62 255 159 127 211 119 245
    214 243 127 123 251 222 43 215 124 215 255 218 123 250 253 82 223
    253 109 245 94 245 111 157 174 24 15 248 29 220 95 24 247 115 191
    123 223 186 251 141 223 76 214 238 63 92 18 59 119 47 202 142 123
    116 137 133 255 44 171 214 124 48 242 107 119 147 122 189 67 159 97
    210 114 208 64 67 88 250 227 246 191 106 63 241 6 247 79 148 253 20
    5 238 109 155 143 27 215 50 55 80 121 5 250 206 253 139 245 254 251
    240 255 88 217 214 255 194 214 206 233 105 205 189 95 77 13 110 217
    175 222 26 167 213 71 50 63 223 163 61 243 127 255 237 53 209 252
    250 126 217 29 127 179 221 221 79 245 217 247 156 233 86 216 191 175
    92 61 151 254 218 186 147 231 252 250 186 180 90 57 82 95 230 80 90
    184 124 203 249 214 205 45 107 216 139 90 250 238 196 103 227 238
    223 177 89 53 125 183 236 103 201 92 195 94 233 143 187 51 190 214
    13 227 245 231 154 235 71 223 151 183 212 115 212 127 205 158 206
    233 238 127 164 150 61 126 78 205 30 189 63 205 237 249 57 236 244
    85 254 121 107 125 61 118 253 87 190 231 213 97 87 33 83 116 237 112
    116 29 122 63 221 148 247 237 157 172 28 5 242 93 158 77 18 246 51
    189 90 95 0 250 236 254 254 171 251 255 166 193 125 251 110 186 191
    182 255 255 219 155 253 237 253 213 95 121 243 93 121 247 255 215
    191 247 129 193 215 227 245 223 189 118 238 87 126 53 85 143 118 241
    223 237 188 60 255 229 235 255 94 252 239 164 219 219 124 222 77 158
    238 232 239 127 180 151 61 126 70 139 30 189 63 205 237 255 57 232
    244 215 222 121 107 125 189 118 253 87 190 231 213 97 81 97 83 116
    253 112 116 29 122 63 221 148 247 237 157 172 28 5 242 93 158 77 18
    246 59 189 91 95 0 250 79 220 238 232 111 255 125 63 189 255 84 201
    159 189 62 207 253 253 121 105 244 87 218 121 111 255 189 126 125 83
    126 235 215 112 151 105 83 125 248 113 112 223 126 63 213 148 245
    239 157 172 30 5 248 93 158 77 24 246 59 189 91 95 8 250 221 187 215
    225 253 122 163 254 88 155 242 127 239 249 202 232 202 205 253 119
    101 197 230 240 175 251 89 179 252 6 98 155 223 67 221 235 93 124
    253 53 253 92 187 23 217 25 251 245 154 190 9 243 209 255 220 89 108
    220 21 235 92 215 244 94 214 234 155 35 233 210 138 136 202 163 177
    250 162 67 131 56 122 131 62 215 207 167 79 76 199 211 253 111 130
    171 227 50 135 141 69 159 91 185 237 126 232 92 33 137 209 121 185
    53 187 238 24 35 245 93 92 243 64 251 145 177 188 211 112 111 92 51
    247 117 112 162 46 254 192 184 219 49 229 231 155 82 251 141 235 110
    171 175 207 159 142 221 255 173 66 140 32 206 91 39 101 191 69 188
    101 86 44 64 177 63 111 173 15 151 136 165 125 243 96 30 150 73 192
    254 17 209 108 70 33 54 106 206 238 223 107 159 222 3 63 250 46 203
    158 124 125 252 149 187 248 187 214 125 91 123 243 119 195 118 108
    243 221 231 159 211 211 33 255 218 254 123 246 63 239 101 245 150
    247 107 191 234 136 79 247 109 217 223 119 223 247 191 211 251 217
    222 186 219 255 247 255 117 253 249 254 255 250 251 255 249 114 253
    255 215 127 123 126 239 174 126 175 255 119 187 223 243 118 191 247
    239 126 223 254 125 253 247 121 92 243 127 223 13 221 181 237 157
    222 193 248 183 158 125 209 244 241 95 255 95 144 190 58 201 223 207
    35 223 223 173 95 194 127 220 189 62 121 252 247 147 56 126 134 113
    199 113 249 197 105 125 103 251 222 59 180 100 89 218 215 91 250 122
    51 221 253 108 149 158 245 46 223 175 151 141 184 5 244 255 80 246
    58 248 81 29 58 254 239 207 254 223 107 159 222 135 59 249 45 235
    158 242 111 221 165 187 184 191 215 125 91 123 243 71 219 118 45 253
    223 103 159 243 67 33 255 221 254 123 119 63 239 101 189 94 247 235
    253 234 136 223 247 101 249 207 119 223 246 183 243 249 217 223 237
    180 251 61 29 98 125 222 240 190 204 189 102 143 135 251 235 236 179
    91 233 139 111 158 164 235 254 131 91 69 99 239 253 173 53 255 63
