<?xml version="1.0"?>
<opencv_storage>
<ImageFile>"152.jpg"</ImageFile>
<Features type_id="opencv-matrix">
  <rows>12</rows>
  <cols>64</cols>
  <dt>u</dt>
  <data>
    62 236 255 170 219 95 231 239 253 84 94 253 61 126 255 252 251 183
    251 102 245 119 223 119 127 253 28 21 255 219 95 239 135 111 71 246
    247 82 253 60 255 221 84 39 85 247 245 239 189 44 155 12 242 5 157
    93 120 244 111 173 219 207 46 218 65 23 150 86 93 130 130 18 54 24 6
    65 174 91 0 5 110 247 169 39 196 47 203 99 2 218 0 6 62 8 1 103 215
    39 80 176 114 24 127 100 85 84 10 7 201 64 241 207 144 180 24 4 244
    40 156 203 19 114 50 159 80 85 36 250 3 23 144 86 93 130 194 18 50
    16 4 65 38 91 128 17 110 215 160 38 198 45 201 99 10 218 0 15 54 8
    128 101 151 39 80 178 114 88 111 116 113 84 10 71 201 0 245 207 144
    164 25 4 240 8 152 203 17 114 50 159 88 85 37 218 65 6 134 19 205
    195 130 182 50 61 0 71 142 249 35 1 108 235 233 166 208 39 90 227 66
    123 156 102 184 0 131 67 223 43 65 32 81 8 108 104 116 20 58 143 197
    112 241 239 56 136 24 5 245 88 152 203 59 118 51 149 80 87 4 250 131
    159 146 86 109 130 192 6 34 129 5 67 174 219 2 25 110 227 56 151 198
    47 195 99 34 210 114 111 22 40 128 103 151 167 48 146 115 8 126 68
    65 88 40 203 137 24 241 239 209 180 24 5 244 0 152 203 17 114 50 159
    80 117 149 218 215 241 216 126 55 106 88 30 82 139 145 248 38 202
    134 91 127 151 52 223 15 175 225 15 165 211 243 111 83 45 228 40 218
    46 188 223 66 125 243 119 112 202 189 105 179 29 181 62 211 182 18
    199 104 185 246 67 145 179 189 251 61 117 177 179 28 34 147 37 152
    224 162 228 208 184 210 117 193 66 155 0 122 136 195 66 225 41 206
    220 140 24 52 195 68 133 35 222 101 163 109 190 61 178 105 118 249
    68 145 142 73 161 155 115 185 108 73 67 240 30 28 65 134 242 135 225
    72 71 32 246 151 177 216 54 55 42 88 90 66 2 145 240 38 74 132 83
    126 214 36 87 7 46 225 71 132 155 243 73 82 44 228 104 222 36 60 158
    66 120 195 85 80 202 57 107 243 21 181 110 153 166 24 5 96 28 188 65
    16 178 51 191 24 87 160 251 243 13 222 95 227 95 80 135 63 245 7 143
    158 254 127 254 253 243 120 175 95 175 247 35 91 99 182 106 241 152
    222 35 231 47 103 246 210 95 243 124 242 95 56 190 157 126 233 239
    153 172 24 13 240 31 157 203 17 242 113 61 88 116 2 251 67 6 0 0 205
    162 2 24 32 42 2 6 128 9 0 1 68 111 1 212 192 3 90 192 0 32 136 68
    16 0 33 64 93 40 209 32 89 8 4 64 76 0 26 143 65 113 162 77 56 12 24
    0 240 25 216 65 18 50 23 180 0 211 36 72 70 35 136 26 75 154 6 7 34
    34 6 36 144 118 45 17 12 3 128 148 193 117 83 195 210 80 200 69 32
    236 141 64 159 144 195 32 57 74 202 96 36 61 68 97 53 212 167 79 119
    110 137 78 183 65 88 155 31 75 158 181 32 249 222 66 38 197 8 138 11
    154 6 1 38 66 41 32 56 102 108 21 84 50 0 144 131 114 17 67 212 148
    97 77 2 186 137 64 134 140 203 142 170 72 11 74 36 147 4 201 20 84
    180 79 145 102 144 12 38 1 106 27 24 3 154 180 16 251 232 64</data></Features>
</opencv_storage>
