<?xml version="1.0"?>
<opencv_storage>
<ImageFile>"154.jpg"</ImageFile>
<Features type_id="opencv-matrix">
  <rows>363</rows>
  <cols>64</cols>
  <dt>u</dt>
  <data>
    250 222 255 255 255 255 223 91 127 255 58 251 191 127 252 221 255
    247 253 43 212 125 184 123 239 223 251 127 127 91 247 255 215 229
    223 187 246 120 253 117 118 95 122 63 213 22 245 111 157 173 28 5
    242 61 159 77 16 246 115 191 91 95 40 250 236 238 255 249 58 255 255
    245 253 255 236 251 223 252 255 238 155 249 251 107 253 245 94 250
    217 127 183 246 105 215 127 251 207 18 199 233 215 249 249 120 126
    125 255 191 247 119 247 123 191 236 184 79 242 93 220 92 54 255 119
    253 251 243 105 254 252 186 255 209 56 245 249 254 220 255 198 255
    227 209 147 75 235 221 235 107 253 45 206 255 75 123 183 166 84 15
    51 255 223 38 117 186 86 253 233 116 120 92 58 46 223 53 83 247 153
    172 24 5 240 29 156 73 16 242 51 191 88 87 33 250 188 186 247 209 56
    245 225 246 252 253 198 251 231 243 155 74 235 221 235 107 253 45
    207 255 75 123 183 174 92 15 51 255 223 38 117 186 86 248 233 116
    120 92 58 46 221 37 83 231 153 172 24 5 240 29 156 73 16 242 51 189
    88 87 33 254 252 186 247 221 56 245 225 247 222 253 198 255 247 243
    219 202 251 213 235 107 253 45 207 255 203 127 183 175 92 143 243
    255 223 39 117 190 86 248 233 118 121 92 120 63 221 180 123 239 153
    172 24 5 240 29 156 73 16 242 51 189 88 87 33 254 50 141 239 222 34
    223 213 39 127 212 31 222 159 126 127 254 255 147 96 43 214 117 211
    99 121 215 149 61 42 250 94 107 135 36 67 178 210 90 250 124 112 93
    61 173 149 20 245 111 155 172 153 13 240 29 156 93 56 242 114 189 91
    223 40 250 19 18 144 146 61 146 138 8 2 186 16 19 164 67 129 17 110
    199 32 2 192 37 202 75 140 208 241 111 18 40 161 107 87 164 85 186
    114 120 233 116 96 76 40 45 213 20 245 111 152 172 24 5 240 25 156
    73 16 242 51 189 88 87 32 250 47 205 108 216 38 93 93 7 53 198 61
    140 28 60 124 239 137 120 36 235 22 114 240 51 125 183 133 24 113
    246 30 97 146 124 243 138 202 74 218 121 50 191 60 45 150 86 117 110
    145 168 150 13 248 29 179 28 57 227 123 189 89 218 46 251 19 18 145
    178 61 146 138 8 2 186 17 18 132 67 129 17 110 199 32 2 192 37 194
    91 140 208 241 111 18 40 161 107 215 164 85 186 114 120 233 116 96
    76 40 45 213 20 245 111 153 172 24 5 240 29 156 73 16 242 51 189 88
    87 32 250 125 49 255 252 52 99 255 126 208 220 244 177 103 202 145
    90 251 213 251 111 167 41 228 179 172 235 162 141 83 12 112 233 87
    39 53 187 86 124 119 116 112 234 187 111 79 157 81 238 159 172 127
    213 240 60 148 77 192 254 43 219 89 7 161 247 255 254 255 255 255
    255 251 191 253 253 214 255 255 127 254 253 251 255 251 251 245 127
    251 255 251 255 247 247 127 123 255 239 223 235 95 119 255 255 249
    127 249 125 235 127 221 183 255 107 189 254 157 207 244 189 159 77
    118 246 247 191 251 127 165 254 76 175 239 221 250 159 255 251 61
    253 69 223 223 247 191 76 138 221 248 43 214 125 194 123 127 222 146
    55 124 203 63 111 215 115 93 187 214 253 251 53 117 125 235 127 253
    148 253 123 157 172 24 213 241 93 156 78 80 254 115 191 91 95 35 254
    3 214 8 3 173 152 130 0 42 17 21 74 172 27 68 21 100 163 4 144 192
    34 27 96 96 16 89 110 54 59 193 102 151 248 202 4 107 9 170 35 225
    156 10 137 145 64 184 1 176 219 129 8 180 129 234 227 51 83 182 4
    176 209 36 75 255 252 239 221 255 255 223 253 255 255 253 251 255
    249 246 221 251 245 126 59 254 127 254 127 127 255 243 63 127 123
    127 239 223 239 254 127 254 253 251 127 127 223 239 127 223 61 253
    59 255 190 159 141 250 181 220 127 120 246 246 255 251 221 190 223
    124 174 255 217 34 95 241 231 255 244 94 148 95 183 251 238 153 216
    250 43 151 117 94 183 217 99 148 214 105 219 31 234 167 90 99 174
    222 218 251 126 252 61 229 166 53 182 101 235 191 172 175 219 178 29
    152 92 60 230 123 253 251 213 107 254 65 9 130 83 73 194 224 14 16
    161 6 71 130 205 3 3 10 21 177 3 198 45 202 99 2 218 18 38 18 1 2 79
    23 167 49 48 49 204 111 2 113 48 168 98 13 20 125 227 89 8 56 52 213
    8 188 138 17 42 51 171 0 5 145 250 65 1 130 19 73 194 224 78 0 160 6
    69 130 195 131 0 10 69 161 7 198 45 202 99 10 218 18 38 18 0 0 79 23
    167 49 48 49 200 111 6 97 96 168 99 13 12 125 227 89 128 56 52 245 8
    156 138 17 42 50 171 0 5 17 250 122 156 255 215 126 255 219 53 255
    255 87 223 159 124 54 94 252 215 120 187 252 117 210 251 249 250 252
    126 124 241 255 239 215 125 87 61 222 121 248 125 112 221 111 47 245
    52 245 111 159 174 153 15 240 29 156 93 120 247 115 189 251 223 40
    254 58 153 136 254 39 159 92 15 23 250 29 128 61 78 60 94 157 150 96
    155 134 119 209 111 89 215 227 31 82 241 157 234 135 172 211 52 255
    72 250 113 112 221 231 105 151 20 245 111 151 170 153 13 246 29 252
    93 19 243 255 251 59 123 168 222 35 22 64 39 221 128 3 8 38 41 2 99
    160 75 160 21 98 183 5 16 200 47 27 108 66 154 120 47 146 8 1 71 23
    167 94 18 97 152 37 70 197 64 8 139 193 64 216 19 0 20 24 32 100 128
    143 233 16 50 178 149 136 87 48 120 244 57 211 214 126 135 88 55 70
    165 21 179 151 194 146 90 126 215 120 231 159 173 195 199 139 74 246
    127 66 169 214 110 199 63 52 191 218 124 242 119 112 120 165 111 233
    60 181 111 221 174 24 215 240 60 28 195 81 251 115 187 120 117 161
    250 82 17 144 182 207 130 10 3 38 98 17 2 156 224 50 19 124 211 1
    244 200 165 195 115 142 154 240 77 210 16 241 97 211 44 84 190 91
    120 65 84 112 72 24 11 209 20 229 79 153 172 24 5 240 28 156 73 16
    242 51 189 88 87 32 250 255 251 210 119 255 250 250 130 122 185 198
    255 238 211 226 89 255 171 191 223 231 45 75 127 231 223 243 255 94
    111 230 246 151 251 127 183 255 253 255 117 105 92 251 125 237 77
    255 239 237 255 24 215 244 231 184 233 87 255 247 167 250 127 181 94
    124 187 255 245 126 247 251 255 253 255 214 223 223 253 179 78 251
    221 251 107 254 127 194 255 77 255 183 190 124 211 119 239 223 39 85
    187 215 121 249 117 120 93 251 47 213 53 245 111 157 172 24 5 240 29
    156 77 16 246 115 191 90 87 33 254 255 251 210 119 127 250 250 194
    122 185 198 255 238 211 230 89 255 171 191 223 231 45 75 95 231 223
    243 255 126 111 230 246 151 235 127 183 255 188 255 117 105 92 251
    125 253 77 255 239 237 255 8 215 244 103 186 233 87 255 247 167 250
    127 181 94 35 148 76 55 189 176 155 24 190 255 3 234 172 107 128 21
    234 247 36 115 196 39 210 123 69 218 241 63 82 42 99 107 215 36 85
    186 82 56 233 117 112 92 56 175 209 16 245 111 153 172 24 5 240 29
    156 73 16 242 51 189 88 87 32 250 81 156 190 89 37 243 210 54 27 177
    213 200 206 185 6 10 28 171 122 159 180 119 83 211 241 115 220 254
    104 21 199 226 207 24 129 36 223 9 232 105 120 29 59 167 177 113 179
    111 187 202 169 75 244 125 88 212 119 215 247 253 179 243 204 207
    248 95 255 223 226 95 243 245 127 244 127 158 29 244 251 238 255 215
    89 110 30 249 166 178 219 239 190 56 233 218 62 187 240 39 117 251
    86 115 213 212 182 93 221 62 93 142 201 180 143 45 215 141 122 31
    133 77 208 252 105 124 93 14 34 241 82 155 146 215 237 146 218 130
    30 187 2 75 135 64 51 25 246 215 184 34 198 47 202 123 206 210 246
    103 158 73 179 102 87 163 95 53 118 252 255 116 113 108 226 79 209
    20 145 95 185 236 24 65 244 125 156 203 23 250 246 191 88 119 177
    254 81 156 190 81 37 243 210 54 27 181 213 200 206 185 3 10 28 171
    122 223 180 87 87 211 241 115 220 254 104 149 199 226 207 24 129 36
    223 9 232 105 120 29 187 167 177 113 179 111 187 202 169 203 240 125
    88 212 119 215 247 253 179 243 204 207 254 253 251 158 215 79 93 143
    207 71 21 250 63 238 246 222 251 215 52 101 14 151 160 39 127 215
    251 41 211 186 94 41 208 37 20 223 66 117 195 212 18 219 61 121 155
    28 228 188 213 164 82 133 104 27 149 75 216 240 57 57 93 84 50 187
    187 220 124 239 255 189 223 25 255 127 253 251 191 123 116 93 247
    247 126 251 253 118 179 124 245 255 241 63 255 123 255 255 135 236
