<?xml version="1.0"?>
<opencv_storage>
<ImageFile>"156.jpg"</ImageFile>
<Features type_id="opencv-matrix">
  <rows>163</rows>
  <cols>64</cols>
  <dt>u</dt>
  <data>
    127 221 254 253 35 255 253 39 191 252 95 223 159 254 255 222 189 251
    250 235 183 127 210 115 253 239 246 127 125 241 254 239 135 250 99
    228 247 95 250 125 126 191 255 119 191 183 247 111 255 170 187 223
    246 93 187 92 123 247 127 255 251 253 139 254 253 253 255 253 54 255
    255 255 253 255 253 251 255 189 255 239 251 253 123 111 189 215 246
    191 253 127 255 191 125 215 126 251 223 109 247 255 214 127 249 125
    254 223 127 63 247 255 247 127 191 172 190 141 250 189 157 93 120
    246 123 255 251 223 46 251 233 142 239 253 234 183 251 213 189 253
    198 207 223 253 59 77 252 249 123 103 252 127 94 255 127 106 190 190
    236 213 127 231 215 111 71 63 218 251 253 126 221 93 92 190 221 125
    219 123 189 236 152 13 243 125 157 79 120 254 115 189 251 223 58 250
    252 187 255 117 252 183 254 241 218 191 211 251 239 241 147 88 190
    207 250 107 255 125 67 223 175 127 247 254 108 247 247 254 95 219
    207 45 253 189 250 119 124 124 227 255 255 229 159 123 190 255 173
    243 246 253 94 93 71 223 215 199 255 251 233 254 57 254 253 207 46
    253 243 49 255 253 94 205 221 125 125 252 253 251 227 179 244 119 83
    247 249 126 229 246 109 215 255 231 223 120 67 52 255 90 248 125 254
    29 127 167 213 119 247 111 185 236 137 15 246 29 152 93 62 247 119
    189 251 223 46 222 253 187 247 245 248 247 251 246 216 253 198 251
    231 251 146 90 251 207 255 111 255 173 239 255 175 123 247 255 124
    101 246 255 223 243 60 255 245 189 255 127 93 124 251 247 235 41 219
    247 252 254 109 243 245 254 156 231 103 255 247 207 255 53 149 254
    62 190 125 170 63 255 183 121 255 254 254 181 125 126 249 245 247
    247 67 242 245 115 209 246 221 236 228 223 126 223 253 235 223 44 87
    190 218 122 233 124 124 93 124 47 212 183 247 111 153 172 152 13 242
    29 157 89 48 242 51 189 90 223 40 250 243 140 206 119 237 242 251
    188 248 189 214 255 174 123 2 172 110 151 185 243 236 111 239 127
    107 251 248 54 127 3 99 111 223 237 69 52 119 185 249 126 217 92 107
    175 209 49 251 107 185 238 25 5 244 29 156 73 50 246 183 189 216 87
    32 255 253 187 247 117 248 231 251 246 216 189 196 251 231 251 147
    90 122 239 255 111 255 173 239 255 175 123 246 255 124 69 246 255
    223 243 60 255 181 189 255 127 93 108 251 246 235 41 219 255 252 254
    109 243 245 254 156 199 103 255 215 207 254 55 149 254 126 190 237
    209 255 191 211 121 253 125 214 127 253 125 249 101 242 245 67 242
    245 119 219 255 95 250 164 63 122 223 127 239 223 44 87 186 218 122
    249 124 252 93 88 47 213 54 245 111 153 172 152 13 242 29 157 89 16
    242 115 189 90 87 40 250 124 188 255 249 218 255 227 119 253 252 94
    21 93 254 251 236 243 221 219 102 245 121 222 187 223 232 46 207 121
    209 121 239 247 35 87 187 87 242 221 252 218 85 94 14 85 150 195 231
    157 44 222 13 242 125 157 73 212 254 107 188 90 78 34 245 191 246
    109 171 255 253 131 216 253 127 254 127 173 63 253 245 243 245 95
    112 249 83 155 124 101 252 121 63 255 91 123 255 221 237 223 159 242
    115 173 127 255 93 90 159 85 211 252 17 188 189 24 12 250 181 143
    113 56 180 183 188 218 223 46 188 60 191 255 220 54 127 253 127 245
    252 222 181 95 252 187 206 251 220 227 107 245 125 212 183 253 43
    166 215 125 221 125 235 255 98 119 190 222 122 249 125 254 95 255 46
    244 183 211 111 191 172 159 207 242 29 157 93 60 246 123 255 251 223
    43 255 60 191 255 220 54 127 253 127 245 252 222 181 93 252 187 206
    251 220 227 107 245 127 212 183 253 43 166 214 125 221 125 239 255
    106 119 190 222 122 249 125 254 95 255 46 244 183 211 111 191 172
    159 207 242 29 157 93 60 246 123 255 251 223 43 254 120 189 255 223
    110 191 255 55 255 255 87 219 223 252 63 78 182 215 248 43 254 125
    194 255 249 106 166 254 108 241 253 239 215 117 85 53 223 251 250
    125 240 127 255 110 247 52 213 111 191 174 153 207 246 29 157 93 117
    247 115 255 251 255 107 255 255 252 255 237 255 255 251 253 253 255
    214 255 255 127 255 253 251 253 251 106 253 127 223 125 255 254 126
    183 255 95 255 255 215 235 223 127 247 255 253 127 121 221 203 254
    213 189 255 51 189 252 26 109 253 245 156 253 126 254 255 175 255
    223 191 254 55 182 211 247 255 176 155 12 254 249 178 121 173 91 131
    117 114 215 1 19 197 47 207 127 196 202 224 47 94 57 225 111 247 172
    84 182 122 120 233 247 113 92 42 14 209 20 209 111 153 172 24 5 244
    29 156 73 16 242 183 189 88 87 32 254 51 182 211 231 255 176 155 152
    254 251 178 123 175 91 131 117 114 215 40 19 197 39 207 127 197 202
    224 47 94 57 225 127 247 172 85 182 118 248 233 247 112 92 106 46
    209 20 209 111 153 174 24 5 244 29 156 73 16 242 183 189 216 87 32
    254 127 252 255 237 255 255 251 253 253 255 222 255 255 127 255 253
    251 253 251 122 253 127 223 125 255 254 126 191 255 95 255 255 215
    239 223 127 255 255 253 127 121 221 203 254 213 191 255 51 189 252
    30 45 253 245 156 253 126 254 255 191 254 223 62 246 127 188 255 237
    255 255 251 253 253 255 222 189 253 62 255 253 251 253 123 250 253
    115 223 125 253 237 254 255 127 95 255 239 207 237 223 127 255 255
    253 127 249 221 239 46 215 191 255 51 191 254 159 173 247 253 157
    253 248 254 255 255 251 143 62 246 51 214 124 138 239 157 159 9 239
    70 17 72 189 127 44 21 244 247 0 176 212 118 147 103 208 244 225 126
    62 122 221 97 135 108 211 20 203 72 250 105 100 95 108 173 213 80
    245 79 144 190 152 13 182 1 222 89 57 243 114 189 242 219 44 90 60
    189 255 252 34 127 249 119 245 220 215 213 95 252 253 238 189 216
    227 235 247 125 208 243 253 127 246 220 109 246 254 233 223 120 99
    188 223 122 248 125 120 29 255 39 245 53 247 111 187 174 137 207 242
    29 152 93 63 243 127 255 123 255 173 250 59 214 124 143 191 189 159
    24 255 223 181 232 189 59 108 213 255 246 36 185 244 114 211 116 245
    181 241 123 127 123 213 107 159 236 223 158 250 121 248 121 246 223
    107 45 212 213 244 111 155 191 24 13 250 133 223 93 56 243 182 189
    251 219 44 219 253 253 255 253 127 239 251 255 253 253 253 255 255
    238 254 255 251 213 255 107 255 191 246 63 111 255 243 191 91 127
    127 239 215 39 117 251 214 253 249 119 122 93 255 111 255 29 253 127
    157 172 26 133 240 191 156 77 88 254 115 255 219 87 163 255 45 54
    247 246 253 183 163 123 244 124 194 115 229 91 177 69 226 253 195 98
    245 47 154 255 78 170 166 135 94 8 49 207 255 38 87 186 81 120 233
    116 124 84 26 142 193 97 211 79 152 172 24 1 240 29 156 73 16 242 51
    157 88 87 32 248 253 253 255 253 127 239 251 255 253 253 253 255 255
    254 246 255 251 221 255 107 255 189 246 63 239 255 243 191 123 127
    127 255 215 39 117 251 214 253 249 247 122 93 255 111 255 31 253 127
    157 174 26 133 240 189 156 77 88 254 115 255 219 87 163 255 122 180
    253 254 127 191 127 121 255 255 209 187 253 110 182 94 246 215 123
    123 253 127 195 127 253 222 242 255 90 249 253 239 87 236 156 191
    246 125 241 119 120 207 255 111 247 21 245 127 159 174 24 7 226 29
    159 93 88 246 123 255 255 31 40 182 45 55 247 245 249 183 171 123
    180 252 194 115 205 123 177 69 226 253 235 98 245 47 218 127 78 250
    166 167 94 8 49 207 215 38 87 186 81 120 233 116 124 92 58 142 197
    97 211 79 152 172 24 1 240 29 156 73 16 242 51 189 88 87 32 250 191
    181 255 119 255 163 251 122 214 59 212 115 239 74 162 85 250 247 119
    211 245 47 243 127 166 251 243 191 218 93 231 239 207 45 158 191 223
    57 233 117 89 76 51 143 209 113 179 79 185 190 24 5 240 60 156 65 16
    178 247 191 186 23 160 251 122 48 113 246 255 162 127 73 214 59 209
    51 237 75 132 86 114 151 23 83 235 175 203 126 140 154 226 159 90
    249 229 238 83 173 52 191 247 185 113 247 72 202 211 201 227 21 143
    95 171 166 24 3 228 28 188 105 64 178 247 219 186 22 176 183 51 158
    139 199 239 144 155 24 190 251 23 79 175 89 33 21 124 247 40 51 196
