<?xml version="1.0"?>
<opencv_storage>
<ImageFile>"157.jpg"</ImageFile>
<Features type_id="opencv-matrix">
  <rows>204</rows>
  <cols>64</cols>
  <dt>u</dt>
  <data>
    12 239 109 252 34 189 127 97 57 246 223 156 221 116 252 238 144 153
    218 107 190 117 82 243 253 118 130 244 109 247 61 169 223 80 211 170
    207 123 218 121 190 191 253 101 247 151 231 47 159 171 169 111 250
    93 251 28 61 199 91 255 123 251 235 251 125 254 254 255 255 191 255
    121 253 255 252 251 255 123 253 93 246 255 251 251 253 119 219 253
    249 127 253 255 126 215 255 255 223 108 215 183 223 249 249 125 126
    95 123 47 213 247 247 111 189 238 24 13 246 29 157 93 22 247 247 189
    251 223 40 255 121 254 255 255 254 189 255 241 253 255 244 219 255
    121 127 93 255 255 251 251 253 119 219 255 249 127 247 182 127 215
    255 239 223 232 223 53 255 249 248 127 124 95 107 63 245 245 247 123
    189 238 24 15 246 157 157 93 22 247 247 191 251 223 40 254 236 233
    239 105 243 251 243 254 249 153 206 255 255 118 239 232 203 221 251
    111 101 87 231 245 111 238 28 181 255 79 62 186 254 71 93 219 87 119
    221 52 219 125 94 54 93 191 127 180 157 61 31 181 219 191 157 77 88
    252 43 173 89 95 38 251 62 245 125 138 54 221 25 125 247 86 189 180
    125 62 253 244 247 246 66 112 213 114 149 182 253 161 228 89 127 220
    221 233 252 108 215 190 218 114 137 125 182 223 29 15 212 182 228 78
    155 172 159 13 186 29 159 89 56 242 59 188 91 222 46 249 250 255 125
    247 254 189 223 25 255 127 191 250 255 122 116 93 246 247 60 115 222
    125 146 127 239 222 243 127 254 123 247 251 215 108 222 223 218 121
    249 247 114 223 121 127 213 30 245 63 157 173 24 5 250 29 159 73 16
    246 115 191 88 95 40 250 239 221 238 184 127 127 87 159 189 247 188
    234 191 252 54 239 249 245 123 247 253 215 243 55 87 239 189 63 123
    223 126 227 223 45 215 251 218 120 253 124 122 223 124 47 213 125
    245 239 157 172 24 13 241 61 156 93 56 246 115 189 91 215 42 251 58
    148 124 175 255 189 159 73 254 111 149 250 189 42 180 85 246 215 3
    97 216 51 211 124 92 220 253 63 82 27 247 107 215 44 87 190 82 120
    233 118 112 92 56 47 213 20 245 111 153 172 24 5 240 29 156 73 16
    242 51 189 88 87 32 250 92 47 255 216 34 127 116 247 49 254 222 149
    95 244 187 234 137 216 235 111 118 253 86 147 223 111 150 212 105
    212 62 203 239 18 113 168 220 126 248 104 126 61 253 54 255 182 103
    238 159 168 173 223 242 93 156 92 71 238 91 253 91 118 75 250 251
    221 236 254 119 127 95 27 183 222 189 235 191 127 116 127 189 247
    126 247 245 119 209 119 245 255 245 127 123 254 254 225 215 124 215
    190 219 120 248 125 122 223 59 47 213 117 247 111 157 174 152 15 240
    29 156 93 56 247 115 189 122 215 46 251 82 19 24 183 254 176 26 1 6
    99 83 18 140 66 16 81 116 215 32 230 202 37 131 114 140 218 243 111
    82 42 177 42 87 36 85 186 82 120 233 85 112 72 49 15 213 20 245 79
    153 172 24 5 240 29 156 73 16 242 51 189 88 87 32 250 250 255 125
    247 254 189 223 25 255 127 63 250 255 122 116 93 246 215 60 115 206
    125 146 127 239 222 243 127 254 123 247 251 215 108 222 223 218 121
    249 247 112 223 121 63 213 30 245 63 157 173 24 5 248 29 159 73 16
    246 51 191 88 95 32 250 242 250 154 87 255 211 218 177 222 185 23
    255 179 210 219 120 118 131 254 159 207 175 207 223 171 86 255 47
    198 235 135 118 239 175 79 119 254 191 254 119 241 124 227 126 249
    124 185 179 253 223 24 243 245 239 156 235 87 255 246 63 252 125 145
    255 82 19 17 182 254 182 26 1 70 103 83 18 133 66 16 16 118 215 1
    102 200 37 130 82 140 154 181 111 210 40 177 104 87 36 85 186 82 120
    233 85 112 72 49 15 209 20 245 79 153 172 24 5 240 29 156 73 16 242
    51 189 88 87 32 250 124 175 255 253 122 255 241 247 253 252 206 189
    87 244 251 238 251 217 251 107 247 125 94 191 223 111 182 246 105
    215 254 239 207 19 103 191 149 254 253 124 252 61 247 230 253 183
    247 235 191 236 173 219 243 93 152 93 119 255 91 255 251 127 233 254
    113 156 190 223 235 207 215 55 63 245 30 207 191 252 62 174 255 179
    248 179 220 127 219 231 251 103 244 126 41 219 223 103 207 107 99 52
    214 203 250 104 117 29 237 39 157 54 253 111 181 200 137 13 182 13
    152 207 63 119 246 61 211 125 12 222 254 253 254 255 254 255 250 163
    223 255 125 255 191 250 255 254 255 215 126 239 255 191 255 127 255
    223 247 255 223 251 254 254 231 255 111 119 255 255 254 247 251 124
    227 254 251 30 251 179 237 223 94 255 253 231 188 239 211 255 249
    127 255 125 155 191 242 114 89 163 255 176 142 152 110 59 49 122 173
    3 112 81 118 215 61 244 73 197 139 124 142 212 249 111 150 58 243 59
    80 173 222 223 74 125 45 87 100 72 42 29 213 140 220 21 140 157 16
    37 104 247 142 235 80 188 49 28 92 87 52 176 195 15 147 247 217 128
    143 201 142 227 35 90 131 200 193 20 106 213 45 103 142 175 142 121
    14 223 59 47 146 10 50 31 83 167 124 155 64 253 103 86 33 96 40 91
    75 12 89 151 201 165 80 52 97 30 133 107 144 120 33 61 76 69 49 178
    168 143 231 215 59 221 249 255 189 253 86 223 159 252 251 236 226
    213 97 107 212 47 222 127 95 234 182 39 94 219 63 127 247 38 85 186
    86 122 249 124 241 125 120 46 221 6 241 107 153 172 24 5 240 29 157
    73 16 242 51 189 90 87 32 250 208 15 146 181 193 198 170 193 12 225
    99 91 130 192 211 54 106 213 61 103 14 175 166 56 14 219 191 47 146
    10 50 30 114 39 124 155 0 117 101 214 129 64 56 74 203 12 217 148
    137 164 80 53 113 30 132 107 192 120 33 189 76 70 49 184 118 185 219
    214 55 130 90 110 214 163 213 248 231 194 132 90 250 151 50 87 207
    47 195 87 141 203 226 111 82 44 228 106 223 44 85 190 90 120 233 117
    112 92 177 47 209 21 181 111 153 174 24 5 240 29 156 73 16 242 51
    189 88 87 160 250 199 170 211 49 121 210 162 206 200 177 160 250 226
    147 130 27 74 169 163 211 197 39 91 215 197 91 221 231 2 12 163 66
    143 136 71 174 121 184 233 100 108 28 48 165 209 113 179 111 184 238
    8 3 240 29 216 65 6 242 151 181 120 83 96 91 118 185 251 214 55 163
    91 126 214 163 213 248 231 202 134 95 254 215 50 87 143 47 195 119
    141 219 242 111 82 44 229 107 223 44 85 190 82 120 235 117 112 92
    177 47 209 29 181 111 153 174 24 5 240 29 156 65 16 178 51 187 88 87
    160 250 109 70 116 170 65 95 38 199 37 116 206 53 48 191 235 230 203
    56 137 100 121 193 157 48 81 109 8 5 249 142 59 209 184 5 85 186 17
    210 5 124 54 21 24 182 84 159 102 228 25 44 253 60 211 31 129 12 56
    236 43 164 74 70 42 216 110 238 239 171 86 223 135 237 237 246 222
    190 249 62 255 206 139 117 123 108 185 87 223 117 125 245 29 37 127
    223 63 139 197 76 199 203 218 123 173 62 60 93 116 61 23 252 116 177
    159 172 156 12 147 61 228 62 112 236 41 252 203 219 120 242 28 187
    255 244 58 247 240 119 208 188 214 245 211 80 153 64 234 205 227 107
    245 45 194 215 141 122 132 167 108 71 49 234 215 38 85 186 95 120
    233 116 120 93 187 39 213 53 243 111 187 172 9 5 240 29 156 73 20
    242 51 189 88 87 36 254 63 149 124 246 127 191 95 17 54 92 149 113
    188 122 180 85 246 247 1 242 247 43 209 119 84 218 226 95 82 92 245
    97 215 44 86 190 210 120 233 116 112 95 24 15 213 20 247 79 153 172
    24 5 240 29 156 73 16 242 51 189 88 87 32 250 28 187 255 245 56 183
    240 115 208 188 214 245 193 80 153 64 234 205 227 107 245 45 202 211
    141 122 164 167 76 71 49 238 215 34 85 186 95 120 233 116 120 92 187
    47 213 37 243 111 155 172 25 5 240 29 156 73 20 242 51 189 88 87 32
    254 253 53 247 183 251 103 123 254 198 229 213 55 247 202 147 126
    254 215 115 103 255 175 231 55 142 234 254 239 210 12 246 239 243 37
    53 191 82 124 225 253 88 72 157 14 233 29 233 111 153 172 24 5 240
    30 156 65 80 242 51 185 88 86 32 250 110 238 239 171 214 223 135 205
    237 246 222 188 249 62 255 206 139 117 123 108 185 83 222 116 125
    245 29 37 127 219 63 155 197 76 199 139 90 123 173 62 60 85 116 61
    87 220 116 177 159 172 158 12 147 61 228 62 112 228 41 188 203 223
    120 242 254 253 255 223 246 143 95 105 207 229 253 250 255 238 244
