<?xml version="1.0"?>
<opencv_storage>
<ImageFile>"158.jpg"</ImageFile>
<Features type_id="opencv-matrix">
  <rows>182</rows>
  <cols>64</cols>
  <dt>u</dt>
  <data>
    127 157 230 253 255 239 95 95 191 125 213 159 223 253 62 223 249 245
    123 119 254 223 218 127 95 234 190 127 123 221 126 239 215 111 119
    191 210 127 253 126 124 223 124 47 221 124 237 239 221 164 24 141
    243 125 157 79 120 254 115 191 219 95 58 251 188 251 255 117 126 183
    250 241 250 187 243 251 239 113 209 89 180 171 254 155 247 127 83
    223 241 126 247 254 76 247 231 246 239 248 206 53 255 184 250 127
    252 92 227 254 243 97 147 127 186 255 136 75 244 61 217 85 119 247
    215 151 250 251 233 95 59 176 254 103 255 177 251 56 222 185 212 123
    175 90 32 85 116 255 255 219 245 127 203 127 166 122 226 255 126 117
    229 254 223 233 158 53 255 185 248 119 217 207 243 78 209 97 155 95
    191 254 153 67 252 164 220 241 119 183 255 159 178 191 180 223 187
    248 254 119 255 177 251 184 254 185 212 251 239 91 33 93 116 255 255
    219 245 127 203 255 163 122 243 255 126 119 229 254 223 249 158 117
    255 185 248 117 217 223 251 78 209 97 155 127 190 255 153 203 252
    165 216 245 119 183 255 159 178 191 180 223 250 184 243 119 255 226
    251 235 222 185 213 255 239 219 130 126 126 135 255 91 239 175 239
    127 175 218 254 191 222 255 231 254 175 175 44 255 255 189 253 247
    217 92 243 254 235 41 155 127 237 247 219 211 252 182 188 225 70 255
    247 219 190 39 179 95 212 57 146 245 121 162 248 207 18 185 197 247
    130 194 130 26 60 139 188 79 143 173 230 91 135 202 242 239 64 41
    166 110 7 179 52 119 53 253 254 215 65 40 225 98 171 13 139 255 221
    226 120 243 245 126 188 235 83 219 247 219 57 53 145 78 213 61 211
    117 216 226 226 206 72 161 195 118 226 195 131 112 106 137 185 66
    175 45 79 91 134 218 114 239 194 47 163 119 23 135 117 155 17 188
    127 86 41 112 169 66 237 9 251 179 217 238 41 247 244 86 56 105 64
    251 145 163 152 39 177 78 251 220 254 255 255 255 95 251 191 127 125
    223 191 236 124 253 247 213 125 99 252 255 190 59 111 239 163 63 219
    91 127 255 243 37 28 251 214 119 241 247 210 222 95 47 219 22 237 95
    157 173 26 5 232 29 157 73 152 246 123 191 222 86 34 189 124 58 247
    245 56 247 235 254 220 255 210 181 103 158 155 230 251 221 251 107
    253 137 238 189 141 233 190 167 93 77 115 255 125 39 125 187 84 255
    237 118 248 68 243 62 111 165 75 243 191 172 127 181 240 191 156 77
    196 254 171 221 223 7 33 246 60 174 255 253 42 253 252 245 61 255 78
    223 221 117 191 204 189 217 235 43 244 117 94 251 249 127 181 246
    109 215 63 239 215 112 71 32 255 248 248 124 124 29 123 175 245 180
    247 107 185 236 152 15 246 29 156 93 22 243 119 189 219 95 104 254
    122 48 203 247 254 130 218 9 198 171 81 118 179 194 145 82 114 215
    32 211 207 45 195 95 140 218 166 47 82 169 53 238 87 172 21 187 90
    124 233 86 112 72 245 105 215 28 177 63 155 172 24 5 240 29 156 73
    16 242 51 185 88 23 32 254 40 14 108 139 203 93 163 165 61 84 78 5
    25 60 123 228 203 56 195 160 112 210 159 52 89 45 28 0 253 214 27
    211 237 40 67 176 87 82 141 40 252 21 92 150 84 230 98 96 185 44 159
    12 210 29 137 89 50 224 47 188 74 202 42 216 45 204 108 237 47 253
    249 117 189 221 254 205 221 124 125 229 137 124 199 235 244 114 246
    115 125 63 133 178 125 247 63 255 255 120 219 32 247 123 248 57 255
    189 127 47 244 183 247 107 187 255 159 13 250 29 153 92 63 195 127
    173 243 223 46 254 116 50 211 163 216 66 34 199 66 42 194 49 116 130
    147 82 123 195 161 68 73 129 111 21 142 217 120 237 194 12 242 42 85
    5 21 191 16 116 37 84 96 64 48 11 69 12 48 212 153 44 88 52 240 28
    148 73 144 120 3 156 92 7 48 242 42 204 108 237 175 253 249 117 189
    253 222 205 157 124 125 229 153 252 199 251 244 114 254 122 125 127
    5 178 125 215 127 255 223 248 219 32 247 251 248 57 255 189 127 46
    212 183 247 107 187 253 159 13 254 29 156 93 63 211 255 189 243 223
    46 254 248 191 247 215 114 111 253 247 255 252 95 215 95 252 251 254
    255 215 123 111 118 191 247 183 223 255 183 63 123 219 126 255 231
    39 119 255 214 126 253 124 249 93 245 62 205 62 245 239 157 172 223
    157 242 31 157 77 80 246 115 255 91 79 33 250 248 155 247 223 114
    111 253 247 255 252 95 215 95 252 251 254 255 215 123 111 118 191
    245 55 223 255 183 63 251 219 126 255 231 39 119 255 214 126 253 124
    253 93 245 62 221 62 245 239 157 172 221 157 242 31 157 77 80 246
    115 253 91 79 33 250 92 33 249 148 26 135 115 109 194 228 213 54 209
    226 147 82 234 213 3 99 143 45 194 83 140 154 176 15 66 8 49 107 215
    36 21 186 82 120 233 86 112 88 189 47 209 20 225 111 153 172 25 5
    240 28 156 73 16 242 51 185 88 23 32 250 191 253 253 222 55 127 93
    31 247 84 189 240 63 255 244 255 243 246 102 121 55 246 241 55 245
    175 229 27 123 251 92 233 186 108 150 254 202 122 209 253 90 223 125
    47 208 119 229 110 153 175 159 13 248 29 223 93 56 242 123 188 123
    222 46 217 255 252 236 171 255 189 159 153 191 127 240 251 175 43
    230 93 242 247 63 241 237 87 155 124 103 222 121 63 255 123 255 239
    215 237 222 119 243 253 173 247 223 222 106 61 211 93 254 17 253 252
    24 5 236 181 223 237 88 182 183 189 222 223 58 191 255 254 254 43
    255 189 191 152 253 127 212 251 175 91 230 93 250 247 63 241 253 87
    155 124 103 254 121 63 255 123 255 231 215 237 222 247 247 253 189
    119 255 222 106 61 209 85 254 17 252 253 24 37 236 181 223 233 90
    182 183 191 222 223 62 191 191 187 243 117 255 160 255 248 218 153
    211 127 239 79 131 89 250 231 123 82 247 47 75 223 166 254 118 255
    222 61 231 238 79 239 174 223 254 189 125 87 73 64 211 254 237 105
    159 151 252 190 8 243 240 182 92 97 100 190 213 139 190 175 181 94
    59 223 125 255 167 189 223 57 255 223 125 203 191 125 124 157 255
    247 125 127 246 126 211 119 249 255 243 62 127 115 255 185 214 108
    219 84 211 105 248 105 127 223 123 63 215 151 253 127 157 155 24 13
    248 173 159 77 57 246 123 191 243 223 14 251 251 222 109 173 255 63
    159 185 189 95 253 218 189 61 127 253 245 245 95 244 124 211 146 120
    127 253 185 59 255 115 127 187 240 108 223 219 218 115 169 247 246
    223 91 61 213 158 244 29 159 189 22 13 250 189 159 89 88 246 57 188
    222 223 46 185 44 175 254 249 16 255 228 199 57 254 206 188 86 247
    251 238 219 168 235 107 183 117 95 219 213 127 22 231 109 207 187
    195 199 66 71 170 145 254 253 126 252 61 120 182 119 247 119 227 153
    108 172 125 242 93 153 92 54 200 75 165 219 243 107 234 123 87 117
    222 63 63 31 123 103 244 125 147 189 251 188 86 251 215 97 107 252
    228 209 50 93 255 177 63 122 152 117 235 211 36 85 186 82 120 241
    124 116 95 56 47 213 148 245 111 153 172 24 5 240 29 159 73 16 242
    51 189 88 87 32 250 62 212 108 142 55 93 221 5 63 214 61 220 29 62
    253 246 187 212 4 105 132 114 228 48 125 133 165 25 127 123 93 123
    240 116 60 218 210 115 137 247 146 223 125 60 178 150 192 108 137
    173 86 5 120 29 183 77 144 242 58 252 89 30 34 187 250 253 255 223
    127 55 95 255 255 253 253 187 191 254 247 254 243 215 125 111 223
    221 231 63 255 239 251 63 251 217 254 255 243 39 52 255 214 127 247
    246 82 223 249 62 219 158 201 239 157 173 94 133 248 63 159 79 80
    254 123 159 95 84 50 253 254 249 223 247 254 251 222 179 91 251 253
    251 254 230 102 90 253 219 60 251 175 125 227 219 239 95 243 255 110
    127 255 255 215 253 188 87 255 253 250 247 121 221 239 121 191 29
    255 63 207 219 43 247 238 231 122 255 79 159 245 251 255 57 217 174
    248 253 255 223 127 87 223 255 255 253 252 187 63 250 247 254 243
    215 125 111 223 221 239 63 255 235 250 63 127 217 126 255 243 39 52
    255 214 127 247 252 210 223 249 62 219 158 201 239 221 173 95 149
    248 63 159 79 80 254 123 223 91 20 50 255 254 249 223 247 254 251
    222 163 91 251 253 251 254 230 118 90 253 219 60 251 175 253 227 223
    239 95 243 255 111 127 255 255 215 253 188 87 255 253 250 247 121
