<?xml version="1.0"?>
<opencv_storage>
<ImageFile>"159.jpg"</ImageFile>
<Features type_id="opencv-matrix">
  <rows>188</rows>
  <cols>64</cols>
  <dt>u</dt>
  <data>
    127 189 231 253 255 239 95 95 191 125 213 191 255 253 62 223 249 245
    123 247 255 223 218 127 95 234 254 127 123 221 126 239 215 111 119
    191 218 127 253 126 124 223 252 239 221 124 237 239 221 164 152 141
    243 125 159 79 120 254 115 191 219 79 58 251 252 251 255 117 254 179
    250 249 218 187 247 251 239 81 81 89 244 171 254 219 247 111 83 223
    241 126 247 254 76 247 231 246 239 249 206 53 255 185 250 255 249 92
    227 255 241 97 147 127 187 255 136 75 252 61 217 81 119 247 215 191
    250 243 233 95 186 176 254 103 255 177 251 184 254 185 212 123 175
    90 33 85 118 255 255 219 245 63 139 127 162 250 115 255 126 115 229
    254 255 237 158 117 255 185 249 119 217 93 227 94 209 97 155 95 188
    255 153 75 252 164 220 241 118 183 247 159 242 191 180 223 187 250
    254 119 255 177 251 184 254 185 212 251 175 91 96 93 124 255 255 219
    245 127 219 255 163 126 243 255 126 119 231 254 223 235 158 117 255
    185 248 117 217 93 243 126 217 225 155 127 188 255 153 203 252 165
    218 245 119 183 247 159 251 191 172 223 213 51 211 117 216 226 226
    206 64 161 195 118 226 195 131 112 106 139 185 67 175 45 79 219 134
    218 114 239 194 47 163 119 23 135 117 155 17 188 127 86 41 96 169 66
    233 9 187 179 217 238 41 247 244 118 48 97 64 251 145 131 152 39 241
    78 60 142 255 253 42 253 253 117 61 253 78 203 221 117 127 204 189
    217 227 43 244 117 90 251 249 127 180 246 109 213 63 239 215 112 83
    48 255 250 248 124 124 29 123 47 245 180 247 107 185 236 152 15 242
    29 157 93 22 243 119 189 219 95 40 254 251 220 255 255 255 255 95
    251 255 127 125 221 191 236 124 253 247 213 125 99 252 255 175 63
    111 239 163 63 219 91 127 255 243 37 28 251 214 119 241 247 210 222
    223 14 218 22 229 95 157 173 26 5 232 29 157 73 152 246 59 191 220
    86 34 189 252 58 247 245 56 119 235 254 212 190 210 181 103 138 155
    226 251 220 251 107 253 137 238 191 13 235 190 135 90 77 115 255 117
    39 117 251 84 252 101 117 120 68 243 62 111 165 75 251 186 172 126
    149 240 62 156 65 196 248 43 219 223 6 33 246 42 196 108 237 175 253
    251 49 61 221 94 205 157 124 125 228 137 124 197 251 244 114 254 248
    121 127 5 178 125 215 63 255 223 120 91 32 255 91 248 57 127 189 127
    47 212 183 247 107 187 221 159 13 254 13 152 28 63 195 127 189 243
    223 46 254 40 14 108 139 138 93 163 165 61 92 94 5 25 60 123 228 203
    248 195 224 112 210 159 180 89 45 28 0 237 214 59 147 229 104 67 176
    87 114 141 56 254 85 28 30 84 230 98 68 185 44 159 12 210 29 137 89
    50 224 43 188 74 202 42 248 212 57 146 245 97 66 248 207 18 169 199
    247 146 194 130 26 60 139 188 79 143 173 230 27 135 218 242 239 64
    161 166 238 7 179 52 119 53 253 254 215 81 44 225 98 171 29 139 255
    221 226 120 243 245 126 188 235 83 223 247 251 61 53 145 238 58 204
    108 237 175 253 243 53 189 253 94 205 157 124 125 228 189 252 199
    251 244 114 254 248 121 127 21 178 125 211 127 255 223 248 91 112
    255 219 248 59 127 157 127 47 212 183 255 107 191 221 159 13 254 141
    158 93 62 214 255 189 211 223 46 254 122 48 203 247 254 130 218 9
    198 171 81 126 179 194 145 82 114 215 32 211 207 45 195 95 140 218
    162 47 82 169 53 110 87 172 21 187 90 120 233 86 96 72 241 104 211
    28 177 63 153 172 24 5 240 29 156 73 16 242 51 185 88 87 32 254 59
    223 125 207 167 189 223 57 255 223 125 203 191 125 124 157 255 247
    124 127 246 126 211 119 249 255 247 126 127 115 255 185 222 108 219
    20 215 105 248 105 119 223 255 191 215 182 253 127 157 155 24 13 250
    173 159 93 57 246 115 191 243 223 12 250 255 252 236 171 255 189 159
    25 191 127 240 251 175 43 230 93 242 247 63 241 237 87 155 124 103
    222 121 63 223 121 255 239 215 237 222 127 247 253 173 247 219 222
    110 61 211 93 254 17 253 252 24 5 236 181 223 237 88 182 183 189 222
    223 58 191 127 49 253 180 30 167 123 126 194 228 213 182 253 194 147
    82 234 213 3 99 143 45 194 115 12 154 176 15 82 9 49 107 215 36 21
    186 82 120 233 86 112 88 185 47 209 20 225 111 153 172 25 5 240 28
    156 73 16 242 51 185 88 87 32 250 248 159 247 223 122 111 253 247
    255 252 95 215 31 252 251 254 255 215 123 111 246 191 247 55 223 255
    182 63 251 219 126 255 231 39 119 255 214 126 253 124 241 93 253 62
    205 30 245 239 157 172 223 157 242 31 157 77 80 246 115 189 91 79 33
    250 191 253 125 222 55 125 93 127 247 212 253 240 63 191 244 255 243
    246 102 121 181 114 241 55 253 175 225 27 123 251 92 233 152 108 182
    254 194 120 241 253 82 223 125 47 208 22 245 110 153 167 159 13 248
    29 159 93 56 242 123 252 91 222 46 219 255 252 254 171 255 189 159
    152 191 127 240 251 175 107 230 93 242 247 63 241 253 87 155 124 103
    254 121 63 255 123 255 239 215 237 222 119 247 253 189 247 223 222
    106 29 209 93 254 17 252 253 24 37 236 181 223 233 88 180 183 189
    222 223 62 191 251 220 109 173 255 189 159 153 189 127 253 218 189
    61 126 253 245 245 95 116 248 211 146 120 127 253 185 63 255 115 127
    187 213 108 223 219 218 115 185 255 246 223 91 31 213 158 252 29 157
    189 22 13 232 189 159 125 56 246 57 188 222 223 46 185 116 50 211
    162 88 194 34 70 66 42 194 49 100 130 131 82 122 131 163 68 201 5 79
    149 142 217 120 237 2 12 224 106 85 5 85 191 16 180 45 84 96 64 48 3
    69 4 48 229 153 44 24 16 240 28 28 73 4 120 3 181 88 7 32 242 253
    191 247 117 253 177 239 248 232 187 195 123 239 75 131 81 250 237
    251 91 255 47 75 223 166 250 119 191 222 13 225 190 95 239 188 159
    88 189 125 87 125 64 250 223 235 233 155 151 252 190 24 243 96 182
    220 97 68 190 213 143 188 191 245 54 108 175 255 249 24 127 228 231
    125 254 202 190 85 247 251 238 219 200 235 106 247 245 95 187 223 95
    54 225 109 207 186 226 199 66 71 170 17 254 253 126 188 117 112 182
    119 151 119 227 159 108 172 120 242 29 141 92 150 236 75 165 95 115
    107 242 255 253 254 247 255 251 254 187 91 251 223 251 254 214 230
    218 189 223 188 159 175 125 227 123 239 95 243 255 127 119 255 255
    223 243 188 117 255 253 250 247 89 253 239 125 191 29 255 63 255 219
    59 247 254 231 251 239 95 159 254 235 183 185 221 142 120 55 253 222
    62 63 125 123 247 254 125 179 61 255 191 86 251 212 97 107 255 236
    193 63 93 255 179 59 122 217 117 239 211 36 85 186 82 120 241 124
    116 94 56 47 213 148 245 111 153 172 24 5 240 29 159 77 24 242 51
    189 88 87 32 250 127 191 247 255 255 239 251 254 223 253 223 255 255
    254 219 252 243 213 250 123 255 47 203 255 239 234 230 191 126 127
    255 239 255 239 125 191 254 255 251 255 223 125 239 126 239 183 253
    127 236 182 217 223 242 182 188 109 108 254 247 251 251 111 183 254
    45 174 109 169 159 253 163 253 189 254 254 189 89 61 123 231 137 124
    203 184 249 83 222 184 89 105 28 162 125 213 59 207 253 104 215 32
    127 243 173 56 254 21 122 190 84 247 114 97 191 108 158 13 211 29
    221 28 182 228 175 188 203 219 110 247 255 253 254 247 255 251 254
    187 91 251 223 251 254 214 230 218 189 223 188 159 175 125 227 123
    239 95 243 255 127 119 255 255 223 243 188 117 255 253 250 247 89
    253 239 125 191 29 255 63 255 219 59 247 254 231 251 239 95 159 254
    235 183 185 221 142 254 57 247 247 255 231 223 254 214 125 215 119
    255 222 178 92 251 213 123 115 247 47 227 127 174 250 246 191 218
    249 119 239 71 175 22 191 222 117 249 119 89 77 215 78 201 37 253 79
    157 174 153 129 240 62 156 65 80 246 115 155 250 23 164 254 120 54
    255 255 255 183 127 125 255 255 120 187 189 255 183 94 251 215 105
    107 254 239 203 63 93 255 243 63 122 217 125 239 211 38 84 186 86
    120 241 118 116 94 248 47 213 20 213 111 153 172 24 5 240 29 156 73
    16 246 115 157 90 86 32 254 248 127 255 223 126 55 127 255 255 253
    125 187 127 251 255 254 243 215 127 111 255 221 231 63 255 239 255
    63 255 217 126 255 243 39 52 255 214 127 245 244 210 223 249 62 219
