<?xml version="1.0"?>
<opencv_storage>
<ImageFile>"16.jpg"</ImageFile>
<Features type_id="opencv-matrix">
  <rows>176</rows>
  <cols>64</cols>
  <dt>u</dt>
  <data>
    60 173 237 184 34 253 125 103 253 230 221 156 93 180 191 206 153 216
    99 235 191 113 86 179 221 125 180 220 105 212 124 168 213 92 71 174
    218 122 217 120 60 159 125 47 119 181 103 110 159 168 171 15 242 29
    20 92 56 227 123 253 123 219 106 242 12 34 69 163 221 242 162 120 80
    56 194 53 224 23 137 33 106 205 201 64 225 1 143 212 2 24 24 134 220
    70 35 222 93 32 85 176 117 176 45 100 109 84 18 22 69 161 242 225
    184 109 141 0 240 29 138 73 6 224 135 148 72 71 36 92 13 6 101 184
    40 253 35 117 61 244 78 5 221 61 249 231 194 252 195 98 244 112 82
    243 93 40 132 148 120 198 57 195 215 0 83 184 81 122 233 124 252 29
    56 38 84 183 231 111 153 172 24 13 242 29 157 73 16 226 51 189 90 87
    32 250 189 254 255 233 255 255 247 252 253 253 254 255 255 63 251
    237 251 253 255 106 245 83 191 252 255 253 125 183 255 223 127 255
    253 109 223 254 247 243 253 125 255 93 122 190 93 227 126 229 189
    189 223 13 250 191 143 93 124 244 239 191 219 223 46 254 28 51 223
    244 52 113 56 118 80 190 211 17 65 128 147 66 234 204 67 107 168 160
    198 147 13 25 182 136 80 4 49 235 85 36 53 186 86 120 193 85 248 72
    57 14 194 132 195 110 153 172 28 5 240 28 156 73 144 242 51 221 88
    23 32 243 28 49 179 180 52 97 56 118 64 170 211 144 65 128 147 67
    234 204 35 107 130 168 228 155 13 155 178 137 80 4 48 235 87 36 53
    186 82 124 225 85 48 72 57 47 227 5 195 110 152 172 120 5 240 28 148
    73 144 178 51 221 88 23 32 242 28 49 179 180 16 98 40 118 64 170 193
    144 64 128 131 66 234 204 35 99 2 169 230 19 13 155 178 137 82 4 48
    105 87 36 116 186 16 124 97 85 240 72 57 47 227 21 83 110 152 172 56
    5 224 28 148 73 128 178 51 249 92 87 32 243 250 57 251 245 246 231
    219 255 222 191 215 255 239 200 147 222 251 213 126 111 190 143 230
    31 175 251 190 191 86 251 118 190 71 175 173 255 222 61 255 87 89
    204 247 126 203 44 153 191 255 188 223 211 249 190 180 119 192 190
    121 219 255 29 52 182 191 50 247 37 255 176 169 248 196 63 210 115
    239 89 147 85 242 237 111 112 249 7 139 125 142 184 125 171 222 28
    99 191 95 236 220 158 94 60 41 95 109 64 19 158 201 97 154 149 186
    188 25 129 242 190 156 113 96 176 151 156 252 215 36 124 191 50 247
    33 255 176 161 248 228 63 210 115 239 89 147 85 242 237 107 112 233
    7 139 125 142 184 124 175 222 20 97 255 95 237 222 191 126 60 45 95
    77 64 26 158 201 97 154 149 184 188 24 129 240 190 156 97 96 180 151
    156 252 215 36 124 120 223 253 222 34 95 214 103 119 252 126 129 93
    116 125 254 255 211 105 174 212 113 213 243 217 77 225 92 111 212
    221 235 215 36 81 184 222 122 248 112 246 95 121 47 213 150 245 111
    159 172 157 13 242 29 157 77 17 246 123 189 91 87 42 250 250 222 238
    223 255 189 223 185 63 255 251 219 191 108 127 205 181 213 120 251
    254 127 219 125 127 239 179 62 95 253 125 191 255 237 126 123 214
    253 250 247 115 127 239 63 223 22 221 51 157 206 24 37 246 189 157
    109 81 247 243 191 223 95 32 246 250 213 108 222 39 63 95 49 255 95
    125 202 189 120 116 127 244 247 86 245 126 242 177 246 217 46 231 88
    251 244 252 185 250 60 150 252 203 123 144 249 218 223 157 31 208
    119 198 78 159 175 144 15 106 29 223 93 25 247 113 190 127 250 42
    185 250 213 108 214 39 31 95 51 119 95 61 194 63 126 116 127 244 179
    68 247 118 246 177 118 81 38 227 26 250 240 253 225 250 44 210 244
    219 90 144 249 210 223 29 15 208 119 199 79 157 175 152 13 122 29
    223 89 59 243 119 188 123 250 170 249 183 247 81 7 217 192 128 136
    194 1 33 123 166 67 132 113 122 162 36 18 67 42 43 68 134 151 113
    107 131 42 195 52 134 175 76 158 40 16 107 214 35 80 32 195 136 88
    184 6 192 180 64 0 52 2 0 99 0 48 0 33 24 69 180 73 122 217 254 95
    119 155 223 43 191 145 149 254 191 254 44 94 188 147 122 223 159 127
    211 119 245 214 247 127 118 251 222 168 143 63 103 191 210 125 254
    125 120 255 245 111 191 125 181 47 255 174 153 207 243 125 254 223
    81 255 247 255 57 125 187 218 186 253 127 223 254 157 222 137 239 99
    189 250 255 114 116 253 247 215 54 243 79 180 49 118 255 215 245 123
    211 191 255 58 242 44 86 222 218 121 233 247 242 94 56 47 208 30 245
    15 153 173 16 7 248 29 157 73 16 242 49 189 88 87 34 249 186 253 127
    223 254 157 223 129 127 103 61 250 255 114 116 253 247 215 116 243
    223 244 179 118 255 215 243 123 211 191 255 59 242 44 86 222 218 121
    233 247 242 223 61 47 208 30 245 47 153 173 16 7 248 29 157 73 16
    242 49 189 88 87 34 249 250 205 154 255 235 78 94 135 31 235 121 203
    159 230 54 222 253 211 60 103 14 157 230 59 127 223 187 127 211 243
    62 175 3 183 60 113 247 109 246 246 98 238 245 121 223 28 253 183
    205 128 90 181 205 102 188 239 217 252 121 123 95 116 147 183 250
    204 138 255 239 206 94 129 63 235 121 202 159 238 118 190 189 147 60
    247 142 189 243 120 127 223 187 127 211 243 191 175 151 181 127 113
    227 77 254 226 98 206 237 121 223 30 253 55 221 202 26 37 239 231
    188 235 217 255 113 61 85 127 18 183 61 183 125 252 55 189 125 121
    245 222 213 240 253 57 188 87 246 253 67 123 245 118 209 247 221 186
    228 221 122 212 245 233 223 44 215 190 219 120 249 125 120 95 57 47
    244 53 247 111 153 174 24 15 240 29 156 93 48 242 51 189 122 215 40
    251 178 241 26 87 255 128 216 171 82 11 55 119 190 66 64 112 118 147
    36 147 199 46 129 71 178 18 243 123 130 187 199 114 207 46 68 182
    255 24 250 253 208 92 133 75 241 116 177 111 177 174 24 71 252 9 92
    195 19 51 118 59 56 117 161 233 159 159 245 180 55 109 189 222 189
    221 195 247 223 109 174 215 235 221 163 99 100 173 194 114 77 222
    178 187 218 98 55 237 215 36 117 186 114 122 233 117 117 92 59 47
    237 21 245 111 153 164 24 5 240 31 156 73 16 242 51 189 88 87 32 250
    114 41 203 211 255 147 95 46 222 163 21 184 187 194 22 90 10 23 56
    159 142 125 203 79 47 211 154 63 66 249 20 110 23 143 149 11 238 221
    118 83 48 233 229 105 159 28 53 179 87 202 185 247 37 225 124 182 89
    47 250 219 169 185 217 246 254 220 255 253 255 255 255 253 191 255
    253 251 191 254 255 255 251 213 127 111 126 159 246 61 127 255 191
    63 219 91 126 191 243 37 85 251 82 127 253 246 242 94 120 63 221 30
    221 53 157 172 30 5 248 63 157 73 80 246 49 189 92 87 34 251 51 20
    208 38 221 162 6 8 246 0 148 115 172 75 2 21 118 183 3 208 193 39
    195 119 196 136 240 15 82 28 225 96 159 44 20 190 114 56 33 116 120
    86 24 139 193 81 145 79 153 172 24 1 240 28 156 73 16 242 55 189 24
    87 32 219 77 38 76 184 72 255 38 117 33 102 110 0 88 55 188 227 201
    105 73 224 249 113 90 187 89 105 140 142 97 5 57 195 209 6 213 170
    65 242 37 122 62 151 88 39 85 159 103 75 153 108 12 4 117 93 147 9
    16 238 35 180 88 210 106 248 215 182 239 85 254 212 218 181 186 255
    58 75 206 115 19 53 116 239 127 179 221 39 126 249 250 107 238 110
    92 29 227 118 255 169 94 63 90 185 237 246 80 92 106 142 209 112 217
    51 185 204 24 1 244 221 156 107 22 242 179 189 218 87 32 252 251 222
    254 223 255 95 223 153 127 255 61 219 191 251 126 253 253 247 60 255
    76 175 183 124 239 223 251 123 223 27 247 127 243 45 94 255 90 117
    233 247 114 94 120 63 221 30 253 61 157 173 28 5 248 63 157 75 16
    244 49 61 92 87 34 187 108 34 231 177 24 247 169 127 212 254 194 53
    65 175 155 70 234 221 227 98 241 5 206 187 14 232 190 135 88 77 49
    207 87 36 85 187 84 252 97 116 120 68 58 46 71 165 193 235 153 172
    24 5 240 29 156 73 16 242 51 157 72 87 32 246 215 190 239 85 254 213
    218 181 186 255 58 75 206 115 19 53 116 239 127 179 221 39 126 249
    187 107 238 110 92 29 227 118 255 169 94 63 90 185 237 246 210 92
    106 142 209 114 217 51 185 204 24 1 244 221 156 107 22 246 179 189
    218 87 32 252 29 191 247 252 248 174 185 107 168 100 195 87 207 253
    155 124 226 221 35 98 230 45 130 115 78 202 176 223 242 36 62 239
