<?xml version="1.0"?>
<opencv_storage>
<ImageFile>"160.jpg"</ImageFile>
<Features type_id="opencv-matrix">
  <rows>7</rows>
  <cols>64</cols>
  <dt>u</dt>
  <data>
    63 247 125 140 55 125 29 127 247 214 221 180 125 62 253 246 251 244
    67 96 245 114 209 55 221 173 228 25 123 222 253 233 212 44 87 190
    210 122 201 124 114 95 60 47 212 182 245 110 153 172 152 13 242 29
    156 89 48 242 59 189 91 215 42 250 202 196 8 191 239 156 222 1 63
    251 37 202 158 96 116 29 164 251 60 243 204 117 90 120 117 214 187
    127 82 179 53 103 215 180 86 43 219 249 232 242 114 94 104 45 209 92
    245 59 153 236 24 5 244 29 157 105 16 243 179 189 88 87 32 251 55
    181 125 142 51 13 21 111 231 68 157 176 125 63 188 86 251 214 66 96
    81 114 209 103 220 181 229 25 50 152 84 41 214 36 85 190 194 120 137
    124 52 217 60 47 212 20 245 110 145 164 153 13 242 29 156 73 56 242
    51 189 88 87 32 250 65 7 130 17 200 130 2 71 2 35 3 6 146 225 3 2
    108 1 33 198 206 165 66 195 82 82 184 46 0 140 35 66 87 39 69 187 82
    40 109 74 112 80 56 175 197 92 165 111 153 172 24 5 241 29 156 75 16
    114 51 181 72 87 32 250 45 38 101 32 24 181 161 124 244 254 194 53
    73 63 153 69 194 252 195 96 241 98 220 244 76 168 4 129 88 12 49 203
    117 36 85 186 80 50 1 124 220 84 26 142 64 225 194 73 24 44 24 5 240
    29 156 73 16 226 35 156 72 70 32 240 45 38 101 32 24 181 161 124 176
    190 194 53 65 63 185 101 194 124 195 96 241 66 220 244 76 168 4 129
    120 12 49 203 117 4 85 186 80 58 1 124 220 84 26 134 64 225 66 73 56
    44 24 4 240 29 156 73 16 226 35 156 74 214 32 240 192 11 130 17 200
    194 2 135 8 163 3 6 146 224 3 10 8 1 56 199 142 141 74 67 18 82 158
    46 0 134 2 2 71 39 65 43 16 44 110 74 32 32 32 171 141 92 181 179 29
    136 24 1 209 121 28 194 81 110 17 181 72 117 16 106</data></Features>
</opencv_storage>
