<?xml version="1.0"?>
<opencv_storage>
<ImageFile>"161.jpg"</ImageFile>
<Features type_id="opencv-matrix">
  <rows>133</rows>
  <cols>64</cols>
  <dt>u</dt>
  <data>
    1 6 0 34 73 162 34 18 32 24 2 7 128 65 1 1 102 233 1 64 192 36 1 83
    64 24 160 12 80 0 33 65 95 36 85 186 81 56 1 100 112 84 24 142 192
    65 226 79 152 172 24 1 240 29 156 73 16 242 51 181 88 87 32 248 40
    135 237 156 38 191 191 127 181 212 87 145 29 56 61 70 242 253 99 99
    244 119 208 243 89 170 164 28 120 208 53 233 215 36 87 186 211 120
    233 124 120 93 56 47 213 52 245 111 153 172 24 13 240 29 156 73 16
    242 51 189 90 87 40 250 108 135 236 152 34 31 59 119 53 214 7 150
    153 56 191 70 136 221 97 103 212 119 210 243 89 106 148 28 80 152 54
    105 223 36 87 186 82 120 233 124 112 92 56 47 213 52 245 111 153 172
    24 5 240 29 156 73 16 242 51 189 88 87 40 250 64 3 0 18 65 130 34 19
    0 0 2 7 128 65 1 1 96 137 1 196 192 37 65 211 64 24 160 12 0 0 32 64
    94 36 87 186 81 56 129 68 112 84 16 142 193 97 131 79 153 172 24 1
    240 29 156 73 16 242 19 181 72 87 32 122 250 252 109 139 255 157 215
    185 255 119 191 250 191 62 252 253 243 215 126 60 220 215 187 108
    127 213 121 63 191 123 95 63 145 237 222 223 230 115 191 247 246 223
    79 61 149 158 252 21 199 189 151 140 47 179 207 255 120 116 184 124
    223 157 62 189 45 150 237 168 62 191 187 115 53 254 214 197 93 61 57
    71 224 253 67 99 244 117 208 243 93 248 164 134 88 84 49 235 215 32
    87 184 82 120 233 116 120 92 58 47 213 20 247 111 153 172 24 5 240
    29 156 73 16 242 51 189 90 87 40 250 43 6 108 170 47 53 161 53 52
    254 86 7 29 57 59 69 228 252 65 224 240 114 209 112 88 40 164 8 120
    84 113 235 213 44 87 186 83 120 169 124 124 92 56 14 212 53 242 109
    153 172 24 5 240 29 156 73 16 242 51 188 90 87 32 250 41 6 100 160
    47 53 163 113 52 94 66 71 29 57 57 101 228 252 65 224 240 98 145 114
    88 40 164 8 216 84 49 243 245 36 87 186 83 112 169 116 116 92 24 14
    212 20 210 77 153 172 24 5 240 29 156 73 16 242 51 188 88 87 32 248
    12 2 109 128 32 181 161 119 176 222 70 69 81 49 177 3 192 220 195 99
    208 32 192 243 73 40 132 134 88 68 49 203 223 32 85 184 82 120 233
    116 112 92 58 47 212 52 241 111 153 172 24 5 240 29 156 73 16 242 51
    189 88 87 32 250 40 134 100 160 111 55 163 113 52 92 102 69 29 121
    57 101 230 252 65 224 240 34 145 114 88 40 172 8 216 20 49 227 245
    36 87 186 83 112 169 116 112 92 24 15 212 20 242 77 153 172 24 5 240
    29 156 73 16 242 51 188 88 87 32 248 251 186 146 119 237 162 250 176
    90 185 213 111 230 82 3 25 124 171 254 151 255 47 75 223 162 122 251
    254 206 119 231 246 207 187 73 53 255 141 254 111 89 92 227 206 233
    121 187 63 188 222 137 235 244 230 88 227 103 159 215 163 178 115
    213 78 110 53 237 186 23 111 55 95 245 100 124 176 61 190 180 255
    251 212 81 101 80 243 240 55 93 201 136 13 123 88 60 233 144 36 150
    186 66 112 129 244 114 223 60 47 212 22 229 78 157 164 222 12 98 29
    151 9 24 178 35 188 91 86 46 249 51 5 49 150 16 6 9 75 198 70 145 20
    113 72 144 84 226 212 3 96 64 34 193 119 76 136 164 9 82 12 48 105
    214 36 85 186 82 120 129 84 112 88 24 15 208 20 229 78 153 172 24 5
    240 29 156 73 16 242 51 189 88 87 32 250 72 13 174 220 34 127 116
    119 53 212 85 133 94 244 63 14 141 88 97 103 118 125 192 179 89 43
    132 212 105 212 60 233 214 50 81 168 215 104 208 104 120 61 189 39
    245 52 231 110 153 168 137 77 240 29 152 76 57 243 115 189 89 118 3
    250 61 182 125 175 191 181 191 121 253 254 210 125 173 63 185 85 242
    255 193 48 241 115 219 253 248 168 232 183 126 81 253 239 223 224
    223 52 247 250 169 127 125 94 74 174 213 161 215 75 184 252 24 13
    246 29 157 93 30 242 191 189 218 223 42 246 202 206 206 223 239 95
    220 179 63 253 62 203 158 249 126 237 165 219 124 175 94 223 190 56
    123 111 63 114 253 83 62 119 243 243 124 113 87 247 254 182 215 255
    234 127 155 158 221 177 205 217 86 181 221 239 143 239 211 221 96 63
    215 124 19 189 0 135 12 152 34 157 28 49 61 254 7 128 152 60 125 7
    13 122 64 169 148 112 82 227 89 116 133 116 40 242 29 65 199 16 211
    32 211 72 234 41 52 61 109 45 183 148 245 107 19 202 184 15 183 73
    219 158 27 67 122 181 99 249 72 226 2 134 12 152 38 157 28 49 61 254
    23 128 152 60 125 6 13 122 64 169 148 114 208 99 89 52 133 116 56
    242 29 65 199 24 211 32 219 72 234 41 52 61 109 45 183 148 245 107
    19 200 152 15 183 73 219 158 19 67 122 181 99 249 72 226 120 47 247
    218 34 95 97 239 253 244 94 149 31 254 251 238 251 212 97 111 118
    189 214 55 95 235 148 13 107 218 62 235 199 38 71 186 214 122 249
    124 240 125 180 39 221 150 229 238 157 172 157 141 242 29 157 73 48
    242 115 189 91 87 41 250 70 7 224 148 216 134 11 71 6 101 3 16 147
    232 178 68 234 213 2 102 206 47 194 99 78 202 166 15 18 12 49 105
    215 36 84 186 66 112 227 86 80 88 24 15 193 28 225 79 153 172 24 5
    112 28 156 73 16 242 51 189 88 87 32 250 242 251 251 215 255 182 219
    153 254 93 149 251 175 91 246 93 242 247 62 55 207 47 155 125 174
    222 123 63 222 123 119 63 215 239 94 223 114 125 255 247 81 92 234
    127 217 28 253 183 205 189 24 133 248 183 156 235 80 244 112 63 220
    93 48 190 35 16 97 162 29 4 13 74 134 102 17 16 33 11 148 85 98 116
    5 96 192 34 136 110 12 152 160 11 18 40 49 109 81 164 28 154 66 112
    33 86 0 194 8 9 192 16 228 79 16 36 16 4 96 24 148 1 16 50 51 152 88
    87 32 177 62 254 125 136 254 159 159 121 254 86 159 124 221 118 253
    245 242 213 3 100 197 36 128 115 237 204 172 77 86 12 57 121 246 36
    85 186 82 122 137 244 210 94 24 14 212 150 196 79 153 44 24 5 240 29
    157 73 16 242 51 188 88 87 34 249 242 221 219 223 235 222 223 139
    255 249 61 203 191 254 110 252 255 183 60 63 198 127 242 111 243 215
    243 127 127 251 86 127 151 239 67 117 242 221 250 127 115 95 233 125
    189 30 253 111 221 142 24 223 244 37 189 239 81 254 246 63 243 93
    155 223 252 253 255 247 254 247 251 255 255 253 253 255 255 254 243
    254 251 223 255 111 255 255 239 191 255 255 255 255 255 223 246 255
    255 239 125 255 223 253 253 247 123 93 255 127 255 63 255 255 237
    175 95 247 248 191 156 77 212 254 243 255 255 95 177 254 44 46 101
    161 216 253 163 253 253 124 202 55 221 125 251 228 243 252 203 98
    253 98 30 244 95 108 12 144 236 214 59 223 109 99 71 184 213 242 157
    188 221 85 90 150 68 227 74 193 168 45 205 40 211 31 141 93 46 228
    71 172 202 78 44 248 127 54 245 163 255 176 171 88 244 127 210 115
    237 75 163 85 242 253 131 50 233 103 219 125 196 248 248 183 90 125
    225 239 87 168 223 55 127 248 233 119 108 76 74 13 213 1 243 91 184
    252 24 5 244 189 220 73 22 178 183 157 218 215 32 126 243 223 251
    223 235 223 223 139 255 253 61 203 191 254 126 252 255 183 60 59 214
    127 218 127 247 215 243 127 111 251 215 127 135 239 71 53 242 221
    250 126 115 127 233 109 189 28 245 111 221 174 24 207 244 5 156 235
    81 254 246 191 251 125 155 254 199 174 146 19 201 194 134 135 10 171
    42 107 162 194 162 57 73 43 188 147 207 141 127 201 210 87 91 103
    128 47 131 86 143 147 79 7 57 141 239 174 97 60 32 225 189 89 191
    179 241 206 40 115 213 67 120 227 23 89 148 37 148 113 209 74 211 21
    146 54 69 66 24 14 2 161 145 34 162 202 2 27 110 147 33 215 75 167
    227 7 6 203 240 47 82 8 162 96 215 44 21 190 82 40 225 116 112 72 56
    43 209 84 181 111 153 172 24 5 240 28 156 65 16 242 51 189 24 87 32
    234 107 9 138 246 55 66 93 14 212 160 213 241 59 200 6 78 11 84 48
    219 134 47 225 39 13 219 146 23 83 57 52 73 151 46 52 186 254 108
    242 53 112 233 181 107 159 20 181 106 89 170 27 197 241 24 188 4 25
    163 115 251 41 53 129 250 41 22 109 160 63 53 37 120 244 126 210 21
    125 61 185 69 226 244 67 96 240 98 145 116 76 168 164 11 90 92 49
    235 213 36 85 186 82 114 161 116 240 92 24 14 212 20 192 77 153 172
    24 5 240 29 157 73 16 242 51 188 88 87 32 248 248 1 130 182 67 103
    96 231 196 228 85 21 51 202 147 102 106 85 97 103 74 175 229 55 14
