<?xml version="1.0"?>
<opencv_storage>
<ImageFile>"162.jpg"</ImageFile>
<Features type_id="opencv-matrix">
  <rows>31</rows>
  <cols>64</cols>
  <dt>u</dt>
  <data>
    248 221 254 221 114 127 253 247 61 221 127 157 31 252 255 238 251
    212 125 111 62 223 228 51 123 239 191 56 253 211 126 185 240 103 53
    251 214 119 213 252 243 223 253 62 223 158 73 188 143 173 119 149
    217 63 135 77 208 252 105 126 95 12 3 185 248 235 255 223 98 95 249
    247 221 253 126 159 95 252 251 238 251 213 251 47 124 221 230 182
    251 111 190 176 237 211 126 187 241 99 101 241 215 119 221 252 250
    125 245 54 255 182 73 252 191 173 255 253 219 31 157 223 212 252 105
    125 95 76 11 253 13 166 108 169 25 252 167 69 173 254 232 172 73 45
    191 231 137 124 131 104 241 83 126 56 85 233 12 167 125 5 57 195 245
    192 223 171 49 240 45 58 46 54 122 165 86 211 118 241 26 108 62 44
    211 93 228 28 152 204 43 172 202 211 106 242 73 206 172 169 47 253
    55 53 61 255 108 136 152 189 127 175 137 125 121 233 248 87 218 57
    89 109 137 182 125 85 57 195 221 80 211 40 83 107 172 42 254 191 122
    61 87 151 118 225 31 201 30 12 213 93 223 28 57 198 59 156 195 210
    14 251 5 198 68 33 253 184 162 88 56 57 130 103 160 27 233 33 66 253
    141 88 193 34 24 120 96 156 25 35 252 11 35 86 93 224 223 18 113 186
    45 54 229 20 10 23 65 199 242 65 8 125 24 4 213 133 207 9 18 192 182
    132 64 87 36 24 134 198 2 163 221 240 162 201 28 123 2 79 128 26 235
    37 66 85 141 64 200 4 142 120 38 220 25 35 214 11 35 31 101 164 93
    83 113 243 45 54 225 84 66 30 65 132 248 177 8 29 24 37 213 135 140
    105 16 192 176 44 68 95 32 180 237 206 238 233 255 253 247 216 61
    255 236 251 223 61 254 237 137 253 255 105 253 87 250 120 109 255 25
    183 125 87 63 255 215 192 223 235 119 249 253 62 126 159 122 63 215
    151 126 241 157 253 28 45 217 253 159 92 56 220 179 189 219 223 46
    255 41 142 238 203 239 223 195 53 189 253 30 205 159 125 127 173 221
    245 249 42 244 87 222 253 123 119 29 54 125 211 91 239 223 235 75 48
    214 203 252 42 117 29 106 167 85 244 125 227 189 216 153 13 247 237
    156 223 63 214 254 173 211 223 12 254 248 207 254 223 226 223 251
    245 63 253 126 157 159 252 123 238 255 211 125 111 94 189 231 51 123
    111 191 62 253 211 126 191 243 39 117 251 87 119 253 252 242 93 249
    62 223 158 217 182 141 173 94 133 248 31 157 205 209 254 123 189 93
    86 34 250 199 15 195 243 221 226 193 138 40 225 0 107 162 203 130 13
    74 101 61 87 78 141 250 121 70 219 27 39 210 10 34 15 215 167 84 251
    82 125 111 118 64 112 56 251 201 24 253 177 88 172 24 181 209 190
    156 235 16 252 49 63 76 85 16 250 62 53 125 174 54 125 57 125 215 90
    255 53 125 34 253 244 243 158 67 240 245 112 245 150 221 137 228 217
    107 222 253 232 236 44 71 190 223 114 201 244 218 221 21 142 208 55
    226 110 187 174 139 11 240 29 93 89 28 242 63 184 58 86 106 249 59
    246 125 254 63 189 255 121 255 255 245 251 253 123 180 85 246 223 67
    99 245 103 211 126 205 254 245 255 122 87 245 235 215 44 85 190 215
    120 249 117 120 94 59 47 213 21 247 111 153 172 24 5 240 29 156 73
    16 242 51 189 90 87 32 251 63 183 125 252 63 189 255 121 253 255 245
    251 253 121 180 87 246 223 99 251 245 119 211 119 205 254 243 255 90
    87 245 235 215 44 85 190 223 120 249 117 120 92 59 47 213 21 247 111
    153 172 24 5 240 29 156 73 16 242 51 189 90 87 32 250 13 54 100 33
    221 176 162 88 176 58 194 103 192 25 163 1 232 237 131 208 241 6 26
    248 70 56 60 130 216 4 33 198 93 40 87 184 113 48 41 116 124 84 26
    142 85 97 178 73 184 44 24 1 240 29 156 73 22 242 55 180 90 87 32
    120 167 230 100 42 221 56 39 24 169 53 174 107 172 63 204 133 129
    109 47 240 249 194 25 124 66 253 25 179 255 19 35 197 152 232 210 98
    105 144 45 166 110 150 42 181 84 243 254 65 32 245 132 8 205 167 203
    61 62 132 133 52 206 211 108 28 60 55 117 148 50 61 41 119 231 92
    194 53 93 54 185 70 242 220 195 104 241 112 81 183 221 40 164 217
    104 220 253 233 124 36 86 190 220 122 129 220 220 87 29 6 224 166
    195 78 153 44 137 15 114 29 159 73 4 242 19 188 91 22 34 249 60 51
    117 132 50 61 41 119 231 92 194 53 93 54 184 102 242 220 195 97 241
    112 81 183 221 40 228 217 104 220 253 233 124 36 86 190 220 122 129
    220 220 85 29 6 224 39 195 78 153 44 137 15 114 29 159 73 4 242 19
    188 91 22 34 249 47 230 101 42 157 188 39 24 233 116 234 58 236 63
    204 69 129 44 71 240 249 66 25 252 84 125 25 179 254 23 107 197 152
    200 199 34 105 152 57 62 108 148 122 181 84 227 118 65 34 245 129 8
    206 157 203 60 46 164 151 180 138 211 108 28 195 1 130 23 73 66 2
    134 34 161 7 6 130 243 3 18 108 139 33 215 207 165 67 3 66 75 248
    110 0 4 130 98 223 52 65 186 91 8 232 64 112 24 56 15 209 92 163 111
    153 172 24 5 240 29 152 201 16 243 51 181 24 115 32 202 197 33 130
    23 192 66 130 134 2 129 35 70 146 227 2 34 105 3 36 215 75 133 103
    130 194 87 153 104 128 142 130 0 222 37 65 186 24 8 111 76 112 16 56
    47 197 124 181 44 153 172 8 5 240 90 24 203 16 113 17 53 24 81 32
    106 60 51 117 148 50 61 45 119 247 92 210 53 93 54 185 66 242 220
    195 96 241 48 193 183 221 40 164 217 104 204 253 233 124 36 70 190
    220 122 129 220 220 87 29 6 224 38 195 78 153 44 137 15 114 29 157
    73 4 242 19 188 91 22 34 249 35 6 0 34 157 160 2 8 36 42 130 33 168
    11 0 5 66 36 1 208 225 2 25 124 68 136 8 7 18 0 33 67 93 172 86 178
    115 32 33 68 76 64 26 137 64 65 130 73 24 44 24 0 244 28 204 1 16
    162 183 180 8 87 32 104 126 48 243 182 31 39 41 239 212 238 210 53
    117 202 147 86 250 212 67 82 249 171 239 63 158 138 246 139 210 153
    113 238 99 44 6 190 87 112 97 92 216 68 20 14 192 53 129 79 153 172
    24 1 240 28 156 65 16 242 51 185 88 22 32 250 13 22 100 33 221 176
    162 88 176 58 194 103 224 25 163 1 224 237 131 208 225 7 26 120 70
    56 56 134 216 4 33 198 221 40 87 184 113 48 41 116 124 84 26 142 85
    97 178 77 184 44 24 5 240 29 156 73 22 242 55 180 88 87 32 120 44 38
    116 172 56 109 161 241 245 124 202 55 125 63 251 229 243 184 195 96
    113 162 29 246 208 44 68 209 236 214 251 214 237 104 71 180 245 178
    137 124 253 21 82 150 68 227 130 77 168 109 204 9 242 31 137 89 46
    224 15 164 250 78 46 80 174 234 111 165 254 183 187 248 220 255 211
    255 235 31 219 72 138 93 255 121 225 85 138 124 47 220 157 183 222
    115 55 223 87 253 221 219 255 255 233 55 121 92 123 60 247 141 250
    121 127 255 25 167 221 183 188 124 68 238 191 233 239 159 120 182
    205 206 142 205 232 223 190 144 57 255 43 206 154 181 111 169 129
    121 188 239 205 213 27 248 107 119 155 54 221 71 63 23 243 81 217 97
    83 255 236 163 118 60 104 63 247 158 254 49 29 201 28 53 221 239 155
    174 83 207 49 53 68 115 18 170 3 7 144 18 65 134 2 7 38 68 3 0 20
    107 48 21 110 211 0 228 194 39 193 99 72 144 164 76 18 8 145 97 87
    36 84 186 66 120 1 68 48 80 24 15 193 20 229 79 145 172 24 5 112 24
    156 73 16 114 51 189 88 87 32 250 44 54 117 236 58 53 161 241 245 92
    202 55 125 127 249 229 242 184 195 98 117 98 29 246 208 44 100 209
    236 214 251 214 106 104 71 190 221 50 137 124 255 85 18 150 68 231
    194 77 168 45 140 9 242 31 137 89 38 224 95 180 122 78 42 112 175
    166 110 161 55 241 179 252 253 255 214 253 233 27 203 199 139 92 223
    249 177 82 239 124 45 185 24 179 127 95 51 223 221 236 253 250 127
    251 169 55 217 85 123 60 211 133 122 113 59 125 191 13 217 181 252
    124 54 224 175 220 203 159 46 223 248 255 255 221 254 247 251 255
    255 253 255 255 255 252 251 254 251 213 123 111 126 175 230 55 223
    239 182 63 219 219 126 187 247 37 85 255 82 115 249 244 210 93 57 62
    221 30 233 110 157 172 94 5 240 31 156 73 16 246 51 189 88 86 34 250</data></Features>
</opencv_storage>
