<?xml version="1.0"?>
<opencv_storage>
<ImageFile>"164.jpg"</ImageFile>
<Features type_id="opencv-matrix">
  <rows>319</rows>
  <cols>64</cols>
  <dt>u</dt>
  <data>
    250 252 127 255 63 125 253 251 253 255 254 251 255 184 252 255 243
    245 127 123 252 214 177 124 253 255 247 187 255 223 127 251 195 108
    215 255 254 127 249 253 254 223 127 63 215 55 244 125 191 173 158
    141 250 157 159 93 56 246 115 255 255 223 40 190 123 252 252 43 223
    191 167 25 239 103 237 250 191 127 190 93 255 247 99 243 245 119 219
    119 213 255 253 191 122 219 255 227 143 76 199 190 211 24 249 126
    124 95 124 165 213 113 247 111 191 172 153 13 242 29 216 93 56 182
    243 189 186 219 44 218 239 252 239 173 255 255 223 253 189 255 253
    250 223 189 255 239 169 253 127 125 121 211 246 60 125 237 188 191
    253 93 127 187 241 109 158 251 218 119 181 253 222 223 122 62 211
    191 200 52 157 173 94 13 217 255 151 77 248 244 41 188 223 222 42
    185 233 207 239 219 255 221 213 59 255 125 60 219 191 255 252 237
    243 245 125 47 252 127 187 127 123 255 55 54 255 219 94 175 223 111
    126 243 210 127 255 252 119 255 110 191 221 246 125 243 165 165 158
    12 255 191 143 207 56 244 106 191 219 221 42 251 234 205 109 218 215
    93 87 201 175 71 189 222 191 253 126 236 219 117 126 101 30 246 176
    36 127 215 157 57 243 154 30 185 130 110 71 218 194 113 223 94 54
    249 60 253 213 94 244 164 199 173 151 12 89 31 134 63 56 244 96 61
    93 221 58 186 207 205 222 252 35 75 124 199 57 225 237 185 62 254
    238 254 171 152 61 239 15 249 229 51 117 207 179 63 123 103 190 53
    242 55 52 251 195 119 246 244 114 255 253 127 191 31 111 190 205 163
    118 213 73 95 183 238 217 255 105 255 93 108 147 187 186 223 111 203
    247 221 215 137 239 195 63 254 191 62 126 252 251 215 124 255 30 246
    183 100 121 215 121 57 183 186 30 56 134 108 223 218 202 91 251 86
    50 89 101 189 149 158 252 52 151 173 151 13 154 135 198 255 16 244
    112 61 95 93 58 250 179 253 219 127 32 222 217 134 218 181 117 219
    174 243 134 154 110 195 48 107 135 45 231 87 253 139 247 63 71 41
    195 111 151 166 100 254 218 25 250 255 243 126 185 239 187 16 241
    111 217 172 57 67 240 29 188 77 17 243 115 255 120 119 161 251 191
    254 124 239 255 189 223 217 127 255 173 235 238 123 238 253 247 247
    174 187 245 114 51 124 245 255 241 123 255 127 255 115 255 116 222
    254 242 123 248 245 246 94 123 191 244 215 246 125 153 191 28 7 248
    157 223 77 18 247 55 188 254 223 42 185 248 252 255 237 255 253 253
    255 253 255 254 255 255 252 255 253 251 213 127 123 252 223 254 61
    127 239 127 187 255 219 126 255 253 111 127 255 214 119 253 247 219
    223 254 62 223 183 89 245 173 189 94 157 248 191 157 77 208 244 107
    255 223 95 42 191 21 148 158 117 61 224 249 124 146 184 245 117 164
    89 129 49 111 222 162 27 228 42 198 127 172 63 227 126 92 103 229
    127 95 240 189 52 55 185 250 117 121 76 235 103 231 33 187 111 184
    254 123 7 252 156 156 65 55 147 191 203 176 39 165 222 17 149 222
    117 61 224 249 120 146 189 244 245 172 89 1 49 108 207 178 155 228
    46 195 127 172 63 227 126 124 103 231 127 223 248 185 116 119 185
    250 117 121 156 235 111 237 161 251 111 187 250 27 199 252 164 152
    69 55 147 190 203 240 175 165 222 150 35 137 210 50 148 88 73 198
    195 51 210 147 194 144 82 26 85 100 71 14 116 194 75 29 147 183 43 2
    170 52 136 66 22 222 139 0 124 227 82 32 104 181 105 179 28 181 63
    211 172 48 67 98 25 252 120 0 114 17 249 93 85 105 178 144 186 147
    199 120 119 170 247 222 158 82 87 195 86 219 176 127 199 235 46 68 5
    198 222 171 218 60 238 198 194 51 250 87 37 77 181 117 58 237 116
    249 84 179 62 197 164 177 109 187 173 29 129 240 31 156 89 68 240 19
    237 92 23 32 254 237 204 238 141 251 255 247 241 189 85 236 203 223
    57 254 237 137 125 255 109 244 87 186 241 123 125 29 182 253 215 63
    223 205 97 83 250 210 113 253 60 127 191 126 183 213 247 254 105 157
    173 159 13 219 93 159 28 56 206 123 189 219 223 46 251 174 239 239
    216 51 93 93 207 191 214 175 186 31 190 255 239 155 244 102 107 22
    242 244 50 125 183 149 57 127 250 30 185 144 84 215 202 194 123 251
    57 182 255 125 61 182 214 245 108 147 173 182 13 154 29 247 28 56
    226 120 125 127 221 106 251 34 239 237 222 54 223 93 107 107 206 57
    152 93 167 253 238 139 84 32 111 22 124 208 35 93 213 163 61 43 58
    60 9 210 100 125 155 202 124 251 116 54 254 189 47 151 158 245 126
    147 165 16 7 162 29 183 12 152 230 123 253 89 69 40 178 210 233 155
    127 224 218 218 163 90 153 119 223 226 211 207 186 47 131 188 143 15
    173 103 215 235 95 255 239 71 43 162 50 215 55 109 215 127 29 254
    117 113 124 177 127 191 28 191 191 221 138 41 243 253 231 56 234 87
    255 80 111 116 113 209 250 202 204 175 169 202 223 166 133 61 113 46
    202 155 181 127 172 141 25 185 44 92 213 254 32 123 213 25 118 173
    211 30 15 149 211 83 65 165 199 252 34 167 191 108 49 29 158 124 176
    215 193 239 188 159 231 163 190 223 204 104 108 87 73 90 254 197 105
    155 117 17 98 249 238 136 161 237 254 98 192 131 170 11 13 55 79 46
    143 230 3 7 223 147 171 65 34 34 154 234 23 37 251 17 45 238 245 120
    104 181 99 191 25 63 190 93 170 122 243 209 126 116 226 209 184 97
    123 61 117 145 202 231 244 109 139 255 31 159 137 191 103 45 250 159
    42 246 253 195 245 60 101 88 211 176 104 125 199 173 63 211 59 95 59
    240 36 158 219 194 121 169 254 114 222 44 61 208 30 212 29 149 173
    18 5 120 29 157 123 24 246 48 60 92 214 58 185 29 49 223 116 48 179
    120 118 80 190 212 177 70 208 128 90 126 206 227 107 167 61 195 215
    141 42 230 223 72 69 245 234 223 18 181 174 127 120 249 117 120 252
    187 103 247 53 55 111 187 174 41 199 240 29 60 77 23 243 55 219 121
    51 229 254 22 50 81 167 252 160 138 76 214 26 210 119 229 67 155 112
    114 199 139 0 193 33 138 92 174 136 108 205 150 168 33 238 55 173
    221 183 124 178 9 85 201 68 3 72 64 132 137 93 186 60 153 3 176 160
    156 121 68 50 22 136 104 7 52 117 231 228 109 139 255 95 159 137 191
    103 61 250 159 43 246 253 193 245 60 101 88 211 176 108 125 199 173
    59 211 59 95 59 240 44 222 219 194 121 169 254 114 222 44 189 208 30
    244 61 157 173 18 5 248 29 157 91 24 246 48 60 92 214 58 185 135 206
    109 232 61 60 165 88 185 255 168 234 143 57 236 237 195 252 173 41
    228 84 56 120 101 247 9 51 127 11 59 91 245 192 222 170 114 248 185
    180 118 94 58 189 212 146 116 97 152 189 28 4 216 29 207 12 56 244
    51 188 218 215 46 185 237 205 254 220 34 255 253 87 61 223 45 203
    159 254 254 239 255 251 253 111 183 125 114 243 123 127 183 126 125
    215 254 227 215 119 119 187 211 127 251 124 118 255 124 111 255 30
    247 239 157 172 56 93 242 29 159 77 57 255 115 191 91 255 11 250 197
    105 155 117 1 98 249 206 136 161 237 190 98 200 131 170 11 13 55 79
    46 143 230 3 7 223 147 171 67 34 34 154 234 23 101 251 17 45 239 252
    120 120 181 227 191 25 63 182 93 138 114 241 209 127 116 226 209 184
    97 123 61 116 145 202 125 45 255 220 82 207 95 119 167 230 121 152
    95 237 159 78 235 85 58 102 30 253 194 35 95 239 190 61 115 28 124
    41 215 39 53 187 130 124 247 124 52 232 189 111 127 28 245 190 159
    164 91 149 163 124 148 79 200 254 123 251 89 68 49 242 7 36 18 7 153
    128 131 136 194 140 2 119 160 75 129 48 98 7 129 2 193 34 143 68 8
    136 32 9 146 10 3 31 55 36 85 178 48 10 9 92 193 64 8 130 64 0 136
    69 9 44 24 37 180 2 12 97 16 48 50 168 8 7 32 233 254 58 117 229 252
    190 39 121 238 125 218 119 207 85 216 81 251 197 223 108 201 13 138
    252 142 220 61 255 254 15 115 238 23 229 254 191 108 243 189 87 77
    212 90 159 205 140 252 21 140 181 205 32 225 246 143 107 68 124 19
    143 90 7 52 252 46 229 109 26 2 31 85 75 231 70 173 176 125 243 252
    238 210 48 103 244 23 114 17 167 84 183 133 25 99 158 28 160 218 12
    70 158 202 112 145 252 190 219 60 13 212 118 228 78 147 165 130 12
    106 29 71 29 56 242 123 188 121 210 106 185 186 174 119 103 234 157
