<?xml version="1.0"?>
<opencv_storage>
<ImageFile>"167.jpg"</ImageFile>
<Features type_id="opencv-matrix">
  <rows>163</rows>
  <cols>64</cols>
  <dt>u</dt>
  <data>
    237 230 109 235 255 53 39 248 253 127 236 187 253 191 253 207 227
    253 127 104 249 210 189 60 92 253 173 179 255 95 57 255 240 100 84
    251 83 113 53 252 126 94 120 63 84 151 78 209 137 173 22 4 248 31
    143 77 152 244 43 156 92 86 34 177 45 174 239 105 58 255 163 245 249
    252 206 253 93 53 255 234 139 232 251 107 245 81 94 253 249 105 28
    182 109 215 63 206 253 74 103 36 253 187 253 60 254 61 122 166 117
    247 119 227 191 236 175 127 243 93 25 92 62 206 207 237 251 219 111
    254 178 253 125 158 247 93 223 137 255 68 21 254 189 126 254 220 255
    247 16 54 86 114 147 102 253 214 244 25 243 251 223 41 150 108 23
    222 202 91 219 124 82 223 28 45 149 20 245 110 145 172 154 13 184 29
    157 75 56 242 120 61 88 95 42 251 189 254 247 109 56 109 229 255 249
    221 238 249 111 187 239 253 251 252 175 107 117 136 60 189 231 239
    99 187 255 79 122 255 252 103 125 254 116 247 253 244 255 94 122 183
    94 247 126 244 168 53 126 180 248 191 135 77 148 252 39 174 95 78 39
    185 190 251 123 247 183 180 217 249 222 223 241 251 239 90 212 93
    246 215 126 95 127 46 129 126 175 158 243 123 214 59 230 187 226 44
    222 255 254 125 251 245 218 78 179 223 243 17 153 127 139 191 16 67
    248 157 158 113 16 242 115 159 126 87 162 187 212 41 147 215 240 194
    251 238 218 185 87 223 211 214 147 234 43 213 184 15 14 173 230 27
    47 223 187 47 199 171 22 63 119 151 61 219 20 253 255 22 113 116 225
    118 175 12 121 178 207 136 127 247 209 254 180 238 193 124 96 107 77
    37 145 254 222 57 155 246 50 67 92 230 83 131 125 146 87 198 146 218
    63 215 60 79 15 189 231 131 175 215 243 249 67 235 246 41 82 23 181
    207 142 125 250 85 48 233 181 121 191 28 245 190 215 170 103 215 168
    123 52 254 193 63 121 123 125 57 209 166 192 10 131 213 200 194 106
    227 8 163 67 142 210 160 19 42 12 9 60 79 142 141 78 137 27 95 159
    238 0 167 50 30 67 151 97 43 9 237 238 66 32 32 225 107 175 28 59
    179 95 200 48 243 215 127 52 234 65 111 17 113 77 113 81 174 191 182
    254 37 255 182 191 90 180 127 240 115 238 123 162 93 226 253 35 243
    225 7 211 127 78 251 253 239 218 29 241 239 215 44 84 190 83 120 233
    116 120 92 58 175 209 81 215 79 153 172 24 5 240 29 156 73 16 242 51
    157 88 87 32 250 248 223 238 223 239 255 251 183 61 255 86 159 159
    248 127 206 254 213 125 111 124 221 230 57 123 250 186 62 255 211
    126 191 243 37 116 249 87 127 245 116 210 223 123 62 219 134 201 253
    157 173 30 133 248 31 159 77 80 246 59 189 95 31 34 251 126 53 125
    244 254 189 95 105 255 127 211 58 253 106 180 86 246 247 67 242 255
    127 211 118 220 170 230 95 82 252 253 235 195 44 86 190 218 122 241
    253 216 94 29 15 209 20 193 79 153 172 24 5 240 29 157 73 16 242 115
    189 122 86 42 249 3 196 72 138 7 157 23 0 47 70 21 200 152 62 124
    199 137 116 20 37 130 114 192 96 109 213 25 45 51 42 29 41 148 36 17
    138 66 89 171 26 48 219 44 41 149 28 116 44 145 172 18 4 56 17 183
    10 16 114 56 61 89 93 34 251 6 5 16 186 137 8 14 1 35 98 9 2 144 102
    164 21 237 82 0 96 74 160 144 98 68 148 179 73 146 42 57 97 18 148
    21 170 32 96 3 64 32 200 28 105 116 20 228 79 145 164 16 4 32 24 156
    105 24 50 57 61 28 71 32 160 37 53 211 23 25 160 233 126 210 168 128
    117 224 75 131 65 106 4 129 18 193 45 207 79 4 138 226 7 82 8 33 111
    127 38 21 186 54 56 107 116 113 68 58 138 196 17 145 111 153 174 24
    5 240 24 156 65 16 50 183 187 24 23 161 122 21 147 211 87 53 160 209
    122 150 149 21 85 135 91 128 85 126 214 32 107 198 46 194 115 44 154
    226 127 118 40 81 111 151 38 53 158 82 88 251 85 81 121 187 70 233 0
    249 111 153 188 25 69 240 24 156 73 49 114 114 143 88 23 165 250 131
    205 138 155 3 216 212 11 47 195 45 202 186 108 108 159 141 51 52 151
    6 118 210 99 117 215 209 44 51 58 30 49 150 38 81 202 66 73 234 120
    114 255 60 105 149 28 245 47 209 138 16 5 248 5 253 235 25 242 48 61
    17 93 152 218 195 205 138 254 3 74 92 11 47 226 45 138 50 204 108
    159 141 51 52 211 142 188 240 35 65 215 243 110 83 35 31 115 147 182
    113 104 3 72 226 98 50 191 108 105 183 28 245 111 209 138 50 5 252
    29 245 202 17 243 185 189 17 117 145 202 252 32 247 151 202 71 187
    247 86 237 80 87 223 170 179 70 254 219 97 99 249 133 231 176 218
    123 188 238 192 140 243 239 223 36 85 186 83 120 233 124 80 76 56 46
    209 52 243 109 153 172 24 5 240 28 156 73 16 242 51 189 88 87 32 250
    148 50 147 167 216 34 160 239 192 184 98 113 99 195 147 48 98 196
    129 66 64 137 172 25 142 136 40 139 146 8 32 94 101 167 60 187 52
    180 5 212 195 66 16 158 72 2 8 212 72 44 92 145 112 26 133 73 128
    120 3 136 76 6 32 181 220 50 247 161 216 51 43 252 192 47 194 54 197
    131 147 80 250 205 139 100 105 133 138 216 142 136 188 233 210 12
    115 171 85 5 85 191 16 116 5 84 216 64 24 30 65 12 200 149 154 44 24
    37 240 30 156 73 64 248 49 156 92 23 32 240 249 58 247 165 220 229
    173 252 204 253 250 127 239 141 147 116 251 229 111 99 248 143 255
    220 159 255 127 171 222 150 99 191 111 47 239 191 220 189 109 95 125
    68 179 191 79 97 61 181 170 188 217 169 242 190 140 81 228 180 193
    251 254 199 44 54 13 34 65 160 24 164 163 120 144 189 66 85 193 13
    144 64 74 93 135 97 224 36 202 123 12 222 20 135 82 11 49 79 87 166
    61 186 52 248 105 22 81 96 58 39 199 0 117 107 24 164 57 4 240 28
    156 8 0 242 51 201 72 23 32 254 3 2 0 130 205 130 7 10 166 1 0 67
    163 75 36 21 64 119 4 16 192 38 152 99 6 146 24 7 146 40 1 65 23 164
    18 176 96 8 33 4 65 64 10 137 193 80 244 79 16 164 24 0 100 0 158 1
    16 50 50 157 0 87 36 88 76 46 247 177 88 63 37 247 41 252 194 55 215
    245 187 66 234 221 235 102 253 133 74 243 95 120 188 133 104 76 58
    203 215 6 85 186 80 122 229 116 252 84 56 38 85 165 231 239 153 172
    24 21 242 29 157 73 16 250 19 189 88 87 32 250 235 214 238 235 255
    181 223 140 189 255 184 233 191 107 38 93 149 255 184 187 252 119
    255 125 117 231 107 55 127 113 253 231 247 249 222 37 255 249 252
    187 111 94 111 237 215 81 223 115 190 222 24 45 247 229 253 255 127
    215 246 191 243 219 184 255 131 1 8 22 167 128 30 0 2 3 145 98 162
    66 32 17 4 35 4 151 3 38 19 71 128 22 241 110 2 60 196 32 142 60 130
    142 202 8 202 201 64 8 53 201 145 121 183 15 17 202 0 67 112 1 88
    243 19 51 22 177 48 243 232 74 179 81 24 22 39 2 90 8 70 1 21 226
    190 74 38 22 116 147 20 215 6 174 225 102 160 146 241 75 146 58 198
    32 146 44 0 222 75 72 194 213 80 218 61 73 145 28 181 47 145 174 16
    5 120 8 248 203 17 115 48 57 56 55 160 203 20 51 89 1 48 112 170 244
    194 158 195 20 64 1 145 162 74 204 131 110 8 160 100 152 140 128 174
    201 4 12 49 26 112 20 157 171 24 182 1 213 144 64 25 30 98 134 128
    92 26 45 118 103 32 24 20 73 132 106 9 204 76 22 97 177 64 3 128 17
    0 128 42 101 0 162 3 4 208 0 25 2 8 9 192 66 200 33 66 195 24 0 132
    132 0 132 33 66 71 16 65 168 17 40 64 72 32 32 16 2 101 36 131 107
    27 168 24 3 178 25 24 80 1 99 19 177 8 83 96 98 3 2 128 130 205 130
    7 10 166 1 0 67 163 75 36 21 64 119 4 16 192 39 152 99 6 146 24 7
    146 40 1 65 23 164 18 176 96 8 33 4 65 64 10 137 193 80 245 79 16
    164 24 0 100 0 158 1 16 50 50 157 0 87 36 88 2 3 132 214 38 131 72
    50 6 138 19 7 138 192 16 3 100 215 0 227 198 45 192 99 8 26 162 76
    16 0 48 105 87 38 80 184 82 104 66 64 80 64 56 15 193 4 225 111 153
    168 24 5 240 24 156 73 17 114 51 157 88 87 0 250 98 148 200 155 223
    196 31 13 47 231 57 158 185 14 54 127 235 215 48 101 138 167 219 104
    76 213 185 47 19 27 59 47 215 165 85 155 66 121 237 86 48 88 44 41
    213 28 253 55 157 172 24 5 240 29 148 107 16 242 49 189 88 87 48 250
    35 133 72 34 151 128 5 8 230 2 177 112 169 74 164 85 66 52 5 80 195
    34 145 103 36 146 97 13 18 56 1 9 134 46 158 154 98 56 1 148 64 194
    16 201 208 80 180 78 17 164 16 0 96 16 236 33 16 50 50 157 24 87 32
