<?xml version="1.0"?>
<opencv_storage>
<ImageFile>"17.jpg"</ImageFile>
<Features type_id="opencv-matrix">
  <rows>154</rows>
  <cols>64</cols>
  <dt>u</dt>
  <data>
    123 213 252 158 119 15 85 27 247 68 61 194 63 253 52 93 247 247 33
    116 84 119 145 119 94 255 241 29 250 90 252 105 214 44 87 190 66 120
    249 124 118 223 60 47 213 20 245 79 153 172 24 5 240 29 156 73 24
    242 51 189 88 87 32 250 43 223 236 158 39 157 157 27 191 246 61 202
    191 123 62 95 149 183 96 179 244 119 83 119 81 119 245 122 122 242
    215 227 207 60 195 164 219 88 248 121 118 95 61 173 213 116 245 111
    153 174 152 15 242 29 220 93 56 243 115 189 123 211 40 250 109 238
    247 221 248 191 231 113 121 253 74 155 221 117 253 204 163 221 251
    106 255 109 90 251 223 126 151 246 108 77 61 207 215 211 85 59 212
    250 255 118 244 63 235 55 117 174 253 115 156 237 45 127 247 253 159
    77 68 238 211 175 218 71 35 246 125 174 247 221 248 191 239 113 249
    253 66 27 221 117 249 204 170 221 249 106 254 109 218 251 95 254 182
    183 108 73 61 207 215 195 93 59 212 251 255 118 245 125 235 118 125
    134 221 83 157 237 60 119 247 253 159 77 69 238 219 175 218 79 33
    246 44 47 247 220 48 207 97 111 181 252 142 181 85 254 187 238 235
    212 195 43 212 45 214 179 93 234 132 5 104 200 60 201 215 38 103 186
    20 122 217 124 244 125 56 38 237 182 101 110 153 172 184 29 242 29
    157 77 16 242 115 189 91 71 35 250 122 93 255 255 238 143 95 43 255
    231 253 154 255 236 54 94 253 183 114 247 190 255 211 63 223 255 247
    127 66 249 252 235 195 44 6 191 202 125 242 127 120 219 253 111 215
    124 245 63 157 174 24 15 242 29 156 93 24 246 115 185 121 215 40 250
    226 12 130 139 203 142 6 133 46 99 3 14 147 238 123 140 192 83 57
    100 10 151 154 40 90 192 24 47 146 152 26 3 1 167 87 91 0 71 37 66
    160 80 4 137 93 30 108 145 213 12 16 52 7 107 133 171 80 108 32 60
    76 84 24 240 157 187 255 117 190 253 249 240 250 191 215 222 223 80
    114 113 252 253 103 235 246 124 98 255 173 127 247 250 92 87 247 255
    215 60 221 190 90 121 249 119 216 93 123 47 209 101 247 111 153 188
    24 71 240 29 156 73 16 242 51 191 120 95 100 250 78 9 130 244 0 130
    120 70 4 162 67 148 147 224 178 74 10 89 48 111 142 173 194 11 15
    202 146 7 66 161 52 79 23 151 52 43 32 236 118 86 0 160 229 97 171
    28 97 171 85 160 56 213 65 88 180 170 81 106 57 251 73 36 145 230
    216 57 155 212 34 23 120 231 83 175 85 208 87 192 18 26 60 203 118
    239 14 189 102 147 153 11 246 222 64 228 244 232 71 58 32 45 222 108
    210 193 88 40 181 110 187 52 131 110 219 138 43 211 240 93 60 93 197
    243 83 219 113 48 193 254 220 57 147 244 32 35 120 231 66 139 83 211
    83 192 146 26 60 205 190 111 14 173 226 147 143 202 182 222 64 164
    180 168 86 19 52 169 156 108 210 197 80 40 177 102 171 12 129 110
    223 162 105 247 96 94 60 76 197 219 83 219 125 52 209 250 188 189
    255 255 55 125 253 255 253 252 255 189 125 190 191 254 251 244 99
    107 253 251 247 182 221 235 244 187 123 221 127 235 207 44 119 254
    214 122 249 125 122 95 127 47 246 55 245 110 153 174 154 15 242 29
    157 93 24 242 123 253 123 95 42 250 57 55 253 154 22 63 5 127 247 94
    28 144 125 255 180 79 243 244 99 100 112 119 208 119 94 168 164 29
    122 88 120 233 214 36 87 186 210 120 129 124 116 94 56 175 212 52
    229 78 153 172 24 12 240 29 158 73 24 242 51 189 90 87 40 250 186 17
    88 150 55 3 89 10 214 65 149 114 63 74 48 85 118 215 4 213 66 38 161
    103 140 154 224 93 82 56 244 41 82 44 20 190 202 120 128 213 80 201
    21 11 192 20 193 78 153 174 24 5 112 24 156 65 16 114 51 189 120 23
    32 248 26 21 108 184 38 191 62 3 37 102 85 128 28 125 60 86 244 251
    65 240 247 116 209 115 220 28 225 220 112 180 253 225 210 52 211 170
    203 104 208 105 60 155 61 45 212 21 231 79 155 172 152 15 98 29 218
    89 24 243 51 181 88 242 104 234 251 253 186 119 111 226 254 190 222
    187 245 251 238 202 6 30 125 171 126 223 255 175 247 223 147 127 247
    254 67 183 231 230 207 191 38 117 255 45 250 255 120 108 243 239 251
    121 191 127 253 202 24 195 244 254 120 193 87 183 247 243 190 115
    145 78 219 25 146 119 237 162 120 2 82 169 209 99 166 194 2 26 124
    171 55 215 239 175 67 223 146 90 242 254 66 180 230 230 79 63 36 53
    187 44 242 109 88 108 177 235 233 121 191 127 249 238 24 195 244 92
    88 193 87 179 215 179 56 115 145 74 126 186 239 251 62 247 251 189
    221 191 214 253 253 18 153 210 122 215 251 123 245 119 207 223 173
    250 118 183 78 219 117 254 95 238 237 183 127 187 253 119 248 93 243
    108 215 165 19 123 191 253 143 195 244 181 252 93 68 246 255 219 251
    159 248 246 154 205 142 223 39 221 220 51 31 251 53 202 158 240 126
    142 157 155 252 187 158 125 242 235 249 87 243 118 109 243 151 99
    207 216 240 96 255 205 250 99 114 191 239 109 183 20 247 123 255 202
    169 207 252 205 249 254 87 215 246 255 243 249 201 207 59 19 208 182
    61 160 40 12 118 248 192 229 164 91 134 23 126 183 161 83 225 47 195
    119 196 154 240 47 90 32 225 231 151 36 117 180 119 24 233 116 104
    92 58 235 213 17 247 111 153 166 24 1 240 28 156 65 18 242 55 189 88
    87 32 90 186 144 218 231 191 161 249 60 84 249 214 117 175 90 0 116
    118 159 21 211 229 47 235 127 172 138 226 223 94 113 229 239 95 236
    60 52 255 123 232 245 217 220 211 78 201 5 251 111 187 254 27 133
    252 4 156 73 18 243 183 251 250 31 160 255 171 214 72 187 159 188
    175 9 61 123 104 201 175 107 36 93 203 255 165 115 236 117 250 121
    69 223 35 39 91 113 49 239 215 166 220 49 115 248 237 246 102 78 106
    105 215 21 117 115 153 172 24 4 228 21 189 105 16 242 183 189 218 87
    48 255 30 17 124 184 39 185 60 3 37 98 209 0 220 229 36 86 244 155
    65 240 243 116 81 243 212 26 224 220 96 180 253 225 219 60 211 174
    203 104 224 96 60 155 61 45 212 21 231 79 155 174 24 7 98 29 218 89
    26 243 51 181 88 242 104 234 124 175 239 253 50 127 253 255 253 254
    222 189 95 253 251 238 155 221 251 111 247 253 246 183 93 111 150
    183 109 215 62 251 255 70 103 250 215 126 249 124 252 125 251 62 255
    167 119 235 191 172 191 223 243 29 157 92 124 246 123 255 251 223
    105 254 179 55 113 151 191 148 153 73 238 71 147 122 255 107 176 85
    242 247 38 115 207 38 147 117 222 154 247 43 146 30 241 59 86 44 86
    158 74 120 233 214 80 88 56 15 209 84 241 31 153 172 16 5 112 29 156
    73 16 242 51 189 88 87 32 250 12 142 172 216 2 255 163 119 61 244 78
    132 81 60 123 230 137 56 195 106 244 113 94 179 89 105 4 132 109 215
    31 195 205 82 195 32 149 202 248 40 188 53 116 166 85 247 119 107
    187 104 175 77 215 93 88 28 63 194 79 229 195 235 111 206 252 253
    111 255 55 125 127 249 253 213 255 186 255 190 254 238 251 213 127
    111 61 247 247 52 125 255 185 57 123 222 126 185 250 36 117 250 210
    123 233 245 122 223 125 63 215 23 245 108 157 173 30 13 250 29 159
    77 16 242 59 253 91 94 42 250 255 221 255 220 118 191 223 82 63 199
    61 218 223 249 244 221 255 245 60 111 150 125 240 123 239 247 183
    127 127 59 86 41 214 119 252 219 194 125 251 247 119 255 233 111 191
    28 253 63 197 181 16 69 232 181 159 79 57 246 114 191 217 253 189
    187 63 182 117 167 255 181 187 120 254 255 211 127 237 27 249 85 242
    245 67 114 253 39 219 124 205 252 253 191 94 127 247 255 87 172 223
    190 254 249 233 119 121 92 123 175 213 33 250 127 184 190 24 5 240
    157 156 105 16 242 183 189 250 87 32 254 254 252 255 188 54 127 61
    231 247 254 253 178 95 182 254 254 189 154 114 253 53 213 240 183
    221 125 253 217 105 247 254 233 201 56 103 238 223 126 160 125 122
    159 117 45 183 55 230 108 191 170 171 143 242 29 125 93 60 243 59
    248 123 210 106 251 33 5 5 2 133 192 1 124 230 4 0 5 41 41 3 7 107
    116 3 96 72 2 231 36 8 169 4 8 19 8 0 9 220 36 17 186 82 32 1 68 48
    64 24 143 68 112 96 196 25 36 88 4 240 24 132 73 16 240 35 156 88 71
    32 250 33 0 69 10 21 224 33 124 224 4 132 5 97 9 131 3 107 100 3 96
    64 2 231 36 12 185 20 0 83 8 32 9 220 36 21 186 18 48 1 84 48 64 24
