<?xml version="1.0"?>
<opencv_storage>
<ImageFile>"170.jpg"</ImageFile>
<Features type_id="opencv-matrix">
  <rows>118</rows>
  <cols>64</cols>
  <dt>u</dt>
  <data>
    109 12 230 185 201 167 39 247 61 252 232 141 216 173 187 239 193 57
    219 102 253 199 94 185 83 104 140 134 105 213 57 199 237 1 71 41 145
    250 165 126 126 30 92 166 85 123 67 227 189 108 24 13 243 93 157 64
    58 238 115 188 218 198 42 249 175 246 109 138 255 189 7 120 239 85
    189 250 253 63 244 109 243 244 111 104 121 82 145 116 92 245 61 57
    255 94 95 57 208 108 214 154 194 112 185 252 54 219 56 63 212 182
    244 4 128 165 20 12 106 29 143 77 56 246 49 156 88 223 46 184 205
    156 239 117 124 243 243 254 184 189 212 223 202 221 2 43 9 125 187
    43 252 77 238 251 43 107 158 182 125 65 115 239 223 243 177 113 119
    221 252 181 89 189 235 102 251 49 123 227 125 216 43 253 245 252 152
    198 127 190 247 223 219 183 149 222 6 5 8 186 129 8 78 9 39 66 9 2
    16 102 45 23 205 22 0 64 74 168 144 34 68 212 179 73 146 42 57 1 18
    6 21 170 32 96 67 64 32 224 28 105 84 20 229 14 17 164 16 4 32 24
    164 41 25 34 57 61 12 70 33 160 251 220 238 253 255 191 223 152 191
    127 253 218 143 121 118 93 244 245 63 119 254 119 178 125 111 239
    191 63 255 57 125 239 215 109 158 255 210 125 249 247 210 222 122 63
    209 26 221 31 157 189 26 5 248 189 159 77 24 246 51 191 220 215 34
    249 2 197 8 138 3 156 6 1 47 70 5 136 152 62 124 214 137 80 4 36 0
    114 144 96 93 212 153 13 51 170 25 9 144 36 81 138 66 90 139 16 32
    219 60 41 21 28 116 44 145 172 16 4 40 17 167 10 16 98 56 60 88 87
    34 250 248 206 238 223 235 95 255 183 61 253 86 159 159 188 127 206
    255 213 121 111 220 157 238 57 123 251 184 54 253 209 62 255 243 37
    116 249 87 127 245 116 210 95 120 62 223 134 201 245 157 173 94 133
    250 31 159 77 80 244 59 189 95 95 34 251 21 145 211 87 189 160 249
    122 150 5 5 85 131 91 128 93 42 213 160 99 198 47 194 99 46 154 134
    63 118 41 20 111 151 54 53 154 18 88 250 117 113 120 187 71 233 16
    249 111 153 182 25 85 240 16 156 73 49 178 114 143 120 53 165 250 37
    53 211 87 25 128 225 126 210 232 128 117 224 75 129 65 106 4 129 2
    199 45 203 79 4 154 226 7 82 8 33 111 207 38 21 186 20 184 107 116
    113 100 186 206 193 17 145 111 25 172 24 5 240 24 156 65 16 178 55
    187 24 87 161 250 77 36 231 177 89 167 163 127 148 252 192 53 209
    110 179 70 234 93 195 98 241 39 202 243 28 232 132 135 80 140 49 207
    223 36 85 186 17 248 105 124 120 92 24 38 213 53 227 107 25 172 24 5
    240 28 156 73 16 242 51 189 88 87 32 250 205 16 229 176 221 227 43
    126 132 99 193 52 227 140 166 75 75 125 59 84 42 133 234 57 6 233
    186 175 208 1 34 141 93 39 149 251 1 229 101 87 24 192 30 43 79 25
    111 176 92 36 90 180 193 254 84 160 216 172 161 155 140 6 52 114 210
    201 138 220 38 83 92 135 3 130 53 138 26 224 54 26 29 155 52 159 6
    253 96 131 187 87 183 120 1 178 150 32 130 58 163 72 202 76 250 105
    48 171 181 105 191 28 181 110 215 138 163 215 184 89 112 222 17 211
    120 123 117 241 217 234 210 51 147 247 253 34 169 255 198 56 242 115
    103 194 147 49 118 198 133 66 66 168 172 30 142 138 226 75 210 40 33
    254 115 167 60 191 116 244 1 213 195 66 147 94 232 6 137 94 136 53
    92 1 112 58 157 73 128 48 33 158 92 6 33 181 131 205 138 154 3 202
    220 11 47 195 45 202 186 236 100 63 141 51 52 23 6 118 208 99 117
    215 147 46 19 58 30 49 150 54 81 138 2 73 234 98 114 255 44 105 149
    28 245 47 209 138 16 5 184 1 252 107 25 242 48 61 16 85 152 250 131
    21 8 6 207 128 26 8 6 3 145 98 170 74 0 21 36 35 4 149 67 38 147 70
    0 18 241 107 146 56 193 32 14 60 8 150 235 8 74 201 64 200 21 201
    193 81 181 15 17 134 16 1 96 0 88 227 19 51 54 49 48 51 160 72 5 2
    65 160 24 224 163 104 148 61 66 85 129 73 144 0 74 93 133 97 224 44
    202 123 12 154 20 7 86 3 49 79 87 166 61 186 117 248 109 22 81 96 56
    15 65 0 117 227 25 36 24 4 224 28 142 8 0 242 51 157 72 23 32 254
    226 196 200 155 223 205 15 9 47 99 25 158 191 174 182 127 235 215 52
    101 138 167 202 105 76 215 185 47 19 26 27 43 211 36 85 155 66 121
    237 86 48 88 44 43 213 28 253 55 145 172 16 5 240 29 148 75 16 242
    49 189 88 87 34 250 31 2 64 176 29 224 33 124 20 124 214 85 129 89
    128 0 106 220 129 96 224 40 202 123 12 154 48 7 82 3 49 111 87 166
    21 186 119 248 105 118 113 196 154 15 65 1 245 107 27 36 25 4 224 28
    158 73 0 242 51 153 72 23 32 254 8 2 131 160 8 98 160 199 16 248 70
    69 16 16 25 32 8 8 129 2 192 33 76 91 40 136 0 134 68 195 51 222 37
    130 89 32 53 194 105 32 225 52 82 2 69 133 51 235 25 104 120 5 244 4
    156 72 23 194 47 173 64 7 0 254 4 34 3 165 48 112 168 244 0 138 195
    20 64 0 147 227 8 76 3 106 9 160 100 152 12 136 166 201 64 14 51 26
    112 16 125 170 88 118 1 85 144 64 25 30 226 132 192 124 24 45 118 7
    80 28 148 72 128 66 1 220 76 6 96 178 143 206 76 41 238 249 190 144
    57 59 44 206 158 53 100 169 129 249 61 233 201 80 42 248 97 95 185
    246 253 7 59 119 241 112 220 97 91 113 232 178 86 158 120 63 213 22
    246 113 153 205 30 5 221 93 142 77 26 215 51 188 84 83 98 185 139
    204 78 137 238 253 222 145 57 127 45 202 158 49 102 169 141 217 61
    233 204 208 54 120 107 95 185 114 253 71 191 115 245 112 88 97 91
    115 168 240 210 223 120 63 209 22 246 121 157 205 30 5 252 93 159 77
    26 215 51 188 84 91 34 185 224 4 183 135 200 199 227 245 158 253 4
    79 131 157 19 36 111 69 217 35 216 143 238 200 58 104 28 38 200 195
    19 127 237 35 33 113 22 137 111 46 81 52 66 182 13 48 41 225 57 8
    235 185 149 122 156 194 117 104 42 105 194 5 3 254 141 246 124 40
    252 189 38 80 57 127 168 234 204 59 236 73 193 237 141 105 245 113
    90 248 197 125 41 247 125 79 249 71 215 208 220 170 113 248 189 247
    118 158 106 181 245 83 118 113 152 253 56 36 228 253 203 13 30 158
    147 164 218 211 110 251 205 206 206 205 235 95 246 199 61 253 46 223
    154 190 239 238 137 217 189 111 76 213 174 56 107 221 153 55 253 75
    62 63 241 97 117 243 83 119 237 180 243 255 120 62 221 158 124 240
    141 173 94 53 217 95 143 206 208 236 43 188 93 94 50 184 61 191 255
    213 54 221 221 115 255 213 95 223 223 252 124 126 245 251 126 171
    183 125 210 247 251 126 230 254 108 255 222 239 207 120 99 156 222
    91 250 125 93 157 239 231 189 52 247 111 191 250 169 223 242 29 154
    93 127 215 114 255 243 253 205 254 38 53 72 130 21 0 138 13 70 66
    145 112 40 3 128 21 16 34 0 209 193 98 81 70 148 128 224 73 18 188
    193 64 12 60 134 142 202 24 9 85 100 72 49 137 208 80 180 110 18 174
    152 11 240 24 88 81 8 51 18 144 40 211 108 74 42 197 40 186 135 141
    79 9 135 66 25 12 185 110 124 84 215 22 1 240 142 58 145 102 92 148
    163 9 18 186 61 137 130 46 87 154 131 106 211 74 34 251 148 105 84
    20 228 15 131 164 16 12 42 21 141 57 25 162 123 185 24 79 170 160
    114 49 17 150 42 134 90 37 66 102 19 20 212 64 16 18 118 195 0 227
    138 41 195 199 136 130 230 94 2 168 213 106 87 36 17 190 202 104 194
    67 16 72 149 10 225 20 225 111 155 172 9 71 112 24 28 73 1 115 19
    185 88 23 96 250 68 34 16 1 200 146 162 225 72 187 66 54 208 2 201 2
    10 9 161 66 205 37 75 216 25 84 157 167 0 142 163 82 71 16 69 162 17
    152 237 70 96 20 48 165 101 36 182 99 154 236 40 35 247 93 88 192 6
    107 19 165 72 83 96 110 2 3 128 214 32 130 28 34 6 216 19 1 16 208
    16 2 100 211 0 163 192 44 193 99 8 18 162 76 16 0 144 97 87 48 112
    176 83 72 194 96 112 12 56 47 128 4 229 111 153 168 24 5 240 24 152
    73 19 115 51 149 88 119 32 234 71 143 131 156 65 14 7 79 161 68 6
    193 19 249 142 14 234 85 57 103 70 13 192 99 79 218 24 13 18 8 16 9
    150 39 117 187 0 122 207 116 225 126 56 99 93 28 117 238 217 164 24
    20 241 29 157 11 16 250 51 189 88 69 49 251 64 3 0 16 0 128 34 97 0
    162 3 4 144 4 17 2 4 9 192 192 200 33 66 195 24 0 132 132 0 132 1 64
    79 16 65 168 17 8 0 72 32 32 20 130 100 112 131 111 27 168 8 3 178
    24 88 16 3 99 19 177 8 82 96 98 69 39 241 144 17 194 33 79 132 224
