<?xml version="1.0"?>
<opencv_storage>
<ImageFile>"172.jpg"</ImageFile>
<Features type_id="opencv-matrix">
  <rows>130</rows>
  <cols>64</cols>
  <dt>u</dt>
  <data>
    237 110 239 249 122 127 37 247 189 244 238 159 95 189 255 238 139
    220 251 106 124 209 254 178 95 109 156 178 233 215 63 207 249 3 117
    250 85 242 253 124 126 61 120 55 93 183 103 232 157 172 255 157 211
    31 148 76 248 236 105 189 223 70 43 254 232 222 118 199 255 183 207
    217 62 127 42 75 159 125 115 253 247 247 125 38 222 239 190 120 122
    255 59 62 255 91 127 63 247 231 94 91 210 247 255 246 87 94 74 158
    221 14 221 17 141 221 28 37 223 239 141 235 80 252 240 47 214 95 56
    188 120 141 239 221 98 223 222 119 175 199 21 136 223 244 63 206 157
    209 122 239 30 125 210 227 123 99 158 124 97 156 30 168 199 31 67
    139 202 109 254 122 48 187 181 111 191 60 245 174 159 136 169 223
    179 125 148 222 89 255 121 255 121 249 91 250 80 155 146 95 232 128
    218 225 74 187 3 203 134 227 201 24 110 131 184 15 206 45 203 75 203
    222 243 126 6 43 163 62 87 183 125 19 80 253 254 102 97 108 169 111
    175 28 217 51 201 206 56 247 245 236 156 235 65 255 210 167 80 101
    145 182 186 209 24 215 39 209 218 1 23 131 21 202 191 106 52 86 125
    147 116 219 134 126 193 103 169 215 243 127 82 251 215 48 150 60 155
    134 203 73 250 115 112 201 245 105 183 20 245 47 155 170 144 71 252
    1 252 93 17 243 114 255 113 187 168 234 248 206 238 223 106 95 241
    183 61 253 86 159 159 188 127 238 255 213 121 111 220 221 238 57 123
    251 184 54 125 211 62 255 247 39 117 249 87 127 253 116 210 95 124
    62 219 134 73 245 157 173 31 133 250 31 159 77 80 244 59 253 95 95
    34 255 251 220 255 237 254 189 223 244 191 127 125 219 223 249 126
    221 245 245 127 107 252 199 182 121 111 235 173 126 255 85 125 239
    247 101 28 251 210 119 177 247 211 222 91 31 217 150 221 29 157 173
    30 5 248 191 159 77 24 246 59 188 222 94 34 253 3 197 72 138 7 156
    23 1 39 70 21 136 152 63 124 22 137 84 20 37 2 114 192 96 125 213
    153 45 51 58 25 41 144 36 17 138 66 89 139 18 48 219 40 41 21 28 116
    44 17 172 18 4 40 1 167 14 24 98 56 61 88 85 34 250 7 5 24 186 129 8
    14 9 35 66 9 2 16 110 45 21 205 22 0 64 74 176 144 34 68 212 179 73
    146 42 57 33 18 4 21 138 33 96 3 64 32 192 28 105 84 20 228 12 17
    164 16 4 32 16 164 41 24 34 57 61 12 7 32 162 82 207 208 222 234 154
    94 5 107 106 57 136 156 227 111 154 175 211 32 166 143 125 67 43 201
    199 163 125 3 40 157 96 151 180 93 179 104 76 242 99 38 126 173 105
    183 30 245 63 211 236 24 71 38 1 61 239 137 247 18 53 88 112 115 227
    252 40 247 245 56 103 121 255 212 255 208 183 211 194 147 78 235 221
    251 107 255 141 238 159 95 235 182 167 82 141 50 239 103 39 53 187
    86 252 229 118 88 108 241 46 235 53 75 251 153 172 120 149 240 30
    156 72 192 250 115 249 92 70 33 246 21 149 211 215 53 132 209 122
    150 213 20 213 135 91 144 29 110 215 33 43 198 46 194 115 46 154 54
    111 118 9 80 111 151 38 49 154 82 89 123 116 113 57 186 103 201 16
    249 239 153 188 25 149 240 24 156 73 49 242 114 143 88 21 165 250 53
    53 211 23 25 128 249 126 210 232 128 117 224 75 131 65 106 4 129 19
    197 45 195 79 4 138 226 15 82 8 33 111 223 38 21 186 20 120 107 116
    113 76 58 142 224 17 209 111 153 174 24 5 240 24 156 65 16 178 55
    185 24 87 161 122 211 85 131 247 255 130 95 8 2 99 17 218 131 202 4
    27 34 215 60 71 10 173 130 107 14 222 187 47 146 40 52 61 82 167 60
    219 66 125 102 87 0 234 169 105 171 28 221 23 69 132 16 181 109 242
    188 235 81 190 49 31 92 85 145 178 235 220 238 253 254 191 223 177
    61 127 85 203 159 253 126 205 237 253 125 239 252 77 182 121 111 254
    191 126 253 85 127 191 215 101 94 251 210 119 248 247 211 222 90 30
    217 30 217 31 157 173 30 5 248 191 159 73 16 246 59 189 92 87 34 249
    52 58 211 146 16 192 32 79 66 224 2 181 99 130 155 210 122 198 161
    73 139 137 239 11 141 137 32 11 2 136 1 111 117 135 117 154 0 252 39
    86 161 64 32 34 10 12 73 167 209 36 120 176 48 26 36 72 128 120 1
    232 73 4 33 246 131 205 138 155 3 202 220 11 47 195 45 202 178 236
    100 63 205 51 52 151 6 55 210 99 113 215 243 46 19 58 30 49 134 38
    81 202 2 73 234 112 114 255 60 105 149 28 245 47 209 138 16 5 248 1
    252 235 25 242 48 61 17 85 152 202 67 205 154 254 3 74 92 11 59 226
    45 138 50 204 109 191 237 50 52 19 142 188 208 43 65 215 243 106 83
    35 159 115 147 150 81 96 51 76 226 98 34 255 108 105 183 22 245 111
    209 170 50 5 188 29 253 203 17 179 187 63 25 116 145 234 210 51 17
    247 221 32 110 216 66 57 240 51 33 66 131 17 98 198 5 66 74 168 165
    26 142 138 226 9 210 8 33 61 114 39 28 187 113 116 1 213 193 66 146
    94 200 5 201 94 8 37 84 1 96 154 141 73 128 48 33 158 76 6 33 177 0
    3 128 16 0 128 42 37 0 162 3 4 144 0 3 2 12 11 64 192 200 37 66 195
    24 16 148 204 0 132 129 64 79 16 65 32 25 8 64 72 32 0 49 130 229
    112 163 111 27 170 8 3 242 25 88 65 3 99 19 177 40 83 96 106 131 149
    8 6 199 128 26 8 2 3 181 98 170 74 4 21 36 35 36 149 67 38 179 70 32
    18 241 110 146 62 192 32 142 60 128 150 202 8 202 201 64 200 53 201
    209 89 181 15 17 142 16 3 96 0 88 227 27 51 54 49 48 243 160 74 13 2
    65 160 25 224 163 104 148 188 82 85 129 13 144 0 74 93 129 97 224 44
    202 123 12 154 16 7 82 3 49 79 87 166 61 186 52 248 105 22 81 96 56
    47 67 4 117 107 25 36 24 4 240 28 156 8 0 242 51 153 72 23 32 254 58
    197 8 186 7 141 28 9 7 66 25 140 185 110 124 84 213 18 0 208 130 50
    145 103 92 148 225 9 18 186 61 169 130 172 87 154 195 74 128 82 34
    219 85 105 84 20 228 15 147 166 144 12 46 5 229 57 24 162 123 185 25
    79 42 162 205 206 206 233 251 95 246 197 61 249 46 159 154 190 239
    238 137 221 189 111 77 213 174 56 107 205 153 55 253 75 62 63 241 97
    117 243 83 119 253 180 242 255 120 62 93 142 124 240 141 173 94 53
    219 127 143 142 208 236 41 188 93 94 50 184 98 212 72 155 223 206 31
    9 47 99 57 142 189 174 36 127 227 215 48 101 138 167 219 105 76 213
    185 47 18 27 19 107 211 165 85 155 66 121 237 86 50 88 44 41 213 28
    244 55 145 172 16 5 240 25 156 107 16 242 49 189 88 87 48 250 141
    246 124 40 252 189 38 80 57 127 168 234 204 57 236 89 230 237 141
    105 249 113 90 248 197 125 105 255 125 69 249 103 215 208 220 42 48
    248 189 247 246 158 122 165 245 83 246 81 152 253 56 36 224 253 223
    77 30 158 147 164 218 211 110 251 51 20 60 7 255 176 159 56 146 63
    148 97 172 13 1 21 124 247 2 144 248 34 138 109 164 180 236 126 30
    25 193 127 93 44 156 60 118 57 32 125 113 192 11 142 197 224 156 95
    48 159 24 5 168 184 222 67 48 50 190 158 178 135 36 182 124 191 247
    213 50 223 217 115 255 213 95 221 223 254 252 254 181 247 126 47 183
    127 210 247 251 110 230 255 108 255 222 239 199 125 103 158 222 127
    250 253 93 61 245 230 191 62 253 111 255 170 169 223 242 125 186 95
    109 223 114 255 251 253 143 254 2 3 128 214 36 130 8 50 6 152 16 3
    128 193 16 2 100 211 0 163 192 45 192 99 8 18 162 76 16 0 144 97 87
    50 112 176 82 72 66 96 112 72 56 47 129 20 225 111 153 168 24 5 240
    24 156 73 19 115 51 149 88 119 32 250 29 16 92 164 29 232 121 120 20
    126 214 85 129 73 128 68 106 220 129 96 224 40 200 123 44 154 50 3
    94 3 51 111 87 166 29 186 119 248 105 118 113 196 155 15 193 5 245
    107 155 164 25 4 224 28 158 73 0 242 51 185 88 23 32 254 253 58 247
    161 220 229 163 252 204 255 250 127 239 205 147 125 251 229 111 115
    249 143 255 220 158 255 127 171 222 159 99 255 111 111 239 191 220
    189 109 127 125 68 243 191 79 105 61 181 186 188 217 233 242 190 12
    81 236 180 197 251 254 215 108 126 205 206 206 233 251 251 246 213
    61 251 46 255 158 191 239 237 203 221 189 108 77 213 174 56 107 205
    25 55 253 75 63 55 241 97 93 251 83 247 189 182 210 223 88 62 93 142
    254 177 141 45 94 53 221 127 143 207 208 252 41 188 93 30 50 185 4
    34 1 165 48 112 40 244 0 170 195 20 64 128 147 66 8 76 3 104 11 128
    100 152 140 136 162 201 64 44 49 24 112 20 60 138 8 116 1 215 128 64
