<?xml version="1.0"?>
<opencv_storage>
<ImageFile>"174.jpg"</ImageFile>
<Features type_id="opencv-matrix">
  <rows>267</rows>
  <cols>64</cols>
  <dt>u</dt>
  <data>
    45 206 238 201 47 253 245 53 189 244 124 201 157 63 127 238 153 255
    97 235 244 119 218 123 121 127 21 118 125 211 95 239 199 120 67 32
    215 216 249 58 126 31 108 167 213 116 119 107 191 232 153 13 246 13
    152 92 56 214 115 189 211 223 46 255 45 206 254 217 235 255 231 53
    61 252 78 205 157 127 125 236 253 251 249 234 245 127 219 123 121
    127 23 118 125 215 255 231 199 242 83 32 215 218 253 126 117 61 108
    167 85 150 247 107 157 236 152 13 246 77 152 221 59 215 251 181 219
    251 41 254 203 207 14 219 234 159 94 129 47 103 41 202 158 236 124
    31 133 251 60 231 158 253 19 104 91 87 187 126 128 182 191 51 210 23
    91 9 195 109 254 106 54 126 108 109 215 28 255 55 157 201 16 37 239
    93 156 235 25 255 113 181 85 251 25 170 195 207 30 217 234 159 222
    129 43 239 41 202 158 229 116 31 196 251 60 239 142 253 27 121 83 86
    187 126 148 55 191 55 211 211 90 9 195 237 254 98 102 110 104 125
    183 92 255 51 213 201 16 101 239 237 175 239 91 223 112 55 85 121 25
    162 28 237 254 93 34 223 210 33 59 129 143 236 222 117 108 248 189
    187 126 191 151 127 82 227 241 119 213 254 45 255 223 98 159 90 67
    14 218 89 250 122 124 61 237 103 181 124 247 47 191 234 137 79 242
    93 88 95 63 215 210 181 115 249 233 202 227 205 238 95 226 151 222
    131 59 255 21 202 158 226 39 94 237 179 56 183 223 253 83 235 243 87
    243 126 73 255 214 35 215 63 71 235 218 125 254 120 112 126 108 109
    151 92 245 127 157 174 24 71 241 93 156 207 27 247 115 61 91 113 216
    251 235 141 174 219 71 223 82 143 63 241 38 207 190 184 46 175 237
    183 57 127 220 151 254 51 115 203 184 46 121 81 26 99 223 39 115 113
    83 79 236 240 242 223 124 47 217 30 117 239 221 136 26 13 241 125
    157 203 17 254 51 189 91 85 18 251 199 141 154 87 232 146 218 130 26
    177 7 78 130 210 3 24 36 131 60 135 206 173 66 67 130 210 251 111
    128 42 130 50 151 49 64 163 122 25 234 120 80 28 40 108 241 88 145
    111 153 174 8 71 245 73 152 195 17 123 50 61 88 113 49 250 221 187
    247 213 112 119 249 246 249 189 214 223 223 245 155 234 187 205 251
    111 126 237 230 243 143 107 150 246 236 199 118 255 255 83 101 237
    212 253 254 125 125 61 251 118 239 169 251 235 191 172 173 251 211
    255 156 76 103 222 83 207 255 245 197 254 58 142 206 223 47 223 222
    165 63 253 23 205 157 124 59 204 189 211 120 171 212 125 215 123 121
    202 176 54 126 241 29 111 247 116 81 48 247 91 250 125 240 93 237 46
    213 150 209 111 157 172 153 13 246 29 157 77 19 243 123 189 91 95 34
    254 42 140 206 223 47 223 218 165 63 249 23 207 158 126 123 204 173
    147 56 187 196 125 199 123 121 90 144 54 126 241 31 103 215 244 81
    48 247 91 250 120 209 125 109 46 213 22 245 107 157 236 25 5 244 13
    153 77 19 243 50 189 83 95 34 254 125 50 245 245 254 231 251 124 222
    255 210 125 239 75 146 87 251 213 251 123 253 43 239 255 172 235 246
    255 94 93 245 239 95 173 189 191 254 253 249 117 89 76 251 47 227 33
    249 127 188 190 24 3 224 188 156 65 212 182 247 223 250 23 36 254
    127 49 243 180 95 162 63 126 212 121 208 115 231 202 130 87 122 253
    99 87 241 47 194 119 6 250 240 175 82 20 96 233 79 44 23 190 247 56
    105 85 120 64 51 175 197 33 183 111 56 174 24 1 240 24 156 65 16 178
    55 155 26 23 36 250 194 2 130 149 204 134 10 39 68 43 19 66 202 193
    18 2 4 73 104 215 200 133 67 203 26 74 190 174 0 148 33 198 71 61 70
    41 90 44 228 66 64 72 48 175 209 124 183 107 153 236 24 3 241 93 28
    219 0 243 19 181 72 83 64 234 255 250 119 231 255 191 255 248 254
    255 251 123 239 91 210 93 242 247 127 123 253 111 179 124 175 255
    255 191 222 123 119 255 87 237 222 223 254 61 249 247 93 76 243 191
    219 41 252 61 172 191 28 3 232 183 159 113 80 182 243 159 254 223 60
    190 1 6 1 160 0 54 42 67 0 126 2 1 0 0 144 3 10 77 1 97 192 32 192
    82 76 152 165 4 82 2 49 73 215 36 85 186 82 120 233 116 112 92 56 47
    213 20 245 111 153 172 24 5 240 29 156 73 16 242 51 189 88 87 32 250
    192 11 130 209 200 130 162 195 0 187 2 3 130 193 131 3 106 201 41 70
    76 173 66 83 74 90 186 36 208 4 34 2 87 39 85 187 80 124 109 116 112
    84 56 47 205 12 243 231 153 172 24 5 241 29 156 73 16 250 51 189 72
    87 32 250 104 140 239 221 254 191 127 125 189 255 85 138 223 249 63
    79 130 221 121 111 252 245 210 57 77 234 186 54 121 81 61 239 215 37
    84 187 82 121 241 119 246 94 120 47 213 28 197 123 157 172 24 5 241
    61 157 77 24 246 51 189 88 86 34 251 131 156 130 103 173 136 212 8
    58 17 6 107 162 95 2 17 45 34 164 146 197 46 11 109 34 151 81 35 182
    43 131 70 159 250 153 16 115 137 234 35 97 188 106 97 173 65 189 51
    112 214 24 53 180 130 250 161 51 19 182 7 160 57 133 78 127 245 109
    254 127 191 127 124 245 116 253 184 61 251 180 95 243 245 91 125 252
    115 242 55 77 235 168 31 123 89 125 233 211 100 150 186 194 120 177
    245 86 223 125 47 209 31 197 79 157 172 26 5 112 29 159 77 56 246 51
    189 89 86 38 251 253 250 255 245 255 247 251 252 221 253 252 251 239
    216 243 237 251 253 255 123 253 175 238 253 47 255 255 183 223 87
    119 255 239 237 63 255 246 253 253 255 123 92 243 62 219 35 219 115
    173 191 94 165 249 190 156 101 244 254 247 223 255 95 176 191 247
    212 254 157 254 151 95 196 47 103 61 218 159 233 182 93 226 245 60
    103 138 229 186 56 78 203 187 127 211 25 125 111 243 165 20 219 66
    117 181 254 82 202 104 15 209 28 221 21 157 172 18 5 104 60 149 107
    152 246 49 156 92 86 50 249 186 205 172 247 234 141 222 129 127 81
    55 203 190 113 118 156 253 147 116 247 215 45 51 242 243 95 241 254
    231 183 159 166 135 61 66 188 219 73 232 252 209 95 49 175 209 22
    255 79 153 206 136 11 240 29 153 73 19 243 115 189 82 119 32 235 232
    142 239 221 254 183 63 253 61 255 85 138 159 249 63 79 128 221 121
    103 220 245 210 121 79 234 184 54 249 81 61 239 215 37 84 187 210
    123 240 119 246 94 120 46 209 28 193 91 157 172 24 5 241 61 157 73
    24 246 51 189 88 86 34 251 5 42 83 165 152 200 160 236 88 185 194
    117 192 3 201 192 42 4 133 2 197 8 174 200 45 152 24 131 134 47 3 95
    53 131 125 186 52 243 175 22 193 52 139 66 41 130 72 241 72 117 111
    247 157 150 45 42 196 8 142 105 136 5 49 55 253 186 247 117 255 239
    251 252 220 189 214 255 239 217 154 223 250 253 251 107 253 175 238
    255 175 235 254 183 127 69 119 239 223 235 125 255 247 191 253 119
    217 93 251 126 235 33 187 243 252 246 127 247 241 254 156 101 118
    254 247 255 255 79 181 255 252 254 255 253 254 245 251 253 253 255
    210 255 255 247 251 253 251 221 251 114 253 125 159 253 255 127 243
    247 255 223 255 255 223 235 223 255 254 247 253 119 125 93 223 126
    253 181 251 243 190 254 28 247 242 191 156 125 206 254 215 191 254
    127 235 246 220 59 211 247 121 99 248 254 88 185 192 191 246 210 163
    91 122 221 187 79 175 173 239 63 143 202 242 175 82 77 178 238 127
    167 52 251 21 253 119 118 216 108 250 86 235 13 75 243 221 236 124
    245 245 254 188 205 208 252 181 223 221 55 177 255 249 158 255 197
    255 247 251 253 253 255 212 207 255 125 54 77 254 245 251 107 252
    119 250 253 123 106 190 54 124 81 127 239 223 109 223 125 214 123
    253 125 221 93 122 190 209 116 249 127 189 188 24 13 240 189 156 77
    56 246 115 191 219 223 46 251 78 40 139 184 74 70 44 199 1 106 120
    16 83 164 187 250 201 24 1 96 8 145 238 9 94 129 170 137 195 129 56
    202 97 134 20 107 0 230 5 210 130 66 68 8 90 30 65 144 95 44 94 148
    7 90 53 56 200 160 41 56 13 4 82 229 219 23 206 118 127 179 91 26
    182 61 149 67 174 217 38 93 124 255 57 247 228 47 211 119 130 250
    242 126 90 80 244 99 223 45 22 189 91 120 248 117 88 92 58 15 217
    117 247 111 153 174 24 5 240 60 156 73 16 242 55 159 88 87 36 250
    255 221 254 253 254 151 223 192 63 255 57 219 159 233 246 125 247
    247 60 103 206 253 190 121 238 223 251 127 255 127 254 63 247 231 28
