<?xml version="1.0"?>
<opencv_storage>
<ImageFile>"175.jpg"</ImageFile>
<Features type_id="opencv-matrix">
  <rows>129</rows>
  <cols>64</cols>
  <dt>u</dt>
  <data>
    173 239 231 233 114 127 165 255 189 220 238 251 95 63 255 205 203
    253 235 111 117 85 254 243 127 237 29 177 253 220 58 203 221 99 87
    250 215 114 253 60 127 95 58 183 93 167 87 236 189 173 220 29 211 31
    159 76 60 228 99 141 91 95 42 250 190 248 255 207 191 245 219 185
    222 215 181 250 255 26 246 253 255 247 126 123 63 191 247 124 189
    247 247 123 215 251 215 191 231 109 190 223 218 125 235 255 243 223
    229 63 147 62 153 61 159 191 150 143 248 191 149 115 240 242 120 127
    255 157 44 191 187 249 223 119 63 241 221 186 218 187 245 251 239
    195 6 91 127 215 62 155 143 127 231 127 173 215 243 123 95 107 231
    126 223 239 188 119 254 125 250 247 83 206 235 125 187 21 253 127
    255 255 31 199 236 162 252 111 215 183 246 91 189 61 181 191 190 249
    251 215 183 213 219 184 222 255 181 250 191 90 246 223 126 247 126
    59 159 191 247 108 173 243 247 123 87 251 215 191 231 172 190 223
    222 125 251 247 210 223 231 127 179 62 153 63 159 191 150 135 248
    191 189 115 208 242 120 127 255 157 172 191 253 253 255 125 116 235
    252 255 89 217 222 255 238 183 207 234 235 205 251 111 63 141 103
    215 239 127 123 253 109 78 254 169 223 103 125 255 159 127 253 117
    123 93 191 55 255 63 127 182 223 190 111 247 241 255 28 77 206 188
    71 235 95 127 247 250 250 217 187 247 55 183 221 155 214 187 241 250
    191 202 54 95 118 215 126 155 158 127 211 127 183 146 247 127 86 249
    244 234 71 188 142 119 254 61 242 243 250 202 231 125 179 117 145
    127 255 186 152 195 108 177 255 247 81 243 255 223 255 189 217 183
    76 174 239 249 26 127 165 247 61 254 198 159 219 189 251 206 139 125
    251 107 245 213 222 251 95 125 28 166 109 199 59 207 223 66 87 170
    85 250 253 60 124 53 122 54 85 181 119 227 157 172 188 29 211 29 156
    92 20 236 35 189 75 95 40 250 253 253 127 125 54 125 117 254 203 133
    255 188 127 190 223 250 251 212 127 109 63 218 165 180 255 253 253
    185 231 31 126 185 208 109 101 222 206 119 221 95 186 221 253 55 95
    191 44 180 207 165 231 255 216 191 167 69 224 252 105 122 253 142
    110 190 255 61 247 247 254 167 251 250 222 253 247 127 239 202 146
    126 246 215 126 119 255 175 227 255 174 234 246 255 218 121 247 239
    103 175 52 255 222 253 255 255 89 76 231 94 233 41 153 63 253 174 24
    215 244 190 156 227 80 190 243 187 254 55 177 254 212 41 155 87 224
    195 250 167 218 161 85 255 242 194 3 10 60 139 122 215 223 175 199
    215 155 106 254 238 64 165 166 170 239 63 33 183 159 13 254 124 120
    60 177 238 249 61 155 239 253 174 137 211 241 125 24 195 87 255 119
    251 56 117 145 202 119 54 227 183 255 182 139 89 230 127 147 115 239
    91 146 85 226 213 35 243 197 39 195 127 78 218 189 47 82 28 49 107
    215 44 85 186 90 120 233 116 112 92 56 15 209 20 241 111 153 172 24
    5 240 29 156 73 16 242 51 189 88 87 32 250 243 221 216 95 239 200
    219 12 127 33 21 236 190 122 46 221 254 151 24 150 206 63 227 103
    226 210 242 127 151 57 221 47 151 173 20 214 98 83 250 119 147 219
    77 73 145 28 253 31 213 166 26 5 60 1 181 235 16 243 56 61 88 93 178
    251 251 253 124 159 55 159 223 137 255 199 61 250 191 58 116 127 247
    247 52 255 151 119 241 102 245 215 253 127 115 59 215 123 214 44 214
    158 218 120 235 255 114 95 61 45 149 94 245 111 157 174 16 5 248 29
    157 95 24 247 51 189 121 223 40 251 186 253 124 223 191 157 223 25
    255 247 61 250 191 126 116 127 246 247 116 251 223 127 211 119 253
    246 247 127 126 251 215 59 215 124 215 190 218 121 250 125 114 223
    253 109 245 20 245 111 159 174 152 15 248 29 156 93 24 243 115 191
    123 223 40 250 254 252 239 239 127 255 255 251 253 255 220 251 255
    190 254 223 251 213 63 107 253 215 251 125 111 223 189 63 95 95 55
    255 215 36 85 251 82 125 233 116 112 94 120 63 215 20 245 125 157
    172 24 5 248 29 157 77 16 246 51 189 93 87 32 250 254 252 239 235
    255 255 255 249 253 255 252 251 255 190 246 223 251 213 127 107 253
    215 255 125 127 255 191 63 255 91 119 255 215 101 158 251 214 125
    253 117 120 223 126 63 215 20 124 245 157 173 30 5 248 189 158 77 16
    244 51 189 95 95 40 186 124 58 255 117 252 247 251 252 216 191 210
    189 231 212 155 202 154 205 251 107 253 125 78 223 143 106 254 247
    76 69 119 238 95 155 229 45 253 191 253 119 248 124 243 110 255 225
    187 115 190 254 173 243 247 253 220 84 70 255 223 255 251 183 253
    246 249 186 255 255 254 183 251 248 254 255 210 123 239 89 219 93
    254 247 251 42 252 127 143 253 170 122 127 254 254 83 247 255 255
    239 223 117 247 253 253 119 253 92 203 158 217 169 219 87 190 221 28
    161 244 191 156 219 118 254 247 143 254 223 61 255 251 217 217 183
    247 136 95 136 207 99 17 250 191 202 230 94 255 215 52 85 14 191 131
    108 238 223 251 123 210 43 254 41 18 165 29 223 98 125 235 87 32 200
    125 105 223 28 253 61 197 166 18 5 106 23 180 107 144 178 57 57 93
    29 48 178 185 222 255 207 238 253 251 248 255 255 118 207 255 57 123
    188 254 247 255 43 252 125 219 252 249 127 255 254 126 83 255 255
    223 229 125 117 215 251 248 123 253 92 235 63 247 178 253 119 189
    217 24 39 244 191 157 77 119 254 247 239 247 223 32 254 64 2 5 209
    236 148 10 80 40 127 35 2 136 97 16 1 100 197 13 98 202 36 138 120 8
    154 175 46 144 1 49 95 115 167 92 59 80 248 37 194 196 66 8 142 192
    8 200 19 8 77 16 33 101 216 141 107 0 114 19 148 200 86 32 181 252
    62 247 215 122 79 243 239 255 253 110 117 63 255 251 252 243 213 249
    35 213 169 254 63 127 235 174 31 255 217 127 239 247 167 117 251 214
    242 255 254 211 85 200 150 201 14 233 239 157 44 223 157 240 31 157
    75 80 254 99 189 218 6 51 252 37 174 109 138 27 93 129 73 189 212 14
    247 57 63 239 229 194 116 129 33 213 114 216 98 85 128 0 3 58 90 27
    75 183 36 87 186 82 90 233 60 246 93 56 38 84 22 116 105 153 44 24
    13 240 29 157 73 56 242 50 188 90 87 46 250 205 190 239 253 254 183
    255 245 189 255 234 219 223 249 187 109 225 253 251 107 252 125 222
    251 79 235 190 246 92 69 55 255 247 49 85 187 86 249 249 247 126 92
    122 62 213 23 211 123 157 172 24 5 240 29 157 73 16 246 51 189 218
    87 32 254 106 197 40 186 23 207 31 13 39 99 61 140 185 14 52 127 235
    215 37 117 138 179 243 38 93 215 185 45 83 58 63 41 194 36 87 154 66
    120 233 118 50 218 60 41 213 28 245 46 153 172 16 5 224 29 148 73 16
    242 49 189 88 87 34 250 205 174 255 253 250 247 251 245 61 255 234
    219 223 249 251 237 169 221 251 107 252 125 254 251 79 235 183 247
    125 69 55 255 247 81 93 171 86 253 249 119 254 124 122 62 245 22 219
    123 157 172 24 37 241 253 157 77 20 254 51 191 218 87 33 255 242 48
    81 134 255 130 27 9 198 97 21 114 175 74 128 85 118 215 4 209 201 6
    161 108 134 154 232 79 146 57 193 110 65 173 22 158 74 112 161 215
    81 200 0 11 193 28 136 13 129 166 16 1 120 24 156 75 16 50 51 188 88
    23 32 249 195 134 138 11 205 210 130 132 42 107 32 74 130 67 3 25 77
    99 56 150 200 133 62 72 98 215 27 103 151 11 3 7 151 131 153 65 114
    133 111 34 97 32 40 217 85 88 253 145 84 220 24 33 149 227 220 235
    83 92 160 5 212 113 16 110 12 140 136 154 9 217 160 71 53 242 6 132
    16 62 169 70 138 24 129 35 196 53 218 99 81 128 0 6 80 193 25 67 151
    2 81 32 49 202 233 48 240 61 108 36 84 20 117 107 153 172 56 5 246
    29 152 8 18 226 51 189 73 83 35 250 195 132 138 3 205 194 134 132 62
    235 32 202 130 137 2 29 77 103 56 149 200 135 234 105 70 195 57 46
    146 9 3 103 151 165 208 33 114 137 109 98 96 92 40 169 145 24 253
    177 221 204 24 33 245 249 156 227 80 188 178 61 208 85 16 238 55 177
    209 182 223 160 91 8 198 105 145 113 173 74 132 85 114 215 0 82 195
    47 131 111 166 218 226 47 82 57 229 109 7 173 156 159 98 120 235 87
    65 200 135 73 193 21 253 95 208 182 24 5 224 176 156 97 24 178 182
    187 24 87 180 120 248 158 254 223 254 247 251 247 127 253 94 221 31
