<?xml version="1.0"?>
<opencv_storage>
<ImageFile>"176.jpg"</ImageFile>
<Features type_id="opencv-matrix">
  <rows>268</rows>
  <cols>64</cols>
  <dt>u</dt>
  <data>
    109 238 255 217 250 255 247 125 253 253 238 249 255 127 253 237 251
    245 251 43 245 127 218 255 121 255 21 183 125 219 127 239 223 195 71
    190 214 251 253 126 126 127 238 167 213 242 245 107 189 236 153 13
    247 29 157 93 60 254 255 191 219 223 47 254 61 254 255 233 63 255
    247 127 253 254 252 249 253 63 255 239 251 253 251 107 245 119 222
    255 253 255 245 191 125 223 127 239 207 76 199 190 215 248 249 124
    126 95 126 175 213 247 119 111 191 172 157 13 242 29 157 93 60 246
    127 189 251 223 46 255 252 239 255 253 242 127 251 255 189 253 254
    255 223 254 255 238 187 221 255 111 63 253 230 179 127 255 187 183
    253 219 62 191 247 103 117 251 214 127 253 116 251 125 249 62 255
    159 125 182 157 173 127 189 217 255 149 76 208 252 105 255 95 95 51
    254 60 165 253 218 50 125 125 119 245 254 252 177 125 190 189 78 251
    184 227 107 245 112 209 183 217 47 164 144 105 220 253 235 207 12 71
    190 223 120 241 124 126 95 253 175 246 53 247 111 187 172 153 15 242
    29 156 93 62 242 115 253 123 215 106 250 75 141 238 157 107 151 222
    7 63 239 5 136 158 232 55 78 132 187 48 163 222 119 210 107 89 98
    162 126 120 241 189 99 215 48 83 32 210 104 242 122 114 31 108 45
    213 20 213 111 157 236 24 13 244 93 156 89 27 247 115 189 91 243 42
    235 236 171 239 245 54 127 249 254 157 189 214 255 91 248 251 238
    153 253 251 111 247 127 246 255 63 123 151 182 125 215 118 238 207
    91 231 237 214 255 255 61 249 61 243 119 255 229 55 235 191 250 175
    223 211 253 156 84 119 223 247 239 251 191 205 254 58 155 254 223
    111 255 223 181 63 253 94 221 159 124 59 252 247 215 120 43 244 127
    215 123 121 234 166 62 126 209 127 239 247 100 83 48 215 123 248 125
    208 93 251 46 213 150 209 111 157 172 153 13 242 29 157 77 17 246
    115 189 91 95 34 254 252 184 255 245 124 251 251 252 216 185 214 253
    231 210 154 219 251 205 251 75 237 173 239 159 173 235 254 255 95
    101 247 238 95 163 253 127 247 255 253 119 217 221 243 118 235 45 59
    115 255 254 111 247 244 255 188 101 214 190 255 235 255 63 181 255
    61 172 239 237 54 255 255 117 253 254 222 221 221 60 125 206 153 253
    251 251 181 119 218 255 125 127 149 182 109 215 127 239 207 248 231
    40 255 251 249 63 124 189 255 175 151 181 119 107 191 248 169 207
    247 125 184 92 126 199 255 255 251 251 108 254 195 222 142 87 255
    178 219 152 190 125 150 75 174 89 98 29 108 247 61 55 204 47 138 121
    102 254 123 110 222 3 99 127 215 167 92 121 114 125 255 119 241 92
    42 31 217 24 249 51 153 156 24 5 245 255 156 235 17 246 179 191 216
    87 52 251 58 143 206 223 111 223 218 183 63 253 87 207 159 124 123
    236 189 215 120 171 212 127 215 123 121 202 178 54 126 241 63 255
    247 100 83 48 247 91 248 117 208 93 123 46 213 150 209 111 157 172
    24 5 244 29 157 77 17 247 115 189 91 95 34 250 231 189 226 51 223
    194 130 130 106 5 131 110 234 203 162 89 232 161 59 215 207 7 83 117
    70 94 253 47 210 30 226 34 215 45 71 191 90 56 237 124 120 92 56 175
    213 88 183 175 153 172 24 5 240 29 156 65 16 242 51 189 88 87 32 250
    253 176 255 245 254 231 251 252 220 191 210 253 239 77 147 213 251
    221 251 123 253 43 238 254 173 235 246 255 95 93 247 239 95 237 189
    255 254 253 249 117 89 76 251 62 235 33 251 127 190 190 94 199 240
    190 156 69 212 182 247 219 254 31 165 254 255 254 119 229 255 247
    255 248 254 255 251 123 239 91 210 253 243 245 127 127 253 143 190
    124 175 255 255 191 222 127 119 255 103 237 222 223 222 125 253 247
    93 76 243 191 219 43 216 53 172 189 28 129 232 191 158 113 208 182
    113 159 254 223 60 188 251 253 255 253 254 159 223 201 255 255 189
    218 255 233 246 93 247 245 62 47 206 253 178 127 255 215 191 63 255
    123 126 63 247 231 28 219 242 125 255 247 119 222 233 125 219 30 221
    63 221 173 26 133 233 183 159 111 88 254 112 63 221 93 58 191 45 134
    237 40 25 253 167 89 57 254 138 232 216 61 173 71 139 125 163 105
    244 117 90 121 85 245 17 183 124 87 59 195 223 64 223 170 49 248 233
    56 124 61 122 165 87 209 119 99 152 188 56 44 242 29 222 28 56 194
    55 173 219 219 108 250 253 188 255 213 255 255 255 252 189 253 214
    255 255 125 182 205 251 253 251 59 252 127 254 255 127 106 250 246
    125 93 127 239 223 105 221 253 214 251 253 125 89 221 251 62 221 53
    253 127 189 188 30 13 240 189 156 77 126 246 247 191 219 223 46 254
    248 15 231 217 250 119 231 255 189 253 94 31 159 253 187 206 251 213
    249 110 124 143 254 57 90 239 190 38 253 209 58 191 247 39 117 251
    86 119 117 116 116 85 216 62 77 140 73 149 157 45 94 181 211 126 156
    203 80 252 105 157 94 70 48 252 193 15 134 85 232 194 218 134 42 169
    3 203 130 225 2 11 108 227 56 231 206 173 98 235 67 91 182 110 0 12
    162 102 215 55 68 59 82 44 238 102 112 124 40 175 217 88 253 111 153
    172 24 1 240 93 156 203 17 242 51 189 88 117 0 250 109 214 237 253
    126 191 63 124 61 255 253 152 223 185 180 79 227 253 121 105 252 113
    242 57 77 235 168 63 123 89 61 239 215 36 84 187 82 120 177 247 118
    94 120 47 213 22 213 111 157 172 24 5 240 29 159 77 24 246 51 189 88
    86 34 251 131 142 130 103 169 136 208 0 58 17 6 111 162 91 2 17 44
    34 164 147 197 46 75 67 34 18 80 35 190 99 131 70 159 250 40 80 119
    137 234 43 65 189 106 81 168 65 191 99 113 210 9 125 212 130 250 161
    55 83 182 7 160 57 133 78 43 157 236 255 47 253 217 29 63 253 61 205
    159 124 62 253 244 255 33 243 244 119 210 115 85 202 224 126 123 81
    125 107 215 44 87 186 219 122 232 244 210 93 56 47 212 22 245 111
    153 172 24 5 240 29 156 73 16 242 51 189 88 87 34 251 206 205 26 249
    32 26 126 193 11 227 41 138 146 224 108 186 133 27 60 79 14 188 36 2
    221 215 163 104 65 162 190 48 226 22 112 235 3 111 210 226 162 190
    181 121 182 30 71 62 199 139 50 119 9 95 101 254 209 249 121 127 93
    112 219 163 67 132 138 85 233 146 218 4 56 187 5 205 130 81 34 1 12
    11 184 131 196 37 74 75 33 66 128 102 80 33 1 103 151 144 209 32 115
    201 234 99 80 60 42 100 241 20 241 107 153 202 24 7 245 93 216 203
    19 211 183 189 80 115 16 235 201 142 239 221 255 183 191 252 61 255
    0 203 159 249 55 77 128 253 57 111 252 101 202 121 75 234 186 54 125
    65 57 79 215 101 92 57 82 125 253 116 118 94 122 46 209 28 217 123
    157 172 24 5 241 125 157 77 24 254 51 189 88 87 34 251 160 204 15
    139 138 221 133 189 191 117 46 205 27 189 124 173 203 116 124 41 156
    210 190 41 123 229 13 34 191 219 27 95 241 231 123 80 66 199 47 170
    183 247 108 55 28 158 124 176 69 1 118 188 157 139 135 174 153 100
    40 44 199 76 10 189 16 33 143 30 32 67 88 119 82 184 116 145 82 240
    1 10 106 128 96 131 212 36 197 135 153 35 164 10 64 140 17 106 223
    36 69 186 94 56 225 124 240 92 177 47 208 52 177 111 155 172 25 5
    240 29 156 73 16 242 51 249 88 87 32 251 45 166 237 40 16 253 167 93
    41 222 136 232 192 45 173 71 139 125 163 105 241 113 90 241 85 245
    17 165 124 70 59 195 223 64 223 170 48 248 233 56 108 60 58 165 119
    209 119 99 24 188 56 44 242 29 252 28 60 194 23 165 219 211 104 114
    120 137 239 222 34 95 213 167 127 244 95 157 31 254 63 238 189 147
    248 175 214 125 246 179 249 103 148 118 105 219 94 235 135 50 99 240
    222 91 250 124 112 189 245 103 189 20 245 111 159 168 143 207 242 29
    152 93 127 247 123 253 91 125 11 250 45 190 239 253 62 255 255 247
    61 255 212 221 223 125 191 207 169 253 251 107 244 125 254 251 125
    127 182 182 125 85 119 239 223 240 85 48 247 249 249 125 120 125 251
    47 247 181 247 107 189 236 28 5 240 29 156 77 22 246 247 191 219 95
    40 254 67 134 8 139 203 154 134 1 42 107 2 74 152 103 105 21 196 51
    8 178 206 117 27 104 82 84 59 110 146 56 137 67 23 146 219 1 112 200
    238 66 36 20 76 73 85 92 245 19 149 204 24 5 183 65 217 235 27 95
    178 53 16 241 120 96 254 59 231 145 222 183 15 122 194 39 243 50 255
