<?xml version="1.0"?>
<opencv_storage>
<ImageFile>"177.jpg"</ImageFile>
<Features type_id="opencv-matrix">
  <rows>179</rows>
  <cols>64</cols>
  <dt>u</dt>
  <data>
    211 209 136 119 63 176 91 24 22 175 21 202 174 203 4 27 60 247 52
    211 142 127 195 111 160 210 243 126 82 49 229 99 215 188 144 37 235
    9 250 115 112 202 171 105 179 24 245 63 147 202 24 71 228 184 252
    247 25 179 243 219 184 243 212 239 243 208 204 215 255 178 95 16 118
    175 53 202 174 75 38 31 52 247 60 187 138 127 227 111 168 215 251
    127 90 57 245 103 215 253 156 119 251 73 250 243 80 202 235 105 147
    24 253 63 151 218 24 7 236 168 252 255 89 183 178 159 248 179 176
    255 252 239 255 221 114 127 241 247 253 253 126 223 223 252 251 238
    251 213 251 111 126 141 230 243 127 255 183 190 125 203 62 255 247
    103 117 251 86 127 253 124 243 125 249 54 255 190 89 239 157 173 127
    213 241 63 157 77 80 254 115 255 91 95 35 250 252 239 255 221 114
    127 249 255 253 253 110 223 223 252 251 238 251 221 251 111 254 173
    246 251 127 239 183 182 125 203 62 255 247 39 117 251 86 127 253 116
    251 125 248 62 255 190 89 239 157 172 126 149 241 63 157 77 80 254
    115 191 91 87 35 250 61 48 253 32 28 119 41 126 244 190 208 49 109 9
    146 71 251 236 99 97 241 67 246 191 140 169 188 171 88 20 97 235 93
    44 215 190 94 56 41 117 120 76 58 175 215 113 183 109 184 172 24 1
    240 29 156 81 156 178 51 189 218 215 32 250 101 47 245 88 216 206 39
    78 233 68 138 53 196 247 237 233 235 101 171 102 119 45 26 243 222
    254 2 173 170 14 26 13 150 71 117 154 0 242 95 30 37 52 152 231 109
    154 125 166 128 36 96 124 179 30 6 11 40 236 65 167 72 71 33 120 61
    183 253 220 50 125 253 127 241 252 196 241 93 59 188 207 187 252 227
    43 245 112 208 243 217 63 213 210 125 93 125 235 223 80 245 164 214
    120 249 125 124 31 123 39 244 181 247 111 187 174 169 15 240 29 158
    93 62 243 119 253 251 215 108 218 61 255 253 220 55 253 253 127 181
    252 228 249 93 123 236 207 187 252 227 43 245 112 208 243 241 63 241
    242 125 93 253 235 223 80 215 164 246 248 249 125 126 159 123 167
    244 53 247 111 187 174 169 15 240 29 219 93 62 243 119 191 251 215
    239 219 41 254 116 171 255 253 167 89 253 127 234 125 173 63 253 229
    235 245 141 104 249 66 159 124 109 253 57 39 255 91 123 223 213 229
    95 59 117 243 173 54 247 84 106 191 85 135 124 113 136 253 28 36 246
    189 143 73 16 244 167 172 218 79 32 180 139 206 206 218 47 127 220
    151 61 255 60 201 30 185 126 239 141 253 61 187 196 87 254 123 105
    71 145 54 125 83 63 99 215 120 208 96 127 121 248 241 242 255 106 61
    215 150 245 107 155 233 30 5 252 29 159 76 19 246 55 189 91 219 10
    251 187 253 252 222 127 223 223 25 255 85 189 250 191 127 116 125
    255 183 118 179 245 119 211 119 245 247 245 63 127 251 223 235 143
    108 199 190 218 89 249 125 126 223 125 175 213 117 245 111 189 174
    153 13 242 29 220 93 56 246 119 189 251 223 46 218 195 22 16 55 237
    138 142 8 234 33 171 107 166 65 64 17 119 167 46 210 206 47 59 92
    198 223 249 111 146 43 227 102 7 173 70 63 112 176 236 198 105 92 0
    203 197 73 189 23 168 198 24 33 244 181 156 227 16 122 151 181 184
    87 176 88 124 188 239 169 126 127 179 253 253 254 222 189 125 60 187
    229 251 220 219 112 241 81 206 188 237 253 248 181 127 87 127 235
    221 108 213 186 127 114 237 116 120 93 126 46 85 181 246 109 191 172
    30 5 242 29 156 73 156 246 47 188 91 79 42 246 67 4 128 23 207 128
    26 12 6 33 21 6 184 200 2 6 108 147 0 211 202 163 195 32 8 202 184
    46 82 8 33 111 215 44 85 186 82 104 225 86 112 88 56 15 209 28 161
    47 153 172 24 5 240 28 156 65 16 242 51 189 88 87 32 250 57 5 247
    214 42 199 125 119 247 252 95 149 95 253 145 102 255 210 224 35 246
    45 208 183 217 43 166 30 104 217 125 111 215 38 101 186 214 120 251
    124 116 93 185 175 244 52 229 111 153 172 25 13 240 29 156 77 57 242
    115 189 90 87 33 250 58 221 237 222 55 191 93 59 245 212 85 209 61
    123 60 79 242 244 65 255 244 118 209 119 125 170 164 29 123 216 124
    233 214 44 86 186 218 122 209 124 242 223 56 47 208 20 213 110 153
    172 24 5 240 29 159 73 16 242 51 189 88 87 34 251 125 62 125 237 254
    127 187 252 253 124 222 55 125 124 251 229 243 253 219 102 244 115
    158 254 205 236 172 148 252 87 127 255 255 41 215 191 86 114 237 117
    252 93 94 62 85 231 231 109 188 172 28 5 242 61 157 73 20 246 63 188
    90 79 38 240 179 212 88 142 255 21 155 141 182 71 61 110 61 122 38
    117 244 246 4 176 64 114 181 100 240 128 232 91 179 57 221 97 180 44
    22 222 202 83 129 255 210 219 12 8 208 86 192 76 145 174 18 13 56 9
    149 73 56 114 48 60 88 222 42 249 59 21 125 158 55 7 93 15 231 68 53
    144 61 120 52 86 246 246 0 103 86 34 209 55 220 170 228 89 115 152
    252 41 210 36 22 190 66 120 193 252 82 219 28 15 208 20 229 78 153
    172 24 5 112 29 156 73 24 242 51 189 88 86 34 249 131 18 0 2 221 0 7
    8 162 2 32 2 40 11 0 17 96 228 5 116 64 130 160 32 6 157 169 9 146
    10 32 1 80 36 84 186 66 48 1 196 4 64 24 139 64 80 228 76 128 36 16
    0 96 24 132 73 16 112 33 156 88 86 32 56 2 1 136 150 11 2 24 7 18
    170 0 5 16 194 33 18 108 18 0 131 192 37 193 67 8 130 162 78 2 168
    177 98 215 36 21 176 51 104 226 112 112 76 52 8 208 20 161 111 153
    172 24 5 240 25 156 73 16 242 51 189 88 87 32 234 56 34 179 181 24
    229 169 255 196 190 210 21 225 192 147 66 250 196 67 98 196 47 206
    223 14 138 182 142 82 132 49 206 103 36 71 186 84 56 233 116 120 68
    16 14 197 52 129 111 153 172 24 1 240 29 156 73 0 242 51 189 88 87
    32 250 42 5 108 216 55 159 87 125 53 244 21 144 29 124 63 71 136 212
    65 107 212 115 210 114 93 186 144 28 120 88 61 105 215 36 85 186 82
    120 225 116 112 95 56 47 213 20 229 111 153 172 24 5 240 29 156 73
    16 242 51 189 88 87 32 250 92 33 137 212 2 7 120 103 20 164 85 144
    83 224 150 66 138 89 99 103 134 61 192 147 13 138 134 140 64 132 52
    232 215 22 37 186 18 104 192 116 112 185 181 39 243 20 165 111 27
    168 57 71 240 29 28 72 17 242 51 249 89 23 33 250 195 7 0 178 221 2
    6 3 38 66 35 2 8 203 0 21 98 229 5 228 74 160 145 34 6 138 161 13
    146 8 32 1 82 38 86 186 64 112 1 196 68 64 24 139 192 8 192 78 24 36
    16 0 96 24 140 73 16 114 49 148 72 86 32 184 124 43 247 245 80 103
    107 255 212 254 210 55 83 196 147 98 250 221 251 102 127 173 198 151
    30 234 182 141 64 140 50 251 99 39 53 187 20 124 69 84 88 100 145 46
    239 45 195 238 157 172 24 209 241 28 156 73 64 250 115 217 76 6 33
    242 108 175 239 249 122 127 227 247 253 252 206 53 91 244 251 236
    203 253 251 110 245 253 94 191 95 111 30 134 237 215 58 223 255 35
    71 185 87 246 253 124 252 117 218 54 93 231 119 235 189 44 222 221
    211 125 157 89 86 236 111 189 90 79 43 250 243 208 24 170 223 194 30
    12 70 35 53 120 36 10 38 89 127 151 48 148 193 19 171 76 166 209 121
    111 147 41 193 97 149 164 156 215 98 65 45 86 32 202 36 9 145 28 180
    13 211 190 18 4 44 32 244 227 144 50 168 56 24 81 48 203 253 31 111
    213 254 255 251 248 189 125 222 31 221 252 251 228 242 253 91 102
    252 255 146 246 95 238 190 190 248 211 127 191 251 45 87 191 214 123
    253 125 220 93 223 30 213 38 237 127 157 172 153 13 242 189 156 73
    112 246 115 191 218 214 42 248 127 52 244 54 29 34 125 126 244 56
    208 49 108 203 130 87 254 254 3 83 225 171 233 63 132 171 226 207 82
    21 225 239 95 172 20 190 83 176 97 119 120 72 58 143 193 113 131 79
    185 230 88 1 240 28 156 65 16 178 183 159 184 22 160 254 254 253 255
    255 127 255 255 255 253 255 255 253 255 254 255 254 251 213 127 107
    254 63 230 127 127 255 183 63 95 251 119 255 215 37 125 255 214 127
    249 117 123 93 251 111 255 22 253 127 157 172 26 5 248 29 156 73 80
    246 115 191 91 95 33 254 122 217 218 254 55 107 92 47 95 192 223 188
    61 254 253 254 247 151 16 119 7 189 197 55 237 206 226 93 83 251 254
    185 178 38 53 254 211 123 219 117 178 223 245 106 244 31 229 110 159
    174 27 5 250 29 149 73 16 243 123 251 89 62 163 251 35 134 68 35 221
