<?xml version="1.0"?>
<opencv_storage>
<ImageFile>"178.jpg"</ImageFile>
<Features type_id="opencv-matrix">
  <rows>117</rows>
  <cols>64</cols>
  <dt>u</dt>
  <data>
    189 254 254 253 63 253 251 253 125 253 222 255 255 125 255 253 255
    255 235 251 245 125 211 255 253 127 243 254 125 215 255 239 223 120
    87 180 255 122 248 125 252 93 251 47 245 55 247 111 185 238 153 79
    240 29 157 93 54 243 247 191 251 255 172 254 189 254 255 221 62 253
    249 247 255 253 255 255 255 121 255 239 185 253 226 187 245 127 215
    255 253 127 247 246 125 255 255 255 223 120 215 190 222 123 248 125
    254 93 251 47 245 55 247 111 187 238 137 79 240 29 156 93 54 243 247
    191 251 255 108 254 189 255 255 253 62 253 249 247 255 253 254 255
    255 125 255 255 253 255 235 251 245 127 211 255 253 127 247 254 125
    247 255 239 223 120 215 188 255 123 248 125 252 93 251 47 245 55 247
    111 185 238 153 79 242 29 157 93 62 247 247 191 251 255 172 254 45
    222 110 169 255 253 163 249 189 255 234 127 189 61 249 229 227 253
    203 112 253 83 159 124 87 108 41 182 253 87 123 247 253 224 95 58 87
    243 173 118 254 92 90 30 85 247 218 81 185 237 28 5 244 157 157 73
    18 246 183 188 218 87 42 252 40 133 238 158 3 103 125 55 181 254 108
    129 31 236 53 78 255 186 99 227 244 118 213 183 89 127 181 152 105
    212 252 225 207 44 71 188 211 120 249 124 124 95 60 175 213 117 247
    110 185 172 152 13 242 29 156 93 56 242 115 189 91 215 40 250 177
    241 19 118 253 160 248 90 66 1 165 115 230 83 128 25 118 134 164 83
    199 44 161 71 166 154 227 123 150 45 196 126 190 247 60 158 160 149
    242 215 193 202 139 195 232 1 153 15 192 247 65 243 124 130 26 97 1
    51 212 131 48 37 165 13 209 17 146 118 125 162 120 94 66 171 193 99
    162 193 130 19 110 135 160 87 138 173 227 11 134 138 242 206 82 36
    224 103 95 183 52 57 49 172 114 199 64 104 187 74 235 9 203 95 88
    226 120 247 100 186 124 193 147 59 183 147 28 53 145 107 218 57 139
    247 254 162 218 40 216 187 215 119 235 194 18 80 42 69 62 219 207 45
    195 95 174 154 178 183 86 41 37 238 23 189 188 251 127 63 234 23 217
    236 211 72 235 13 155 123 127 254 25 195 253 180 60 232 69 179 191
    219 104 55 244 255 84 34 147 53 72 162 162 230 64 168 194 53 64 192
    131 2 106 9 131 66 233 173 207 155 142 10 182 198 64 132 161 206 111
    131 37 62 21 168 101 70 72 96 144 2 105 33 131 203 56 108 121 113
    244 24 28 65 6 58 151 145 8 39 33 110 56 31 247 244 34 127 253 119
    213 252 215 149 95 245 217 206 255 220 99 107 244 44 196 179 221 59
    166 158 104 212 117 255 255 36 117 186 215 122 241 124 248 93 185 46
    220 55 195 111 153 172 25 5 240 29 157 73 16 242 51 253 90 87 32 250
    56 63 247 252 50 111 253 127 245 252 215 149 95 253 249 206 255 220
    99 107 244 44 196 179 221 190 166 220 120 214 116 251 251 36 117 186
    215 122 241 124 252 93 185 46 220 55 195 111 153 172 24 5 242 29 157
    73 16 242 115 189 90 70 32 250 60 31 247 252 50 103 249 127 181 252
    198 21 93 253 249 230 251 220 227 98 244 44 196 179 93 191 166 152
    120 198 124 255 251 38 117 186 83 122 249 124 252 92 56 46 204 183
    195 110 153 172 88 5 240 29 157 73 16 242 51 189 88 71 32 250 187
    214 124 199 255 189 159 25 254 127 61 251 191 123 116 125 247 247 37
    243 244 114 179 124 238 255 225 123 255 91 245 127 247 108 84 190 82
    112 233 245 82 94 122 15 208 22 245 79 153 173 24 5 240 29 159 73 16
    242 51 189 88 87 34 249 56 61 255 222 38 125 125 55 119 228 85 144
    127 248 54 94 253 154 96 243 127 252 243 179 217 43 242 216 97 244
    254 233 223 62 69 190 219 120 210 125 122 223 189 111 244 53 231 110
    153 174 24 71 240 29 156 73 25 243 115 191 120 118 163 251 15 6 0 33
    221 176 162 208 32 122 194 7 128 81 129 1 98 204 1 96 233 32 139 120
    70 136 168 139 210 5 33 247 117 36 85 186 83 50 33 118 216 68 24 142
    64 1 194 73 153 44 24 5 240 29 156 73 16 242 51 156 88 86 32 248 92
    33 154 84 32 1 120 103 66 162 85 4 82 192 18 18 124 138 67 195 223
    173 67 147 152 10 246 200 64 132 180 224 207 62 4 190 91 40 194 124
    88 104 177 110 240 53 163 110 153 172 24 71 240 28 28 65 17 243 115
    189 120 118 161 234 13 18 101 33 253 176 170 120 48 59 194 67 200 81
    129 1 224 205 131 96 224 36 10 248 4 24 168 166 92 69 33 198 95 160
    92 56 119 184 169 118 248 68 90 14 209 165 210 91 184 236 24 5 244
    29 156 73 22 242 183 157 218 87 32 254 186 176 255 247 255 181 219
    184 214 189 213 119 255 90 146 116 246 215 86 243 245 63 227 126 174
    170 246 219 254 249 247 254 255 108 28 254 254 121 249 245 217 221
    215 14 208 37 145 111 187 190 153 131 248 28 156 89 112 242 247 219
    250 31 164 253 186 177 255 247 63 181 219 184 214 189 213 255 255 90
    50 117 246 215 94 251 245 127 231 127 172 170 246 127 126 249 247
    255 255 108 150 254 254 121 249 245 217 221 247 14 209 53 209 111
    191 190 155 15 248 29 156 81 48 242 247 159 251 159 174 255 67 7 128
    144 72 6 10 7 36 110 35 2 0 233 19 7 100 217 33 226 200 167 192 51
    74 139 181 78 80 0 49 99 211 36 84 186 83 120 225 116 112 92 56 143
    209 20 193 79 153 172 24 5 240 29 156 73 16 242 51 189 88 86 32 250
    65 7 130 144 72 22 42 147 32 238 35 2 0 193 51 3 100 235 33 227 206
    165 80 18 64 91 179 78 80 4 177 115 243 36 86 186 83 120 225 116 112
    92 56 143 209 20 195 111 153 172 24 5 240 29 156 73 16 242 51 189 88
    86 32 250 191 255 125 237 254 189 159 80 238 87 253 218 207 121 252
    253 247 245 39 97 253 100 144 116 205 255 181 123 215 30 243 185 210
    36 86 190 90 120 233 244 114 94 56 63 213 22 244 79 153 173 24 5 240
    29 159 73 16 242 51 189 88 87 32 248 187 212 124 166 191 189 159 25
    246 127 53 251 173 123 52 85 246 246 5 241 240 114 179 124 204 159
    241 123 251 123 245 107 215 44 214 190 218 120 233 245 82 94 58 47
    208 20 244 79 153 172 24 5 240 29 156 73 16 242 51 189 88 87 32 251
    253 51 255 245 62 183 251 250 244 255 240 51 239 217 147 87 242 253
    239 107 253 239 198 255 140 170 230 191 90 85 117 255 123 44 180 191
    214 252 241 245 216 76 251 158 226 161 195 127 186 173 24 67 240 188
    156 85 20 242 115 223 254 150 33 183 156 51 210 247 185 96 248 166
    22 249 87 119 166 211 131 80 122 138 129 66 239 172 175 122 138 154
    242 219 218 171 231 255 23 179 53 118 181 208 251 119 201 124 195 82
    232 5 235 107 201 230 89 243 244 14 152 105 3 243 247 131 248 39 161
    238 163 221 200 26 23 74 93 15 231 67 61 232 63 170 102 223 255 182
    36 149 7 242 241 38 85 215 241 41 19 186 222 32 128 44 102 222 194
    88 195 254 34 219 44 105 146 92 117 44 209 166 18 12 42 1 245 239 24
    114 48 61 25 85 58 219 253 186 239 213 254 247 255 248 253 191 254
    251 255 251 179 108 177 253 251 187 253 127 219 255 187 127 255 183
    124 223 247 239 207 235 135 119 254 189 255 127 124 253 231 255 221
    233 191 123 191 255 143 203 255 253 222 215 126 255 255 223 251 191
    253 222 4 162 1 128 24 208 128 64 18 184 6 85 128 86 153 1 106 196
    129 34 196 36 202 75 45 144 20 3 22 75 17 78 151 160 85 48 116 250
    233 54 97 20 74 38 196 4 245 107 153 252 25 5 244 21 156 73 22 114
    50 173 72 87 36 254 202 3 162 180 232 182 170 99 4 99 211 70 210 112
    18 32 228 217 35 226 230 37 194 115 78 74 180 206 208 132 51 226 215
    36 85 186 83 120 233 246 88 92 24 15 209 21 243 79 153 172 24 5 240
    29 156 73 16 242 51 189 88 87 32 248 51 22 80 130 223 144 131 8 230
    83 18 66 173 59 32 21 116 247 5 176 192 34 145 116 196 144 105 111
    146 24 193 99 213 44 86 190 90 120 169 100 228 84 24 143 208 64 240
    77 152 172 24 5 240 29 156 73 16 242 51 188 88 87 32 248 208 1 155
    20 1 66 125 238 194 129 213 178 115 192 2 26 127 3 118 87 10 175 230
    135 142 251 243 236 64 164 194 40 202 63 32 255 10 44 66 92 56 232
    181 99 171 57 165 46 91 170 227 211 112 90 116 67 73 187 49 219 56
    52 129 74 59 222 108 203 191 189 151 56 255 125 150 255 189 127 236
    85 251 247 229 185 245 118 219 124 113 254 113 55 126 91 87 239 223
