<?xml version="1.0"?>
<opencv_storage>
<ImageFile>"179.jpg"</ImageFile>
<Features type_id="opencv-matrix">
  <rows>129</rows>
  <cols>64</cols>
  <dt>u</dt>
  <data>
    76 174 239 249 122 255 229 247 61 253 206 221 219 253 251 239 139
    125 251 107 244 93 222 251 127 127 21 166 125 199 59 223 215 67 87
    168 85 251 253 60 252 61 122 54 93 183 119 227 189 172 188 61 211 93
    157 76 54 206 99 173 203 95 41 254 250 184 219 215 255 147 219 168
    222 255 21 251 191 202 50 92 118 215 124 27 206 63 235 111 171 210
    242 127 86 249 215 111 199 173 60 119 254 253 250 255 209 205 231
    125 187 28 185 63 223 254 24 199 252 163 188 243 81 246 246 123 255
    29 176 255 109 238 239 171 223 255 163 253 253 253 222 189 125 62
    255 237 235 252 251 104 253 211 255 188 127 237 28 167 255 215 59
    239 253 36 87 250 87 115 237 124 250 93 122 62 85 183 118 225 157 44
    94 13 240 29 156 73 48 244 43 188 218 95 42 250 196 142 246 145 203
    207 131 199 191 245 14 79 159 253 187 237 233 245 121 38 220 143 254
    49 91 203 60 110 177 152 26 47 245 39 87 187 82 119 237 116 113 20
    24 190 77 30 253 181 157 44 92 61 241 127 156 203 80 252 35 189 88
    69 48 248 236 14 231 129 203 207 131 207 189 253 10 79 155 252 187
    237 233 245 121 38 220 135 254 49 91 233 28 38 185 216 26 15 229 39
    87 187 82 119 237 124 212 85 88 190 93 30 253 177 157 44 88 13 243
    127 156 203 80 252 35 189 90 85 48 248 13 143 237 216 32 253 241 119
    189 212 199 132 89 125 191 238 137 124 195 107 246 117 210 243 93 42
    132 148 125 196 61 203 223 82 81 170 82 122 249 56 252 61 56 39 244
    182 247 107 155 172 185 13 240 29 156 12 56 194 123 189 89 215 47
    250 51 213 125 222 39 156 95 9 247 70 21 202 189 127 44 93 246 247 0
    176 134 118 211 103 245 146 226 93 51 57 221 41 151 108 151 158 202
    91 218 121 178 219 45 105 148 20 245 15 147 174 24 15 32 1 255 127
    57 243 122 189 121 223 42 251 233 205 238 92 99 95 83 55 63 196 21
    206 30 253 62 206 141 179 120 255 54 127 210 227 115 119 150 124 105
    214 222 33 159 127 99 236 218 74 222 121 116 191 189 231 189 124 245
    238 157 170 139 223 241 125 152 222 121 255 123 255 115 249 159 219
    191 191 247 119 255 179 251 120 250 185 214 251 239 91 128 93 246
    239 255 155 247 47 83 255 167 250 247 247 126 125 229 238 223 251
    238 181 255 189 251 117 89 124 251 239 233 97 155 127 188 254 137
    203 244 165 220 65 119 247 247 143 250 255 181 94 59 244 76 110 191
    184 223 8 255 59 156 127 188 127 100 85 244 183 4 176 229 118 27 127
    228 214 97 191 126 123 237 231 159 236 223 20 255 217 249 127 77 223
    78 105 213 85 247 75 184 255 136 15 238 133 250 125 62 183 246 191
    178 251 238 78 250 140 239 139 255 119 223 191 253 255 124 158 191
    188 59 238 219 213 123 126 252 215 222 61 127 237 188 63 251 219 127
    251 245 45 215 251 222 119 237 126 114 93 124 62 213 158 213 253 159
    172 158 141 241 61 156 223 80 244 59 188 223 222 58 254 243 220 206
    207 239 211 214 141 127 249 60 203 190 126 39 221 253 179 60 179 204
    127 255 109 243 215 121 62 191 123 215 119 151 239 91 85 255 217 254
    122 113 93 110 127 157 28 253 51 221 222 24 13 245 165 152 235 123
    247 246 61 211 125 148 222 205 41 239 244 52 119 249 254 144 254 246
    177 67 200 147 235 139 92 251 107 246 173 236 187 47 235 134 135 89
    69 52 223 115 19 188 235 55 252 245 181 216 108 251 126 235 167 67
    234 127 188 126 213 217 124 157 4 213 170 111 219 207 22 165 183 210
    202 130 103 232 218 178 160 24 185 118 207 130 115 74 40 13 139 188
    159 205 77 75 217 227 87 89 246 172 227 131 214 159 217 105 37 125
    141 254 35 109 60 227 245 189 105 191 243 254 219 169 243 213 231
    122 254 71 223 150 103 242 121 213 78 250 220 110 207 239 223 211
    141 191 249 30 207 191 62 111 252 253 151 60 191 220 83 191 124 115
    215 121 63 255 251 223 127 181 237 91 85 254 211 236 58 211 221 107
    60 213 30 252 49 159 223 159 45 221 231 221 251 80 220 188 61 215 95
    58 222 247 117 243 25 216 66 75 202 194 39 161 62 247 235 135 122
    226 213 58 102 11 141 130 45 142 195 191 45 146 10 114 59 243 39 21
    219 2 117 103 94 50 72 8 75 93 24 233 149 213 172 16 181 33 122 148
    227 80 252 49 57 92 68 48 177 250 220 238 143 239 223 211 173 255
    249 222 255 191 62 123 252 255 151 120 191 220 23 255 125 127 223
    121 63 255 251 95 127 165 237 125 87 254 211 237 126 241 93 109 62
    221 30 253 177 221 220 223 141 253 231 156 235 80 252 190 61 211 93
    50 222 51 191 255 87 238 157 219 33 251 255 31 223 254 117 59 112
    246 227 98 179 223 125 83 255 221 98 230 255 106 255 223 110 247 124
    69 190 222 59 250 127 220 93 233 238 245 118 241 127 187 174 8 79
    240 29 28 73 29 247 83 189 250 247 104 254 250 156 254 199 255 207
    219 175 255 253 222 253 191 254 123 252 255 151 120 63 220 15 255
    125 255 203 248 63 255 251 223 111 181 237 117 127 246 243 237 126
    241 93 105 62 221 30 253 111 157 236 223 141 244 63 156 203 112 254
    179 189 218 93 48 254 99 5 202 150 91 7 89 143 150 238 21 55 51 234
    179 94 106 21 48 3 206 175 195 47 30 194 182 15 82 153 19 111 195 38
    5 187 82 124 227 126 80 72 36 42 153 20 161 111 153 172 24 5 240 24
    156 67 16 114 51 189 88 20 32 250 94 58 250 117 124 178 250 119 16
    187 210 177 194 192 129 91 152 137 251 219 239 61 75 219 133 90 234
    247 72 101 229 230 79 155 252 37 255 188 245 119 120 44 243 236 243
    109 147 123 254 238 56 211 245 253 120 212 71 159 215 211 187 243
    249 102 99 150 16 138 201 206 7 9 46 68 14 6 188 63 108 53 247 247 9
    36 64 83 25 96 82 212 121 77 178 26 219 33 132 69 83 154 0 66 13 72
    36 17 12 129 85 88 244 133 148 36 16 12 178 97 138 235 56 124 32 36
    80 199 60 88 211 15 147 247 232 6 91 203 134 237 33 19 131 235 146
    30 98 215 60 103 78 173 160 59 14 202 191 47 146 40 50 63 114 39 52
    251 82 124 247 212 194 106 184 222 235 10 201 159 205 165 16 145 65
    122 157 203 81 124 113 31 92 84 17 185 215 15 147 247 232 6 75 203
    134 109 33 19 131 203 146 30 98 215 60 103 78 173 160 43 14 202 191
    47 146 40 50 61 114 39 52 251 80 124 87 212 194 106 152 218 203 8
    201 159 205 165 16 145 97 122 157 203 81 124 49 31 92 84 17 185 37
    174 108 138 27 29 129 77 189 212 14 247 185 63 239 229 194 52 129 33
    213 114 218 100 85 128 0 3 58 200 27 75 149 36 87 186 82 90 169 60
    244 93 40 39 84 22 116 105 153 44 24 12 240 29 157 73 16 242 50 188
    88 87 34 250 108 35 239 168 86 247 163 127 244 220 212 53 105 59 155
    68 202 125 203 100 241 71 210 247 28 248 28 133 124 220 48 201 223
    36 151 186 87 120 77 60 124 85 50 142 85 161 115 238 59 44 153 9 241
    29 156 89 52 226 59 157 74 215 44 250 122 148 92 223 239 183 222 53
    127 251 124 217 188 107 37 116 246 211 25 179 205 43 199 127 201 74
    234 126 91 81 253 103 247 37 84 181 119 88 232 245 242 94 59 46 209
    22 211 79 153 172 24 5 244 29 157 201 18 243 55 189 90 87 34 249 106
    196 104 186 95 207 31 13 47 103 29 142 189 46 62 127 235 215 33 97
    142 51 211 102 93 215 185 47 83 59 63 105 199 36 87 154 66 120 233
    118 48 216 60 41 213 28 245 47 153 172 24 5 224 29 156 73 24 242 51
    189 88 87 34 250 109 39 239 168 86 247 163 127 244 220 212 53 105 59
    155 68 202 125 235 100 241 71 210 247 28 248 28 133 124 220 48 201
    207 36 215 186 87 120 77 60 124 85 50 142 85 161 115 238 59 172 153
    9 241 29 156 81 36 226 59 157 74 215 44 250 69 41 203 212 16 75 112
    102 16 196 7 148 82 210 184 74 138 85 33 103 199 45 192 211 13 155
    144 13 64 12 16 105 215 38 85 186 18 120 203 116 240 124 56 39 241
    20 241 110 153 172 24 5 240 29 156 73 16 242 51 189 88 87 33 251 252
    248 255 253 110 127 251 247 253 255 255 223 95 244 127 254 253 219
    255 239 244 223 246 191 251 111 255 254 105 215 254 254 255 57 103
    125 223 126 248 253 218 95 251 62 255 119 243 111 191 238 158 207
    240 125 157 93 87 247 119 253 251 247 74 255 243 23 16 134 201 142 6
    1 46 69 11 70 180 111 100 53 246 179 4 148 74 165 19 96 210 214 248
