<?xml version="1.0"?>
<opencv_storage>
<ImageFile>"18.jpg"</ImageFile>
<Features type_id="opencv-matrix">
  <rows>107</rows>
  <cols>64</cols>
  <dt>u</dt>
  <data>
    45 191 255 237 54 127 245 246 61 220 206 221 93 125 255 237 235 252
    235 42 244 125 214 243 123 111 16 148 125 86 126 235 223 98 219 176
    247 114 249 61 125 61 250 182 93 163 247 238 188 189 143 13 242 45
    155 77 62 198 127 175 211 207 47 218 45 222 255 237 62 253 245 119
    61 220 206 221 93 125 255 205 235 252 235 42 244 125 222 243 121 127
    20 182 125 87 127 239 223 98 219 48 247 250 249 53 125 61 250 55 117
    167 247 107 188 253 141 77 242 5 155 77 63 214 127 143 211 207 47
    222 124 239 255 221 122 223 251 231 207 239 107 188 215 230 251 254
    179 213 122 111 159 253 214 187 221 199 166 191 71 255 63 255 103
    151 127 219 210 255 251 246 178 126 229 124 191 158 193 63 223 173
    54 247 115 29 181 95 208 254 121 253 93 92 123 183 196 33 211 181 80
    130 171 205 128 227 3 114 195 194 146 66 234 69 37 103 138 173 230
    11 12 138 178 47 18 8 48 11 119 39 60 155 0 124 69 214 128 96 56 10
    203 12 201 31 25 172 16 5 96 24 148 73 144 114 49 157 76 22 33 251
    57 54 247 180 29 165 161 126 244 252 208 53 109 89 131 101 118 236
    195 82 241 42 119 151 134 42 224 218 120 84 225 239 111 44 150 188
    157 48 33 253 93 68 18 134 192 97 131 79 184 190 201 11 240 28 88 65
    46 178 215 146 186 198 172 88 126 253 239 254 62 255 221 127 253 254
    255 248 127 254 254 238 155 213 123 251 247 125 243 127 125 239 179
    191 123 253 127 235 199 46 215 186 222 122 249 125 122 255 253 111
    213 23 245 111 159 172 154 77 242 29 157 93 16 242 123 191 91 223
    170 250 3 21 145 150 21 130 9 78 134 192 1 209 35 75 128 23 106 212
    32 99 130 46 224 99 12 155 178 15 18 8 1 109 87 36 52 186 66 120 35
    84 209 74 56 11 139 20 209 79 145 164 24 5 96 24 156 73 16 114 51
    157 88 87 32 251 7 21 209 150 21 2 1 78 134 192 1 113 35 139 128 87
    106 212 37 65 130 46 224 99 12 154 162 11 18 8 0 109 87 38 52 186 66
    120 35 84 193 66 56 11 138 20 81 79 145 164 24 4 96 24 156 73 16 114
    51 157 88 87 32 251 122 249 255 222 118 127 93 127 247 126 253 181
    127 254 254 254 255 215 122 127 247 127 241 183 255 255 247 157 107
    251 254 233 199 110 71 254 222 120 251 125 122 223 245 111 245 182
    245 110 191 174 143 207 242 29 158 93 124 246 123 255 123 255 235
    250 60 191 253 220 186 221 253 117 255 126 135 156 93 117 189 220
    251 228 67 98 246 120 82 247 255 188 182 217 111 223 127 235 199 102
    71 190 218 114 249 124 60 93 24 174 117 244 245 111 153 172 136 75
    240 29 156 89 28 242 123 189 90 71 107 242 242 184 255 215 254 215
    219 176 222 255 23 95 191 234 19 124 126 215 126 183 223 175 239 127
    190 254 255 127 214 251 247 127 119 173 13 127 222 125 255 127 81 76
    225 62 201 44 249 63 157 236 24 135 252 63 156 195 80 255 115 189
    252 21 48 254 35 17 211 150 21 2 1 74 70 64 0 113 35 203 128 83 106
    214 37 97 130 12 193 103 14 154 48 15 18 8 32 105 87 38 52 186 66
    124 33 84 65 66 56 11 201 20 81 207 153 164 24 4 112 24 156 73 16
    114 51 157 88 85 32 251 3 5 1 150 33 128 88 13 2 192 1 65 0 65 0 19
    46 70 0 35 130 40 224 99 12 155 163 10 18 32 1 77 87 36 48 56 66 104
    226 64 225 106 56 75 128 20 209 78 17 160 88 5 112 24 156 73 17 114
    50 189 80 87 32 251 61 182 247 229 188 176 171 252 112 253 192 251
    229 19 131 81 122 205 195 107 249 45 203 253 140 58 242 247 92 68
    225 239 95 96 125 190 117 184 105 117 125 76 58 174 227 161 219 127
    184 188 56 33 240 156 156 73 6 242 23 143 218 71 37 126 13 199 124
    120 9 245 161 85 49 126 168 132 80 121 173 165 128 120 131 98 244
    112 28 179 84 41 2 192 125 68 57 83 253 82 209 168 17 242 81 168 190
    63 26 134 116 243 67 74 25 44 62 12 242 29 205 8 191 194 111 164 202
    242 107 241 147 222 18 7 201 192 130 128 74 161 35 75 162 67 194 57
    111 131 60 131 207 45 43 76 230 215 123 111 134 43 131 54 23 167 93
    95 114 157 239 214 97 80 40 251 137 88 188 181 193 205 16 37 252 130
    140 235 16 120 176 45 84 85 48 186 178 222 214 207 254 222 222 147
    63 125 58 219 143 115 94 253 247 215 188 43 196 77 175 123 235 223
    123 127 191 123 215 127 247 231 92 85 119 213 254 247 119 94 235 127
    221 150 253 211 204 213 92 181 252 167 159 235 83 220 242 47 214 93
    21 188 100 47 231 155 50 87 135 231 231 228 29 152 25 183 187 206
    203 213 96 110 30 165 198 35 93 213 149 45 35 136 18 11 215 36 85
    186 82 120 235 92 52 89 56 47 21 156 85 46 153 172 25 5 178 25 148
    75 16 98 49 61 88 85 32 250 195 5 139 150 1 2 89 139 134 193 53 194
    147 234 2 30 42 85 36 103 10 175 224 99 14 215 177 41 18 42 18 41
    210 36 20 186 66 104 235 84 112 72 56 43 145 28 245 110 153 172 16 5
    240 24 156 73 16 114 49 61 88 85 32 250 13 182 68 35 189 176 163 24
    56 153 198 111 168 27 129 1 72 237 135 153 225 98 75 252 97 60 89
    167 124 71 99 215 159 232 221 48 117 152 41 53 125 20 58 167 209 225
    122 97 56 255 8 5 244 165 200 64 54 146 183 133 130 219 36 94 220
    207 191 221 34 223 220 231 27 255 127 200 94 240 126 138 141 217 252
    175 158 253 230 155 251 87 151 246 109 229 158 111 215 211 112 97
    222 255 254 243 242 191 233 119 191 158 117 235 215 203 111 247 253
    125 179 222 215 223 122 111 115 121 219 255 254 254 255 255 255 255
    255 255 255 253 252 251 255 255 254 252 251 213 127 103 253 135 231
    119 95 255 189 63 219 95 119 251 247 37 85 254 82 115 233 244 122 94
    56 63 213 22 245 111 153 172 24 5 240 29 157 73 16 242 51 189 88 87
    34 251 205 207 239 253 240 255 255 247 57 255 234 207 223 253 255
    239 235 221 63 111 124 237 246 51 79 255 191 182 221 6 58 187 243 39
    85 251 82 127 253 244 242 94 56 62 223 158 217 246 157 173 28 5 241
    31 159 73 16 254 51 189 92 86 34 251 195 5 131 151 1 2 89 139 134
    193 53 210 179 234 130 30 106 215 36 103 14 175 226 99 78 215 177 43
    18 42 18 57 210 36 84 186 82 120 227 212 112 88 56 43 145 28 245 46
    153 172 16 5 240 24 156 73 16 242 49 61 88 85 32 250 251 253 254 223
    255 191 95 25 255 239 53 250 191 235 54 95 246 247 120 247 255 255
    211 127 209 247 251 127 123 121 247 107 207 61 214 191 218 121 250
    127 114 223 125 175 245 92 245 111 157 174 24 15 240 61 156 223 120
    247 115 191 251 215 58 251 47 206 103 105 254 253 163 208 189 127 10
    79 221 125 251 237 201 253 235 34 244 87 30 120 126 252 29 183 252
    83 59 215 247 233 95 33 119 243 253 62 253 84 74 158 85 226 254 209
    188 221 28 37 215 229 141 105 54 196 182 173 214 223 40 244 115 17
    152 22 13 130 95 4 198 38 53 0 32 74 20 18 52 35 0 145 138 43 83 7
    144 162 230 78 2 184 193 96 7 188 2 36 171 8 98 203 32 136 165 201
    176 112 165 79 51 226 137 75 36 24 120 211 41 51 211 177 184 178 232
    74 109 175 239 248 54 127 165 119 249 254 198 179 205 189 191 207
    203 253 235 111 245 117 82 243 93 127 149 180 124 86 114 203 223 64
    215 186 212 120 249 124 124 93 58 167 213 241 247 111 184 172 8 13
    242 29 156 77 62 246 87 189 90 215 108 250 76 43 211 248 10 207 96
    71 37 224 79 20 81 244 187 226 227 152 1 98 207 185 206 51 95 138
    130 13 66 204 61 207 243 38 85 186 80 242 209 86 178 117 220 70 68
    150 193 207 153 44 88 5 114 29 149 73 16 226 43 189 89 70 35 240 252
    251 119 220 50 55 125 255 231 214 121 184 93 251 223 238 179 212 110
    111 55 248 228 182 221 175 167 25 255 152 124 185 242 100 116 250
    214 118 211 253 182 127 185 190 250 182 193 78 139 173 215 203 114
    31 151 93 200 246 113 219 127 70 43 181 57 182 119 235 188 245 165
    252 252 253 248 121 237 57 153 197 255 254 203 42 240 66 255 252 168
    169 109 178 127 81 113 255 253 232 223 52 247 177 57 53 125 86 106
    190 84 225 90 81 184 253 223 41 244 165 158 93 166 246 167 142 242
    207 44 246 57 246 127 107 188 245 163 252 252 255 226 249 237 59 217
    197 251 228 235 42 240 66 254 252 233 185 125 179 127 81 113 255 253
    200 255 52 117 177 189 63 253 86 106 190 87 225 88 113 186 221 126
