<?xml version="1.0"?>
<opencv_storage>
<ImageFile>"180.jpg"</ImageFile>
<Features type_id="opencv-matrix">
  <rows>260</rows>
  <cols>64</cols>
  <dt>u</dt>
  <data>
    45 254 239 217 63 253 245 127 253 244 220 253 253 63 255 239 219 245
    227 43 245 119 222 255 125 127 21 183 125 223 95 239 207 74 199 190
    214 248 249 126 126 31 110 167 213 245 117 107 191 236 137 13 242 29
    220 93 60 246 255 189 251 223 110 222 45 238 255 217 58 253 247 125
    189 245 204 253 221 127 253 205 219 253 251 107 247 127 218 255 125
    255 21 183 125 223 95 239 143 202 199 62 214 249 251 62 125 61 238
    167 213 245 117 107 189 252 137 77 246 29 152 93 60 246 255 175 219
    223 173 222 60 254 255 233 50 253 245 255 253 253 222 255 223 182
    255 254 251 213 251 107 253 85 222 253 253 253 61 191 111 223 127
    255 213 68 103 254 222 255 253 124 125 93 127 55 255 182 125 245 191
    172 175 191 242 29 156 93 124 254 123 237 219 223 104 254 124 252
    255 253 58 255 245 255 253 253 252 249 223 183 255 254 251 213 251
    107 253 93 206 255 255 255 191 191 111 219 126 239 215 231 117 255
    222 253 253 126 122 95 251 55 255 182 117 239 255 172 175 223 240 29
    157 77 92 254 123 253 219 95 41 254 236 204 239 249 34 255 249 231
    61 255 79 206 223 180 127 238 153 217 251 107 190 213 254 187 125
    111 158 246 109 215 62 235 215 80 99 105 214 255 248 122 250 189 253
    63 191 62 119 251 159 200 190 255 211 93 189 92 221 255 123 253 223
    219 75 255 108 173 255 244 34 223 121 99 53 252 111 213 223 253 188
    110 128 217 227 107 246 125 208 243 93 106 134 214 104 247 63 235
    199 16 71 170 210 122 248 124 248 61 189 167 245 54 247 111 153 172
    152 79 240 29 156 77 24 243 115 189 123 87 41 250 106 143 231 215
    255 159 211 31 255 245 150 255 191 250 254 237 242 181 121 115 246
    63 219 119 87 234 208 63 122 217 95 239 159 39 87 186 210 122 249
    124 244 93 124 47 209 22 245 111 157 172 152 13 242 29 157 73 48 246
    115 189 90 87 36 218 255 252 255 223 255 255 223 249 255 253 252 251
    255 127 255 253 251 247 127 59 253 127 255 125 255 255 127 63 127
    219 127 255 223 239 95 191 214 249 253 126 127 95 110 47 213 118 253
    115 189 236 152 13 246 61 157 93 56 246 247 189 219 223 42 254 120
    166 109 221 238 247 251 113 253 255 95 221 221 125 57 102 240 249 75
    227 253 115 211 254 217 106 164 190 104 215 253 239 255 44 71 190
    223 122 249 124 124 93 121 46 213 53 247 111 153 172 24 13 242 29
    156 89 16 242 115 189 122 87 42 250 125 176 245 37 253 227 187 124
    218 189 210 125 229 11 129 81 250 229 211 81 249 43 203 253 141 249
    236 175 90 77 97 239 95 45 125 191 118 185 233 117 121 76 123 47 199
    113 189 127 184 180 24 5 240 188 156 65 20 178 183 189 250 71 36 254
    255 254 255 207 255 223 215 249 255 253 190 251 191 123 255 253 251
    247 127 59 253 95 255 125 255 255 125 63 127 219 255 255 199 237 95
    255 246 251 253 126 247 95 106 191 221 246 253 247 189 253 156 13
    246 189 159 127 112 246 246 189 219 223 56 254 179 220 88 175 255
    136 222 9 127 65 61 235 190 127 100 93 119 183 60 145 198 127 155
    108 242 215 121 127 190 123 207 39 151 237 24 87 235 73 254 119 99
    223 110 105 149 28 252 23 197 214 16 45 188 163 250 235 56 55 246 47
    146 93 180 78 227 207 238 219 239 159 223 201 47 231 189 218 191 249
    127 78 227 245 60 111 158 87 211 105 127 215 187 63 55 155 22 59 215
    101 95 155 194 125 255 126 50 91 104 47 151 28 253 183 157 172 16 5
    113 29 157 111 16 246 48 61 89 93 56 251 57 182 245 199 255 245 219
    124 254 253 212 125 237 91 147 85 254 247 90 59 244 43 239 253 172
    235 230 63 126 89 117 239 223 109 189 190 214 57 249 119 93 92 107
    174 193 32 249 127 184 188 24 1 240 188 156 65 48 246 183 159 250 23
    36 254 65 143 155 85 104 150 243 71 176 189 4 195 131 249 146 15 42
    229 163 39 198 47 82 119 95 202 150 38 64 136 33 106 215 6 71 186 80
    56 235 124 112 124 56 167 241 112 177 111 153 172 24 1 240 29 156 73
    17 242 51 189 88 87 33 251 41 36 109 144 42 29 29 115 117 126 135
    130 125 61 52 70 130 176 65 241 245 116 81 243 81 58 160 154 104 212
    125 225 223 36 71 186 218 120 233 124 116 93 60 47 212 52 247 111
    153 172 24 13 240 29 156 89 24 242 51 189 90 215 104 250 249 222 239
    213 255 245 219 248 254 255 254 255 239 121 115 237 255 245 127 127
    254 175 254 252 63 255 255 62 223 223 119 191 111 111 126 255 222 61
    253 255 89 92 243 190 219 105 217 55 189 159 30 161 249 191 156 119
    240 246 247 159 254 159 168 190 233 157 238 221 239 191 211 249 191
    125 6 207 159 125 62 77 228 245 89 103 252 119 210 115 123 234 188
    62 252 81 127 43 215 101 82 57 210 123 252 120 210 95 88 14 209 126
    241 111 157 140 24 13 240 29 157 73 49 246 115 189 90 223 42 251 227
    206 175 201 239 212 223 201 47 199 57 202 159 57 127 140 141 245 60
    111 14 197 254 104 127 215 59 62 183 187 27 63 215 229 89 91 66 125
    254 42 55 122 40 61 151 28 253 177 221 137 20 37 17 215 180 110 81
    244 48 61 84 85 18 251 65 143 147 87 104 134 227 71 180 189 4 195
    131 249 146 14 42 101 163 39 198 47 82 119 91 202 150 38 64 136 1 74
    199 6 71 184 16 184 235 124 112 124 56 167 241 112 177 111 153 172
    56 17 240 29 156 73 17 250 51 189 88 87 33 250 56 190 255 215 190
    245 251 253 254 253 214 249 239 89 155 221 254 247 251 43 244 127
    223 255 185 235 246 254 126 209 245 255 239 236 223 52 254 185 249
    127 253 93 227 174 241 225 209 111 186 252 141 75 244 189 156 85 52
    246 247 223 251 223 109 254 59 158 206 247 47 177 220 49 63 251 124
    201 190 122 33 93 245 179 101 187 245 127 211 127 241 127 227 126
    126 113 245 247 255 108 82 52 255 88 248 113 112 95 123 47 213 21
    215 111 185 238 24 5 244 29 216 73 19 243 247 191 218 123 168 218 62
    158 255 213 191 221 223 89 191 253 15 217 159 127 240 85 251 245 100
    43 212 111 218 123 125 223 183 63 126 251 117 111 215 228 87 186 210
    249 249 119 116 92 104 47 213 20 245 111 153 172 24 5 240 29 156 73
    16 242 51 189 218 87 32 250 76 47 175 152 2 95 36 119 1 196 79 132
    80 180 63 234 137 72 227 236 52 209 116 147 219 105 156 196 97 212
    62 129 200 16 67 168 152 98 192 104 62 61 53 166 125 190 103 238 159
    168 239 223 243 93 16 28 238 235 75 241 91 194 74 226 243 220 204
    143 231 157 31 137 63 81 61 202 190 191 102 29 253 179 60 181 88 215
    147 100 115 119 249 126 251 115 222 33 154 109 144 245 227 73 172
    121 114 223 60 57 157 28 252 53 213 131 24 13 252 175 218 239 58 245
    52 61 23 217 28 202 20 35 189 148 40 149 152 103 2 166 1 144 80 113
    145 2 170 192 98 99 198 37 194 211 140 11 164 78 64 140 49 106 215
    52 69 186 82 120 233 116 112 92 57 47 240 20 209 111 153 172 24 7
    240 29 156 73 16 242 51 189 88 87 32 250 251 220 140 143 231 159 30
    129 63 87 29 206 190 61 102 31 253 179 60 189 124 215 211 112 113
    118 249 126 255 115 223 33 159 125 211 117 243 73 236 105 118 223
    124 61 213 93 254 53 149 202 24 13 252 237 218 239 123 247 53 61 211
    219 30 203 255 253 254 215 255 223 223 171 191 253 125 255 191 254
    246 126 251 215 124 119 223 175 243 119 127 255 243 63 218 251 118
    43 215 37 84 251 210 121 251 252 80 93 185 47 209 28 245 111 157 172
    24 5 240 29 156 73 16 246 115 189 88 87 32 250 251 222 223 207 255
    159 219 25 191 85 21 223 191 127 108 93 254 247 60 61 252 71 146 113
    123 254 249 127 255 123 95 47 151 101 81 243 247 91 252 125 117 223
    107 63 221 28 252 61 133 151 25 13 252 167 158 239 120 246 50 189
    218 93 54 251 123 176 239 253 63 183 251 60 245 255 213 253 255 121
    53 79 188 253 122 251 244 119 211 255 189 122 230 190 124 245 245
    239 207 252 135 60 223 57 248 127 92 221 247 174 243 113 243 107 191
    254 153 75 240 189 220 85 126 183 255 223 251 159 238 223 125 188
    255 173 255 241 255 252 255 251 210 253 237 47 171 221 251 215 251
    59 253 117 207 253 229 253 250 255 127 77 255 239 223 229 221 191
    246 249 253 119 125 92 111 47 247 181 255 119 191 254 24 37 244 189
