<?xml version="1.0"?>
<opencv_storage>
<ImageFile>"181.jpg"</ImageFile>
<Features type_id="opencv-matrix">
  <rows>73</rows>
  <cols>64</cols>
  <dt>u</dt>
  <data>
    46 252 108 170 159 121 180 9 125 82 238 252 60 62 236 253 243 186 5
    208 245 80 25 116 245 140 105 153 255 255 255 241 188 236 223 218
    235 82 137 252 239 223 92 41 84 215 246 108 157 127 150 12 250 5 203
    93 58 242 175 188 27 218 170 89 186 217 219 223 39 221 217 141 223
    193 63 220 191 254 127 254 255 214 52 191 14 62 231 39 253 215 243
    123 119 251 222 59 182 46 117 222 218 91 250 247 242 221 237 125 149
    30 245 46 221 175 23 5 248 29 181 111 17 242 120 127 89 93 162 250
    110 206 239 217 118 223 215 135 189 254 4 136 159 190 191 207 137
    245 250 47 158 215 94 57 119 245 159 55 125 219 22 195 135 219 199
    99 242 253 255 58 52 63 110 125 31 252 117 179 255 232 190 189 151
    253 252 254 248 206 234 127 219 217 91 247 106 197 40 186 87 207 27
    13 39 67 61 140 185 14 52 119 235 215 1 117 138 51 211 100 93 213
    185 45 83 58 63 41 198 36 87 154 66 120 233 86 50 217 60 41 213 28
    245 46 153 172 16 5 224 29 148 73 16 242 49 189 88 87 34 250 37 174
    108 138 27 29 129 77 189 212 14 246 57 63 239 229 194 52 129 33 213
    114 216 98 85 128 0 3 58 216 27 75 149 4 87 186 82 90 169 60 246 93
    40 38 84 22 116 105 153 44 24 12 240 29 157 73 16 242 50 188 90 87
    42 250 126 49 121 176 82 150 26 65 198 38 209 48 117 2 144 86 118
    163 71 213 249 163 113 150 156 26 236 205 66 188 241 224 66 44 70
    191 218 56 129 220 72 72 16 136 209 120 131 78 185 172 152 3 112 29
    28 81 16 243 19 181 120 210 104 234 211 141 155 215 67 195 219 175
    159 233 213 223 179 200 3 158 61 23 184 31 142 173 238 11 59 203 250
    110 67 225 70 127 175 179 49 113 183 205 254 123 112 109 229 122 187
    29 25 179 223 202 123 247 213 250 52 230 209 189 253 123 191 53 145
    207 211 141 155 223 67 195 219 175 31 233 213 223 179 200 3 190 61
    23 184 31 142 173 238 11 59 203 250 102 65 225 70 127 239 179 49 113
    183 205 254 123 112 125 229 122 187 29 25 179 223 202 123 247 213
    250 116 230 217 189 253 123 183 53 145 207 200 15 190 208 98 95 70
    199 47 229 7 198 31 252 122 206 221 217 120 111 22 253 246 51 91 215
    159 126 32 210 30 107 215 23 115 105 208 78 254 74 244 61 252 119
    191 28 117 239 221 168 184 221 243 125 181 222 81 252 113 127 89 125
    153 250 2 19 0 6 149 128 4 9 98 0 33 98 172 3 36 17 118 162 4 144 65
    36 17 68 128 144 97 41 22 40 129 32 22 44 158 150 106 24 1 69 97 194
    48 137 192 68 180 79 16 182 24 0 96 0 218 9 18 51 22 148 24 83 36 73
    2 19 16 6 23 128 0 8 98 0 1 98 172 19 36 17 116 162 4 144 65 38 17
    70 128 144 225 73 18 40 192 32 22 44 146 150 106 8 2 69 101 192 48 9
    128 68 180 79 16 182 24 0 32 0 218 73 18 51 22 149 24 83 36 74 18 19
    16 130 7 10 0 10 34 0 19 2 44 82 36 17 116 130 0 212 66 36 1 66 128
    144 224 72 178 40 128 0 22 60 210 142 73 8 0 65 36 1 16 9 192 68 164
    78 144 166 128 2 34 8 90 73 0 51 16 148 16 83 100 72 2 19 16 6 7 10
    4 11 34 0 1 2 36 82 36 17 116 130 4 212 66 38 17 66 128 144 225 72
    18 40 128 32 26 60 82 142 73 8 0 64 36 128 16 9 192 68 180 78 144
    166 128 0 34 8 90 9 16 51 18 148 16 83 36 72 243 49 209 182 85 162
    123 126 210 33 213 51 231 139 130 82 106 213 17 101 11 141 227 37 14
    138 248 13 82 8 96 45 85 37 52 251 6 121 5 213 81 192 153 11 201 28
    233 12 155 164 91 132 96 58 148 73 72 178 57 248 88 6 36 255 35 20
    104 130 159 132 131 16 86 111 18 85 169 10 48 85 98 116 1 176 192 34
    155 108 12 128 172 15 18 25 113 111 69 44 22 186 82 120 41 86 80 64
    0 139 192 16 240 79 153 172 24 5 240 24 156 65 16 50 51 188 88 23 32
    248 94 57 235 116 54 99 120 118 209 142 213 181 83 192 147 74 56 72
    99 223 39 189 228 151 141 43 182 217 64 228 246 232 78 58 165 238
    223 60 211 85 216 169 183 110 170 53 35 238 123 170 235 211 240 28
    48 84 135 179 91 219 105 48 193 235 82 23 147 95 232 66 218 135 66
    64 7 7 0 83 139 16 126 131 24 6 70 169 199 66 218 194 242 77 130 40
    130 40 135 55 81 159 0 0 206 68 161 24 129 194 237 156 169 14 209
    164 73 115 176 66 16 235 65 123 24 33 80 101 177 234 127 244 92 174
    223 235 54 16 119 65 237 124 188 62 164 117 255 179 21 244 225 83
    177 116 224 125 233 127 243 78 253 33 220 36 21 190 83 113 169 244
    114 223 28 47 213 21 246 77 157 172 24 5 248 29 152 73 24 243 51 188
    24 87 34 200 82 23 147 95 200 66 202 135 66 64 17 21 0 67 131 16 126
    131 0 6 70 41 199 67 154 130 242 77 130 168 130 40 135 55 65 158 0 0
    74 68 33 8 129 194 237 28 169 14 209 164 73 243 176 66 16 235 65 123
    16 33 80 101 177 233 13 46 117 216 24 191 161 122 249 126 202 53 65
    119 249 225 194 212 129 98 212 100 136 251 79 168 32 133 88 74 57 91
    119 6 213 186 84 250 201 116 212 84 26 6 68 134 225 203 152 44 24 4
    242 29 141 73 16 226 51 188 72 70 35 240 28 33 251 16 16 65 40 103
    196 130 195 52 81 132 155 66 250 0 67 75 3 50 69 151 157 8 166 137
    66 140 176 232 70 14 103 190 24 58 65 84 56 64 52 46 70 100 3 110
    187 44 168 67 240 29 20 88 4 114 27 249 105 19 97 226 13 46 117 216
    24 253 161 123 249 254 202 53 65 119 249 225 194 204 131 98 245 96
    28 251 77 172 0 129 92 14 59 91 119 2 85 186 16 242 201 116 214 116
    26 6 116 134 225 107 152 45 24 5 240 29 141 73 20 226 19 172 72 70
    35 240 13 14 134 137 72 119 162 247 49 252 74 5 16 53 187 165 203 88
    193 96 208 65 222 176 90 105 24 128 253 66 59 71 245 0 81 32 17 242
    45 32 116 20 24 54 85 132 102 225 25 44 92 20 211 93 140 8 18 200 35
    164 66 71 32 242 29 35 145 180 16 162 40 118 16 184 210 21 64 193
    131 2 106 204 129 98 225 45 194 211 140 138 176 197 64 4 49 233 87
    32 21 186 21 120 65 84 120 68 59 14 225 5 195 111 25 172 25 5 240 28
    156 73 4 242 51 153 72 23 32 250 67 17 130 23 223 163 67 30 182 33
    148 39 170 204 35 5 12 55 218 150 250 47 219 103 34 114 90 6 56 81
    69 70 15 171 131 53 55 137 126 11 89 161 198 66 73 121 169 195 116
    86 137 76 183 232 88 163 127 15 254 179 162 173 149 78 5 6 0 8 1 200
    36 5 33 66 8 0 16 37 44 5 9 40 129 128 192 64 24 64 80 21 25 32 32 2
    9 65 140 18 67 32 33 128 45 40 36 48 44 161 20 80 118 224 17 64 40
    44 135 65 104 136 63 64 134 36 2 195 72 66 211 85 16 119 149 64 94
    140 82 1 61 187 38 207 6 27 111 214 20 87 10 170 167 46 36 159 243
    41 211 43 194 61 50 167 60 223 34 101 66 215 19 202 137 90 170 24
    201 22 193 130 86 165 44 162 180 235 209 49 40 91 28 36 179 161 29
    39 144 36 17 32 32 102 0 128 194 53 96 2 139 18 106 8 131 192 225 32
    197 19 4 8 224 201 64 4 161 192 125 36 101 186 17 58 1 92 168 64 24
    2 100 129 131 110 153 44 24 5 240 28 24 65 2 227 27 176 8 6 32 98 67
    17 128 19 221 162 67 60 210 32 148 39 160 74 3 1 76 39 211 150 235
    47 203 199 2 114 88 6 58 85 193 70 15 171 129 53 61 136 126 9 104 33
    198 194 69 121 171 195 54 94 137 72 183 232 88 131 111 47 222 179
    162 163 213 78 106 190 239 251 63 255 255 61 253 255 212 249 191 122
    63 79 153 253 251 251 245 119 219 127 121 255 183 183 127 209 117
    239 223 234 215 53 255 249 249 127 120 125 235 47 215 117 119 107
    191 236 152 13 246 61 220 92 54 246 247 255 251 223 172 254 28 33
    187 16 16 67 40 103 194 130 195 180 81 132 155 66 250 128 67 79 3 54
    69 135 157 8 166 137 66 140 176 232 70 14 103 190 24 62 65 84 56 64
    52 46 6 228 3 110 187 44 168 67 48 29 52 88 148 114 27 249 121 2 97
    226 248 221 255 255 55 119 253 255 253 255 253 217 127 252 247 254
    251 212 127 111 62 191 231 55 95 255 183 59 83 223 118 187 211 36
    117 250 210 125 249 117 114 95 253 63 223 20 245 110 157 172 94 5
    248 31 156 77 144 242 115 189 93 87 32 250 191 246 125 134 191 189
    157 121 246 125 254 113 253 59 244 117 242 212 71 96 209 2 177 116
    78 189 173 43 218 30 113 123 245 36 84 186 82 112 169 244 210 94 24
    15 208 22 244 77 153 172 24 5 240 29 157 73 16 242 51 188 88 87 32
    249 29 55 237 80 52 119 57 118 224 150 215 52 77 185 153 195 202 236
