<?xml version="1.0"?>
<opencv_storage>
<ImageFile>"182.jpg"</ImageFile>
<Features type_id="opencv-matrix">
  <rows>250</rows>
  <cols>64</cols>
  <dt>u</dt>
  <data>
    13 206 237 248 24 253 161 87 57 254 8 205 192 61 253 239 139 124 161
    107 244 116 90 243 89 127 17 166 125 70 59 67 215 66 215 160 49 248
    249 56 116 60 58 167 85 144 119 107 152 172 56 12 240 29 156 12 30
    194 115 173 90 211 105 250 13 206 236 232 40 253 165 81 57 255 12
    204 152 61 252 15 137 125 161 107 244 116 90 123 121 119 17 54 125
    67 59 67 215 80 215 40 81 248 249 56 116 60 122 165 245 20 119 107
    153 172 56 13 240 29 156 12 24 194 51 173 218 211 104 250 140 18 171
    97 60 244 168 209 152 191 194 71 194 1 147 1 72 205 163 107 228 37
    78 219 45 95 55 230 84 7 35 210 71 16 223 41 119 188 233 49 120 68
    50 174 215 97 179 123 184 188 24 1 240 29 156 65 22 210 51 157 78 23
    96 242 59 213 109 152 55 29 93 121 231 70 189 152 125 61 124 79 147
    244 70 104 54 114 144 38 93 181 133 57 123 158 92 41 210 76 214 154
    194 120 147 89 54 219 189 45 148 150 244 14 131 165 145 12 42 29 199
    29 56 162 121 251 89 222 46 186 64 1 130 208 0 66 104 103 0 130 3 4
    82 192 19 2 12 8 33 71 6 173 68 131 29 2 134 72 0 132 48 0 98 22 97
    138 0 44 66 64 176 32 176 74 162 28 3 238 25 168 48 81 112 24 20 64
    145 98 17 177 72 114 1 226 64 1 146 212 0 6 104 103 0 162 3 132 82
    192 19 2 12 8 33 67 6 172 68 131 25 10 166 200 64 132 48 64 67 18 97
    40 1 44 66 74 48 32 180 106 162 20 3 110 25 168 56 83 112 28 20 64
    17 99 81 177 72 50 193 226 251 222 112 175 251 204 6 9 63 121 46 255
    188 127 236 125 243 179 61 176 205 45 155 120 119 222 121 63 254 251
    255 103 151 229 95 51 243 219 237 126 103 221 108 233 213 31 254 51
    197 231 24 12 230 7 174 235 26 246 183 189 218 95 50 92 9 5 140 152
    3 75 36 71 37 192 13 128 24 188 46 143 137 56 33 225 150 113 80 35
    81 35 128 20 97 132 28 65 159 6 115 170 3 72 208 104 52 187 60 35
    148 21 103 110 25 168 169 12 114 29 208 12 57 226 51 189 25 83 44
    202 45 135 228 136 19 223 39 127 37 68 140 132 93 61 189 71 203 117
    99 100 84 115 208 243 85 125 17 36 56 222 26 1 222 38 87 186 80 120
    77 124 52 93 60 39 85 244 117 110 153 172 152 12 242 29 156 9 56 226
    51 189 90 71 40 250 17 134 221 138 0 95 134 103 115 92 12 133 28 55
    191 136 239 146 128 36 192 81 204 163 89 197 40 4 43 200 25 105 213
    68 81 176 52 64 45 104 52 95 44 39 21 148 116 236 145 44 95 4 178 25
    156 75 28 98 42 60 88 69 34 242 35 37 237 152 2 159 7 67 97 70 133 0
    89 117 60 69 128 117 2 100 130 117 80 99 84 128 132 29 34 156 24 1
    150 4 210 138 74 104 1 24 36 179 28 1 85 92 197 78 17 44 136 12 50
    25 29 25 56 98 51 189 72 215 110 250 248 223 239 253 118 255 255 253
    253 255 255 219 223 252 127 238 255 221 127 111 254 255 246 191 125
    255 191 190 125 215 127 255 255 103 119 251 215 127 253 253 254 255
    251 63 223 191 255 127 159 173 223 141 251 63 159 93 209 254 123 255
    95 95 42 255 185 255 238 207 255 253 215 177 253 221 222 255 255 127
    125 236 153 243 127 191 255 127 219 245 249 127 95 182 125 215 223
    183 223 107 235 85 223 91 254 57 125 189 239 191 213 253 255 51 191
    219 137 239 255 237 218 254 127 223 254 239 243 251 238 222 80 51
    147 183 192 130 42 166 66 163 81 18 210 194 19 18 126 203 99 198 11
    173 67 143 138 91 246 236 128 132 178 162 87 62 71 191 9 44 96 66 40
    72 177 43 231 124 163 63 155 172 24 195 240 24 28 217 65 243 17 177
    124 115 97 226 126 188 253 169 90 255 183 101 255 228 222 188 125 62
    191 254 255 186 123 248 181 83 127 181 253 97 124 255 111 221 223
    235 133 204 199 142 254 243 237 126 60 157 117 161 85 255 55 109 191
    236 143 11 242 21 112 85 126 246 235 249 187 219 126 206 212 51 147
    87 224 0 44 167 194 171 81 18 214 226 19 26 125 139 99 199 15 173 71
    159 154 95 247 234 128 132 162 178 67 62 71 191 89 60 99 70 120 72
    177 175 223 124 151 63 155 172 24 195 240 24 28 89 5 243 17 145 124
    115 97 226 249 254 238 75 246 255 215 177 253 213 94 254 255 63 125
    236 153 249 127 255 181 87 91 245 249 119 29 182 109 215 223 179 223
    107 235 69 223 91 253 59 125 189 255 183 149 249 127 179 191 217 137
    239 255 229 218 254 126 223 254 239 243 251 254 222 237 238 239 137
    218 221 167 237 61 245 46 223 153 62 255 236 139 84 57 98 220 209
    254 48 127 253 25 35 253 203 59 95 245 101 85 250 82 115 237 62 119
    125 120 62 85 150 253 225 157 172 94 5 211 31 156 8 16 228 43 189 88
    95 34 250 118 99 81 242 216 146 10 75 198 42 33 50 161 195 148 80 98
    199 45 100 139 172 137 79 14 144 47 45 130 168 48 24 82 135 12 155
    32 188 7 86 160 98 128 73 75 140 8 151 67 37 16 176 41 16 166 171
    192 104 1 156 76 68 49 177 59 158 239 207 63 253 155 189 255 255 94
    223 189 63 59 237 255 247 99 187 244 119 223 255 249 111 244 182 126
    211 119 239 223 108 87 180 255 122 233 124 120 93 122 46 213 55 245
    111 185 172 24 13 240 29 156 73 22 242 55 189 218 87 40 250 114 51
    80 162 216 130 14 0 70 10 49 48 165 67 144 80 114 199 45 100 131 44
    137 79 142 145 47 45 150 40 177 44 18 167 28 155 96 116 39 86 33 194
    128 73 11 140 88 151 64 37 16 0 44 0 166 235 192 120 32 16 76 5 48
    177 187 252 120 174 191 109 95 137 255 111 189 250 191 78 252 253
    255 246 54 241 191 242 185 108 245 215 243 59 223 123 255 255 129
    236 222 95 234 245 249 247 107 223 111 249 214 95 252 57 197 247 86
    13 238 183 231 125 152 182 240 63 191 223 190 189 250 57 247 246 119
    103 125 255 214 252 245 243 127 202 146 94 255 215 123 111 246 175
    227 55 158 251 247 191 90 248 246 239 199 47 52 191 215 124 243 117
    121 77 183 111 235 61 245 111 221 166 217 209 240 62 156 65 65 246
    115 219 123 103 161 254 216 137 190 221 98 223 250 183 63 245 95 141
    223 244 123 238 253 219 120 239 30 253 230 179 251 127 182 252 109
    215 190 187 255 51 115 105 223 111 250 120 240 61 253 62 255 190 247
    110 159 136 159 223 242 93 152 223 83 255 123 253 83 123 11 250 58
    255 254 127 39 255 252 39 125 210 127 252 62 54 125 254 189 154 123
    255 55 127 245 247 249 127 247 252 111 247 254 176 158 94 235 196
    255 91 248 121 255 191 253 117 247 247 119 110 255 219 175 207 254 5
    251 220 127 215 127 231 115 251 207 202 250 57 247 246 55 103 253
    255 215 252 245 241 127 250 146 94 255 215 123 111 246 175 231 63
    159 235 247 255 91 249 246 239 199 47 53 191 215 124 251 125 121 125
    247 111 239 21 245 111 221 166 217 223 242 62 156 77 65 246 115 251
    123 103 161 254 124 59 255 117 62 119 249 254 212 190 214 181 127
    249 155 66 250 221 235 107 253 255 199 191 141 42 230 214 88 213 245
    238 127 40 229 190 223 58 241 125 248 92 251 46 243 165 131 111 187
    174 29 71 240 29 156 93 22 243 119 223 251 150 225 255 250 253 255
    254 54 63 253 251 255 253 255 251 255 252 254 222 255 215 126 111
    246 63 227 119 255 255 247 255 127 253 254 239 215 103 116 255 214
    127 251 245 251 223 255 127 255 150 245 111 157 167 31 207 250 31
    159 77 81 246 123 255 123 63 163 251 186 249 255 222 54 127 221 63
    223 254 127 217 63 250 126 222 255 214 114 251 182 127 229 247 249
    255 247 126 127 251 254 235 215 62 119 254 222 127 250 125 242 223
    245 111 255 54 245 111 159 174 159 207 250 29 157 93 17 243 123 255
    123 127 171 255 250 254 255 239 254 255 255 241 255 255 254 251 255
    254 255 253 255 247 251 110 253 223 31 252 255 255 255 255 255 255
    255 254 199 237 207 127 254 255 253 127 125 93 239 255 221 254 253
    181 252 253 156 239 254 247 159 255 124 252 251 191 255 223 60 254
    110 33 235 182 2 71 94 71 101 226 29 148 91 230 182 94 235 209 33
    103 14 165 224 51 93 203 182 13 66 136 52 104 210 36 85 186 82 120
    193 116 112 88 60 47 213 28 229 110 153 172 24 5 240 29 156 73 16
    242 51 189 88 86 32 250 66 67 8 245 103 178 218 128 4 131 177 66 136
    64 1 3 0 89 6 215 2 42 132 82 12 146 131 36 80 38 33 16 114 60 156
    139 74 40 194 129 176 106 177 76 211 12 147 26 27 171 16 1 89 88 212
