<?xml version="1.0"?>
<opencv_storage>
<ImageFile>"183.jpg"</ImageFile>
<Features type_id="opencv-matrix">
  <rows>213</rows>
  <cols>64</cols>
  <dt>u</dt>
  <data>
    250 255 255 222 55 223 221 63 255 245 253 249 63 255 254 254 255 246
    122 251 183 127 247 55 253 239 231 127 127 251 222 239 215 110 119
    254 222 127 251 255 118 223 237 127 159 182 245 111 159 175 159 207
    250 29 159 93 57 247 123 255 251 253 175 255 127 253 125 172 54 127
    93 119 255 214 253 184 125 190 252 254 255 246 114 253 53 210 245
    182 253 229 237 249 123 255 254 169 208 124 231 254 202 123 249 253
    62 223 125 61 182 182 246 108 159 175 183 15 250 29 247 93 184 247
    121 252 251 218 110 251 42 220 124 235 235 221 215 1 63 87 47 200
    157 126 125 253 159 243 252 44 252 114 147 116 127 245 29 61 255 251
    223 177 132 212 203 68 243 211 250 57 183 159 111 117 181 222 252 55
    231 219 151 45 190 165 235 255 59 223 122 45 243 249 31 152 59 222
    108 238 239 253 223 1 127 127 63 203 189 126 124 253 149 179 252 184
    245 118 153 125 243 117 233 118 255 247 223 247 159 248 219 100 255
    219 248 187 255 223 111 125 244 215 246 107 183 219 143 15 254 133
    219 253 63 215 254 172 243 251 222 157 237 223 253 252 51 255 127 75
    173 215 175 218 223 253 252 255 147 253 126 111 62 119 208 123 125
    247 183 63 127 255 126 169 210 84 223 203 194 255 250 255 54 255 125
    253 183 222 245 63 215 173 182 61 235 125 183 30 56 254 121 175 255
    221 59 178 59 222 108 207 191 253 223 57 127 255 253 250 191 127 124
    253 245 247 124 251 245 118 147 127 253 247 225 127 127 255 255 251
    215 108 223 190 222 123 249 253 118 223 123 63 213 150 245 111 159
    191 156 13 250 29 159 93 56 247 115 191 219 223 46 255 255 254 127
    253 254 191 255 217 253 127 235 255 255 127 254 125 178 253 254 255
    255 255 27 252 247 254 255 183 254 255 255 247 227 255 206 127 255
    255 254 191 223 127 207 254 253 255 255 19 237 223 144 111 223 247
    159 255 127 255 245 175 255 255 251 188 252 253 255 255 54 127 253
    251 253 223 253 251 255 254 254 254 251 245 127 111 127 255 245 247
    253 255 247 191 127 223 126 187 202 108 119 254 222 127 249 253 122
    223 253 191 215 183 245 111 159 173 159 141 250 29 159 93 56 246 123
    255 123 223 42 251 251 255 255 223 254 255 223 187 255 245 255 255
    255 255 126 253 255 247 126 255 191 127 243 255 255 255 255 255 255
    255 222 191 207 255 239 95 222 255 254 127 127 221 239 255 191 254
    253 63 255 223 143 255 254 231 191 255 125 255 248 127 255 253 223
    254 175 238 109 234 159 125 229 217 253 94 236 251 61 127 253 237
    203 252 199 112 245 114 188 126 119 189 17 179 255 91 123 255 252
    198 223 242 247 243 185 60 255 255 94 189 84 215 244 65 171 61 222
    12 206 135 207 29 188 228 239 174 222 223 174 149 110 42 235 169 26
    93 164 197 189 254 42 134 89 166 251 247 209 124 195 40 88 208 94 56
    93 197 60 129 203 219 63 210 97 128 223 235 120 246 45 112 38 85 86
    56 86 198 68 241 255 44 190 12 146 29 237 124 156 224 11 60 79 218
    106 176 46 38 121 169 154 125 165 205 45 250 10 54 81 38 251 247 209
    220 193 40 89 208 94 56 85 132 56 193 154 216 63 219 97 128 215 162
    117 242 1 98 166 85 70 60 86 135 68 81 154 45 28 36 150 157 237 121
    132 96 141 52 79 218 106 52 56 140 255 221 170 221 213 229 191 245
    93 205 221 124 63 236 253 220 98 34 212 121 254 115 125 235 148 122
    109 213 95 239 247 112 67 104 214 227 248 122 243 31 109 38 244 22
    213 111 157 140 155 13 242 29 157 77 57 210 123 189 211 95 42 255 59
    222 125 239 55 189 253 57 255 223 125 219 189 62 124 255 245 255 99
    249 244 118 211 245 249 252 229 250 127 243 255 169 223 124 211 180
    255 91 248 121 126 223 127 47 212 183 247 111 191 191 153 15 250 157
    223 93 62 247 127 253 251 223 110 250 165 253 109 220 54 93 85 243
    231 68 189 194 95 253 116 239 245 244 102 237 54 254 48 230 255 55
    181 88 245 158 94 49 194 108 70 222 202 120 219 253 54 219 60 191
    148 114 244 108 129 165 146 12 104 31 135 77 56 240 112 60 127 220
    46 185 254 254 127 239 255 253 223 249 255 255 255 255 255 62 254
    253 247 215 94 121 253 211 191 124 255 207 237 123 255 251 255 255
    245 237 94 255 222 115 185 247 215 223 75 62 212 142 220 29 141 189
    94 5 250 191 159 125 208 246 57 188 223 30 58 189 251 221 238 222 39
    127 221 183 63 245 127 205 63 254 126 239 189 247 120 187 246 127
    247 51 123 111 147 54 121 243 222 235 159 120 243 112 215 91 250 121
    114 189 255 111 157 22 247 111 159 234 159 141 244 29 152 220 59 247
    127 255 219 249 142 222 126 181 253 188 54 151 95 111 231 230 245
    184 253 235 180 94 242 245 98 99 191 119 211 119 221 170 166 63 114
    188 125 233 215 44 6 190 210 120 241 124 118 90 61 175 215 20 197
    111 153 172 24 5 112 29 157 93 24 242 115 189 88 214 42 251 175 253
    109 204 54 93 213 243 231 68 189 218 95 125 116 237 241 244 102 237
    55 254 48 246 255 127 53 120 253 158 222 177 194 108 78 222 202 112
    219 252 127 223 60 191 220 114 244 108 129 181 150 12 106 31 135 93
    56 240 112 61 127 221 46 184 182 253 109 138 215 95 23 249 239 69
    189 126 253 126 254 252 243 245 94 52 19 210 177 100 126 245 61 57
    183 158 94 57 240 109 94 219 202 115 143 220 23 219 28 31 148 30 252
    4 133 37 215 12 10 27 135 91 120 116 40 60 92 220 42 185 45 172 255
    200 42 255 245 119 121 252 78 205 94 117 255 237 217 232 227 171 245
    117 91 251 249 127 21 246 109 215 223 231 207 82 67 32 255 218 249
    56 125 61 110 167 245 244 247 107 185 252 169 79 246 29 24 93 62 215
    223 165 211 251 109 206 43 150 116 10 142 205 4 5 43 100 13 140 156
    63 62 213 253 178 64 176 241 114 91 228 208 53 116 120 169 212 223
    101 133 252 67 4 203 66 248 106 36 157 76 175 84 240 247 37 177 196
    136 12 182 13 26 69 58 211 90 181 242 235 46 202 13 143 255 220 34
    95 249 119 53 252 78 213 93 124 255 238 137 216 227 43 244 125 212
    243 121 107 150 214 109 215 63 235 223 80 113 160 246 122 248 120
    240 61 251 39 247 182 245 111 187 168 169 79 242 29 157 92 55 210
    119 253 91 223 41 250 223 217 222 117 255 251 219 154 190 191 183
    239 174 217 102 251 116 255 62 223 239 175 230 123 167 251 243 127
    221 127 230 247 255 187 246 127 250 125 254 247 218 124 235 127 251
    123 251 63 253 207 24 215 253 255 188 231 83 255 247 191 253 117 149
    255 244 250 119 199 252 59 175 249 222 187 234 123 231 211 210 201
    118 199 255 15 125 143 47 220 171 127 127 238 156 79 226 190 106 107
    222 247 220 181 255 247 253 92 227 159 233 235 152 149 236 223 20
    243 223 239 143 227 70 252 212 15 254 93 149 60 59 214 108 175 175
    189 159 9 191 95 29 200 189 63 108 85 253 247 0 177 244 114 210 120
    241 245 225 127 126 115 221 99 135 252 219 4 251 89 232 121 116 223
    111 173 213 84 244 111 153 190 24 13 246 5 222 93 56 211 182 189 242
    219 44 250 244 250 119 199 253 179 175 249 222 187 234 123 231 211
    208 73 114 199 255 31 125 143 45 220 130 127 127 231 156 79 227 190
    106 107 222 247 92 181 253 245 255 94 227 159 233 235 152 149 172
    223 20 243 223 255 143 235 70 252 212 7 254 93 181 60 185 250 255
    231 254 245 251 252 220 189 246 255 255 120 219 236 250 221 255 107
    252 47 239 253 175 251 119 182 255 71 119 255 255 231 125 125 119
    253 253 245 251 93 251 30 249 55 219 243 189 189 95 181 240 191 156
    73 86 254 183 239 223 95 33 255 223 153 222 117 255 106 219 158 190
    189 255 255 238 221 98 251 189 255 62 255 239 175 230 123 167 255
    243 127 254 127 230 247 255 251 118 127 250 127 250 247 217 252 235
    126 249 91 255 63 253 254 26 215 252 255 156 239 83 255 245 191 252
    53 149 254 242 105 171 253 112 70 123 239 221 167 253 158 115 192
    147 234 187 69 126 79 14 173 230 135 191 223 191 189 195 175 54 186
    226 63 37 251 158 61 254 253 122 232 181 251 191 60 41 190 223 170
    127 211 217 127 52 214 209 253 121 123 125 52 145 251 242 105 171
    253 96 70 217 239 221 231 125 158 83 200 147 238 155 69 122 111 62
