<?xml version="1.0"?>
<opencv_storage>
<ImageFile>"185.jpg"</ImageFile>
<Features type_id="opencv-matrix">
  <rows>185</rows>
  <cols>64</cols>
  <dt>u</dt>
  <data>
    251 221 255 251 255 127 253 255 253 255 252 251 191 254 254 255 251
    213 127 111 126 223 190 61 127 255 191 59 255 91 126 191 243 103 125
    251 82 119 253 246 242 223 120 63 223 158 125 181 205 173 86 133 248
    191 135 77 208 244 105 191 95 94 34 187 232 207 230 255 234 127 245
    167 61 253 126 203 159 250 123 238 255 155 253 111 254 157 254 123
    123 127 31 182 237 211 62 255 231 227 99 113 247 223 254 108 253 125
    244 119 223 31 127 243 253 201 255 253 215 111 157 206 119 252 231
    255 215 125 145 254 123 212 109 155 239 157 95 13 191 127 61 136 189
    40 124 223 247 247 24 113 220 115 210 124 125 197 175 62 83 121 125
    107 215 172 214 123 194 123 160 242 242 222 104 45 215 30 245 31 149
    172 26 5 232 29 159 73 16 246 59 188 88 86 42 241 124 255 255 253 50
    255 125 123 253 254 223 189 95 252 253 238 179 221 251 107 254 125
    212 191 127 238 166 151 125 215 124 255 243 119 63 251 215 255 241
    253 222 255 255 126 255 167 199 127 159 173 190 223 234 61 159 93
    220 254 123 223 251 158 171 183 220 185 191 213 38 247 248 247 219
    191 119 217 215 208 19 218 61 203 250 171 150 61 102 219 169 115 247
    254 77 245 246 254 239 153 161 101 222 253 250 115 120 61 227 110
    187 36 147 111 255 202 175 211 244 125 56 86 71 219 211 219 243 185
    205 254 190 253 109 223 54 221 223 129 255 231 61 218 159 58 252 254
    251 247 62 235 151 114 245 118 125 215 181 59 119 187 127 123 210 44
    87 222 202 123 233 255 242 223 121 63 215 30 244 47 153 173 18 13
    248 29 149 77 16 242 49 189 121 95 42 251 191 255 255 255 254 253
    221 251 255 127 213 251 255 255 246 221 251 213 127 107 254 127 242
    127 111 255 183 59 255 91 126 175 215 103 124 219 194 125 249 119 85
    223 251 63 223 156 253 183 141 181 30 133 232 191 159 77 24 246 113
    159 221 95 34 190 123 253 252 186 95 63 23 31 247 124 252 241 63 127
    180 125 243 247 97 240 245 119 209 119 86 239 225 31 123 88 253 233
    223 108 87 182 247 120 249 124 126 223 62 175 213 21 245 111 185 172
    24 13 240 29 156 73 56 246 55 189 90 215 46 250 233 237 242 55 217
    102 255 255 220 239 232 255 227 205 131 239 235 245 127 71 127 143
    255 60 94 255 191 171 211 15 34 191 235 39 37 251 82 53 109 254 122
    72 48 190 223 121 155 180 137 172 90 1 248 30 148 65 144 240 33 189
    92 86 32 186 243 222 123 231 255 148 155 137 238 127 179 90 175 73
    114 93 246 215 62 115 204 167 187 124 238 223 255 47 214 59 243 63
    87 173 92 223 90 125 233 246 81 92 40 31 209 28 248 53 153 173 24 5
    240 159 156 107 16 242 49 189 92 87 48 186 187 221 124 127 255 189
    223 24 127 87 189 234 190 123 100 93 180 183 60 187 247 118 19 126
    241 119 243 127 255 115 207 115 143 252 154 84 251 89 250 251 126
    223 111 253 245 81 247 63 189 223 144 15 252 165 219 245 59 183 246
    191 179 251 190 219 242 222 83 167 255 148 155 137 238 127 49 90 175
    74 114 125 246 215 61 103 204 167 179 124 206 223 255 111 214 59 243
    63 87 173 92 191 82 125 233 246 80 76 56 63 209 28 253 61 153 172 24
    5 240 31 156 105 16 242 49 189 92 87 48 186 248 14 239 215 255 255
    243 253 253 253 94 95 191 255 251 236 235 213 121 102 252 175 191
    118 91 238 188 38 254 219 59 255 247 39 85 250 86 115 253 252 208 93
    90 62 213 38 217 103 157 172 24 13 240 31 157 73 16 244 51 189 90 87
    32 248 250 250 247 231 254 247 171 248 222 223 80 95 239 77 211 92
    127 215 127 110 104 197 174 124 174 253 63 191 222 91 115 191 117
    229 221 223 94 245 109 119 117 68 219 62 207 136 216 181 142 157 93
    161 211 246 140 235 192 188 33 75 220 95 48 182 248 49 253 148 54 39
    123 118 198 231 213 146 95 200 18 86 244 223 86 247 58 183 226 183
    156 42 246 220 80 180 244 169 202 60 22 190 202 120 192 221 88 200
    181 47 243 61 195 110 155 174 24 3 112 28 156 81 16 243 51 185 120
    150 32 251 248 30 239 215 255 127 179 253 253 253 94 31 189 255 251
    228 251 213 123 102 252 227 223 180 91 239 188 54 250 219 59 255 255
    37 87 186 86 114 237 116 244 93 90 62 213 166 241 109 157 172 24 13
    240 29 157 73 16 246 51 189 90 87 32 248 150 209 89 214 181 144 216
    9 2 67 149 250 174 67 132 89 102 215 36 87 6 44 128 99 166 214 243
    107 150 42 130 57 150 36 92 154 66 120 235 87 97 88 57 105 209 28
    245 47 145 174 16 5 240 17 156 105 16 242 48 63 88 85 32 250 251 252
    127 239 255 127 223 251 255 93 253 251 191 123 254 253 247 247 127
    127 119 223 189 124 255 255 123 123 255 123 255 255 240 229 188 223
    214 119 253 247 215 223 239 63 219 158 220 149 205 181 86 141 232
    183 135 111 248 244 104 30 223 93 62 189 251 220 255 253 254 127 255
    249 253 255 254 223 223 252 255 255 251 213 127 111 124 221 182 60
    127 255 191 59 255 91 126 191 242 101 125 251 210 119 253 244 243
    223 120 63 223 158 252 181 141 173 94 5 248 191 159 77 208 244 57
    189 95 94 34 185 56 186 255 233 62 127 253 255 253 254 220 249 127
    188 63 206 221 221 251 251 245 87 223 255 249 125 252 246 125 213
    255 239 205 200 223 101 255 253 248 113 124 95 247 63 215 181 247
    105 191 254 143 139 246 189 221 93 118 247 255 255 251 219 108 246
    205 46 198 49 221 226 162 246 40 187 226 99 234 201 131 1 234 237 35
    211 237 135 111 255 70 123 185 174 208 6 35 215 95 44 85 186 83 56
    237 116 120 84 56 175 193 97 211 239 152 172 24 5 240 29 156 73 16
    242 51 189 88 87 32 250 29 153 158 84 39 187 216 50 27 145 151 196
    206 80 96 27 28 139 254 155 135 125 64 211 161 118 211 246 124 103
    196 98 159 90 185 4 255 217 250 49 217 189 235 101 187 101 183 111
    255 251 169 223 252 101 250 222 55 211 246 239 243 185 205 206 50
    211 60 206 38 157 220 33 239 70 61 200 189 124 125 156 245 242 96
    186 150 114 145 230 249 53 229 120 39 186 221 48 134 92 203 12 202
    73 250 75 54 155 229 109 180 246 245 46 147 155 129 79 58 1 211 95
    57 83 120 117 113 249 78 218 141 38 231 49 220 225 165 244 224 189
    194 115 234 109 131 1 107 237 99 98 249 167 95 220 66 127 181 162
    192 6 35 214 95 44 69 186 89 56 105 124 124 84 56 175 197 97 151 111
    184 172 24 1 240 29 156 65 16 242 19 189 88 87 32 250 254 217 186
    247 55 178 217 11 31 227 213 250 191 218 4 94 60 155 62 223 167 127
    227 127 181 218 243 127 82 183 228 235 135 188 166 207 251 125 250
    251 88 255 245 105 187 29 183 111 223 234 185 203 248 21 248 245 113
    243 247 251 185 185 153 207 77 38 231 49 220 160 161 244 224 189 194
    35 234 233 131 1 106 233 99 226 249 167 95 223 6 123 180 166 192 4
    35 198 95 44 71 186 89 56 105 92 124 68 56 143 197 97 147 111 184
    172 24 1 240 28 156 65 16 242 19 181 72 87 32 122 70 34 130 87 237
    130 130 8 2 33 23 102 162 210 2 1 0 35 120 150 203 47 75 203 2 82
    216 38 32 169 133 70 15 187 131 1 137 136 110 11 68 33 197 65 161
    104 185 43 118 206 137 235 183 224 88 178 103 15 214 147 160 177 213
    78 253 253 255 253 54 247 249 254 221 255 245 251 239 217 214 223
    251 221 255 111 63 239 231 191 175 255 247 191 127 95 246 191 223
    111 189 255 222 253 253 117 121 236 251 255 255 185 127 182 254 191
    127 243 248 191 190 117 244 190 121 223 255 255 189 190 254 217 186
    247 39 146 216 11 23 227 213 250 191 250 4 94 60 155 62 223 167 127
    227 127 181 210 243 127 86 183 228 234 135 188 164 143 255 125 250
    123 88 255 245 105 187 29 183 111 223 234 185 219 252 21 248 245 113
    243 247 251 185 249 153 207 57 222 236 111 175 253 247 49 253 253
    222 239 189 127 124 204 159 187 251 187 245 127 219 253 241 127 85
    182 125 215 255 231 207 248 203 52 255 153 248 59 125 61 239 167 245
    241 255 99 191 218 137 111 246 133 218 221 63 215 247 239 243 251
    237 222 124 191 255 253 126 255 251 255 253 255 222 157 223 253 251
    238 251 221 123 111 252 253 246 183 95 235 190 191 127 213 126 251
    247 37 85 251 214 127 249 124 254 93 120 62 221 182 193 111 157 172
