<?xml version="1.0"?>
<opencv_storage>
<ImageFile>"186.jpg"</ImageFile>
<Features type_id="opencv-matrix">
  <rows>230</rows>
  <cols>64</cols>
  <dt>u</dt>
  <data>
    187 253 254 223 55 223 221 43 255 197 31 252 191 255 252 252 251 247
    124 191 183 127 243 103 127 247 243 63 127 251 222 41 151 111 119
    222 194 91 251 127 117 221 237 239 157 30 253 47 213 182 147 141 248
    21 191 95 120 246 122 255 251 221 174 250 61 55 245 182 50 39 63 125
    229 68 221 50 253 127 182 70 251 221 67 100 113 245 211 246 220 232
    180 153 106 220 125 169 223 36 85 190 211 120 209 124 124 93 61 175
    213 53 247 111 155 172 25 13 242 29 156 77 40 242 51 185 90 87 40
    250 253 50 243 51 221 34 163 252 198 47 210 119 231 203 131 81 250
    229 107 82 107 143 139 220 142 250 126 171 210 12 99 238 95 175 140
    223 4 180 109 86 13 64 146 154 73 105 25 149 168 52 88 160 96 190 12
    97 192 184 129 155 188 7 52 52 45 210 236 105 191 249 161 124 188
    184 196 249 172 59 175 205 74 188 235 216 241 114 207 124 33 57 81
    178 125 71 99 231 221 104 223 180 119 184 249 61 253 93 122 23 85
    225 115 97 184 255 157 12 244 173 218 93 54 214 175 143 218 219 164
    95 253 51 247 49 220 34 35 252 192 39 209 50 231 203 130 83 250 237
    35 86 43 175 75 158 134 170 254 171 210 12 226 172 95 47 133 191 8
    52 101 87 44 64 26 143 73 105 43 149 184 52 24 64 96 190 20 65 168
    176 1 155 188 135 164 114 242 186 171 231 255 222 219 136 222 191
    215 127 163 94 219 92 122 215 58 31 204 63 203 92 47 210 126 47 214
    251 119 254 7 173 223 87 246 191 239 55 225 92 227 124 223 140 185
    51 255 222 152 161 245 231 252 243 80 126 246 63 254 157 184 254 190
    50 255 225 254 55 187 255 212 190 208 115 239 82 147 81 250 221 107
    250 241 7 195 221 142 184 252 175 222 212 243 234 223 44 215 190 127
    120 169 117 120 76 19 30 209 165 147 77 186 173 156 1 240 29 158 89
    22 242 55 157 90 87 36 250 247 48 81 7 221 130 131 152 198 33 146 55
    165 75 131 85 114 231 7 84 201 135 139 76 134 152 124 47 146 10 195
    126 9 173 13 159 0 176 45 86 9 64 0 138 73 104 136 149 224 52 16 32
    52 162 12 227 72 56 144 56 188 5 52 4 196 43 147 115 216 162 234 83
    64 59 194 115 226 195 128 1 98 205 189 70 231 45 9 223 6 218 34 135
    210 4 32 214 67 39 92 179 49 180 101 212 201 100 146 206 201 73 139
    211 40 36 24 80 225 124 141 193 71 250 87 151 76 119 177 57 189 254
    254 231 191 245 241 252 253 253 254 255 255 255 251 253 251 255 255
    43 253 143 239 253 175 127 115 179 255 87 247 255 255 227 125 116
    119 253 253 117 121 93 251 54 223 167 127 241 173 253 255 189 252
    191 156 77 118 252 231 239 223 95 165 222 77 51 231 112 116 51 41
    254 240 190 194 51 99 129 147 67 130 237 235 111 249 199 68 159 142
    42 174 133 88 68 32 218 123 9 212 191 93 60 5 245 220 100 58 30 235
    225 131 207 56 173 60 83 225 188 158 72 132 190 23 159 110 150 101
    179 197 35 131 115 216 162 226 194 64 59 66 115 162 195 128 1 98 77
    173 70 239 45 9 91 6 154 34 135 210 8 33 214 99 39 92 179 49 180 101
    244 201 100 146 206 201 65 139 211 8 44 24 80 225 30 141 193 6 248
    19 183 76 118 177 57 47 238 238 251 63 253 253 7 121 255 92 253 190
    126 237 255 139 255 169 187 247 125 219 123 125 215 19 183 127 123
    63 103 151 210 221 32 255 223 251 59 118 255 239 109 183 149 119 235
    255 250 57 223 246 5 250 124 63 215 254 239 211 251 239 254 13 142
    214 233 201 205 166 229 57 253 74 13 144 125 171 228 235 92 137 34
    204 41 206 121 79 205 26 102 189 67 59 79 117 195 125 49 52 242 125
    38 101 52 74 54 77 134 125 243 153 108 124 52 215 95 140 73 128 204
    163 173 202 79 33 246 13 142 214 237 200 225 230 228 57 253 74 77
    148 117 171 224 235 221 137 34 204 41 206 121 111 207 18 102 252 71
    59 79 247 243 125 49 52 243 253 38 101 52 202 118 109 134 253 243
    137 84 124 53 247 214 156 105 7 204 167 175 194 79 33 246 251 92 238
    191 255 119 85 191 255 245 253 186 191 190 54 255 255 247 117 243
    124 215 255 52 95 255 249 59 251 219 127 239 211 44 86 254 210 121
    225 254 114 95 124 63 221 20 229 237 157 172 26 13 242 31 156 73 56
    244 49 189 91 86 40 250 45 54 101 162 221 176 35 88 244 120 192 115
    173 91 130 69 226 245 131 96 225 39 139 116 70 152 56 3 218 8 33 239
    95 36 84 186 115 120 33 116 120 68 26 143 193 1 240 77 152 172 24 4
    240 28 158 73 16 242 55 157 88 87 32 250 125 50 247 48 252 183 43
    126 224 62 192 49 231 203 145 67 250 237 235 100 249 7 202 189 142
    248 238 141 90 12 96 232 89 45 220 191 84 52 5 85 124 64 26 143 75
    233 131 223 184 60 28 0 224 188 158 65 196 190 19 159 120 87 36 178
    250 73 174 254 34 95 92 167 7 198 125 146 31 244 126 254 157 219 120
    239 22 253 241 163 219 71 147 220 97 246 158 169 130 20 115 235 203
    76 210 249 50 191 181 121 191 30 231 110 215 170 171 223 243 93 51
    222 89 247 121 123 123 120 219 234 249 220 255 219 223 205 69 255
    255 101 188 191 191 254 254 239 227 245 127 98 190 159 190 53 127
    239 61 43 243 91 90 127 227 39 117 250 66 119 253 254 179 223 92 191
    92 158 109 165 141 37 86 12 250 31 135 77 56 244 105 188 219 76 42
    249 124 143 247 222 98 95 253 231 63 244 79 157 31 246 255 238 171
    215 104 110 214 189 214 51 91 223 178 61 97 218 62 107 199 54 85 186
    211 122 251 124 112 125 253 119 253 148 245 110 157 172 29 13 242 29
    156 73 17 242 115 189 91 79 33 250 83 18 145 161 221 162 162 24 74
    43 210 14 236 65 1 17 124 207 25 212 232 5 11 73 134 216 120 238 146
    5 225 71 93 165 153 57 57 225 45 67 36 64 74 8 65 9 234 17 28 92 24
    33 247 248 92 235 72 62 151 145 128 7 52 102 238 254 255 255 251 255
    254 203 255 251 142 255 255 247 255 255 251 179 191 255 253 223 95
    125 247 223 255 191 239 255 255 246 215 239 79 255 250 255 253 118
    124 93 108 125 223 221 255 179 253 237 28 253 255 253 156 239 94 254
    247 189 223 93 184 254 59 253 253 222 55 223 221 15 255 198 31 252
    63 126 252 222 255 247 32 51 134 127 209 103 253 214 226 31 123 251
    92 105 151 238 215 158 234 90 250 125 112 253 237 105 181 20 245 111
    211 174 153 79 242 5 252 93 57 242 122 191 123 221 171 250 13 14 198
    169 201 205 166 197 57 126 74 21 16 109 171 228 203 92 129 96 204
    129 206 56 78 205 24 35 217 77 59 79 85 130 93 58 16 242 109 54 117
    116 72 38 69 134 109 209 153 108 92 52 215 31 140 9 144 232 171 172
    204 71 32 244 251 16 234 183 191 97 217 158 214 251 212 255 175 206
    34 95 125 247 51 211 233 135 231 124 166 251 240 107 210 91 247 239
    207 44 23 246 127 125 233 117 88 204 118 47 209 21 183 125 185 174
    26 5 240 28 156 65 16 178 55 189 94 23 32 250 250 221 254 220 38 95
    93 243 175 198 189 138 95 252 126 254 181 246 118 239 30 254 241 166
    223 119 247 88 241 190 222 57 226 60 214 222 202 126 210 249 178 223
    189 63 182 62 229 46 151 175 150 79 58 29 151 95 17 243 121 63 125
    244 10 251 41 236 239 234 123 255 245 127 121 252 236 249 127 255
    239 236 139 61 185 43 244 93 255 251 115 255 25 183 111 67 63 239
    159 195 121 112 247 223 253 60 255 191 254 119 125 151 119 235 255
    255 239 252 221 37 251 140 127 206 239 239 211 207 223 223 223 29
    146 246 81 98 106 134 6 204 81 17 6 203 130 30 111 219 61 231 103
    173 229 51 14 219 250 77 211 0 224 121 114 39 52 187 83 116 69 212
    80 64 184 78 201 25 195 206 221 172 94 149 113 126 148 203 208 254
    35 157 88 54 49 251 42 238 110 251 191 253 254 65 125 251 105 250
    189 118 253 79 219 209 105 235 159 125 219 121 125 223 179 191 95
    223 63 247 215 230 95 59 211 249 249 118 116 125 108 111 215 149 255
    51 157 204 24 37 246 157 156 125 16 242 243 189 219 127 40 254 22 51
    144 180 31 130 8 3 70 40 146 53 96 66 144 80 124 131 2 146 195 47
    193 71 132 154 230 79 2 188 193 96 7 46 70 190 124 56 99 68 64 64
    144 201 193 68 163 79 184 174 152 65 242 24 24 65 6 51 23 177 40 51
    160 106 23 48 65 166 157 160 11 8 134 46 146 55 161 79 129 81 98 118
    5 80 200 34 136 108 12 152 96 9 210 42 97 127 16 164 29 186 98 48 1
