<?xml version="1.0"?>
<opencv_storage>
<ImageFile>"187.jpg"</ImageFile>
<Features type_id="opencv-matrix">
  <rows>166</rows>
  <cols>64</cols>
  <dt>u</dt>
  <data>
    243 244 235 119 255 176 223 152 222 191 245 250 175 75 6 93 52 231
    62 155 239 127 243 125 164 247 247 255 94 59 231 255 207 253 156 87
    255 189 250 255 120 202 235 233 179 121 191 59 255 222 24 67 252 161
    252 247 119 183 246 219 190 251 252 159 243 244 219 119 191 176 223
    152 218 187 245 250 174 75 6 95 52 167 62 155 175 127 227 95 164 243
    243 255 94 57 231 254 143 252 140 119 255 189 250 255 120 234 227
    233 179 121 155 59 251 222 24 195 252 161 124 247 119 183 246 219
    186 243 253 207 61 214 125 142 251 93 19 253 175 84 63 62 29 63 255
    228 243 246 65 100 88 242 148 176 89 172 168 88 249 154 95 57 248 36
    85 186 82 114 129 252 182 95 24 14 212 182 224 76 153 172 153 13 242
    29 157 73 56 242 59 188 88 86 34 249 236 239 255 221 122 255 255 255
    253 253 238 255 223 252 251 238 235 213 251 111 254 173 246 191 95
    239 183 175 93 79 62 255 247 39 117 251 82 127 253 116 242 124 248
    62 223 190 253 255 157 173 28 21 241 29 157 73 80 254 115 191 90 87
    35 250 245 45 243 117 216 38 105 246 192 238 64 19 67 200 147 78 106
    69 59 102 111 143 206 31 14 235 182 47 210 12 50 111 71 39 21 187 18
    52 101 124 112 96 176 142 201 24 129 207 153 172 24 149 241 30 156
    65 208 248 51 185 92 70 33 242 4 34 101 129 56 181 160 116 196 190
    82 23 193 85 155 0 74 204 195 98 209 32 202 210 8 56 20 130 12 140
    49 202 95 4 213 186 92 56 105 116 116 84 18 14 68 160 241 107 154
    172 153 1 240 29 156 89 4 242 19 149 72 87 96 250 45 38 101 24 16 15
    37 119 165 110 192 52 93 173 189 70 226 120 67 96 241 98 80 179 92
    40 164 140 72 156 57 193 88 36 71 186 0 50 1 124 158 194 24 142 84
    240 194 78 25 36 24 4 34 28 159 9 24 226 43 188 88 70 34 241 61 52
    247 36 28 39 41 126 212 190 208 113 111 137 146 87 250 237 99 97 241
    7 211 255 142 185 252 143 90 28 97 239 79 44 212 190 94 60 33 117
    120 68 50 175 195 113 183 111 184 172 24 1 240 28 156 65 20 178 51
    189 250 215 32 250 45 38 108 8 18 61 37 119 165 118 196 48 93 61 189
    199 192 120 67 96 241 114 80 182 92 40 132 128 121 148 57 193 216 44
    71 186 66 114 1 124 190 215 24 143 84 243 230 78 153 36 28 12 98 29
    159 9 56 226 43 188 90 198 42 241 62 241 121 119 255 160 219 72 202
    35 215 122 237 66 192 81 114 199 23 83 239 46 131 94 172 154 227 239
    86 63 229 254 23 175 156 159 106 57 233 215 201 200 209 73 193 29
    185 31 139 183 16 71 104 180 252 97 80 178 179 187 56 31 180 191 13
    238 247 121 248 249 231 216 185 187 170 239 192 119 233 233 139 237
    171 106 253 109 94 251 71 127 19 183 109 79 43 214 255 210 223 170
    49 186 253 52 253 60 122 119 117 243 255 115 184 253 44 119 211 221
    221 76 22 206 215 175 218 119 229 122 4 34 101 128 56 181 160 116 68
    190 82 23 201 117 155 0 74 204 195 98 209 96 202 242 8 56 20 130 44
    140 49 202 95 4 85 186 92 56 105 84 116 84 26 14 69 160 241 107 154
    172 153 1 240 29 156 89 4 226 19 149 72 87 96 250 229 45 243 113 88
    102 105 246 192 238 64 19 67 203 147 78 106 69 51 102 255 175 206 31
    14 235 182 47 210 12 50 111 71 39 21 187 18 52 101 124 112 96 176
    142 201 24 129 239 153 172 24 145 241 30 156 65 80 248 51 185 92 86
    33 242 205 38 211 32 216 34 34 198 64 40 194 51 66 131 131 66 74 9
    171 68 105 133 15 145 6 201 24 133 194 4 34 128 112 7 85 187 17 180
    5 84 44 64 24 130 73 9 2 196 88 36 72 176 81 94 4 9 196 232 1 148 12
    70 112 96 121 191 247 127 250 239 227 126 237 93 202 191 255 255 255
    236 251 245 251 110 255 111 219 247 223 255 127 189 127 222 122 175
    223 103 101 191 85 254 253 124 253 125 250 247 77 235 127 231 236
    165 221 252 243 191 159 207 104 252 99 175 218 79 181 254 126 254
    247 223 255 207 215 239 255 116 253 191 253 254 255 252 255 215 122
    246 255 223 159 125 222 253 253 127 255 223 223 239 199 237 71 255
    222 115 253 126 55 95 205 159 93 190 253 15 157 172 153 141 178 127
    157 203 104 254 251 189 250 77 58 245 254 191 247 213 255 239 203
    255 207 229 219 255 255 254 254 252 251 213 123 119 63 143 255 125
    223 255 255 63 191 223 254 175 199 111 111 223 198 127 255 126 253
    93 229 255 205 62 253 183 204 164 217 189 243 254 149 239 104 252
    113 123 223 77 48 254 60 50 247 224 60 247 161 126 212 190 210 53
    101 19 153 211 250 204 203 107 245 33 207 223 141 168 228 143 94 77
    225 239 93 4 245 190 84 186 233 119 248 84 115 166 103 161 99 111
    186 188 61 1 240 29 158 65 4 242 151 221 218 23 36 246 124 50 255
    240 60 247 171 126 212 190 210 53 101 19 155 210 250 204 203 106 241
    33 207 159 141 168 236 207 94 77 241 239 77 4 245 190 84 186 233 119
    248 84 243 166 103 161 35 111 186 172 61 1 240 29 158 81 68 242 191
    221 218 7 100 246 191 189 255 255 255 255 249 255 255 253 222 255
    255 254 251 253 251 245 123 115 245 63 255 127 255 239 242 63 127 95
    127 239 215 46 85 190 214 123 249 124 121 93 250 46 221 23 245 111
    157 172 24 13 240 29 156 73 48 242 115 191 218 95 32 250 236 43 247
    253 114 103 109 231 237 239 235 190 87 228 187 238 251 221 123 111
    31 189 246 183 95 207 182 173 195 140 62 138 103 39 103 251 144 118
    215 84 62 104 180 126 239 158 77 182 221 172 124 245 211 126 148 75
    208 252 97 191 93 100 179 242 249 30 231 217 254 127 227 254 253 253
    222 159 223 252 251 239 251 253 251 110 124 223 254 189 95 238 158
    166 253 215 126 255 251 39 119 251 86 119 253 124 220 117 222 62 77
    175 109 241 189 45 223 157 211 255 156 77 112 252 107 191 223 14 38
    254 186 246 92 207 238 221 158 161 123 251 59 255 188 119 121 240
    247 131 76 178 221 112 31 252 249 86 253 255 238 251 255 118 247 252
    79 20 255 219 232 255 119 92 107 62 245 118 254 63 185 223 8 39 254
    133 153 249 22 247 150 181 242 123 106 188 118 49 113 22 118 130 94
    43 194 1 245 240 239 66 132 82 118 131 102 215 131 45 65 199 148 83
    231 255 2 188 196 160 142 61 38 158 202 24 234 223 104 72 181 235
    177 121 183 47 147 166 129 75 112 24 120 83 108 179 83 243 56 115
    244 74 253 188 255 253 63 111 241 255 253 252 222 245 127 190 171
    254 251 220 251 123 245 93 239 191 239 239 242 159 123 95 126 239
    223 103 117 250 119 126 249 116 121 93 255 46 223 21 119 239 157 172
    95 133 242 29 156 77 156 246 47 253 91 95 34 254 60 183 253 252 62
    189 125 121 245 255 213 251 221 125 180 94 242 221 99 107 247 127
    210 127 93 250 166 191 122 213 125 239 215 36 87 186 210 120 249 117
    124 95 249 47 213 21 247 111 153 172 24 5 242 29 156 77 24 242 115
    191 90 87 32 250 255 117 249 54 127 166 95 59 198 39 245 242 239 203
    148 95 242 167 127 215 187 175 145 87 150 250 239 255 82 188 228 232
    202 45 134 191 202 60 241 223 88 202 181 201 217 121 167 15 255 166
    145 203 104 60 92 81 120 183 115 155 184 214 188 219 246 33 200 150
    3 68 26 133 70 227 53 180 48 162 150 118 107 18 0 197 11 161 231 0
    28 131 176 41 131 152 147 40 197 36 5 250 66 112 193 94 48 72 52 43
    145 28 165 44 145 172 26 5 112 24 148 65 16 242 49 57 88 86 32 234
    254 117 249 54 127 166 95 59 198 39 245 178 239 203 148 94 242 167
    127 215 187 175 209 127 158 250 239 191 82 189 228 232 203 45 134
    191 202 60 245 223 88 202 181 201 217 121 167 15 255 166 144 203 104
    60 92 81 120 183 243 155 184 214 184 255 60 191 253 252 62 189 125
    123 253 255 213 251 223 252 180 94 242 221 99 107 247 125 210 123 93
    250 182 191 122 213 125 239 215 36 87 186 210 120 249 124 120 93 249
    47 213 21 247 111 153 172 24 5 242 29 156 73 16 242 115 189 88 87 32
    250 243 252 211 103 253 194 219 136 222 57 20 123 175 91 198 93 127
    231 60 23 205 15 171 108 166 215 127 111 159 59 195 62 151 237 28 87
    126 149 239 247 65 92 235 217 217 88 189 177 228 214 24 161 253 226
    156 227 116 188 180 47 182 93 180 222 76 35 210 241 88 162 226 102
    16 184 66 53 128 211 131 66 106 201 161 67 231 45 206 219 8 74 130
