<?xml version="1.0"?>
<opencv_storage>
<ImageFile>"188.jpg"</ImageFile>
<Features type_id="opencv-matrix">
  <rows>188</rows>
  <cols>64</cols>
  <dt>u</dt>
  <data>
    61 37 245 190 51 47 63 127 229 68 197 179 253 127 182 70 250 253 67
    100 112 231 210 246 92 232 180 153 122 216 124 169 223 36 87 186 211
    120 193 124 124 95 60 175 245 53 229 110 153 172 24 13 242 29 156 73
    56 242 51 189 90 87 42 250 62 249 125 172 55 127 61 127 245 214 223
    180 125 60 253 246 255 220 67 249 181 114 245 183 221 253 228 217
    123 246 255 233 204 60 215 190 223 122 201 125 58 221 117 47 246 183
    231 110 159 174 159 15 242 29 212 93 176 243 59 253 123 223 106 250
    51 146 80 199 255 128 154 8 126 121 19 127 172 91 0 81 126 215 0 50
    196 45 131 127 164 218 243 47 86 43 225 111 215 164 93 186 114 120
    233 119 113 92 40 15 209 20 253 111 153 172 24 5 240 29 156 73 16
    242 50 189 88 87 32 250 255 50 115 39 221 102 171 248 198 45 210 119
    239 75 146 117 122 197 127 84 249 143 139 124 142 250 127 175 210 31
    99 254 79 175 141 223 86 181 109 87 77 64 147 155 201 105 184 149
    168 52 81 128 224 190 140 97 104 188 177 155 188 7 52 60 247 48 243
    35 221 34 163 248 194 41 210 119 231 203 130 81 122 197 39 80 107
    143 139 92 134 250 127 171 210 14 99 254 79 175 141 223 8 180 109 86
    73 64 18 139 73 105 56 149 232 52 80 160 224 190 12 97 72 184 133
    155 188 7 180 60 29 178 230 109 61 241 161 126 240 156 212 251 238
    121 131 9 106 173 227 251 241 103 203 247 162 59 81 182 124 69 227
    231 223 104 213 188 95 56 121 61 253 28 58 135 209 225 243 111 184
    254 9 1 240 156 218 69 54 243 183 135 250 215 164 95 28 58 183 197
    248 255 246 117 218 184 222 113 209 84 153 192 255 201 235 10 245 41
    206 223 185 111 100 230 76 197 245 238 111 19 73 44 220 186 233 117
    121 21 243 38 229 167 159 111 186 252 173 107 242 93 155 81 102 91
    215 199 226 43 101 222 253 51 243 49 220 98 35 254 192 47 192 50 230
    203 130 83 122 237 35 86 107 175 111 158 134 235 254 171 210 12 226
    168 95 47 148 191 8 52 101 87 108 64 58 143 75 105 43 148 56 188 88
    112 96 190 20 65 128 184 1 159 60 215 229 114 253 55 247 113 212 99
    43 254 224 63 192 51 231 203 130 83 251 237 251 103 121 175 103 190
    142 235 254 173 218 12 98 168 95 47 148 191 84 52 117 117 124 64 186
    159 203 105 171 214 184 188 88 80 224 190 156 65 228 188 7 159 252
    215 165 114 126 50 253 229 254 53 191 252 242 190 208 51 237 18 179
    81 250 221 107 104 233 245 67 212 140 184 252 249 222 76 247 235 215
    44 215 190 94 120 161 117 124 76 59 31 213 165 211 77 154 188 24 7
    242 189 158 89 4 242 19 159 88 87 100 250 45 172 239 9 154 253 161
    253 253 252 222 53 89 60 251 228 203 56 195 34 245 83 222 180 121 40
    4 128 237 223 127 223 237 74 69 184 86 242 201 60 254 21 94 38 84
    231 99 225 187 44 207 13 146 29 153 84 62 224 47 184 203 142 110 212
    61 172 255 173 136 205 183 229 185 253 78 253 221 63 251 252 235 184
    163 34 245 97 222 120 125 253 28 247 109 211 123 255 133 192 109 48
    181 243 249 62 125 29 108 166 117 147 255 99 185 236 127 45 244 5
    156 101 62 222 239 173 218 207 41 254 91 17 152 150 35 67 91 238 150
    166 149 4 53 236 51 86 255 214 2 103 74 163 231 54 12 154 244 76 82
    142 246 41 82 36 21 190 82 120 193 92 80 72 56 46 213 20 225 110 153
    172 24 5 240 29 156 73 16 242 51 189 88 23 32 250 251 21 185 150 35
    71 91 239 214 198 215 22 117 236 146 86 254 215 19 103 10 167 195 54
    156 154 244 77 82 140 246 41 86 36 21 254 82 120 193 92 80 200 61 46
    193 20 225 110 153 172 24 5 240 28 156 73 16 242 59 185 88 23 32 250
    237 59 247 117 124 55 233 254 240 190 194 51 67 217 147 67 130 237
    235 111 253 175 70 159 143 42 150 135 88 68 112 218 123 11 212 191
    92 190 245 245 220 116 186 22 235 225 131 203 184 173 44 211 209 61
    157 64 52 254 23 159 234 150 101 251 77 58 247 116 60 51 161 250 208
    188 194 119 67 209 131 67 162 237 203 107 245 47 76 223 15 42 134
    135 92 69 33 222 127 2 244 190 117 190 225 245 220 116 26 134 232
    225 131 203 184 60 40 83 240 61 157 65 6 178 151 159 234 22 37 255 7
    2 128 37 141 128 143 8 134 11 161 66 129 73 2 21 0 37 2 80 202 39
    194 72 4 130 178 107 146 40 33 10 71 188 158 138 32 40 34 67 32 64
    32 201 227 64 145 31 16 142 24 1 96 16 252 97 16 50 50 157 44 23 32
    114 68 35 130 115 217 162 170 83 64 59 194 115 226 195 129 1 98 73
    173 70 239 45 9 95 6 26 34 135 210 4 33 214 99 39 92 187 113 52 101
    212 201 100 18 206 201 73 139 211 8 44 24 65 225 60 141 193 6 250 23
    151 76 119 177 49 133 174 229 9 157 121 161 252 184 61 166 125 110
    59 142 233 75 244 171 40 241 66 174 180 34 41 24 35 253 77 67 79 253
    98 85 176 118 178 45 188 255 22 10 23 80 227 112 193 184 61 95 4 208
    31 143 13 54 240 167 140 218 215 38 221 250 221 239 220 38 95 93 243
    239 199 191 202 95 252 126 255 181 245 126 239 30 254 241 38 223 247
    183 120 179 190 222 57 242 60 214 223 202 127 210 251 178 255 189
    127 182 30 245 46 151 175 146 79 106 29 151 95 25 247 113 63 125 252
    171 187 173 54 100 32 93 50 163 122 244 60 196 115 236 89 130 69 234
    253 131 96 225 39 201 118 68 186 184 135 250 12 97 239 223 36 20 186
    82 56 41 116 92 68 26 15 209 1 243 79 152 172 24 5 240 28 156 65 48
    242 55 157 88 87 36 250 60 38 101 128 158 189 131 121 237 86 210 52
    253 60 249 228 242 244 67 112 241 82 153 245 93 168 44 141 126 220
    125 203 109 108 71 190 218 122 137 92 220 85 84 142 68 230 192 77
    186 44 153 12 242 29 157 89 40 242 19 188 74 222 42 248 107 204 206
    154 15 223 85 6 53 254 28 204 30 175 36 79 139 117 49 97 192 87 235
    123 105 215 153 55 123 75 59 107 215 36 21 186 82 120 233 124 112
    221 124 47 215 20 117 235 25 172 26 4 241 29 156 12 24 246 51 189 89
    87 32 250 59 21 189 190 38 119 121 127 214 196 85 128 93 56 23 22
    254 222 65 103 112 33 192 179 157 171 164 216 83 176 116 233 215 52
    17 186 219 120 192 125 240 222 57 47 240 20 225 110 153 172 27 7 240
    29 156 73 16 242 59 189 88 23 32 251 13 142 214 233 201 201 166 196
    57 249 10 13 144 117 235 224 235 88 169 34 204 41 206 121 79 205 24
    39 221 67 59 79 245 195 125 48 53 243 109 54 117 52 74 54 77 134 125
    243 153 108 124 52 213 95 140 72 146 200 163 173 200 71 33 246 185
    220 246 231 255 229 251 248 222 221 214 255 175 75 219 93 255 255
    255 59 245 15 223 253 251 127 123 246 220 83 247 191 207 235 253 85
    247 253 253 61 121 92 235 255 223 49 251 243 252 222 25 249 245 231
    156 231 127 156 246 235 214 255 157 254 169 22 196 162 221 178 35 90
    116 121 196 115 174 91 130 69 234 245 129 80 225 7 139 117 70 152
    120 7 250 12 33 239 223 36 84 186 119 112 37 116 92 84 26 15 193 1
    247 77 152 36 24 4 240 28 158 73 16 242 183 157 88 87 36 88 70 160
    138 25 9 66 130 135 18 160 4 237 18 130 35 43 105 11 33 147 193 37
    103 195 64 75 208 103 65 12 131 98 143 48 65 162 27 8 105 116 112 28
    52 35 213 84 179 111 153 236 8 5 240 29 24 65 18 243 55 181 24 83 32
    203 107 204 236 154 23 95 85 127 53 230 29 128 63 172 52 79 139 117
    113 101 144 87 241 51 93 253 153 30 115 91 62 105 209 36 23 186 66
    120 233 116 112 219 124 47 215 20 117 239 157 172 26 4 248 29 156 12
    24 242 59 189 89 87 32 250 77 14 196 169 201 205 166 229 57 124 74
    21 16 45 171 196 203 92 129 96 200 129 206 56 95 221 24 39 217 65 59
    79 85 131 85 58 17 242 109 54 116 84 72 38 69 148 109 241 25 108 124
    52 215 29 140 8 152 232 163 173 200 71 32 246 29 142 247 237 248 237
    231 245 57 253 202 93 212 125 235 228 235 221 137 42 244 41 222 250
    127 239 50 246 252 71 59 95 247 243 125 49 52 243 255 36 117 53 202
    246 109 134 255 115 140 212 124 125 247 198 156 105 71 222 246 175
    210 111 161 254 13 6 246 169 201 229 166 197 57 124 74 29 144 109
    171 228 203 92 129 98 204 33 206 56 78 205 24 35 217 69 59 79 85 130
    93 58 48 242 109 54 117 116 72 38 69 132 127 241 153 108 92 52 215
    31 140 73 144 232 171 173 204 71 33 244 145 133 155 151 33 70 153
