<?xml version="1.0"?>
<opencv_storage>
<ImageFile>"189.jpg"</ImageFile>
<Features type_id="opencv-matrix">
  <rows>32</rows>
  <cols>64</cols>
  <dt>u</dt>
  <data>
    59 214 108 171 255 189 135 25 255 127 30 107 189 63 108 85 246 247 5
    176 240 114 155 124 116 252 121 63 126 91 245 103 215 236 223 182
    243 120 169 124 117 93 106 173 213 84 244 101 152 188 24 13 246 149
    158 73 56 242 183 189 218 223 44 250 61 181 253 222 63 191 223 127
    247 244 213 241 253 127 188 87 250 247 98 115 245 127 211 247 221
    234 228 127 122 93 245 235 223 44 87 190 210 120 249 125 112 93 57
    47 213 52 245 111 153 172 24 13 240 29 156 73 56 242 115 189 90 87
    44 250 39 54 81 163 221 144 135 8 238 91 2 115 173 75 161 85 98 247
    5 112 201 6 155 124 70 220 121 47 150 10 33 31 87 164 95 155 80 112
    45 86 101 64 24 143 69 64 252 21 152 45 24 4 240 20 140 105 16 114
    50 156 88 87 32 48 21 49 16 86 49 128 88 18 66 160 5 241 32 67 132
    19 38 34 132 155 135 42 65 71 161 2 194 91 18 45 197 100 31 182 48
    22 160 136 82 215 193 170 163 67 162 96 1 111 32 242 33 67 44 0 59 4
    55 19 214 195 161 38 165 79 211 17 146 183 197 34 91 190 6 39 81 6
    174 201 3 30 124 215 56 214 42 143 195 39 142 138 250 76 210 48 226
    41 82 47 52 255 67 44 70 69 128 64 145 202 203 25 139 156 216 2 88
    129 96 250 148 227 201 53 49 91 28 36 146 227 63 50 241 39 223 160
    171 252 214 57 210 55 237 11 131 84 122 167 67 80 233 3 139 92 134
    184 252 171 210 189 227 238 77 173 77 190 127 176 41 95 105 68 83
    138 193 97 170 93 184 166 89 1 240 158 156 65 36 178 183 184 186 7
    32 84 63 50 241 39 255 224 187 252 214 61 210 119 237 15 147 84 250
    151 67 80 249 3 143 124 158 184 252 175 218 253 227 238 77 173 77
    190 255 48 169 127 73 68 83 138 201 97 186 93 168 182 217 1 240 158
    156 65 100 178 183 184 186 7 32 124 93 59 255 244 54 119 123 242 212
    158 214 151 79 156 177 67 252 253 251 111 112 215 196 183 141 122
    254 220 88 70 246 249 90 56 183 255 95 126 193 117 216 204 179 62
    243 229 163 110 191 173 30 135 232 61 158 85 212 246 59 223 127 151
    100 178 108 159 255 253 118 255 251 247 45 198 203 156 95 236 255
    239 235 221 123 110 62 221 214 51 79 223 186 61 83 14 62 169 214 39
    125 155 66 126 221 84 52 93 60 46 95 158 229 190 157 172 94 21 243
    61 148 77 144 254 57 189 93 79 34 242 236 15 246 252 114 127 111 247
    45 198 203 150 95 236 255 239 235 221 59 111 63 253 244 51 79 222
    182 157 81 6 62 169 82 39 125 155 66 126 221 84 20 121 188 126 223
    158 103 190 157 44 84 21 227 63 150 77 152 254 113 191 93 94 35 178
    20 50 147 197 56 66 171 255 214 184 210 21 69 68 155 240 118 214 195
    106 192 41 238 26 140 136 230 75 214 137 241 126 117 37 125 191 84
    246 9 214 209 68 145 30 106 134 137 95 137 44 124 1 240 30 156 73
    128 114 35 204 92 6 35 245 205 63 247 252 118 127 111 215 45 70 203
    150 95 236 254 255 235 221 59 111 47 253 224 51 79 222 178 157 211
    14 62 169 82 39 117 187 66 126 223 84 20 104 156 127 223 158 229 190
    157 36 84 84 226 63 150 77 153 252 113 191 93 118 163 178 63 51 245
    50 95 178 33 94 230 30 208 55 237 219 163 81 250 245 35 112 225 39
    195 119 134 184 244 141 82 28 224 233 215 44 87 190 90 56 73 116 124
    64 24 15 209 81 225 79 152 172 24 5 240 28 156 73 16 242 51 157 88
    87 32 250 7 0 136 2 21 2 128 78 48 130 132 100 32 11 160 3 74 52 1
    81 193 39 201 99 4 144 0 7 82 8 1 64 151 36 149 186 18 56 105 116
    112 80 56 41 209 84 53 111 25 172 24 4 240 25 220 73 16 178 51 189 8
    87 32 250 124 54 245 169 216 237 166 109 105 241 194 63 213 119 187
    80 235 221 169 98 205 33 202 248 221 217 56 239 102 12 51 239 215 39
    85 186 80 248 237 118 117 84 120 39 69 141 253 39 153 172 24 37 242
    29 156 73 0 250 51 189 88 71 32 250 250 221 218 254 119 107 94 143
    215 234 253 249 63 206 38 223 255 151 60 223 7 191 229 55 231 223
    243 127 211 121 254 104 146 47 52 255 227 116 246 245 114 203 253
    121 223 29 245 110 221 166 94 197 106 62 183 203 209 255 121 191 61
    124 179 250 92 51 247 245 120 247 255 117 216 253 222 117 221 119
    153 96 251 221 219 107 245 45 206 251 189 106 166 247 108 197 245
    238 223 115 117 190 215 248 249 117 125 61 251 38 229 165 255 111
    189 172 137 71 240 29 156 73 70 254 119 223 250 39 33 254 250 217
    218 254 119 107 95 15 215 234 253 241 63 238 166 222 255 151 60 87 7
    191 229 55 239 223 243 95 83 249 252 232 146 167 52 255 227 116 247
    245 114 207 253 105 255 29 213 206 221 166 94 213 104 63 181 203 217
    254 121 251 29 125 179 251 3 205 8 222 35 152 222 1 47 195 45 206
    154 126 108 191 4 51 36 151 6 124 209 99 113 86 131 124 49 50 156 17
    150 118 83 0 195 74 218 139 162 187 173 105 181 30 245 46 209 202 16
    71 63 65 241 174 27 67 112 55 17 121 147 203 189 190 247 253 248 229
    255 237 235 245 235 123 245 119 251 240 251 213 163 98 239 41 206
    120 205 223 243 251 246 15 247 191 247 103 125 158 16 249 249 118
    117 93 249 39 229 21 253 55 153 172 89 37 242 159 156 105 0 242 51
    173 88 79 33 254 4 10 131 129 209 82 162 207 0 218 2 68 1 5 139 161
    0 76 137 12 0 1 238 1 14 128 8 5 148 8 2 27 116 3 253 139 48 246 13
    132 129 32 8 16 10 142 72 144 80 60 124 52 17 226 165 42 144 72 32
    12 68 4 18 241 62 253 255 255 54 181 93 123 207 230 245 186 255 234
    189 94 246 214 98 251 191 126 211 255 221 187 231 251 107 253 253
    238 195 62 103 190 222 124 243 127 190 95 245 239 246 117 145 111
    187 174 153 207 242 29 157 93 40 243 123 251 251 255 235 255 4 32
    217 16 16 130 16 70 66 162 5 52 80 35 147 66 10 0 130 131 193 37 67
    199 204 2 132 207 0 140 129 66 151 20 69 174 24 56 225 124 112 28 48
    32 241 112 131 111 185 172 8 3 240 29 24 65 22 243 19 181 120 83 96
    234 61 53 253 246 62 37 121 127 244 252 213 241 125 122 176 86 250
    212 67 99 245 46 193 119 204 170 230 155 90 93 117 239 215 36 84 190
    214 120 241 117 120 92 187 47 208 53 245 111 153 172 24 5 240 29 156
    73 16 242 51 189 90 87 32 250 50 48 91 147 26 196 139 169 194 238 59
    244 53 2 145 114 123 214 36 35 129 32 237 79 141 151 167 47 18 11 19
    127 115 164 125 186 82 120 107 214 112 64 40 43 150 20 112 111 147
    172 24 5 180 25 156 75 16 114 50 121 88 85 32 190 50 164 109 138 30
    93 5 111 231 70 158 52 125 62 255 228 251 212 66 48 209 82 209 164
    221 161 172 9 163 216 93 105 197 44 71 190 202 114 137 124 178 221 4
    143 20 54 228 76 147 44 153 8 178 25 157 89 56 114 42 56 90 223 106
    248 92 50 91 189 248 176 186 252 72 170 211 54 193 2 155 114 98 205
    139 110 139 177 198 152 140 136 170 205 210 44 53 187 117 20 221 187
    20 246 129 87 160 72 145 28 242 143 193 29 154 172 60 39 114 189 149
    105 192 250 25 216 92 70 99 181 189 253 255 255 55 127 253 255 255
    220 254 253 127 254 255 254 251 212 103 111 117 174 229 55 223 255
    243 153 123 94 126 251 250 38 117 254 82 122 217 252 250 95 56 62
    220 55 245 110 153 172 94 5 248 31 157 73 16 242 51 189 89 86 34 251
    76 35 243 177 80 39 43 247 128 134 195 22 81 192 147 66 200 77 67
    102 14 173 70 147 142 154 182 205 64 140 48 136 82 6 85 171 8 124 65
    84 56 96 148 14 71 44 129 46 25 44 24 65 114 28 20 73 0 98 17 185 72
    22 97 242 187 222 124 239 255 189 221 89 191 127 254 251 191 124 108
    253 246 247 63 184 252 86 185 125 127 158 233 59 255 95 253 127 243
    236 92 126 118 243 177 246 211 223 74 31 208 151 220 81 173 237 22 5
    252 29 143 73 16 246 191 188 218 94 34 189 60 236 125 201 187 221
    211 249 191 246 255 188 93 62 253 228 243 212 90 40 157 114 140 60
    125 164 44 25 255 219 95 127 240 196 29 219 70 243 159 190 147 223
    205 30 22 158 104 49 135 61 247 44 42 157 135 127 216 228 40 108 221
    142 42 181 120 127 255 249 50 127 245 255 253 254 254 157 125 252
    251 238 251 220 251 110 124 243 246 182 95 237 180 153 251 214 126
    187 241 38 85 250 215 115 217 124 254 93 255 62 85 183 231 108 159
    173 95 13 242 31 157 77 144 244 107 189 95 70 42 242</data></Features>
</opencv_storage>
