<?xml version="1.0"?>
<opencv_storage>
<ImageFile>"19.jpg"</ImageFile>
<Features type_id="opencv-matrix">
  <rows>130</rows>
  <cols>64</cols>
  <dt>u</dt>
  <data>
    110 252 250 169 19 255 162 199 61 250 206 189 54 134 239 255 203 221
    185 111 229 85 127 59 117 221 56 167 91 71 191 227 133 130 215 161
    55 254 237 116 250 93 126 33 87 23 119 239 221 236 58 29 242 61 253
    73 150 186 47 189 91 91 58 226 57 254 253 255 62 189 255 121 253 255
    252 251 253 123 189 93 255 255 227 107 245 127 211 255 221 255 247
    255 126 87 245 239 223 108 87 190 247 120 249 117 124 93 123 47 213
    53 247 111 185 172 24 5 240 29 156 77 22 242 119 191 218 87 32 254
    210 1 26 181 233 130 122 225 4 235 113 74 130 200 18 22 36 221 61
    103 138 167 130 120 14 223 187 110 208 35 51 59 83 53 20 251 66 125
    228 214 112 72 57 15 243 28 217 63 157 172 16 5 97 124 156 203 80
    250 49 189 92 22 48 186 56 191 255 220 54 191 249 123 245 254 215
    213 223 124 189 78 242 213 99 107 246 127 208 247 221 254 166 158
    122 219 125 235 215 36 85 190 210 122 249 117 120 93 185 47 213 52
    245 111 153 172 24 5 240 29 156 73 16 242 115 189 90 87 32 250 57
    246 253 255 62 189 255 121 253 255 252 251 253 123 188 93 255 255
    227 107 245 127 219 255 221 255 247 255 126 87 245 239 223 100 87
    190 247 120 249 117 124 93 123 47 213 53 247 111 185 172 24 5 240 29
    156 77 20 242 119 191 218 87 32 254 122 140 238 186 79 95 211 39 181
    252 222 213 63 252 59 238 249 213 123 243 244 55 255 127 93 203 188
    14 123 215 63 239 199 44 87 186 86 122 237 124 112 93 124 46 213 20
    245 111 157 172 24 13 240 29 156 73 16 242 51 189 91 87 40 250 233
    174 247 219 200 247 163 244 121 255 72 143 214 181 191 170 239 237
    185 110 252 197 94 184 219 233 60 182 237 65 59 79 245 195 85 113 17
    247 253 110 246 94 104 182 125 154 89 177 157 204 108 247 215 255 29
    239 220 236 129 45 222 71 83 247 58 157 252 158 47 95 209 63 183 212
    86 213 61 124 59 244 255 214 97 115 212 119 209 119 89 235 228 94
    122 216 255 235 215 44 87 190 214 122 233 124 240 93 60 47 213 52
    245 111 153 172 153 13 242 29 156 73 16 242 51 189 90 87 32 250 253
    158 246 237 248 244 171 245 57 255 106 223 140 111 219 173 235 221
    185 106 252 137 222 120 91 233 58 247 221 67 123 223 117 227 125 113
    117 247 253 38 239 76 74 190 111 139 219 177 172 93 92 53 215 231
    156 235 198 204 167 172 214 79 51 181 243 17 16 118 255 130 90 8 70
    1 23 119 174 74 0 85 118 151 28 214 79 47 161 102 166 218 226 95 210
    56 197 45 18 173 20 223 107 81 194 213 65 200 157 75 201 12 233 15
    197 166 80 5 104 34 156 235 81 51 48 27 56 55 176 184 238 187 238 49
    119 178 172 242 96 171 241 242 238 131 130 75 240 169 111 223 179 7
    115 223 151 123 255 239 64 148 224 242 207 60 206 175 219 60 233 252
    88 74 48 175 211 121 147 239 185 238 24 67 240 93 88 81 22 243 23
    149 56 243 232 106 60 55 125 188 63 181 61 121 245 254 214 181 125
    125 185 70 240 252 67 242 245 114 208 247 221 42 228 219 120 212 245
    235 223 44 87 190 223 120 233 124 124 93 59 47 212 53 231 111 185
    172 24 13 242 29 156 89 16 242 51 189 90 215 40 250 254 187 238 113
    116 182 188 243 96 187 241 250 238 131 146 75 240 169 127 223 189
    199 115 223 215 123 255 239 64 148 226 242 79 44 206 175 219 60 237
    252 88 76 48 175 211 121 19 255 185 238 24 67 240 93 216 81 22 243
    23 149 126 243 104 106 61 54 117 36 60 181 171 120 244 62 210 117
    237 91 145 69 242 236 195 96 241 98 216 255 12 168 164 151 122 84
    113 239 95 44 214 190 87 56 169 117 92 92 26 142 192 97 195 79 184
    172 24 1 240 29 156 73 4 242 55 157 218 87 36 250 121 158 255 249 63
    247 177 255 189 252 214 221 255 189 187 207 251 253 107 107 244 87
    214 119 95 250 180 190 126 85 127 235 215 36 85 186 86 122 233 124
    120 93 58 46 213 181 241 111 153 172 24 5 240 29 156 73 16 242 51
    189 90 87 34 250 61 54 117 164 62 181 171 120 244 126 210 117 237
    123 145 69 242 253 195 96 241 99 218 255 12 168 164 151 122 84 113
    239 95 44 215 190 87 56 169 117 124 92 26 143 208 97 243 79 184 172
    24 1 240 29 156 73 36 242 55 157 218 215 36 254 109 47 239 248 80
    255 167 127 241 222 234 181 75 255 185 239 139 125 251 110 245 85 80
    243 95 111 12 133 120 92 56 201 222 3 215 187 84 124 93 52 124 116
    58 175 85 165 119 234 60 44 24 28 243 61 156 12 20 238 71 189 74 215
    104 250 251 252 125 223 255 207 223 57 255 125 61 255 191 126 254
    252 243 215 28 43 222 123 163 110 237 215 243 63 255 123 95 111 151
    229 60 255 246 243 251 247 211 223 239 127 189 30 253 63 133 183 95
    13 190 179 159 111 88 246 122 63 219 13 55 253 97 6 0 130 73 22 2 1
    54 126 2 67 160 11 48 5 102 247 5 97 192 39 153 122 72 152 168 14 82
    8 49 99 83 36 84 186 83 120 33 116 80 68 24 15 209 20 224 79 153 172
    24 5 240 29 156 73 16 242 51 189 88 87 32 250 99 6 8 162 79 150 3 1
    36 110 2 66 160 8 48 7 102 215 5 97 192 39 137 126 8 152 168 14 82 0
    49 107 83 36 84 186 83 120 33 84 80 68 24 15 209 20 192 79 153 172
    24 5 240 29 156 73 16 242 51 189 88 87 32 250 68 3 131 145 0 87 160
    231 0 162 2 4 80 128 155 2 8 72 129 102 8 133 78 147 8 0 156 132 0
    132 48 18 113 2 81 170 16 104 5 0 48 48 48 38 85 4 3 224 25 40 40 21
    209 93 12 8 16 232 3 180 72 82 96 242 127 54 237 244 127 183 123 89
    181 254 213 247 253 123 178 87 248 253 99 115 245 119 210 127 93 250
    246 191 90 85 117 239 215 44 87 190 219 120 249 125 120 92 120 47
    213 85 247 111 153 172 24 5 240 29 156 73 16 242 51 189 90 87 32 250
    151 113 80 246 61 160 216 80 2 11 49 115 166 66 128 81 34 215 4 203
    135 44 129 107 172 154 227 95 22 45 165 117 114 181 188 155 98 253
    211 215 193 234 139 75 170 4 217 31 192 247 48 71 108 162 190 105 16
    51 178 203 92 53 177 165 44 47 239 250 62 119 245 127 181 254 126
    177 31 255 187 207 235 220 225 107 244 117 252 59 95 171 166 151 123
    89 57 235 247 38 85 186 87 120 241 116 114 95 122 46 212 22 209 239
    153 172 24 5 240 29 157 77 16 242 51 189 90 86 32 250 150 51 80 247
    189 160 216 64 2 11 17 115 166 66 128 81 34 199 4 67 135 44 129 75
    172 154 227 91 22 45 165 63 114 181 60 155 96 253 211 215 193 234
    139 74 234 4 201 31 192 247 80 103 108 130 191 105 128 51 48 143 92
    38 177 181 45 47 239 250 62 119 245 127 181 254 124 177 31 255 187
    207 235 220 225 107 244 117 252 59 79 171 166 151 123 89 57 235 247
    38 85 186 87 120 241 116 114 95 122 46 212 22 81 239 153 172 24 5
    240 29 157 77 16 242 51 189 90 86 32 250 60 37 253 180 50 181 57 127
    212 254 212 181 93 112 177 70 250 220 67 99 245 32 194 247 220 42
    164 137 72 212 53 235 223 36 85 186 86 120 193 124 120 92 57 46 208
    53 227 111 153 172 24 5 240 29 156 73 16 242 51 189 88 87 32 250 3
    144 0 2 205 128 130 8 34 1 1 66 160 10 32 17 78 39 0 16 192 5 10 65
    38 144 88 47 146 40 1 5 21 228 152 18 32 72 46 2 33 64 12 73 1 88
    252 17 80 20 16 36 36 160 108 163 24 18 146 1 0 29 20 74 59 148 16
    119 253 160 251 24 90 121 87 121 172 91 1 21 118 167 152 146 237 43
    203 127 160 202 226 255 94 113 229 231 143 185 220 53 255 153 248
    119 105 92 203 201 241 17 155 95 184 254 24 71 244 165 220 225 55
    179 247 191 186 119 180 94 44 46 229 136 26 95 129 127 245 252 134
    53 121 62 187 228 235 212 195 32 213 50 221 247 93 169 4 1 58 220 25
    75 221 36 71 186 86 114 233 124 244 85 24 38 84 182 241 111 153 44
    152 13 242 29 156 73 16 242 35 189 90 87 32 250 71 134 130 33 201
    162 162 4 40 187 2 77 130 3 33 17 64 41 153 209 201 7 91 89 68 72 8
    103 82 5 161 70 151 161 91 33 113 137 109 34 64 20 104 8 81 89 59
    179 93 76 24 37 245 229 248 235 82 222 183 181 128 83 48 78 79 142
    238 41 255 255 162 21 61 255 86 237 142 63 47 205 201 249 185 185
    253 87 219 121 113 120 24 247 124 85 171 199 159 249 223 33 127 219
    237 58 109 29 106 173 213 81 255 115 188 220 24 45 247 229 216 237
    118 223 183 181 210 219 60 94 41 150 76 43 175 185 186 57 57 122 202
