<?xml version="1.0"?>
<opencv_storage>
<ImageFile>"190.jpg"</ImageFile>
<Features type_id="opencv-matrix">
  <rows>209</rows>
  <cols>64</cols>
  <dt>u</dt>
  <data>
    173 222 109 233 255 253 167 249 61 95 238 251 205 61 253 237 203 252
    239 104 124 80 188 248 111 125 25 178 253 87 59 159 216 96 223 208
    119 243 189 53 255 223 122 191 84 167 126 145 172 157 86 44 203 167
    143 45 190 196 47 140 214 207 46 180 205 239 125 220 112 31 123 81
    41 86 175 138 221 113 252 235 128 233 206 111 127 240 16 178 221 34
    135 212 233 238 61 145 242 16 198 170 216 122 210 249 214 63 24 23
    240 118 195 78 157 173 40 79 243 93 31 93 28 223 83 188 120 242 107
    249 40 206 174 218 43 255 240 55 61 254 12 207 158 188 126 175 141
    251 233 171 244 87 218 115 121 127 149 118 125 211 63 227 207 112 83
    32 215 72 248 104 116 61 126 175 213 116 247 107 189 200 152 13 246
    29 152 92 59 247 115 189 211 219 8 250 175 222 108 139 255 29 157
    153 191 87 189 250 191 59 116 253 241 245 126 185 85 86 176 116 119
    231 105 59 255 91 94 57 240 108 222 222 218 113 185 253 214 223 120
    191 208 86 212 77 149 189 22 13 120 29 143 77 56 246 48 60 94 222 46
    185 251 254 254 239 255 125 221 217 255 255 188 251 191 251 254 253
    251 247 63 111 127 223 191 124 239 255 123 59 255 91 254 191 241 231
    126 223 210 247 253 247 247 223 106 127 223 158 252 181 205 157 86
    181 205 183 135 239 208 252 224 63 223 93 50 189 60 184 255 223 58
    221 249 255 255 255 94 253 223 254 255 254 187 215 250 43 245 125
    254 255 253 255 246 247 111 251 127 239 215 216 111 116 254 255 250
    127 253 125 239 119 191 182 245 107 255 254 175 255 246 29 189 92
    127 247 254 239 251 253 235 254 210 16 154 31 239 66 218 166 82 171
    85 141 46 128 3 154 125 131 56 151 200 131 231 13 170 65 248 110 211
    53 199 102 77 189 129 117 255 5 230 115 112 200 231 8 155 61 139 124
    255 202 95 135 181 250 112 227 215 63 189 89 180 49 208 199 186 221
    222 254 55 91 92 11 127 219 125 251 62 254 102 222 253 146 52 187 71
    254 241 119 241 223 243 123 127 251 254 97 158 108 52 246 255 89 250
    245 82 223 255 125 211 23 247 110 221 175 30 13 254 13 251 205 26
    247 127 191 91 123 170 219 255 254 255 239 255 253 223 201 255 255
    185 251 255 235 246 253 251 247 62 123 239 223 191 124 239 223 123
    127 255 123 255 63 243 237 92 223 250 245 255 247 87 222 106 127 219
    30 252 181 205 253 22 165 236 183 143 239 216 252 240 63 222 93 50
    189 251 221 222 254 239 127 92 3 63 91 125 203 190 254 100 252 245
    147 60 255 231 127 177 115 243 95 243 126 255 115 254 97 210 124 20
    245 251 93 250 249 114 223 253 125 213 23 247 111 221 175 26 5 236
    13 159 205 19 247 127 191 123 123 130 251 253 254 255 255 255 255
    255 249 255 255 252 251 255 255 254 253 243 247 127 111 253 223 191
    125 255 255 255 63 255 95 254 191 247 109 87 255 82 127 253 246 250
    95 120 63 221 190 253 181 157 173 28 133 249 191 159 203 80 252 49
    189 222 87 50 249 236 239 239 221 250 255 255 243 189 255 107 218
    223 245 251 238 139 221 127 111 222 253 246 251 127 223 191 183 221
    223 54 187 247 117 95 251 210 125 253 118 116 124 121 63 255 30 253
    59 157 173 28 53 209 125 157 79 80 254 115 189 95 87 57 250 58 253
    253 254 55 125 93 63 255 214 255 188 127 254 252 255 255 246 98 251
    183 126 241 183 253 247 247 249 127 255 222 233 142 124 231 254 207
    90 250 125 126 223 255 237 182 247 247 110 191 175 175 79 250 29 251
    93 57 247 127 255 251 251 239 218 41 205 239 222 34 221 221 103 191
    199 21 216 159 255 190 206 187 245 98 111 150 127 242 103 125 247
    183 63 123 186 94 41 215 100 103 154 210 124 251 124 112 255 189 175
    191 52 245 110 153 172 152 13 240 29 156 92 56 242 115 253 123 221
    43 251 147 144 16 39 223 224 208 24 82 25 188 109 166 94 4 49 127
    182 165 147 225 42 171 127 162 31 113 107 214 99 227 102 159 173 60
    116 119 17 105 245 73 220 26 75 200 81 191 111 232 246 90 5 252 166
    216 225 50 179 182 183 176 55 164 72 76 18 199 161 252 179 163 252
    28 187 194 21 193 17 155 65 106 221 217 106 232 1 206 249 14 168 56
    134 220 69 49 223 125 161 221 49 117 246 37 53 217 68 90 30 75 133
    75 209 56 124 92 53 245 254 157 73 198 172 167 140 206 7 36 245 252
    255 255 253 255 125 253 255 253 253 255 255 255 254 255 238 251 213
    127 111 63 159 238 60 127 255 191 187 255 223 126 191 243 103 125
    251 214 119 253 246 219 127 249 62 223 191 89 180 205 173 86 181 217
    191 135 109 208 252 105 127 95 94 35 191 122 159 150 223 235 207 214
    37 63 124 30 77 188 126 57 180 255 147 88 182 212 47 211 115 91 106
    224 126 126 208 221 111 215 37 81 52 215 74 250 108 117 93 92 46 213
    22 245 111 157 172 153 13 246 13 152 201 19 246 115 189 82 95 34 250
    77 18 199 225 253 179 163 252 56 191 194 85 193 25 131 1 106 221 219
    106 224 1 206 248 46 104 56 134 220 69 49 223 125 97 221 49 117 247
    45 53 221 68 90 30 75 161 90 209 60 61 92 37 241 254 140 73 214 172
    167 142 206 7 36 180 124 57 255 215 254 231 251 254 222 253 214 127
    239 222 147 90 250 215 250 47 255 45 195 255 171 234 246 255 126 73
    246 239 95 39 53 247 222 125 255 117 121 93 251 110 239 172 249 127
    191 190 25 215 240 190 156 207 68 190 127 219 251 7 165 254 252 253
    255 221 114 127 253 255 255 253 253 251 223 255 255 238 251 213 127
    111 63 223 246 183 127 255 191 63 255 219 126 191 243 103 117 251
    214 127 255 252 114 127 249 127 255 190 93 182 221 173 127 253 217
    255 149 207 208 252 105 127 95 92 179 251 76 0 131 49 200 226 170
    101 16 187 66 5 192 132 19 2 8 73 153 66 200 37 78 153 12 72 174 166
    64 5 49 70 103 179 93 41 21 236 101 66 88 100 64 14 71 4 11 115 25
    76 24 37 245 92 28 64 214 106 179 185 72 23 32 230 227 221 136 127
    239 200 223 9 63 107 13 206 190 76 108 29 141 119 60 147 142 127 219
    107 103 215 115 62 87 115 215 103 135 247 217 65 227 205 254 51 113
    253 236 105 151 28 253 51 213 218 16 101 237 229 252 171 89 159 242
    47 145 249 153 174 22 35 0 150 19 128 0 5 6 128 19 48 17 82 145 82
    98 146 0 2 131 32 192 67 12 128 160 9 18 168 17 104 54 36 84 186 82
    120 3 84 0 64 16 10 128 4 193 78 145 172 25 5 48 24 156 73 0 114 51
    157 72 22 32 250 235 47 231 119 254 226 219 254 232 45 211 127 239
    235 131 73 234 197 59 118 239 173 195 255 78 250 190 175 210 24 50
    47 215 47 85 187 90 60 237 116 120 92 24 14 205 56 249 63 153 172 24
    5 241 63 156 73 80 246 51 189 88 87 32 250 227 221 136 127 239 200
    223 8 63 99 29 206 190 76 100 29 173 119 60 179 142 127 155 105 103
    215 243 63 82 59 87 39 151 247 217 81 226 205 254 51 113 252 236 105
    151 28 253 51 213 210 16 101 237 229 252 171 89 191 242 191 145 253
    153 174 131 14 130 163 205 224 160 217 44 217 42 71 130 89 99 37 107
    213 37 103 76 135 174 112 70 223 25 34 146 2 34 19 119 38 85 186 81
    112 109 100 100 84 56 63 69 4 124 229 152 172 24 5 240 31 140 73 16
    240 35 189 72 87 32 250 252 255 239 254 126 63 125 251 253 255 244
    251 255 251 182 79 242 245 127 99 253 255 211 247 95 254 183 191 122
    223 118 235 199 44 86 186 210 124 249 252 122 95 58 175 209 53 245
    111 153 172 24 13 240 29 156 73 16 242 115 189 90 87 40 251 125 173
    239 221 34 255 253 119 253 245 223 220 223 188 255 238 153 249 123
    239 183 127 82 247 253 127 151 254 109 215 254 235 207 124 103 174
    222 123 248 125 124 189 253 175 247 245 247 111 191 170 171 207 242
    29 154 92 125 247 123 255 251 251 105 254 239 171 231 183 255 103
    155 184 204 165 209 251 187 235 147 78 171 213 127 119 46 143 230
    116 15 255 191 43 210 26 50 191 215 45 117 251 82 125 237 118 120 92
    56 63 221 28 253 181 153 172 24 5 209 31 156 73 16 240 49 189 92 87
    32 250 67 140 235 145 249 146 155 200 172 239 129 222 227 109 131 79
    234 213 35 103 206 39 194 123 77 218 186 47 82 14 51 107 215 36 85
    187 82 120 233 118 112 92 56 47 213 28 245 127 153 172 24 5 240 29
    156 73 16 242 51 189 88 87 32 250 194 137 138 214 37 6 92 135 23 199
