<?xml version="1.0"?>
<opencv_storage>
<ImageFile>"191.jpg"</ImageFile>
<Features type_id="opencv-matrix">
  <rows>119</rows>
  <cols>64</cols>
  <dt>u</dt>
  <data>
    109 238 239 249 127 191 255 121 253 254 244 251 253 123 191 77 226
    253 107 98 245 119 219 127 93 250 181 183 126 93 63 239 215 36 87
    186 215 120 249 124 126 95 122 47 213 21 247 107 153 172 24 5 240 29
    156 73 16 246 51 189 90 87 40 251 45 238 237 252 127 191 255 121 253
    254 244 251 253 123 191 77 226 253 107 106 245 119 211 127 93 250
    181 183 127 221 125 235 215 36 87 186 210 120 249 124 254 95 122 47
    213 181 247 111 153 172 24 13 240 29 157 73 16 242 51 189 90 87 42
    251 122 221 186 254 39 159 92 15 247 194 53 168 63 250 60 222 189
    179 112 159 151 127 83 71 241 215 247 125 99 249 220 224 135 188 163
    182 235 76 242 121 42 255 229 233 183 92 181 111 247 170 139 203 38
    5 123 215 59 247 254 251 59 249 223 203 250 217 158 95 39 115 216
    190 83 155 245 251 110 208 6 154 125 131 126 159 55 255 231 215 161
    119 243 254 79 119 230 242 223 62 161 116 223 61 250 113 122 223 179
    127 191 117 183 110 255 219 47 199 248 61 248 85 87 243 255 223 51
    241 205 207 61 246 125 237 190 189 255 249 253 255 254 251 253 123
    253 245 242 252 71 122 245 114 147 254 253 190 229 251 255 223 255
    251 255 108 215 190 223 123 249 253 254 95 123 63 212 247 215 111
    187 173 152 15 250 29 159 93 52 242 119 189 250 223 46 249 60 255
    125 221 190 189 255 121 255 223 255 250 253 123 253 84 242 245 67
    106 245 118 210 246 253 254 231 255 126 223 125 251 255 108 215 190
    222 122 249 125 254 95 121 47 213 182 213 111 155 173 152 13 242 29
    157 89 48 242 115 189 122 223 42 251 59 157 158 222 46 159 221 55 55
    254 53 192 31 121 61 30 244 247 96 171 246 125 209 243 249 99 230 94
    124 241 221 107 215 124 211 36 223 72 250 105 118 95 239 111 181 20
    245 111 155 170 153 79 244 29 156 93 59 243 115 191 243 251 72 251
    253 59 243 119 248 163 251 252 218 61 195 119 231 194 146 113 118
    199 251 71 239 173 203 223 142 234 230 255 210 109 245 238 111 167
    84 191 212 185 247 215 216 92 211 78 233 45 139 95 188 174 24 103
    240 188 156 195 68 254 215 191 248 54 177 252 125 50 243 117 248 167
    107 124 202 61 195 53 231 194 147 81 118 207 219 70 255 173 139 159
    142 234 238 239 210 13 225 238 79 167 84 191 21 178 245 87 216 84
    211 198 233 41 139 95 188 164 25 99 242 188 28 65 68 190 211 187 248
    6 181 124 249 63 243 119 254 167 251 248 218 189 243 127 231 218 146
    123 118 231 254 71 255 45 195 223 142 234 230 255 90 121 245 239 111
    175 116 191 255 189 255 247 217 92 243 78 233 41 155 127 189 174 24
    231 244 188 156 227 85 255 247 191 250 55 177 254 199 141 138 55 193
    194 211 142 138 161 165 250 178 202 162 90 9 49 62 215 15 143 239 69
    39 215 219 47 211 47 2 54 135 175 37 219 66 61 239 30 48 120 32 121
    155 88 57 177 93 142 18 181 89 243 244 226 80 124 176 61 28 53 144
    202 45 172 253 221 234 223 243 69 251 245 135 204 223 125 252 237
    251 177 250 107 247 125 91 255 245 118 22 254 108 223 223 103 151
    214 67 30 210 251 251 62 241 61 108 231 245 126 245 107 157 236 136
    111 244 21 153 77 57 223 242 175 243 255 239 222 198 41 154 117 96
    194 250 199 26 171 133 222 210 192 131 186 41 9 56 207 15 173 102 11
    175 91 178 239 65 175 166 54 71 179 45 235 146 237 254 119 112 40
    181 104 187 28 187 190 221 202 122 247 209 127 52 226 211 223 121
    123 61 49 145 234 212 185 154 117 96 194 248 199 27 171 197 254 210
    192 131 186 45 9 186 207 15 173 102 139 167 95 243 239 65 39 166 54
    103 147 61 235 154 237 254 119 112 44 181 120 191 29 59 190 221 202
    122 247 217 255 52 226 215 159 249 123 61 49 209 234 194 200 138 87
    255 210 218 132 26 171 21 218 130 194 3 11 105 211 60 151 143 135
    239 73 43 83 187 47 147 11 147 54 215 173 29 123 90 125 239 118 112
    76 104 63 155 28 185 177 221 204 26 165 221 251 156 235 208 125 176
    61 92 113 16 175 194 200 138 87 239 211 218 164 26 171 21 218 146
    194 3 74 105 211 60 159 143 141 239 73 43 83 187 47 211 11 179 54
    215 173 29 123 90 125 239 118 112 76 104 63 155 28 185 177 221 204
    26 165 221 251 156 235 208 253 176 61 92 53 16 191 10 142 142 131
    234 221 130 1 63 215 6 206 154 62 121 172 132 123 252 171 212 85 218
    97 121 86 29 102 44 211 31 83 151 208 83 32 115 75 236 40 240 29 108
    37 149 22 116 227 159 200 153 13 247 69 153 218 51 82 50 189 67 217
    72 250 71 142 204 203 235 158 215 1 47 71 7 206 158 127 62 93 204
    243 56 38 206 117 90 97 115 210 24 127 54 57 95 35 151 213 211 3 66
    91 254 122 36 29 104 97 149 28 245 39 149 140 152 13 181 97 216 251
    56 94 50 61 80 217 60 250 120 50 117 181 62 183 63 124 212 190 210
    49 237 8 145 82 242 213 203 106 248 35 206 189 140 168 238 159 90
    221 117 254 115 172 60 191 94 188 33 119 124 70 211 14 198 165 129
    95 186 172 24 1 226 28 157 89 196 242 187 216 250 6 32 182 123 255
    246 255 255 167 223 171 127 253 249 187 191 255 175 92 251 183 57
    242 255 47 219 127 86 255 243 63 123 249 255 239 223 231 117 191 247
    124 251 126 117 94 249 239 221 21 255 111 157 174 24 13 246 28 156
    73 24 246 247 191 218 103 160 254 60 182 125 249 190 189 191 121 255
    255 242 251 253 123 253 85 242 245 67 99 253 115 219 126 221 254 229
    191 126 221 117 239 215 100 215 190 210 120 249 126 124 94 122 47
    213 20 245 111 153 172 24 5 240 29 157 89 16 242 51 189 218 215 40
    254 95 188 250 117 255 178 250 85 88 187 210 251 230 194 131 91 176
    169 187 219 237 125 91 223 165 74 234 247 76 117 229 230 207 153 221
    37 255 189 253 119 232 28 243 233 243 121 147 123 254 254 8 227 245
    245 120 241 86 159 215 247 187 243 253 78 123 221 216 254 63 138 95
    11 119 225 181 249 191 250 228 95 246 151 52 211 199 63 241 119 229
    222 227 95 83 121 221 107 151 172 84 190 243 88 251 245 210 223 253
    105 209 23 245 111 153 174 24 5 240 29 189 73 16 242 115 191 89 87
    162 219 125 188 255 113 120 183 251 121 220 191 212 253 231 154 145
    78 250 213 251 107 253 39 203 255 141 250 190 175 90 79 113 238 223
    37 85 191 86 249 237 116 120 92 58 46 215 53 51 111 185 172 24 5 240
    29 156 73 16 242 51 189 90 87 32 254 5 166 84 9 136 217 162 197 59
    176 6 141 84 53 175 163 239 170 129 40 201 65 94 176 193 81 24 224
    45 7 155 70 221 80 67 32 16 195 173 98 52 29 40 55 53 212 126 32 153
    200 110 52 180 77 16 77 30 205 10 36 80 67 96 226 199 141 202 139
    235 158 215 1 43 69 7 74 158 126 46 93 204 179 56 166 206 117 82 97
    115 214 25 127 166 187 223 35 151 213 83 131 66 89 255 122 36 29 108
    97 149 28 253 39 213 140 24 45 183 97 152 235 120 94 48 61 80 217 56
    250 115 177 152 87 255 130 218 12 210 185 149 109 174 82 32 49 116
    163 50 151 199 47 83 71 128 74 230 111 82 61 197 102 143 45 7 182
    251 24 234 245 88 92 49 107 209 113 183 111 185 238 24 67 240 29 216
    65 18 243 183 191 56 115 160 74 58 253 254 222 55 223 221 59 255 217
    221 249 191 126 124 220 255 183 114 155 247 127 211 119 241 247 243
    127 127 251 223 234 143 252 199 182 254 89 250 125 121 223 231 237
    181 117 245 111 191 254 137 79 254 5 250 93 62 247 254 255 187 251
    238 222 5 150 16 33 249 184 163 88 168 25 130 97 164 25 128 17 110
    173 131 16 224 35 10 112 68 152 89 103 60 6 97 0 159 80 217 164 48
    184 41 33 109 20 58 133 225 65 182 103 184 190 24 36 240 133 222 97
    54 210 150 133 0 215 36 90 109 175 253 249 216 191 231 121 169 86
    202 62 209 125 253 69 139 109 235 102 255 125 18 243 94 252 150 245
    232 142 59 137 199 82 199 171 144 250 255 60 60 61 152 229 117 249
    245 107 158 172 168 127 179 93 92 25 45 206 91 175 202 231 233 242
    62 177 125 246 54 181 249 121 214 158 213 245 253 90 148 86 242 215
    70 91 247 126 193 215 189 186 231 223 94 255 245 232 207 108 175 190
    254 56 251 125 216 221 247 111 242 53 177 111 187 190 137 203 250 29
    126 85 100 179 127 219 123 191 237 223 204 42 231 245 120 183 187
