<?xml version="1.0"?>
<opencv_storage>
<ImageFile>"192.jpg"</ImageFile>
<Features type_id="opencv-matrix">
  <rows>268</rows>
  <cols>64</cols>
  <dt>u</dt>
  <data>
    124 238 111 217 190 253 255 245 253 254 254 188 221 188 251 238 209
    248 91 234 253 242 95 188 221 108 166 240 237 223 255 190 233 120
    199 239 222 243 209 254 190 95 221 62 86 247 203 49 191 109 158 111
    250 157 157 93 190 231 107 252 255 202 106 181 47 206 108 105 255
    189 239 89 189 255 170 234 157 125 253 205 131 125 191 43 254 126 26
    124 117 247 23 55 62 123 127 215 199 218 223 9 240 255 255 59 111
    127 238 253 55 218 124 51 174 221 48 108 143 229 239 190 57 204 254
    175 247 251 249 182 40 142 239 249 11 127 161 255 189 252 222 21 121
    125 251 228 139 124 227 98 244 115 222 55 93 237 20 132 123 214 59
    203 199 38 87 184 214 114 233 60 252 117 122 166 85 183 245 107 185
    172 157 13 242 29 157 88 48 226 107 189 74 199 40 250 187 220 124
    238 63 253 213 27 63 93 188 237 63 125 108 253 247 246 213 185 244
    122 185 119 113 127 97 26 127 83 253 229 143 236 186 84 247 91 249
    253 95 223 126 191 220 115 254 111 169 247 222 12 252 133 139 77 58
    246 254 174 211 223 174 217 63 246 109 163 190 189 191 89 249 127
    218 127 253 127 252 117 242 253 7 240 245 116 27 124 197 190 229 187
    254 95 253 243 215 236 215 190 251 122 233 245 220 93 90 45 212 87
    246 79 153 172 24 5 242 29 157 73 20 242 51 189 218 215 104 248 40
    15 231 249 11 239 161 127 189 252 206 5 89 252 251 228 139 92 227 98
    244 47 222 115 95 234 4 132 120 210 59 207 239 34 83 184 212 122 249
    44 253 53 92 166 77 183 241 235 153 44 153 13 242 29 157 73 17 226
    115 189 74 71 41 250 63 246 109 163 254 189 191 89 253 127 218 127
    253 127 252 117 242 253 71 240 245 116 27 124 213 190 225 187 254 95
    253 251 215 108 215 190 251 122 233 245 220 93 90 15 212 87 246 79
    153 173 24 5 242 29 159 89 16 242 51 189 218 223 40 248 62 230 116
    42 187 57 38 45 237 80 254 49 60 63 236 212 243 154 7 248 113 66 185
    52 84 141 73 137 255 220 249 236 184 108 68 158 67 82 33 252 175 215
    88 23 84 231 86 68 137 37 215 12 98 23 131 13 160 240 39 148 88 78
    38 89 211 28 150 151 233 70 218 166 26 253 86 79 142 233 3 60 116
    211 61 230 76 141 167 120 154 106 250 110 208 3 226 63 247 37 81 117
    87 69 236 236 81 92 25 158 201 24 219 221 205 140 88 133 245 126 156
    195 83 252 49 57 92 85 16 252 253 254 127 237 250 253 255 253 189
    253 108 251 223 63 255 236 235 213 189 107 252 201 238 120 125 255
    63 51 255 75 127 63 245 229 125 219 246 255 253 55 119 95 235 63 255
    158 124 49 141 189 126 181 217 183 143 110 216 252 104 111 223 79 51
    182 5 239 247 104 0 252 165 83 41 220 170 137 192 53 237 139 139 104
    161 107 182 108 90 219 85 125 19 164 45 6 41 71 151 210 249 8 48 232
    127 42 37 52 42 231 55 144 119 227 24 216 40 124 147 85 43 12 47 200
    66 231 195 235 205 114 251 156 254 255 63 255 221 255 191 255 92 255
    191 255 191 255 251 213 57 107 252 127 238 127 111 223 178 63 123 91
    127 239 215 36 85 250 82 127 249 118 112 92 120 46 215 20 245 111
    153 172 26 5 240 29 156 77 16 242 59 189 89 87 34 250 12 46 247 221
    40 87 228 247 57 252 110 145 95 245 187 234 137 216 233 107 212 105
    238 187 95 43 132 214 109 197 61 223 247 82 117 168 84 242 241 124
    246 61 248 54 124 134 83 235 153 173 111 213 242 29 159 76 4 194 35
    221 75 70 33 254 62 164 109 138 58 221 17 101 53 254 94 149 29 62
    253 230 210 212 65 104 241 112 208 48 93 168 164 17 123 217 61 235
    229 36 87 186 214 122 129 124 242 223 92 46 84 150 228 111 155 172
    155 13 242 29 159 89 16 242 59 188 91 222 42 251 12 46 247 221 40
    119 224 247 49 252 70 149 95 245 187 234 137 216 233 107 212 109 238
    187 95 11 132 214 109 197 57 223 247 82 117 170 84 242 249 116 244
    61 248 54 124 134 67 235 153 173 111 213 242 29 157 76 4 198 35 205
    91 71 35 254 60 248 255 237 34 255 241 127 221 252 222 157 93 52 255
    238 159 220 250 43 244 81 254 177 253 229 204 214 109 247 95 239 173
    208 227 100 254 219 248 57 250 157 231 36 183 183 119 107 191 250
    239 223 182 93 251 92 126 207 239 233 243 219 110 222 187 148 100
    166 255 173 159 25 190 127 90 127 191 111 180 85 251 247 5 112 244
    39 155 125 78 254 241 63 218 27 123 111 87 36 93 186 82 120 233 118
    81 92 88 47 213 20 245 95 153 172 24 5 224 29 156 73 24 242 51 189
    88 87 32 250 71 6 101 160 220 182 35 89 164 126 2 2 201 25 177 5 224
    221 3 96 200 3 130 112 76 152 172 13 208 8 49 105 85 36 85 186 82
    120 1 84 112 84 24 14 209 4 192 77 153 172 24 5 240 29 156 73 16 242
    51 188 88 87 32 248 211 217 138 22 95 66 90 142 82 33 149 235 46 202
    38 27 125 179 60 151 3 143 231 15 162 215 251 111 211 59 198 102 157
    173 184 87 107 5 110 247 81 200 110 105 155 89 189 188 245 210 90
    149 237 226 112 227 251 61 164 27 181 57 148 202 66 0 147 147 200
    196 138 205 6 235 2 23 145 194 147 82 106 85 1 66 200 173 206 73 14
    136 178 47 146 136 51 78 71 167 85 187 16 252 109 86 96 64 0 10 65
    20 233 179 25 44 24 5 240 24 156 73 16 114 51 189 76 7 32 242 247 50
    119 67 221 182 131 248 254 61 210 123 239 91 210 85 242 215 127 97
    233 143 139 124 174 250 125 47 214 11 115 255 87 47 92 255 82 57 45
    246 217 84 26 159 201 40 88 149 136 53 24 0 240 190 143 73 80 244 51
    157 220 23 32 253 59 222 253 207 175 221 223 57 255 255 62 207 189
    125 125 253 253 247 96 179 244 119 211 127 249 255 245 126 127 211
    255 239 199 108 83 52 218 123 248 121 114 93 122 175 213 118 245 111
    185 172 152 13 240 29 156 89 48 242 115 189 218 223 40 250 59 223
    238 223 175 221 223 9 191 245 63 207 191 125 125 253 253 247 100 251
    246 127 211 119 121 255 245 126 127 243 223 255 215 108 83 60 219 91
    250 123 245 93 120 175 213 86 245 111 153 140 152 13 244 29 157 73
    49 242 115 189 242 223 40 250 92 35 179 177 16 227 168 231 196 170
    210 52 113 130 155 66 122 200 67 70 171 165 199 151 140 136 166 141
    66 132 48 202 103 6 101 186 29 62 65 84 184 64 145 14 66 165 3 110
    155 44 56 1 240 28 28 81 128 242 19 249 72 6 96 242 94 192 152 186
    11 107 122 207 21 234 109 156 16 134 175 250 139 26 145 64 140 241
    204 42 77 197 162 193 83 99 63 235 177 144 149 98 39 227 224 114 34
    207 117 105 118 151 103 104 223 234 126 5 142 29 116 56 152 163 169
    248 29 66 123 229 13 166 231 117 253 176 227 124 176 189 196 113 206
    121 131 5 42 237 171 107 245 47 202 255 38 42 4 182 124 5 33 207 223
    227 116 56 119 184 125 55 221 116 122 134 201 225 219 227 56 252 24
    5 245 188 158 76 54 246 183 159 202 87 37 255 163 204 202 170 43 90
    212 15 51 242 173 232 62 190 38 255 129 178 32 147 197 85 117 99 117
    199 192 19 107 249 143 99 183 148 82 226 243 88 232 248 114 159 108
    41 148 87 245 111 153 238 26 13 244 29 248 73 26 243 183 188 25 210
    106 203 128 130 2 1 200 208 130 129 40 19 34 70 192 81 65 161 77 200
    37 226 192 32 46 216 10 31 17 226 132 6 163 82 117 48 89 8 89 32 104
    130 113 20 24 30 192 4 242 17 153 205 20 5 208 77 136 73 19 209 2
    180 64 83 0 232 135 204 202 42 43 90 148 15 51 226 173 232 62 55 166
    251 129 50 32 145 197 85 115 99 117 195 192 91 107 45 141 99 181 148
    82 162 115 88 233 250 114 159 44 33 212 87 247 111 217 238 10 13 244
    21 249 73 26 243 183 188 24 82 106 203 191 242 117 167 255 173 159
    120 254 127 251 123 253 47 244 85 242 245 95 112 233 87 131 124 238
    252 249 63 254 91 127 191 213 101 94 191 82 113 169 118 117 95 92 15
    213 21 252 29 157 172 24 5 242 29 157 73 24 246 51 188 88 95 32 248
    131 140 138 91 43 90 208 135 57 176 46 205 50 246 111 170 201 145 33
    211 196 39 111 115 71 203 144 7 67 11 11 98 183 38 69 186 82 90 233
    244 210 124 56 46 213 86 245 107 153 172 24 5 240 29 157 73 16 242
    51 189 88 87 34 251 194 0 146 151 201 192 138 205 14 235 2 23 146
    194 131 118 106 87 1 66 200 173 206 72 14 154 178 43 146 11 51 78 71
    167 93 187 16 252 105 86 64 64 0 10 203 20 233 51 153 44 24 37 244
