<?xml version="1.0"?>
<opencv_storage>
<ImageFile>"193.jpg"</ImageFile>
<Features type_id="opencv-matrix">
  <rows>108</rows>
  <cols>64</cols>
  <dt>u</dt>
  <data>
    124 255 255 253 251 255 247 207 189 253 238 251 223 255 255 253 251
    191 251 110 247 127 218 127 247 255 127 247 127 215 254 239 135 235
    71 183 247 255 255 126 255 63 254 247 253 255 255 227 253 236 141
    253 247 125 155 223 127 254 255 175 251 255 191 222 40 7 236 152 34
    213 60 119 181 254 104 128 93 172 61 78 157 184 227 235 244 114 80
    179 217 47 166 208 105 212 253 224 207 24 71 172 223 120 240 104 124
    95 53 175 246 116 247 110 187 168 184 15 242 29 156 92 30 243 115
    253 123 211 104 250 15 141 238 221 55 253 221 119 61 253 255 201 223
    120 126 239 137 253 99 235 244 119 242 115 125 235 129 54 125 85 63
    235 215 48 87 170 210 122 249 116 242 61 120 47 213 22 245 107 153
    172 24 13 240 29 157 76 16 242 51 189 91 95 40 250 56 190 253 237
    254 189 255 125 253 255 218 125 253 125 249 197 242 253 219 106 244
    123 222 255 253 234 230 182 126 213 125 239 127 109 223 189 222 251
    249 117 253 93 219 30 213 167 217 91 188 189 156 13 242 189 159 93
    116 246 255 159 251 207 46 244 136 206 78 235 235 221 247 193 61 125
    110 203 157 61 253 236 195 221 157 104 204 80 190 120 127 221 25 50
    255 195 63 63 181 195 88 81 119 243 189 178 247 223 72 54 84 134 92
    145 141 29 86 36 223 199 143 173 208 204 40 44 215 95 50 189 16 1
    147 144 0 7 40 119 0 170 97 128 82 128 17 10 108 72 97 107 134 172
    196 147 9 11 167 200 64 132 48 74 211 22 96 168 17 108 96 96 112 104
    176 47 242 52 3 110 155 168 56 5 240 29 28 72 1 242 51 249 88 86 1
    251 186 189 255 223 63 79 219 191 223 253 221 253 63 126 191 254 251
    215 114 115 215 63 247 119 253 235 246 31 123 251 127 239 199 44 53
    254 222 123 251 125 82 221 253 110 213 22 245 111 157 174 27 13 240
    29 156 73 16 242 123 191 123 31 34 250 60 178 255 125 190 241 251
    252 220 187 210 185 237 82 155 80 250 207 235 90 253 127 207 223 173
    171 246 255 94 93 229 238 111 236 205 191 255 185 249 117 249 92 243
    46 247 165 155 127 186 254 141 227 242 189 220 81 70 178 223 219 250
    207 237 86 60 186 255 125 190 245 251 252 220 189 214 125 237 123
    155 212 250 221 235 122 245 127 207 255 173 251 246 191 126 223 247
    254 255 108 205 190 222 187 249 125 253 93 243 62 245 225 155 111
    186 191 141 203 240 157 156 93 100 246 255 223 251 143 172 254 6 34
    129 32 200 146 138 5 32 58 2 69 192 67 19 1 104 201 1 162 192 37 10
    219 78 218 188 199 128 8 33 70 87 32 87 186 120 48 233 100 96 84 24
    143 193 64 177 75 153 172 24 1 240 29 156 73 20 242 19 181 88 87 32
    250 253 178 245 117 255 227 251 124 252 63 210 125 237 73 146 85 250
    253 219 115 253 43 235 254 172 234 254 191 94 117 103 239 95 237 252
    191 255 185 249 119 221 76 219 143 227 49 251 127 188 182 88 3 224
    188 156 65 220 182 247 191 254 215 164 255 47 150 101 169 190 180
    143 17 58 126 2 67 140 45 57 85 224 245 1 160 224 68 26 120 68 156
    40 39 94 89 121 103 213 160 95 56 122 120 169 118 116 92 74 143 212
    148 212 73 152 172 24 5 244 29 157 73 16 242 51 188 218 87 32 240 35
    223 205 218 38 223 215 11 239 198 45 200 191 123 124 221 255 247 56
    47 150 119 83 103 113 215 181 61 63 186 92 33 150 108 195 158 202 88
    250 120 54 223 44 109 149 220 245 110 149 172 152 13 178 5 191 223
    57 246 122 189 89 221 46 251 248 206 159 223 234 221 251 177 63 253
    127 207 159 124 127 172 255 219 252 43 222 253 254 250 251 127 183
    122 237 211 255 255 231 243 99 112 215 203 250 234 243 125 229 119
    253 182 253 51 143 201 223 237 254 15 159 221 81 246 251 255 211 127
    11 254 80 1 155 158 32 195 24 39 18 186 4 129 16 160 25 2 108 130
    224 11 196 33 68 131 137 3 164 78 1 128 145 106 223 16 97 32 29 72
    226 96 240 28 33 39 179 52 129 111 153 168 40 71 244 29 28 73 23 243
    19 249 88 87 65 235 253 252 238 223 255 191 219 249 191 255 148 255
    191 127 246 109 242 245 254 187 253 127 219 255 123 126 246 54 252
    95 127 239 223 235 222 119 214 255 255 255 223 223 110 63 217 118
    253 123 189 252 24 13 244 189 157 95 62 246 247 191 255 223 42 255
    221 184 251 245 121 251 251 254 217 185 199 255 231 210 130 219 187
    141 251 79 175 189 238 155 167 251 250 247 93 101 231 239 223 147
    245 127 181 255 253 119 217 189 231 119 251 61 59 251 255 254 239
    247 245 255 124 230 246 191 247 235 191 63 245 223 36 35 81 2 145
    144 161 125 198 16 130 115 161 83 147 65 114 196 195 0 81 34 131 212
    0 40 4 1 150 136 1 136 76 44 70 182 84 16 1 84 237 84 18 150 64 224
    152 68 184 37 205 0 178 26 143 65 0 112 6 132 72 71 36 88 248 223
    254 223 102 191 252 179 61 253 125 219 159 249 118 206 253 223 125
    239 254 111 227 243 107 127 183 126 125 23 246 251 215 53 116 187
    211 125 248 245 114 94 57 47 221 52 247 111 153 172 24 5 240 29 157
    77 16 247 51 189 88 87 32 251 82 49 146 86 106 131 90 35 66 163 83
    50 182 194 18 82 116 131 96 215 207 175 67 199 144 90 246 254 2 188
    229 226 75 60 70 191 155 40 226 95 120 72 181 107 225 125 167 111
    155 174 24 67 242 24 88 209 1 115 83 179 56 50 225 106 167 238 238
    11 159 221 133 223 191 117 172 250 191 59 230 237 203 244 39 57 245
    86 251 109 119 247 25 51 191 91 91 79 149 228 222 218 242 249 253
    190 119 223 106 189 157 82 116 225 209 253 30 12 222 149 207 46 56
    244 226 60 219 221 46 223 82 49 144 22 106 131 90 33 66 35 83 2 180
    194 0 18 116 131 96 215 207 173 67 199 144 90 246 238 0 164 229 226
    75 60 70 190 155 40 226 77 120 72 181 107 225 125 167 111 153 174 24
    67 240 28 24 65 1 115 19 177 56 51 225 106 184 204 109 139 54 253
    117 253 253 247 127 156 253 60 127 238 219 244 71 105 60 210 246 180
    121 189 149 186 127 211 127 187 248 108 87 250 219 123 185 252 126
    223 125 63 212 182 100 36 155 173 151 13 250 29 151 92 56 242 41 252
    91 222 42 250 51 149 216 86 127 198 219 14 214 61 21 113 175 91 6 85
    254 215 34 179 199 47 227 103 238 219 246 127 82 57 213 107 215 44
    20 190 218 120 235 117 112 92 57 111 209 20 245 111 153 174 24 5 240
    29 156 73 16 242 51 189 120 87 32 250 114 49 146 87 234 131 90 35 66
    163 83 50 182 194 18 82 116 131 96 215 207 175 67 135 146 90 246 255
    2 188 229 226 75 61 70 191 155 8 242 95 120 72 181 107 225 125 167
    111 153 238 8 67 240 28 88 209 3 243 83 179 56 114 225 106 248 223
    255 223 254 223 215 255 255 245 127 223 191 254 255 252 247 215 125
    111 94 159 167 117 123 239 191 63 255 219 126 59 247 39 85 251 82
    119 253 244 210 95 88 62 221 30 217 183 157 173 30 5 248 63 157 203
    80 254 51 189 88 86 34 249 28 33 206 150 18 199 92 118 84 174 85 181
    19 230 179 66 107 80 97 99 211 45 195 199 24 107 182 15 64 140 53
    106 223 36 5 186 18 120 233 124 112 72 53 47 213 52 181 111 153 172
    24 5 240 28 28 65 16 242 51 185 88 87 32 234 187 254 125 139 255 189
    159 153 255 127 188 250 189 59 253 253 247 247 111 120 252 86 155
    124 245 245 253 63 255 219 127 251 197 108 215 190 218 121 169 124
    118 95 122 191 213 246 244 109 153 173 24 13 242 29 159 89 48 246 51
    188 218 223 40 251 253 254 119 109 255 241 251 253 249 249 234 255
    237 127 235 253 251 189 251 91 253 43 255 252 245 127 123 183 223 87
    239 254 255 239 125 255 247 179 253 117 255 92 251 190 247 247 219
    115 189 255 94 103 240 191 157 105 214 254 247 175 254 79 177 126
    250 254 255 239 255 255 251 253 255 253 254 255 255 126 251 253 251
    247 251 123 253 127 255 253 255 239 254 191 127 219 127 255 255 237
    255 255 255 255 253 127 255 93 255 62 221 167 217 119 191 189 159
    141 254 189 157 93 116 246 255 255 251 223 46 254 7 38 0 3 153 144
    130 72 0 186 2 52 128 7 137 1 66 0 129 0 193 32 202 72 4 144 0 3 18
    8 1 71 21 128 221 34 52 152 41 2 36 0 10 128 68 128 144 75 26 236 24
    1 180 0 92 65 6 2 150 128 136 131 96 102 195 142 130 39 205 226 130
    136 12 137 162 107 162 203 66 61 106 55 61 215 204 15 175 121 102
