<?xml version="1.0"?>
<opencv_storage>
<ImageFile>"194.jpg"</ImageFile>
<Features type_id="opencv-matrix">
  <rows>70</rows>
  <cols>64</cols>
  <dt>u</dt>
  <data>
    237 110 247 249 248 247 175 245 189 255 234 159 223 173 251 238 227
    253 251 106 253 193 254 184 95 109 190 182 201 215 123 223 105 3 85
    123 213 247 245 254 126 94 122 190 95 187 79 177 157 109 126 61 211
    255 141 77 220 236 105 188 222 198 42 180 251 220 239 237 255 189
    223 249 191 127 245 219 223 249 118 221 244 245 127 107 252 215 178
    121 127 234 191 126 255 81 127 239 247 109 156 251 210 119 177 247
    215 223 91 31 217 22 217 29 157 189 30 5 248 191 159 77 24 246 123
    159 223 223 42 249 237 110 239 241 254 119 251 254 252 255 240 187
    219 169 179 239 234 221 127 111 253 133 238 184 15 235 191 167 219
    13 51 255 243 37 84 251 82 125 229 246 218 78 56 30 211 30 193 241
    157 172 30 5 209 63 157 73 208 252 51 189 92 86 34 251 248 206 238
    223 235 95 223 183 61 253 94 159 159 188 127 206 255 213 125 111 220
    157 238 57 123 255 186 62 221 211 62 255 243 37 117 249 87 127 229
    124 210 95 120 62 223 150 201 245 157 173 94 133 248 31 159 77 80
    244 59 189 95 86 34 251 7 5 16 186 129 8 14 9 34 66 9 2 144 102 44
    21 205 50 0 64 74 160 16 34 68 148 179 73 146 42 25 1 18 22 87 170
    32 96 67 64 36 96 28 105 84 20 229 14 17 164 16 4 34 16 164 41 25 34
    49 53 12 70 33 32 210 50 19 183 220 32 170 216 66 59 112 51 97 67
    131 17 118 198 133 66 72 168 173 28 142 136 106 139 210 8 33 127 112
    167 28 187 117 116 5 212 195 66 18 30 72 7 200 212 8 53 84 0 96 186
    141 105 128 48 33 158 92 6 32 177 37 33 241 54 25 160 225 126 212
    184 192 117 97 75 129 65 106 68 131 2 193 42 203 111 12 138 162 7 82
    13 33 111 95 166 21 186 54 184 107 116 80 100 154 202 192 17 129 75
    57 172 24 1 240 24 156 65 16 178 183 187 8 23 161 254 13 2 193 34 25
    160 161 110 148 60 198 117 161 31 128 0 106 93 129 97 224 7 202 113
    12 152 16 7 86 1 33 79 23 164 53 186 53 248 105 28 89 68 26 7 65 1
    117 235 25 36 25 4 240 28 156 1 0 242 51 141 72 7 32 254 99 196 72
    154 223 206 31 9 47 103 57 142 189 46 124 127 235 215 32 97 142 39
    219 105 77 213 185 47 19 27 27 107 215 36 85 155 66 120 233 118 50
    90 44 43 213 28 245 47 153 172 16 5 240 29 156 75 16 242 51 189 88
    87 34 251 64 2 0 16 0 130 34 33 0 34 3 4 144 4 1 2 12 9 65 192 200
    37 66 195 16 16 148 196 0 132 33 64 79 16 65 168 17 8 0 72 40 0 16
    134 229 112 163 111 25 172 8 3 240 25 88 65 2 99 19 177 8 83 96 106
    3 2 0 130 205 130 7 10 166 1 0 67 171 75 36 21 64 119 4 16 192 38
    152 99 6 146 25 7 146 40 1 65 151 164 18 176 98 8 33 4 65 66 10 137
    193 80 244 79 16 164 24 0 100 0 156 1 16 50 54 157 0 87 36 89 68 3 0
    16 0 128 42 97 0 162 3 6 144 0 19 2 0 9 192 194 200 37 66 194 24 0
    132 132 0 132 1 66 79 16 65 168 17 8 0 72 32 32 20 130 101 112 131
    107 27 168 8 3 178 25 88 80 3 99 19 177 8 83 96 98 62 38 99 163 158
    164 171 201 196 239 113 112 225 74 145 84 226 212 7 98 195 34 143
    126 12 138 38 11 210 9 49 255 103 166 28 155 82 116 33 214 129 66 16
    10 194 4 209 23 153 44 16 5 112 28 141 73 144 242 51 156 92 23 32
    177 231 222 238 207 255 157 223 153 63 255 4 203 159 123 118 93 244
    247 188 191 220 87 218 120 119 246 123 119 255 123 255 55 215 241
    222 65 246 253 254 59 247 94 106 253 155 92 217 177 253 221 24 37
    221 231 157 255 90 220 246 47 214 221 26 255 124 189 255 244 34 223
    253 103 255 213 95 221 223 190 252 254 189 155 126 111 183 125 242
    247 249 127 246 254 109 243 254 235 135 125 99 191 223 95 250 125 93
    189 245 103 191 61 247 111 255 170 169 223 242 125 184 222 125 255
    115 251 251 253 219 254 250 249 255 215 246 247 219 255 223 255 245
    251 255 250 214 222 255 215 126 255 63 255 231 255 191 255 255 255
    127 255 246 190 207 239 174 255 222 125 255 255 90 255 227 255 187
    60 185 63 255 191 159 251 249 255 188 255 117 255 241 123 255 253
    253 255 225 132 183 5 200 199 163 245 150 253 4 79 195 189 147 44
    111 69 251 35 216 143 254 200 58 121 28 38 172 139 19 95 229 35 33
    113 20 137 111 46 113 20 34 182 45 56 57 225 57 72 235 185 149 122
    156 194 116 76 42 73 194 5 1 254 204 34 227 177 216 160 174 244 0
    171 225 50 193 130 147 66 226 77 3 102 11 129 238 24 14 136 170 171
    208 12 49 31 113 37 28 155 16 116 5 214 18 66 24 14 66 12 201 148 25
    44 80 37 65 26 148 73 128 240 33 156 76 22 32 177 3 2 128 130 205
    130 5 10 166 1 0 67 163 75 36 21 68 119 36 16 192 6 152 99 6 146 25
    7 146 40 1 65 151 164 18 176 98 8 33 0 65 66 10 137 193 80 244 79 16
    164 24 0 100 0 156 1 16 50 54 157 0 87 36 89 26 23 88 10 11 155 134
    3 35 66 11 0 60 118 105 85 228 146 1 240 197 48 145 99 212 128 224
    77 18 72 157 96 214 36 85 186 82 122 129 116 240 95 28 15 212 22 212
    79 153 172 24 5 242 29 157 73 16 242 51 188 88 87 32 248 82 19 147
    214 37 130 92 14 66 130 49 0 166 194 1 19 126 199 32 151 10 45 195
    67 140 147 227 109 18 40 128 40 22 54 148 158 40 108 66 65 32 74 177
    73 163 28 145 14 210 170 16 71 32 16 116 107 1 51 18 19 24 117 241
    98 163 205 138 219 39 154 220 11 47 195 45 202 190 250 100 31 205
    179 52 223 134 118 241 99 113 215 243 63 51 59 22 49 150 38 80 202
    66 73 250 114 114 251 44 105 151 28 245 47 209 170 16 5 120 5 253
    239 17 242 112 61 81 89 152 219 5 5 1 16 157 132 1 120 132 108 2 65
    1 73 128 5 98 116 5 34 194 42 136 98 76 170 2 2 144 8 33 93 114 38
    20 186 16 112 3 212 209 96 24 142 64 0 193 75 0 36 16 4 96 24 140 1
    16 50 35 191 72 22 33 185 255 254 255 223 255 191 159 249 255 127
    255 187 255 251 255 252 242 213 127 102 221 167 131 117 79 238 189
    63 219 92 127 123 243 36 84 186 82 122 225 244 242 94 24 31 213 150
    209 79 153 173 24 5 240 29 157 73 16 242 51 189 88 86 34 249 205 238
    76 41 248 186 166 80 57 127 40 202 206 51 228 233 129 233 189 233
    233 65 58 248 101 95 9 247 253 7 57 87 213 208 220 43 83 249 189 182
    214 158 122 63 209 87 246 81 153 237 28 36 205 125 139 12 30 221 179
    148 220 83 98 185 35 212 72 2 157 128 7 8 166 1 180 96 172 43 4 21
    108 166 5 208 193 34 185 100 4 181 97 43 178 24 193 97 156 44 22 190
    66 16 33 252 112 202 24 139 208 81 244 77 17 164 24 0 96 24 206 65
    56 178 51 156 24 215 36 89 42 197 8 186 143 140 76 9 7 66 25 4 185
    110 124 84 212 18 1 210 134 58 145 99 84 150 163 9 18 186 61 193 130
    174 87 154 67 74 211 66 32 251 148 105 84 20 229 15 145 164 16 4 46
    5 229 57 25 162 123 187 24 127 170 162 114 95 219 222 50 87 92 135
    103 202 57 146 31 230 191 222 255 214 32 47 14 253 212 35 221 215
    243 121 19 248 222 40 210 54 119 191 210 124 210 117 34 78 189 105
    183 20 213 110 211 172 56 71 178 25 189 95 145 115 115 127 93 116 41
    242 19 22 80 2 157 144 4 0 98 2 16 32 172 59 4 17 110 226 1 240 193
    98 137 100 132 144 101 73 50 8 193 96 20 44 149 158 74 16 1 68 36
    192 24 137 68 192 244 77 16 36 16 0 32 24 202 9 16 114 50 148 72 19
    36 120 203 206 206 133 238 157 158 209 60 127 41 202 158 125 118 45
    229 253 45 227 204 69 178 121 78 223 185 126 220 7 51 115 215 36 84
    186 82 120 232 240 86 94 56 47 209 22 245 93 153 172 24 5 240 29 156
    73 16 242 51 189 88 87 32 248 139 206 238 197 238 157 222 209 56 127
    45 75 158 121 118 45 228 253 61 227 220 101 178 120 110 223 185 122
    221 23 55 103 215 36 84 250 82 113 232 246 82 222 24 31 209 22 245
    93 153 173 24 5 240 29 159 73 16 242 51 189 88 87 34 249 84 51 81
    160 16 98 171 124 194 142 195 20 65 1 145 51 106 196 135 109 0 32
    228 154 140 136 174 141 18 8 49 25 112 4 188 187 16 118 1 213 128 64
    25 14 34 140 64 94 10 45 118 39 96 24 36 73 128 58 3 200 76 6 97 177
    6 3 130 149 137 128 8 4 0 235 3 7 130 193 3 3 4 40 160 147 202 44 66
    203 0 2 130 98 0 160 1 67 79 146 211 32 57 140 98 1 96 32 34 201 162
    16 163 123 16 202 56 99 149 72 120 176 7 3 151 179 0 113 193 106 141
    47 215 252 48 41 124 231 33 192 195 182 210 230 175 74 170 92 33 111
