<?xml version="1.0"?>
<opencv_storage>
<ImageFile>"195.jpg"</ImageFile>
<Features type_id="opencv-matrix">
  <rows>206</rows>
  <cols>64</cols>
  <dt>u</dt>
  <data>
    250 253 239 223 254 255 223 183 255 255 125 250 255 251 254 238 251
    245 123 255 191 223 247 255 255 127 191 191 111 223 254 175 215 109
    103 255 222 127 253 127 250 95 249 63 223 62 255 191 223 172 158 207
    241 125 157 223 88 255 115 255 255 213 122 255 235 220 238 235 119
    127 221 139 255 219 189 234 191 187 110 255 247 183 61 253 53 215
    113 125 119 247 249 63 127 123 254 243 138 236 222 223 251 127 253
    255 246 223 126 189 151 95 116 253 221 191 22 13 250 181 239 255 56
    244 245 60 223 217 190 155 255 254 255 239 255 253 223 201 255 127
    185 251 255 123 254 253 243 247 62 123 239 223 191 124 255 223 123
    127 255 123 255 63 247 237 94 223 242 245 253 247 247 222 106 125
    221 30 252 177 205 221 22 37 236 183 143 239 216 252 240 63 222 93
    50 189 61 173 255 220 42 127 245 119 253 252 94 213 93 125 191 238
    255 248 227 43 244 125 214 247 249 111 148 214 109 213 255 239 223
    96 65 180 223 90 249 124 124 29 255 39 245 183 247 111 191 172 137
    15 242 29 152 77 62 246 127 189 219 223 44 254 236 239 231 253 114
    127 241 255 253 253 238 255 255 255 255 238 235 253 255 111 127 207
    254 183 95 255 159 183 251 223 62 191 231 39 103 251 210 127 253 252
    254 127 248 191 223 127 127 230 157 172 254 157 211 63 157 76 80 252
    99 189 95 87 43 251 251 253 254 255 255 111 221 203 255 253 189 255
    191 254 254 253 255 247 63 127 127 159 191 125 247 223 251 123 223
    223 254 191 211 239 127 223 210 119 253 254 83 95 124 127 223 94 253
    181 205 173 86 149 248 191 141 107 144 244 113 63 93 93 50 186 255
    254 255 239 255 125 221 217 255 255 252 251 191 251 254 253 251 247
    61 111 127 223 191 124 239 255 123 59 255 91 254 191 241 231 254 223
    114 247 253 247 247 223 106 127 223 158 124 181 205 149 86 181 204
    183 135 239 208 252 224 30 223 93 50 189 56 159 124 252 255 191 251
    113 189 126 214 93 221 124 125 101 244 253 219 242 244 127 210 255
    253 126 230 254 124 215 253 239 223 120 87 188 214 122 248 125 252
    93 223 47 213 183 247 111 189 174 152 13 242 29 159 89 55 247 119
    191 250 223 42 250 236 43 247 245 112 103 225 254 156 253 194 247 67
    216 147 238 171 221 251 111 127 141 238 179 15 251 158 167 92 70 50
    159 127 39 117 251 84 253 253 116 249 116 179 54 235 45 91 242 157
    172 127 181 209 126 156 68 192 252 35 223 77 7 33 254 252 253 255
    255 50 127 253 247 253 253 253 189 127 254 191 238 251 221 251 111
    191 253 247 183 255 239 182 191 107 223 126 235 199 39 117 255 215
    125 251 125 122 127 253 127 255 183 119 238 159 172 191 223 240 29
    156 93 81 254 123 255 91 127 171 254 250 221 254 255 47 255 219 177
    63 255 95 223 159 124 124 254 189 219 124 251 254 127 211 123 249
    127 247 254 125 243 255 255 223 248 241 101 255 91 250 123 120 253
    255 127 247 55 247 127 191 203 153 207 252 13 252 221 119 247 247
    255 243 251 169 254 82 19 130 19 207 130 2 3 66 43 18 3 162 192 2 17
    116 139 41 214 201 39 67 215 130 90 254 238 128 132 160 2 79 47 66
    181 91 44 100 64 104 64 16 15 193 109 179 207 184 140 24 1 242 124
    24 195 7 115 23 181 24 115 16 106 247 61 243 247 253 230 217 222 222
    253 215 251 175 219 130 95 122 247 61 119 111 143 231 127 143 251
    251 47 210 27 226 63 231 39 116 255 82 125 237 246 209 92 56 190 201
    25 217 183 217 172 24 129 240 62 156 65 16 240 49 189 92 87 48 250
    42 205 236 222 39 221 93 63 191 198 31 140 157 252 125 238 157 246
    96 191 150 118 210 99 121 246 132 28 57 250 92 41 198 124 211 170
    194 75 218 121 178 223 125 47 149 182 245 110 151 168 155 13 186 29
    159 95 57 242 122 189 123 221 42 250 58 205 236 222 39 223 93 63 191
    214 31 140 29 188 125 238 157 244 112 187 150 118 208 103 121 246
    132 28 123 251 92 105 199 124 83 186 218 123 218 121 178 223 125 47
    149 182 245 110 151 170 155 13 186 29 159 93 57 243 123 253 123 223
    42 251 250 221 239 222 55 95 93 63 255 246 61 156 63 252 126 254 191
    214 122 255 22 255 245 55 125 231 167 29 123 251 94 233 247 60 247
    254 218 127 250 253 242 255 253 125 183 158 245 110 159 170 159 207
    250 29 183 94 177 247 123 255 123 220 170 251 63 255 238 223 255 191
    221 59 191 221 244 251 191 122 254 93 250 247 123 59 245 127 211 119
    119 255 243 63 127 91 119 239 223 108 223 182 246 121 249 125 121 95
    123 47 213 117 245 111 189 190 152 13 240 29 158 93 48 246 247 191
    251 223 172 219 247 189 243 247 255 102 217 254 222 253 213 251 175
    219 146 223 251 247 63 119 127 143 247 119 175 251 251 47 211 27 226
    191 231 39 52 255 82 125 237 252 81 92 56 190 201 25 217 183 217 172
    90 129 240 30 156 65 16 240 49 189 92 87 32 250 49 22 37 130 13 181
    161 60 148 124 86 5 41 25 25 4 110 244 193 40 240 34 204 252 8 40 4
    2 92 81 97 207 77 40 81 48 87 130 32 104 217 84 26 142 64 160 64 73
    184 8 93 8 244 28 143 65 37 98 39 156 194 135 36 255 254 254 255 255
    255 253 223 249 255 255 253 251 255 255 254 253 251 215 127 111 127
    223 175 124 239 255 127 59 255 95 254 191 243 239 124 223 214 247
    253 247 211 222 235 63 219 158 220 181 205 189 86 181 248 191 135
    111 208 252 121 31 223 93 50 191 255 190 210 119 253 176 250 209 120
    187 227 251 174 211 130 91 250 207 61 223 237 175 203 125 199 95 251
    191 214 39 227 182 223 165 92 63 83 189 237 119 120 92 107 191 251
    29 255 51 157 206 24 39 245 253 156 235 82 255 179 189 252 87 48 254
    223 250 239 101 255 240 251 248 152 187 240 251 239 83 195 217 233
    141 191 95 237 135 238 248 231 223 251 247 221 119 35 190 223 249
    221 127 127 189 237 119 121 92 123 191 223 57 255 49 189 222 24 35
    213 255 220 235 86 220 183 189 254 87 48 254 254 58 247 215 254 247
    139 249 206 247 211 126 255 250 179 124 251 215 123 119 255 143 207
    253 222 255 255 175 210 158 243 191 223 45 69 191 90 125 237 126 120
    92 48 63 221 60 249 183 157 172 24 5 240 63 156 75 80 254 49 189 92
    87 48 250 252 253 255 255 247 127 253 255 253 253 254 255 255 254
    251 238 251 213 127 111 63 159 239 62 127 255 191 187 255 223 126
    191 243 103 117 251 214 119 253 246 251 125 249 62 223 159 91 180
    205 173 126 181 217 191 149 77 208 252 105 255 95 94 35 190 68 34
    225 161 216 148 171 109 152 255 194 21 209 0 155 66 138 85 131 98
    200 37 202 89 13 216 188 39 82 13 49 79 87 164 93 187 84 248 233 118
    112 68 104 46 199 4 241 123 153 172 24 5 240 29 156 73 0 242 51 189
    72 87 32 246 236 175 239 217 90 127 227 247 189 252 206 191 223 254
    187 238 203 221 251 111 253 255 222 183 91 107 150 166 105 215 58
    207 255 3 71 187 87 254 253 124 252 125 248 54 93 183 119 227 189
    172 188 157 211 29 156 92 84 252 99 189 91 87 41 250 191 254 126 237
    254 189 251 209 125 255 194 255 239 127 255 93 242 255 255 187 253
    117 27 252 247 126 127 247 254 119 247 183 215 233 223 85 255 253
    253 55 125 92 106 191 213 85 255 51 189 221 24 39 253 229 156 249 86
    223 246 175 214 223 56 190 252 255 255 223 246 255 255 255 255 255
    125 251 255 254 255 254 251 213 127 111 63 223 231 63 127 255 191 63
    255 91 126 191 243 39 117 251 82 125 253 116 114 95 248 63 223 158
    253 183 221 173 94 181 249 191 158 207 208 252 113 191 93 93 49 250
    173 254 111 237 254 253 255 249 253 221 238 255 239 127 252 237 187
    253 255 59 245 125 27 252 231 127 25 183 254 95 119 255 223 225 223
    83 254 249 253 55 125 125 235 183 245 231 254 51 172 223 137 111 255
    229 138 125 118 223 246 175 243 255 253 158 68 1 128 48 0 130 42 100
    0 162 67 4 80 128 19 2 8 9 3 199 138 161 70 130 28 8 166 204 64 132
    49 64 67 52 101 170 0 40 65 74 8 96 52 10 195 60 3 46 25 40 24 5 112
    28 20 64 0 98 17 177 72 22 32 226 252 218 255 253 255 255 255 253
    189 255 126 219 159 254 255 255 251 221 125 111 254 223 238 121 111
    255 191 63 255 91 127 191 247 103 117 251 86 127 253 246 242 95 250
