<?xml version="1.0"?>
<opencv_storage>
<ImageFile>"196.jpg"</ImageFile>
<Features type_id="opencv-matrix">
  <rows>96</rows>
  <cols>64</cols>
  <dt>u</dt>
  <data>
    186 247 124 255 255 189 222 177 255 223 253 250 189 122 126 92 245
    179 102 247 255 119 211 246 209 127 247 255 235 254 255 162 223 124
    199 190 219 120 248 125 126 95 125 45 213 117 247 111 159 174 24 15
    242 29 221 93 24 247 115 189 123 251 232 251 61 190 255 237 254 253
    243 253 253 253 222 253 253 127 251 237 251 253 251 106 245 115 255
    253 255 111 108 183 127 223 127 255 255 109 95 190 247 243 253 124
    255 93 90 62 213 231 251 99 189 252 158 13 242 157 157 93 54 246 255
    189 219 223 46 254 30 51 251 245 54 181 252 97 194 163 243 242 213
    64 145 82 190 203 98 235 143 60 67 215 141 27 247 255 66 172 245 170
    71 60 100 190 218 120 242 85 120 72 177 109 243 36 147 111 155 174
    24 67 112 29 60 89 1 243 83 251 121 51 225 250 191 247 237 254 63 63
    95 123 245 255 245 251 255 123 182 95 242 245 103 243 245 119 209
    119 93 255 181 63 123 93 119 235 215 44 86 186 218 120 249 124 122
    95 56 47 213 20 245 111 153 172 24 5 240 29 156 73 16 242 51 189 90
    87 34 251 186 179 243 247 255 228 219 137 222 253 247 115 175 90 178
    85 255 215 37 115 196 47 167 126 174 223 243 43 214 59 243 255 215
    36 93 190 114 120 233 117 113 92 58 111 209 20 245 111 153 172 24 5
    240 29 156 73 16 242 51 191 88 87 32 250 124 50 243 117 252 242 250
    252 216 187 210 117 231 66 145 113 242 205 219 210 239 41 47 159 134
    74 238 255 78 229 229 254 111 155 142 191 253 181 245 247 201 76 211
    206 227 105 139 91 190 254 92 243 228 252 92 113 198 191 215 131 190
    50 241 52 187 223 126 255 191 189 221 153 255 255 57 202 191 107 116
    223 247 247 36 251 254 254 179 126 241 247 243 122 127 115 255 187
    210 124 222 255 219 125 250 243 118 94 255 253 247 22 245 63 153 143
    16 7 234 157 157 125 25 247 115 191 255 223 168 186 187 149 222 246
    255 242 219 26 118 125 183 99 175 91 34 117 255 247 36 115 198 47
    227 127 166 223 243 127 222 123 247 111 215 36 93 190 114 120 251
    245 113 92 58 111 209 20 245 111 153 172 24 5 240 29 156 73 16 242
    51 191 88 87 32 250 124 58 243 245 252 178 251 122 216 187 242 113
    231 194 145 113 242 205 255 91 229 45 79 223 175 202 234 255 94 109
    229 254 111 139 252 191 253 189 253 247 201 76 243 78 235 175 155
    123 254 255 56 243 230 244 124 113 198 191 215 203 255 62 241 52 183
    253 95 223 55 29 221 139 255 215 61 254 191 127 252 252 246 214 4
    187 71 126 129 118 253 134 227 91 127 123 222 57 182 108 84 254 250
    123 219 245 210 223 185 124 144 22 209 111 153 175 26 5 248 29 157
    77 24 242 122 191 89 94 34 249 60 238 255 233 24 253 225 253 253 253
    206 253 221 63 255 236 219 221 251 107 245 85 222 245 253 125 28 183
    109 223 127 255 205 67 103 190 181 251 253 60 253 61 254 182 125 183
    127 227 191 172 239 253 243 29 156 92 110 236 79 237 219 207 111 222
    47 246 109 170 159 189 7 89 245 94 216 121 237 47 180 85 242 244 67
    240 241 82 153 116 92 188 45 25 122 92 121 233 213 108 222 186 218
    120 49 125 126 207 30 143 84 81 244 77 152 60 24 12 226 29 143 77 56
    182 51 188 218 223 46 249 39 228 72 138 2 220 6 1 107 68 47 172 28
    54 253 244 201 50 0 176 131 112 17 96 241 85 9 9 35 190 155 65 128
    76 67 138 138 66 139 26 38 153 12 161 20 222 244 44 147 108 129 12
    62 1 98 27 56 67 8 52 24 217 110 200 4 205 92 138 34 93 148 167 59
    214 47 204 28 54 253 236 141 242 224 41 21 112 116 226 121 117 21
    112 45 218 159 113 132 80 67 192 144 74 234 56 118 29 108 37 180 150
    116 108 147 168 175 15 190 9 145 94 62 67 106 109 83 217 106 234 39
    228 72 138 138 220 4 1 99 64 47 36 60 54 237 244 193 34 0 176 131
    112 17 64 208 148 1 9 35 186 155 65 128 196 67 138 10 82 139 26 38
    145 12 161 20 222 244 44 147 108 129 12 62 1 98 59 56 99 8 52 24 217
    110 72 92 33 247 180 16 103 249 127 208 252 198 55 81 230 147 66 234
    221 227 99 245 45 194 211 28 234 182 143 64 140 51 235 223 36 85 186
    23 120 233 124 120 92 177 46 245 53 231 111 153 172 24 5 240 29 156
    73 16 242 51 185 88 87 33 250 76 77 174 152 2 79 36 103 33 196 15
    128 82 180 255 206 137 24 97 108 22 213 80 163 91 93 149 140 97 134
    30 129 194 22 99 170 0 108 201 104 52 189 60 39 61 156 119 238 213
    160 169 156 179 93 16 28 25 226 75 181 89 65 73 226 28 33 255 180 16
    103 249 127 208 252 198 181 81 226 147 66 234 221 227 99 245 45 194
    211 29 170 182 135 64 204 51 235 223 36 85 186 23 120 233 124 120 92
    177 46 245 53 243 111 153 172 24 5 240 29 156 73 16 242 51 185 88 87
    33 250 108 111 111 168 18 127 33 247 181 220 238 23 89 180 251 230
    203 92 195 108 117 208 20 178 93 109 156 128 233 214 62 153 248 0 87
    234 85 114 205 124 254 21 28 54 84 167 102 236 159 45 143 12 211 31
    141 28 20 224 43 188 75 78 106 240 253 55 255 245 62 119 253 254 244
    255 210 241 111 201 147 215 251 252 251 107 253 235 230 190 173 235
    246 251 95 85 247 255 127 109 188 255 254 189 241 125 125 76 251 190
    235 161 219 127 186 191 94 195 240 190 156 69 244 182 127 223 255
    151 37 182 127 253 250 126 122 190 126 3 115 246 109 250 222 243 180
    90 246 171 188 239 167 125 81 127 247 74 239 255 107 253 252 230 151
    223 38 183 235 220 247 255 110 255 253 225 251 93 247 111 253 230 40
    223 101 117 59 207 95 255 243 215 251 113 251 239 124 127 255 253
    126 127 253 243 253 254 254 159 95 252 251 238 243 221 123 106 253
    253 148 191 223 239 167 223 253 215 127 251 243 38 87 255 214 126
    241 244 254 95 249 62 212 167 195 111 157 173 28 5 242 29 157 73 16
    246 123 189 91 86 34 248 58 150 125 139 238 149 135 181 254 127 22
    14 189 63 59 85 252 246 65 176 216 82 31 252 216 48 252 122 250 217
    251 98 213 44 71 62 90 114 169 114 244 93 72 14 213 244 208 77 153
    172 24 5 246 29 157 89 16 242 51 188 88 87 40 250 44 140 239 233 42
    253 241 247 189 253 222 221 223 188 255 238 137 221 251 107 244 95
    254 251 127 111 20 182 125 215 63 239 255 211 115 96 247 255 253 56
    251 61 255 54 253 183 127 227 191 216 191 189 215 93 156 92 127 206
    255 237 211 95 15 254 255 252 127 255 255 253 255 249 255 125 255
    251 255 126 254 253 251 247 127 107 125 254 183 124 191 255 255 187
    255 123 255 191 242 237 190 255 246 119 249 247 223 223 255 127 223
    135 252 53 141 181 215 141 234 191 143 109 248 244 121 223 223 159
    62 189 253 252 255 117 248 241 250 248 249 187 194 255 230 198 235
    249 251 239 255 75 253 47 111 221 167 127 127 255 207 71 247 246 127
    203 237 119 255 191 253 119 249 76 235 126 255 109 155 179 237 223
    126 247 253 247 156 237 214 221 255 239 255 63 241 182 189 190 247
    237 252 245 243 248 252 253 214 127 239 127 219 237 251 253 251 106
    253 111 142 253 239 254 127 247 252 87 127 255 255 195 221 247 245
    187 253 63 253 93 219 182 237 161 251 243 174 253 173 251 252 191
    158 101 110 222 255 207 250 143 173 254 189 255 255 253 62 119 253
    255 189 253 252 255 95 255 255 237 251 221 251 107 245 111 246 123
    127 239 182 187 127 95 127 255 247 38 85 250 215 123 249 116 122 94
    58 62 213 151 247 111 153 172 30 5 240 29 156 73 16 242 115 189 90
    87 34 250 253 190 255 105 254 253 175 252 249 255 202 255 237 61 251
    225 219 237 251 107 253 113 95 252 229 125 127 247 253 87 255 247
    255 195 223 47 253 251 253 63 125 93 122 54 119 227 127 113 190 253
    44 111 247 253 220 125 126 220 215 167 255 219 109 118 253 48 119
    245 255 227 251 252 252 61 246 121 239 74 240 245 250 255 223 82 253
    171 174 62 166 235 227 255 223 125 245 255 123 175 158 255 247 247
    241 247 219 76 211 94 233 39 203 95 172 247 94 5 252 190 157 65 212
    190 247 159 254 22 181 189 253 50 247 165 253 227 171 252 212 189
    210 117 111 143 147 119 250 221 219 105 249 131 238 60 142 232 124
    207 222 77 99 239 125 161 125 191 118 182 45 247 221 68 91 30 203
    161 74 241 184 116 92 129 240 190 156 73 196 252 167 220 222 7 32
