<?xml version="1.0"?>
<opencv_storage>
<ImageFile>"197.jpg"</ImageFile>
<Features type_id="opencv-matrix">
  <rows>177</rows>
  <cols>64</cols>
  <dt>u</dt>
  <data>
    63 254 238 255 63 253 249 61 253 255 214 255 255 123 255 207 187 247
    99 251 245 127 211 255 249 127 243 183 127 223 255 239 223 108 215
    182 255 120 249 125 124 93 251 47 213 53 247 111 187 238 153 15 240
    29 156 93 62 243 247 191 251 223 44 254 56 133 236 220 34 149 125
    119 245 254 93 129 93 173 61 78 157 56 226 235 180 118 209 183 217
    43 166 208 105 212 252 225 207 24 103 172 222 104 240 120 126 127
    189 175 182 116 247 111 187 168 184 79 242 29 28 92 31 243 115 249
    123 243 107 234 186 157 255 222 127 207 219 15 191 253 21 221 63 122
    190 220 255 215 32 99 214 47 242 119 255 219 242 127 91 249 247 111
    199 36 87 190 210 120 251 116 112 93 57 175 213 20 245 111 153 172
    24 13 240 29 156 73 16 242 115 189 90 87 32 250 123 207 222 218 34
    95 213 7 47 212 45 200 30 255 124 222 157 179 56 175 54 125 209 115
    251 247 151 124 47 250 222 97 150 87 99 128 225 88 254 104 38 191
    253 229 189 156 117 238 215 171 173 223 183 69 243 222 123 223 114
    231 115 249 221 218 43 134 100 163 223 189 135 25 60 127 2 75 189 63
    96 69 226 245 5 240 192 6 155 121 68 156 41 47 94 89 57 103 215 164
    94 186 82 122 169 118 212 94 72 15 208 84 212 75 153 172 24 5 246 29
    157 73 16 242 51 188 216 87 32 248 243 214 100 143 239 157 31 25 175
    101 61 202 189 125 124 93 253 247 124 176 248 115 146 108 122 245
    253 126 191 251 223 47 199 237 219 31 202 65 184 107 55 223 108 175
    213 88 252 29 132 149 144 13 174 165 159 251 56 182 112 61 210 223
    60 250 120 158 238 249 255 255 179 245 61 253 94 221 159 252 59 238
    253 221 121 107 252 55 222 121 91 107 188 46 125 83 63 239 247 37 85
    185 87 123 237 116 240 93 122 46 213 22 243 111 157 172 24 5 240 29
    156 73 16 246 51 189 90 87 32 254 48 19 247 214 62 23 157 127 246
    252 21 81 15 121 147 84 254 215 33 99 196 37 194 119 204 138 180 15
    82 8 113 107 215 36 84 186 82 120 233 116 112 92 56 15 209 20 209 79
    153 172 24 5 240 29 156 73 16 242 51 157 88 87 32 250 221 222 254
    205 238 255 250 181 61 253 78 207 158 124 123 237 253 255 253 171
    252 125 254 249 235 127 59 246 253 87 255 247 247 99 95 113 119 251
    253 116 241 93 122 62 213 22 255 119 157 204 28 5 244 253 157 201 22
    246 51 189 218 95 32 254 251 221 254 215 119 255 223 191 255 221 85
    251 191 250 54 94 253 183 116 247 126 175 243 119 249 127 243 126
    123 251 246 171 223 44 85 254 219 121 248 125 120 93 185 47 213 53
    245 111 153 174 24 13 240 29 156 73 16 243 115 189 122 87 32 250 84
    58 210 51 220 178 42 246 66 171 192 58 226 195 131 91 106 195 57 198
    201 133 203 153 142 72 250 239 210 13 160 102 95 167 148 187 83 253
    37 86 176 64 8 14 75 13 75 145 220 108 24 180 101 252 156 203 210
    188 179 149 92 16 48 231 88 3 147 212 32 23 120 55 0 174 81 128 18
    192 19 10 44 202 97 111 6 173 196 147 8 11 166 204 64 128 48 104 83
    54 48 168 81 108 64 64 48 106 177 47 250 20 67 110 27 168 56 213 112
    28 156 72 129 242 51 221 88 86 1 243 2 2 0 34 141 144 130 4 34 58 2
    67 128 3 3 17 104 196 1 208 192 1 74 120 4 152 56 11 146 8 33 70 85
    164 85 186 82 112 41 102 96 84 8 15 65 4 208 73 153 172 24 4 244 29
    156 73 16 242 51 188 88 87 32 250 122 212 108 143 239 157 159 25 191
    111 57 202 157 108 62 85 253 247 112 50 220 119 210 104 124 247 191
    126 218 123 127 111 199 172 223 59 210 105 232 115 112 92 108 45 213
    20 245 63 157 140 24 5 230 157 156 91 24 182 115 189 218 223 40 250
    227 212 174 135 239 149 223 145 63 111 57 74 159 108 50 93 245 247
    60 162 220 119 154 104 122 215 191 62 154 123 127 127 215 229 223 57
    210 105 234 115 112 92 108 47 213 28 253 31 157 140 24 5 244 189 156
    235 24 246 50 189 208 95 56 250 61 186 255 125 190 245 249 252 220
    189 214 125 237 123 155 228 251 220 235 122 245 127 207 255 173 107
    246 183 124 223 119 254 255 108 205 190 222 187 249 125 253 93 251
    62 245 161 155 127 186 190 157 203 242 157 156 93 102 246 255 255
    251 159 44 254 60 186 255 253 190 241 251 252 220 191 210 253 237 83
    155 209 251 205 235 122 253 123 207 223 173 107 246 183 95 93 231
    254 255 106 223 191 255 187 249 117 253 92 243 190 247 161 155 127
    186 254 141 195 240 189 220 89 70 242 215 255 250 223 237 246 250
    186 247 245 255 245 251 249 220 63 210 127 255 248 219 220 254 255
    255 178 253 175 191 252 190 250 254 247 222 215 247 254 111 235 79
    117 255 183 253 127 221 92 195 222 201 225 155 211 173 255 220 227
    246 191 157 113 198 252 247 191 254 127 184 189 51 21 208 22 127 130
    159 10 246 56 149 99 172 75 32 21 118 247 32 147 193 39 211 103 196
    218 224 111 82 56 225 99 215 44 86 190 122 56 233 117 112 92 58 175
    209 80 245 111 153 174 24 5 240 29 156 65 16 242 51 189 88 87 32 250
    90 17 152 23 226 135 90 33 198 131 85 70 150 196 18 18 124 147 98
    215 94 47 195 215 152 122 246 108 64 180 246 40 207 60 69 190 218
    104 200 125 120 88 53 47 245 52 183 111 153 174 24 7 240 29 156 65
    17 243 51 185 120 87 32 250 254 186 247 117 255 183 251 248 220 63
    210 127 255 248 155 92 246 255 251 242 253 175 143 252 190 234 254
    255 222 245 247 254 111 239 78 127 255 183 253 127 217 76 195 222
    201 225 155 83 191 254 24 195 246 191 157 113 70 254 247 159 254 223
    178 245 61 186 255 253 190 245 249 252 220 189 214 253 253 123 219
    228 251 220 235 106 245 127 207 255 173 123 246 183 124 223 119 255
    255 108 205 190 222 187 249 125 253 93 251 62 213 163 219 111 186
    189 143 203 242 157 156 93 100 246 255 255 251 143 44 254 217 30 146
    117 201 226 226 212 56 185 106 79 134 197 67 177 111 239 157 71 236
    169 46 24 162 75 122 230 221 71 227 247 125 163 121 117 53 167 108
    226 217 68 90 214 107 75 11 241 236 89 126 117 245 238 140 225 215
    220 167 167 214 38 145 180 251 223 255 221 254 255 223 241 63 85 125
    218 223 253 246 253 255 215 125 103 126 237 178 115 238 255 247 127
    247 30 254 59 210 101 84 223 210 117 249 245 115 94 57 63 221 28 253
    63 141 173 16 5 248 31 158 73 16 246 49 189 92 87 34 187 55 48 243
    55 157 224 153 232 202 173 211 63 225 206 139 112 122 166 2 82 233
    174 135 204 142 184 246 171 194 171 227 190 111 172 77 190 62 55 233
    95 137 64 145 138 236 113 137 21 169 174 24 163 240 158 28 97 36 50
    151 185 188 7 32 116 20 33 147 178 16 66 164 207 64 192 68 49 3 130
    147 82 107 2 161 67 3 141 196 19 12 137 144 9 66 136 32 104 133 38
    53 186 17 88 1 84 32 64 48 98 77 20 65 238 89 44 121 145 112 26 180
    72 0 240 43 217 72 7 33 250 65 6 130 16 72 66 34 7 48 248 2 5 0 241
    35 3 108 171 33 194 192 133 94 147 66 72 184 78 64 0 33 103 223 36
    85 184 83 120 101 100 112 84 56 142 213 84 195 111 153 172 24 5 240
    29 156 73 16 242 51 189 88 86 32 250 80 18 146 19 200 194 162 5 34
    185 2 5 134 243 3 18 108 139 161 194 204 37 78 219 194 74 248 238 64
    0 163 102 223 33 69 52 81 56 237 100 112 92 56 174 213 116 179 111
    153 236 24 1 244 29 156 73 18 242 51 181 88 87 32 250 62 49 145 183
    252 164 251 116 214 175 83 119 229 74 147 80 118 207 194 66 239 47
    195 95 140 138 246 255 82 165 245 238 71 60 13 190 183 56 232 85 120
    76 147 202 225 33 155 95 185 174 24 3 240 28 156 65 0 179 51 187 120
    23 33 254 41 198 101 170 159 253 167 89 253 124 170 249 189 63 253
    197 235 244 199 96 240 98 153 124 85 253 29 35 255 90 57 223 197 100
    87 186 82 112 173 124 119 94 58 175 84 214 116 65 153 173 24 12 242
    29 143 73 16 240 35 188 90 87 40 250 122 249 239 125 54 255 221 63
    221 190 223 253 127 244 125 250 157 221 122 251 183 127 199 255 173
    127 246 182 127 119 254 234 223 248 173 101 255 127 250 113 120 253
    255 109 215 181 183 111 255 250 159 199 250 61 252 92 87 247 255 255
    251 187 206 246 107 191 239 250 118 191 119 95 245 246 196 186 255
    249 182 79 226 253 59 111 252 85 210 119 79 234 184 159 122 16 56
