<?xml version="1.0"?>
<opencv_storage>
<ImageFile>"198.jpg"</ImageFile>
<Features type_id="opencv-matrix">
  <rows>102</rows>
  <cols>64</cols>
  <dt>u</dt>
  <data>
    63 254 239 207 63 253 217 185 253 253 254 255 255 126 253 237 187
    245 127 187 245 119 223 255 121 127 181 55 127 223 127 255 255 108
    199 190 222 123 249 127 251 95 107 47 213 247 245 107 189 191 153 13
    240 29 157 93 48 246 247 189 251 223 46 255 44 197 237 152 34 149
    125 119 181 238 105 128 93 172 189 78 155 248 99 107 182 118 208 179
    89 47 167 152 73 212 125 233 199 4 71 170 211 120 241 120 122 78 52
    175 214 116 247 111 155 172 24 13 242 29 156 93 24 242 115 189 91
    214 42 242 43 214 108 169 254 189 175 81 189 127 106 77 157 61 121
    229 242 253 67 96 244 114 154 120 93 188 173 54 126 87 121 255 245
    100 95 186 83 122 169 118 254 92 90 14 212 150 246 75 153 173 24 5
    242 29 157 73 16 242 51 188 218 87 34 248 245 253 211 95 216 74 208
    130 123 33 15 255 182 247 238 248 255 131 180 39 199 141 3 199 227
    87 241 127 163 43 202 102 151 167 69 246 16 218 251 118 243 93 40 99
    189 94 253 239 209 238 8 119 180 15 24 203 28 251 50 45 24 117 179
    203 251 253 210 127 254 106 254 129 123 185 123 251 190 230 238 250
    255 139 61 211 239 173 39 30 211 95 243 255 203 115 239 246 211 175
    109 119 255 223 250 119 235 94 249 123 255 31 255 127 237 230 88 71
    252 47 61 233 215 255 215 183 190 119 179 174 251 253 209 127 250 74
    126 141 91 57 127 251 182 230 238 250 255 131 60 211 207 173 107 30
    211 223 243 255 195 107 239 102 147 175 101 247 255 215 251 247 251
    220 237 107 253 31 191 127 237 230 74 71 228 15 29 233 86 251 247
    187 188 119 177 238 214 51 16 246 253 130 90 0 66 1 1 114 166 66 128
    17 118 131 60 215 199 45 3 71 162 82 243 111 150 44 192 32 22 151
    158 151 33 24 119 87 65 200 129 65 225 72 187 31 208 246 0 99 100
    224 90 227 83 59 82 135 56 49 245 75 47 214 108 169 254 189 175 81
    61 126 74 79 157 61 121 101 224 253 65 96 240 96 154 120 92 188 45
    183 94 83 57 255 247 224 95 56 115 122 169 118 246 94 90 14 212 150
    210 75 153 173 24 5 240 29 157 73 16 242 51 188 218 87 34 248 60 239
    255 220 34 253 245 115 253 212 215 220 223 252 252 206 251 220 99
    107 182 126 210 247 93 127 149 188 109 214 126 233 207 100 71 186
    210 120 249 124 124 29 189 167 245 180 247 111 155 172 137 13 242 29
    158 93 48 242 115 253 91 223 40 250 205 33 209 58 80 34 35 198 192
    36 224 48 96 131 131 82 106 40 3 68 41 129 109 20 14 137 140 137 195
    12 32 137 48 7 4 251 1 52 5 220 138 194 24 18 72 137 2 196 89 36 118
    20 65 30 6 1 144 232 9 152 76 6 50 241 212 50 147 117 248 162 234
    228 66 187 211 55 194 194 131 18 106 203 153 79 139 173 207 217 142
    26 250 207 2 45 161 94 119 151 60 59 61 191 71 71 193 96 129 94 235
    141 139 179 94 78 121 243 117 250 60 235 199 123 147 195 76 37 241
    103 222 58 219 245 254 186 250 232 92 185 215 127 247 214 210 80 122
    221 63 79 175 189 203 89 175 222 250 239 198 239 183 254 23 167 125
    95 127 255 253 87 201 245 227 124 235 141 255 179 207 223 169 243
    223 247 190 251 68 252 177 203 205 63 245 254 222 58 211 245 252 186
    106 224 72 161 211 62 194 214 219 82 56 205 63 207 175 173 139 217
    143 222 186 239 198 47 183 158 19 183 117 219 77 255 253 87 13 112
    209 126 237 141 239 179 206 199 1 243 215 254 190 235 64 253 145 211
    204 39 245 126 80 34 145 213 200 130 42 100 64 170 67 21 192 64 131
    2 2 69 136 2 206 41 202 203 140 138 162 135 2 40 33 78 119 135 85 59
    52 234 103 70 128 96 129 66 97 12 193 91 26 44 41 115 181 88 28 75
    69 106 19 193 72 6 113 244 143 221 88 125 235 248 254 65 57 123 237
    234 158 97 236 217 173 155 61 251 207 125 50 122 231 223 243 255 255
    39 191 115 151 210 157 75 243 253 250 115 114 254 248 121 247 29 247
    63 221 207 26 103 236 213 254 109 155 223 251 175 92 123 243 179 250
    49 249 246 255 103 91 41 214 101 213 118 191 202 182 86 122 215 86
    211 255 191 195 110 190 154 246 31 242 251 247 239 135 173 151 254
    238 121 251 95 88 201 199 73 193 29 165 47 223 166 155 207 250 176
    252 113 120 178 249 219 187 159 188 223 51 55 84 22 61 32 27 28 114
    16 149 115 44 123 2 17 126 230 1 242 193 34 193 118 196 154 240 91
    82 24 225 97 223 44 84 190 90 56 233 117 112 92 56 143 208 80 245 79
    153 172 24 5 240 28 156 73 16 242 51 157 88 87 32 250 12 2 4 160 236
    180 170 81 48 122 66 67 136 113 17 1 96 205 129 98 192 37 202 123 76
    24 180 198 88 5 49 102 87 32 85 184 83 120 169 116 112 84 26 14 193
    4 211 75 153 172 24 5 240 29 156 73 16 242 51 189 88 87 32 250 18 17
    144 22 32 130 26 39 66 0 21 0 164 64 3 18 124 131 64 210 194 37 67
    199 128 10 244 204 66 160 225 96 207 60 65 190 219 8 192 101 112 88
    49 143 241 112 179 111 153 174 24 3 240 28 28 65 16 243 51 185 56 87
    32 234 1 6 4 33 204 180 162 113 0 62 66 5 128 17 25 1 98 205 1 96
    192 36 138 249 72 8 172 142 80 4 49 94 119 36 85 186 83 122 33 68
    208 84 24 14 64 4 194 79 153 44 24 5 240 29 156 73 16 242 51 188 88
    87 32 248 18 17 152 22 38 130 218 35 194 128 21 70 172 64 1 18 124
    131 64 211 198 47 67 199 128 26 244 76 66 176 197 96 207 60 67 190
    219 8 232 113 112 92 49 171 213 116 181 111 153 174 24 3 240 29 28
    65 17 243 51 185 56 87 32 234 254 49 121 246 255 167 91 43 214 101
    213 118 191 202 176 84 250 215 86 115 187 63 129 111 190 186 246 31
    242 251 247 239 3 173 151 222 238 121 123 95 25 201 197 73 201 29
    173 47 199 182 147 143 234 178 188 113 104 54 249 219 187 159 188
    222 56 21 252 156 34 151 58 119 55 230 85 128 29 121 61 86 244 251
    65 226 244 117 209 243 216 42 228 220 96 148 253 225 223 36 71 190
    211 120 193 124 120 94 56 47 212 52 231 111 153 172 24 5 240 29 156
    73 24 242 51 189 88 87 40 251 251 221 254 255 254 191 95 51 63 255
    117 217 159 249 124 223 253 215 124 255 254 253 227 59 235 255 243
    126 123 113 253 255 211 55 84 255 219 123 242 247 210 222 249 127
    209 30 215 79 157 173 30 71 248 29 159 73 17 247 115 191 88 119 163
    251 248 255 255 255 255 191 255 251 253 255 253 251 255 249 252 255
    243 213 127 111 254 47 226 127 111 255 183 191 95 83 119 251 215 38
    84 191 83 121 249 245 250 94 187 63 213 55 245 111 153 173 24 5 240
    29 157 73 16 242 115 191 88 87 34 251 55 53 89 22 63 144 28 26 82 10
    149 112 44 67 4 81 116 214 0 208 193 36 193 119 140 130 224 79 82 56
    225 105 215 44 148 190 90 120 161 117 112 72 24 13 208 20 245 79 153
    172 24 5 240 29 156 73 16 242 51 189 88 87 32 250 215 25 147 244 117
    162 92 90 18 171 145 243 134 194 132 27 36 207 60 79 142 45 226 75
    142 218 243 127 82 41 228 111 83 183 188 59 34 236 242 247 64 234
    175 105 171 28 201 127 84 178 56 215 101 240 60 235 81 191 243 219
    61 117 149 191 249 219 255 255 119 191 253 250 255 255 125 219 191
    249 252 255 247 215 127 111 246 47 226 119 79 255 247 62 95 83 118
    251 215 38 84 191 215 124 249 245 250 94 187 63 217 54 245 111 153
    173 24 5 240 29 157 73 16 242 115 191 88 87 35 251 191 253 125 255
    255 189 255 249 255 127 253 251 255 123 244 125 243 245 127 123 255
    127 179 126 254 255 247 191 255 127 127 255 215 109 158 255 210 121
    249 255 127 223 255 127 209 23 253 31 141 189 30 13 234 189 159 93
    56 246 115 159 255 223 46 185 125 62 247 117 92 103 161 254 212 188
    202 53 101 223 155 247 251 236 203 106 245 139 125 159 142 41 102
    207 218 77 243 255 109 39 119 191 53 182 109 116 253 84 82 150 76
    227 11 239 168 60 126 209 242 62 156 65 166 184 207 158 222 6 37 244
    3 7 0 18 5 128 0 28 34 24 2 1 32 65 0 1 100 38 1 144 192 34 81 67 0
    0 224 4 16 0 1 64 95 44 82 176 90 8 1 224 64 84 26 143 192 80 161 79
    152 172 24 1 240 24 156 65 18 114 55 180 24 86 32 120 194 2 130 35
    201 130 138 132 74 171 2 106 162 2 3 16 12 3 58 145 201 135 111 76
    66 81 252 39 130 173 163 86 101 169 78 37 57 141 44 2 104 64 96 168
    147 120 154 49 121 206 24 35 213 225 120 227 214 121 148 52 164 113
