<?xml version="1.0"?>
<opencv_storage>
<ImageFile>"199.jpg"</ImageFile>
<Features type_id="opencv-matrix">
  <rows>175</rows>
  <cols>64</cols>
  <dt>u</dt>
  <data>
    58 157 246 223 239 207 211 9 191 213 7 207 191 126 126 253 255 247
    96 35 214 47 211 119 91 254 245 126 122 218 223 107 215 36 83 190
    210 90 250 124 240 93 60 47 213 22 245 111 153 172 152 13 242 29 156
    73 16 242 115 189 90 87 32 250 56 141 239 222 35 223 221 127 191 252
    30 213 63 252 63 238 255 245 98 35 212 127 210 119 93 235 182 62 123
    217 95 107 215 44 71 186 210 122 251 124 112 93 124 47 213 52 245
    111 153 172 24 13 240 29 156 73 24 242 115 189 91 87 40 250 123 141
    255 223 35 215 223 175 191 197 23 220 159 126 59 222 255 247 112 39
    214 127 214 99 121 227 182 62 123 217 95 107 199 36 87 186 210 120
    251 124 112 93 60 46 149 20 245 111 153 172 24 13 240 29 156 73 24
    242 115 189 91 87 40 250 62 173 239 223 63 221 213 127 253 252 222
    253 253 126 255 236 251 244 99 43 244 127 214 119 125 239 180 55 127
    219 127 239 199 108 71 186 214 122 249 124 112 93 124 175 213 182
    245 111 185 172 153 13 242 29 156 93 48 242 123 189 219 223 40 250
    45 141 239 223 63 221 209 127 189 252 94 221 157 126 251 236 251 245
    99 43 244 127 214 119 125 238 132 55 126 219 127 235 215 102 87 186
    214 122 249 124 112 125 124 46 213 54 245 111 153 172 152 13 242 29
    156 93 56 242 123 189 91 223 42 250 19 129 138 214 39 146 218 46 18
    145 21 193 186 114 2 18 108 215 32 179 196 37 195 99 8 130 160 46 18
    8 17 107 215 36 80 178 90 88 234 116 80 92 56 47 209 20 209 111 153
    172 24 5 240 25 156 73 16 242 51 189 88 87 32 251 234 237 239 255
    254 255 223 191 253 253 254 255 255 254 255 237 187 245 127 255 245
    127 247 247 127 255 157 183 255 219 126 255 199 109 87 250 222 123
    249 125 126 253 255 191 221 118 245 111 189 173 159 141 251 61 157
    93 120 246 123 191 251 223 46 250 108 143 231 217 200 127 163 255
    189 252 206 7 83 253 251 236 139 125 251 110 116 205 94 179 91 109
    28 132 237 198 58 223 255 67 99 176 21 242 253 44 253 53 90 182 77
    231 91 227 189 45 237 188 211 95 141 12 118 204 71 173 74 71 5 250
    254 221 238 223 55 95 221 163 63 247 125 250 191 254 126 254 253 147
    116 251 223 255 243 115 249 255 243 127 123 251 255 235 215 60 84
    254 218 123 250 253 114 223 253 111 213 22 245 111 157 174 26 15 248
    29 157 77 24 243 115 189 121 127 42 251 210 18 16 183 239 160 10 0
    38 43 17 67 142 73 48 21 116 247 5 246 202 47 179 120 130 218 255
    110 146 16 225 54 83 45 94 63 83 32 96 198 65 72 24 15 193 72 217 31
    136 132 16 1 96 28 156 73 16 242 51 149 92 87 32 184 189 254 127 101
    253 241 179 248 248 189 246 127 236 27 201 225 251 237 223 123 253
    67 47 252 165 125 125 183 252 87 227 255 253 233 221 247 127 187 253
    181 253 92 123 190 193 227 250 113 168 255 13 47 252 183 206 109 118
    158 183 142 250 159 100 30 191 252 108 111 255 61 223 152 255 127
    189 250 175 123 100 125 245 247 60 187 247 254 177 126 247 247 243
    123 255 123 223 127 154 252 158 215 234 89 250 255 119 223 111 253
    209 91 252 29 165 191 146 15 236 167 223 247 56 183 244 63 255 223
    190 153 250 217 238 247 127 167 223 186 214 191 213 251 255 200 22
    94 188 215 126 255 254 63 227 255 191 127 247 254 91 247 246 238 207
    63 166 125 223 61 250 125 120 239 247 111 251 121 191 127 255 234
    155 195 248 188 156 213 115 183 255 219 251 191 153 255 43 223 116
    170 31 125 165 91 167 92 170 101 61 125 236 253 251 244 5 112 116 66
    177 119 102 189 97 9 255 90 120 249 208 100 95 154 66 114 137 244
    247 87 26 15 84 151 244 204 136 53 84 12 234 29 135 73 184 240 35
    188 90 79 38 185 252 252 255 255 254 127 255 245 253 255 127 223 223
    254 255 254 251 213 127 111 125 159 167 60 127 255 191 59 223 95 126
    191 241 37 125 251 82 119 253 246 243 95 120 62 223 158 252 181 141
    173 94 5 248 31 157 77 208 244 57 189 93 94 34 187 250 221 255 223
    119 95 95 143 255 199 189 254 191 238 118 254 247 215 62 127 30 191
    247 55 255 207 247 127 83 251 254 41 242 61 52 255 202 127 218 245
    210 223 189 127 251 30 229 46 157 174 26 7 248 29 149 75 17 247 121
    191 125 94 162 251 191 254 93 111 255 58 223 152 123 127 189 251 174
    123 230 253 245 247 60 187 69 252 49 124 231 215 251 123 255 123 223
    119 146 237 220 215 250 121 251 247 87 223 107 125 209 94 252 93 197
    183 22 7 236 167 223 239 56 247 244 31 254 223 190 185 42 213 109
    158 55 159 29 11 231 70 61 128 61 44 52 87 149 244 66 241 146 114
    209 103 93 183 165 29 114 248 93 233 198 60 215 174 202 120 208 121
    52 219 61 173 244 84 245 110 147 174 152 15 98 29 222 29 56 243 115
    189 123 211 104 250 243 28 210 183 223 194 155 136 78 227 19 126 174
    202 35 93 126 151 49 215 205 135 195 101 134 218 248 111 210 26 227
    43 215 45 85 191 91 121 237 118 112 92 56 11 209 28 249 63 153 172
    24 5 240 29 156 65 16 242 51 189 24 87 32 250 250 221 238 223 255
    253 221 255 127 251 255 255 191 254 255 255 251 213 61 111 30 159
    175 61 111 223 187 59 223 91 62 63 242 103 125 219 82 119 255 247
    243 223 248 126 223 158 93 180 205 173 86 181 217 191 135 111 208
    252 105 127 93 92 50 191 251 252 127 239 255 127 223 217 255 125 253
    251 191 123 244 253 247 247 61 125 255 223 185 124 239 255 251 127
    255 123 255 255 241 229 156 223 194 119 253 247 215 223 111 127 217
    158 252 29 205 181 86 133 104 183 135 111 216 244 121 158 223 95 54
    189 57 156 174 8 46 221 212 55 127 254 92 141 92 60 63 238 221 186
    227 187 244 83 127 191 241 117 84 246 109 215 223 230 141 216 195 36
    255 200 248 104 120 29 102 37 21 245 55 107 187 234 175 79 182 13
    120 84 63 195 239 253 243 251 78 206 69 44 147 153 200 198 42 197 9
    234 40 140 80 161 139 170 194 73 129 102 201 129 110 137 94 73 170
    198 129 4 57 71 101 145 93 43 16 230 37 230 130 70 8 138 123 30 75
    145 25 76 120 53 1 93 21 202 148 232 3 176 76 70 115 225 253 237 255
    255 251 255 251 253 189 253 238 191 191 254 251 238 235 213 127 111
    127 191 238 60 127 255 191 63 223 75 62 191 243 39 117 251 82 119
    253 244 250 93 120 62 223 159 89 181 141 173 94 37 248 31 157 77 208
    252 41 189 93 94 34 187 204 236 255 249 250 223 250 207 57 243 239
    254 214 246 239 234 203 153 185 111 205 213 86 113 119 223 185 191
    237 207 63 250 215 4 69 250 83 123 233 124 122 93 56 55 245 23 247
    111 157 172 26 5 240 29 156 73 16 242 59 189 88 87 34 250 63 49 125
    183 191 165 217 120 214 111 215 117 237 74 176 85 242 244 71 115 240
    34 194 118 140 170 228 27 82 57 117 235 103 44 22 190 210 122 129
    213 216 72 19 14 192 5 193 79 153 172 24 5 240 28 156 65 16 178 51
    157 88 22 32 249 199 77 166 149 223 98 193 158 44 101 148 79 138 205
    98 173 105 125 61 247 106 143 174 33 38 255 56 42 209 23 50 55 240
    47 52 219 82 103 77 214 83 64 24 30 201 24 232 148 77 4 82 132 217
    254 132 67 152 180 33 60 92 20 18 185 61 189 255 221 58 247 251 117
    127 254 198 221 221 125 187 68 254 251 227 35 245 117 83 247 249 106
    228 246 104 221 253 235 223 96 87 180 222 120 249 124 120 93 126 47
    245 52 247 111 185 172 24 15 240 29 156 73 62 242 119 189 90 223 40
    250 161 142 215 119 40 230 241 238 184 189 70 217 2 251 131 140 107
    169 185 107 228 15 238 119 123 235 20 166 111 1 35 111 151 227 96 48
    53 153 253 60 249 60 186 166 233 49 91 235 185 172 127 189 245 14
    156 204 54 250 55 173 218 87 33 255 61 180 253 220 58 255 251 119
    117 254 196 213 93 125 189 70 250 249 195 99 245 113 211 243 217 106
    164 214 104 213 245 235 223 32 71 188 215 120 249 124 120 93 122 175
    245 53 247 111 185 172 24 13 240 29 156 89 62 242 55 189 218 215 40
    250 61 189 255 221 58 181 249 117 127 220 70 221 221 126 187 76 254
    251 227 35 245 117 83 247 249 106 228 246 108 221 245 235 223 96 71
    180 222 122 249 124 120 93 122 46 245 52 247 111 185 172 136 15 240
    29 156 73 54 242 119 189 90 223 40 250 227 22 214 39 221 160 131 152
