<?xml version="1.0"?>
<opencv_storage>
<ImageFile>"2.jpg"</ImageFile>
<Features type_id="opencv-matrix">
  <rows>214</rows>
  <cols>64</cols>
  <dt>u</dt>
  <data>
    35 150 16 2 205 128 130 8 102 88 2 69 172 91 32 21 102 183 0 144 192
    38 153 103 66 146 96 15 22 24 193 99 151 44 92 180 114 24 169 100 65
    84 8 139 192 80 245 79 152 172 24 5 244 1 156 73 16 114 50 189 88 87
    32 120 59 149 188 150 111 159 23 19 54 84 21 69 60 125 52 21 244 179
    64 180 244 119 81 119 208 98 228 92 122 208 213 225 207 44 67 180
    219 72 200 105 120 93 30 143 213 117 247 79 185 174 152 13 240 29
    216 89 58 243 55 189 122 211 44 218 45 174 229 168 30 127 161 127
    181 252 238 181 93 63 191 229 235 252 67 96 241 83 252 183 93 169
    172 131 121 220 59 235 245 36 87 186 83 114 169 124 254 93 56 47 84
    55 247 109 153 172 24 13 242 29 157 73 16 242 35 188 90 87 34 250 12
    33 8 48 0 160 42 36 128 2 193 4 64 0 1 2 4 40 67 212 177 34 65 215
    144 40 196 204 64 132 161 128 78 24 195 174 9 40 0 72 8 0 16 136 240
    113 163 78 58 170 136 3 112 29 88 81 6 179 19 177 40 211 104 74 248
    221 255 223 247 127 223 255 255 247 255 158 255 252 127 254 255 213
    127 111 94 215 231 55 111 239 189 62 255 95 126 59 242 37 84 251 82
    115 209 244 210 223 56 62 209 158 193 44 157 173 30 5 248 29 159 73
    16 246 57 189 89 22 34 249 252 249 255 223 247 255 219 255 255 245
    255 191 255 254 255 254 251 213 127 111 93 215 167 55 111 255 189 63
    255 95 126 187 242 37 20 251 82 119 209 244 210 223 121 62 217 142
    193 110 157 173 30 5 248 29 159 73 16 246 59 189 89 22 34 249 251
    189 255 222 127 127 219 255 255 253 222 255 255 254 254 252 242 245
    123 103 245 127 211 119 127 234 182 31 122 219 126 235 215 37 85 186
    210 122 249 124 208 93 124 47 221 22 245 111 157 172 24 5 240 29 157
    73 16 246 51 189 91 95 34 250 229 37 227 147 81 70 35 239 196 229
    161 54 115 235 147 102 235 85 35 103 11 167 231 55 94 203 180 45 210
    142 50 41 242 36 85 186 18 120 65 92 112 72 56 175 213 28 225 110
    153 172 24 5 240 28 148 73 16 242 49 189 88 86 32 250 247 52 211 151
    222 134 27 201 194 103 17 114 163 194 146 80 98 213 5 100 75 133 163
    101 14 154 188 47 210 8 48 59 115 36 20 186 66 112 1 214 80 72 24 10
    193 28 192 13 153 172 16 5 112 24 156 73 16 242 49 188 88 86 32 249
    47 230 109 169 190 253 175 113 125 94 250 93 89 61 125 229 137 124
    71 224 240 112 60 248 125 189 5 176 253 214 61 219 240 96 223 170
    222 114 169 188 247 94 90 174 84 150 246 88 11 189 86 13 218 29 143
    24 156 194 43 188 74 223 106 176 227 157 207 215 127 79 219 142 255
    253 28 223 191 254 54 127 235 215 49 39 196 175 227 119 79 203 180
    47 83 10 50 107 215 37 85 186 82 120 233 116 112 92 56 47 221 20 245
    111 153 172 24 5 240 29 156 73 16 242 51 189 88 87 32 250 227 141
    202 223 99 75 219 142 127 249 60 207 63 254 38 254 239 215 56 39 196
    175 231 103 107 223 179 47 83 75 18 107 215 39 85 243 82 120 239 116
    112 92 56 47 221 20 245 111 153 172 24 5 240 29 156 75 16 242 51 189
    88 85 32 250 61 54 101 170 191 125 37 125 245 124 222 53 125 63 187
    197 235 244 67 96 241 194 223 52 76 189 188 137 250 92 123 235 213
    36 85 186 82 114 169 116 124 92 26 47 84 133 228 77 153 172 28 5 240
    29 156 73 16 242 51 188 88 87 32 250 45 230 109 136 62 189 135 121
    117 94 250 84 73 61 253 229 131 116 69 104 240 80 152 240 125 180 9
    1 125 94 57 89 244 68 221 138 94 114 137 180 183 87 26 142 84 134 84
    72 10 61 20 12 154 21 143 28 16 194 42 172 66 223 110 176 194 15 130
    114 201 130 226 75 132 41 2 71 130 193 128 13 66 69 63 70 198 47 154
    95 6 218 14 7 210 0 32 78 71 47 68 187 16 52 71 134 201 96 144 202
    73 88 9 195 73 36 24 16 113 124 140 131 81 248 99 191 72 119 177 249
    39 6 64 35 221 130 131 76 36 127 2 119 160 11 131 21 98 245 1 96 192
    3 138 120 76 136 40 47 146 9 33 79 117 165 92 187 114 240 45 86 193
    68 8 142 65 0 88 81 152 44 24 4 240 28 140 73 16 112 35 156 72 87 32
    248 252 109 239 253 119 119 127 255 189 255 255 191 223 254 251 238
    235 221 123 111 127 191 230 51 95 239 191 61 91 94 62 187 242 39 117
    251 82 127 213 116 122 93 56 62 223 158 197 110 157 172 30 5 240 29
    157 73 16 246 59 189 89 86 34 250 194 15 130 112 201 134 226 75 132
    41 2 71 130 201 128 13 66 77 63 70 198 47 154 95 14 218 6 7 210 0 32
    78 71 39 68 187 16 52 71 132 201 96 144 202 73 72 137 195 73 36 24
    80 209 126 140 131 81 232 99 191 72 117 145 249 199 6 64 35 221 130
    131 204 36 127 2 119 160 11 130 5 98 213 13 96 192 3 170 120 76 200
    56 39 150 9 33 79 117 165 92 187 112 240 45 214 193 68 8 142 65 8 88
    209 152 44 24 4 241 28 140 73 16 240 35 188 72 87 48 248 76 7 68 240
    201 134 38 67 36 104 8 5 16 239 177 5 130 57 129 102 215 47 24 51 82
    138 2 5 144 128 41 193 115 3 86 171 1 98 23 140 6 34 28 194 68 85 67
    195 24 36 24 0 67 92 141 8 25 232 67 149 8 102 163 96 61 54 125 174
    55 125 61 127 245 92 222 53 125 63 185 101 251 212 67 96 241 66 193
    54 76 172 164 25 122 94 125 233 212 36 85 186 82 114 137 116 112 93
    24 46 212 132 228 108 153 172 24 5 240 29 156 73 16 242 51 188 88 87
    32 248 63 54 253 172 55 125 61 127 245 92 222 53 125 63 187 247 251
    212 67 96 113 194 209 54 93 172 180 25 122 94 127 233 213 36 85 186
    82 122 201 116 112 93 24 46 212 132 229 108 153 172 24 5 240 29 156
    73 16 242 59 188 88 87 32 250 59 22 109 166 55 117 61 127 245 94 222
    21 125 60 185 231 235 212 67 96 240 82 213 54 76 172 164 25 90 92 61
    233 212 36 85 186 82 114 137 116 112 93 24 46 212 132 228 108 153
    172 24 5 240 29 156 73 16 242 51 188 88 86 32 250 5 7 33 144 0 212
    33 79 132 198 128 4 65 13 145 7 136 92 3 99 0 34 192 51 76 136 132 0
    80 4 48 9 214 6 85 170 16 120 65 20 48 48 56 38 84 20 97 110 25 44
    24 5 240 29 156 8 16 226 51 189 72 87 32 250 179 245 124 158 19 14
    85 3 103 69 61 250 190 235 228 94 247 179 36 245 19 246 177 103 208
    119 241 121 35 186 220 33 130 44 6 222 138 88 147 252 50 219 61 225
    180 88 244 14 193 166 129 14 104 24 99 71 56 243 112 57 57 241 168
    202 50 220 152 143 171 220 150 5 47 65 31 206 156 60 110 188 253 147
    32 177 132 55 211 97 249 85 241 126 39 178 223 35 135 252 65 20 202
    73 234 106 97 29 45 41 149 20 245 47 145 202 137 13 180 1 152 235 49
    115 50 53 80 89 8 202 61 50 117 160 29 177 33 120 196 62 210 53 101
    11 145 65 242 236 195 96 241 34 192 244 140 168 224 137 90 12 97 201
    93 36 215 190 84 56 1 84 108 68 18 142 68 161 194 79 186 44 24 1 242
    28 156 81 4 178 23 156 72 199 36 114 178 221 24 139 199 200 6 1 111
    65 61 206 190 110 100 60 127 147 36 149 14 54 147 100 243 215 121 47
    179 186 202 32 150 44 67 150 75 73 238 74 33 217 44 105 149 28 252
    55 129 132 16 4 62 1 192 235 25 115 48 49 16 89 48 74 76 34 135 32
    72 50 162 119 80 184 98 5 64 177 27 32 68 136 195 192 240 1 92 147
    146 40 140 198 72 132 161 194 237 56 66 36 93 34 160 232 220 20 18
    134 208 99 131 79 185 236 8 3 240 29 25 73 6 243 23 180 74 82 96 105
    61 50 117 160 21 177 41 120 196 158 210 53 101 15 153 87 242 252 195
    96 241 34 193 246 140 168 224 137 90 76 113 201 93 4 213 190 84 120
    1 84 44 68 18 14 68 161 194 111 154 172 24 1 242 28 156 81 0 178 23
    156 72 199 32 114 141 130 70 97 253 177 227 248 56 189 194 127 192
    89 203 33 2 109 223 106 237 109 142 248 34 126 27 166 252 71 35 223
    127 195 217 33 117 179 125 36 253 52 218 22 69 161 91 211 46 93 61
    116 213 238 202 160 103 204 135 135 198 175 165 92 5 7 33 144 1 196
    33 78 132 198 129 4 65 77 145 6 136 92 3 98 194 34 192 51 76 138 132
    0 80 4 48 9 214 36 85 170 82 120 65 20 48 56 56 46 212 20 225 110 25
    172 24 5 240 29 156 8 16 226 51 189 72 86 32 250 255 255 255 255 255
    63 223 217 255 255 253 250 255 251 246 253 247 247 126 127 125 247
    183 118 255 255 255 123 255 123 254 187 242 108 214 255 218 121 249
    253 254 94 59 191 209 114 213 125 153 175 24 15 248 31 157 93 24 246
