<?xml version="1.0"?>
<opencv_storage>
<ImageFile>"200.jpg"</ImageFile>
<Features type_id="opencv-matrix">
  <rows>223</rows>
  <cols>64</cols>
  <dt>u</dt>
  <data>
    189 182 117 103 253 240 251 248 216 185 194 127 228 83 193 81 122
    239 159 82 237 41 15 220 164 254 123 255 222 111 227 255 127 241 221
    183 245 177 253 119 109 76 219 222 229 161 219 115 168 255 92 99 244
    230 220 225 70 159 215 135 190 47 181 22 56 197 108 156 34 221 29 55
    183 254 29 132 93 61 61 230 157 186 66 251 244 114 81 247 217 38 228
    220 105 212 253 225 207 56 67 164 219 122 232 120 126 95 61 175 244
    118 247 111 187 174 152 15 242 29 221 93 62 243 115 189 123 211 106
    250 249 206 239 221 250 223 247 245 253 253 94 223 223 253 255 236
    251 245 251 47 252 127 222 253 123 127 189 54 125 223 127 239 207
    103 87 251 214 121 253 124 117 93 126 191 221 180 253 231 189 172
    153 13 243 29 156 95 120 254 123 189 219 223 40 254 11 205 206 249
    47 253 216 7 61 251 6 205 158 120 109 237 141 249 33 251 196 117 210
    115 117 75 128 54 125 87 61 99 215 112 83 168 83 122 248 112 242 63
    120 47 213 22 247 111 153 172 24 5 240 29 157 77 19 243 51 189 89 91
    34 251 61 182 255 109 62 245 251 252 220 188 214 253 237 27 155 85
    250 239 235 107 245 119 207 223 173 43 244 255 126 93 247 238 239
    108 237 190 255 184 249 125 253 93 243 190 245 225 147 111 186 254
    141 75 240 189 156 85 102 242 215 207 251 223 108 254 43 205 238 253
    47 221 216 7 61 253 22 205 158 120 124 205 141 248 33 251 212 117
    210 115 121 11 128 54 125 213 61 99 215 112 83 160 211 123 248 120
    242 63 124 47 213 22 247 111 153 172 24 13 240 29 157 77 19 243 115
    189 91 95 42 251 254 185 239 255 119 255 217 239 255 247 215 254 191
    250 255 222 187 213 120 127 159 255 231 127 127 203 178 63 123 249
    62 235 151 167 119 251 246 127 251 119 242 255 253 125 159 30 245
    239 223 174 155 141 243 61 189 94 80 246 123 255 91 93 187 255 249
    253 125 222 50 205 85 123 239 101 189 184 255 191 252 254 251 244
    126 109 30 254 176 39 93 247 183 61 51 154 94 57 146 111 38 222 194
    121 215 222 54 219 253 119 159 62 108 166 199 165 247 188 42 155 167
    127 120 244 105 123 89 204 47 187 243 253 251 222 255 79 85 15 239
    69 61 248 63 254 254 252 255 247 60 61 22 223 184 39 255 215 125 127
    183 187 94 109 132 239 39 222 202 81 255 222 39 219 237 249 157 30
    253 172 197 165 215 140 62 35 167 255 120 116 104 121 249 221 62 222
    122 189 255 223 55 79 217 255 255 252 95 253 63 254 251 254 255 215
    120 107 214 63 231 119 253 255 246 63 123 251 127 239 215 39 117 254
    214 123 251 125 241 93 253 110 253 22 245 111 157 172 27 13 240 29
    156 77 16 242 123 191 91 31 35 250 251 253 255 247 255 255 223 153
    255 255 189 251 191 255 246 93 255 247 126 127 255 255 243 127 247
    255 255 127 255 123 254 191 199 239 254 255 210 125 255 255 123 223
    239 255 223 124 253 63 221 191 24 141 248 191 158 239 120 254 241
    191 255 221 184 190 250 221 254 223 127 223 95 175 127 253 125 187
    191 250 254 254 247 151 124 255 223 191 247 63 251 239 227 127 123
    251 254 127 243 47 116 255 215 127 243 253 242 223 253 127 217 30
    213 111 157 175 31 141 248 29 157 207 80 247 123 191 123 118 179 255
    122 217 238 223 127 255 223 59 191 255 213 254 191 254 126 95 255
    247 120 255 255 127 211 127 127 255 243 63 126 251 255 235 215 111
    215 191 210 125 251 119 112 221 253 111 213 28 245 111 159 172 152 5
    242 61 156 95 80 246 115 191 91 223 40 250 251 222 238 223 255 189
    223 177 191 255 20 219 191 127 118 77 240 247 126 187 253 127 219
    125 123 126 183 63 254 91 255 255 215 239 222 119 214 127 251 255
    215 95 106 191 209 114 221 115 189 253 24 13 244 189 157 93 58 246
    243 191 250 223 42 255 58 237 236 154 74 95 81 39 255 84 222 52 125
    124 125 252 253 178 67 240 245 119 17 247 251 96 228 220 233 222 220
    224 207 108 67 190 222 82 217 120 250 157 92 14 84 247 231 78 191
    172 137 13 242 29 217 89 62 242 123 189 90 219 106 217 0 1 139 212
    32 17 120 103 16 170 97 128 80 128 17 2 12 72 96 75 134 44 196 147 9
    11 166 200 64 132 49 106 215 22 37 170 19 104 226 112 112 104 177 47
    178 52 19 111 155 168 56 71 240 29 28 72 17 243 51 249 88 114 97 235
    0 2 69 166 248 150 171 68 224 62 2 23 129 115 147 0 106 213 1 96 192
    33 138 122 12 136 188 7 210 8 49 78 87 36 85 186 80 112 169 116 116
    68 24 14 193 4 241 79 153 172 24 5 240 29 156 73 16 242 51 157 88 87
    32 248 60 246 101 253 254 189 255 113 189 125 254 95 221 125 249 229
    177 252 207 106 244 120 152 250 125 254 167 179 252 215 125 255 243
    240 95 56 247 243 249 247 223 125 219 62 228 167 255 91 173 253 156
    13 250 157 159 77 30 246 251 159 219 79 39 188 4 1 152 220 32 17 120
    103 16 170 69 128 16 128 17 2 12 10 96 75 134 44 64 131 137 3 166
    202 64 132 177 98 223 20 101 170 19 40 226 112 112 124 177 47 178 52
    3 111 155 168 56 67 240 29 28 72 17 243 51 249 88 114 97 235 45 254
    109 252 63 189 253 120 189 124 222 253 221 125 252 229 162 252 207
    107 245 126 152 123 109 190 167 151 124 87 125 255 215 226 223 186
    247 250 249 189 223 255 219 111 244 135 247 107 173 181 28 13 250 29
    159 77 60 246 255 159 219 223 47 188 45 254 239 248 63 191 117 122
    181 254 196 241 255 189 188 79 194 253 227 107 245 126 216 127 125
    186 162 151 126 85 125 239 223 98 246 186 247 254 249 125 94 255 122
    175 222 177 119 235 185 188 56 12 242 29 159 76 60 246 119 159 219
    223 46 251 20 33 152 30 32 144 88 39 82 178 5 144 16 18 129 2 10 130
    128 139 133 33 67 131 153 3 160 78 0 136 129 98 207 20 101 162 31 24
    227 116 112 28 49 39 183 52 49 111 155 168 41 7 240 29 24 72 22 243
    51 249 88 115 96 234 251 156 143 215 127 183 219 191 158 255 21 203
    155 216 50 79 238 213 56 107 204 47 194 123 45 218 182 46 82 25 55
    111 215 36 84 187 82 121 232 119 112 92 57 47 211 20 209 111 153 172
    24 5 240 29 156 73 16 242 51 189 88 87 32 251 125 50 247 173 216 230
    35 244 200 188 194 53 69 179 155 242 123 207 219 104 185 129 110 157
    156 233 236 239 67 141 241 239 117 133 101 191 21 181 37 94 60 64
    113 134 111 169 11 177 159 108 111 179 245 124 20 193 196 254 139
    216 216 6 112 246 60 175 255 221 58 191 255 125 253 255 246 249 253
    123 191 206 251 253 235 107 245 119 210 255 249 123 183 183 109 221
    125 235 207 108 71 190 223 120 249 124 124 95 123 175 213 117 247
    111 187 172 152 15 242 29 157 93 52 242 115 189 251 223 40 250 125
    54 245 37 221 226 43 92 240 61 192 53 237 75 130 81 250 237 139 80
    233 43 91 253 134 233 104 175 90 77 225 239 93 173 221 191 116 176
    109 119 125 68 90 143 65 97 187 83 184 244 88 0 224 188 156 65 150
    190 183 159 218 71 36 119 60 175 255 216 50 221 241 127 253 254 70
    149 93 255 251 206 251 212 227 107 244 125 214 243 89 255 182 52 121
    218 63 235 215 38 87 186 214 122 249 124 244 93 120 47 213 180 245
    111 153 172 152 13 242 29 156 93 16 242 115 189 91 87 41 250 247 191
    255 215 255 179 219 250 254 255 149 255 239 219 130 95 234 213 63
    103 207 47 195 119 79 218 179 63 82 15 114 107 215 39 85 187 82 124
    251 117 112 92 56 47 217 28 245 111 153 172 24 5 240 29 156 73 16
    242 51 191 88 87 32 250 183 53 208 22 127 130 223 14 242 57 21 115
    174 75 2 85 124 247 32 179 197 47 195 103 198 219 242 111 82 56 193
    107 215 44 84 190 90 56 235 116 112 92 56 47 209 80 245 111 153 172
    24 5 240 29 156 73 16 242 51 189 88 87 32 250 57 182 253 207 254 189
    255 125 253 125 214 93 253 125 187 197 250 245 219 106 244 123 222
    253 253 232 44 182 126 81 125 239 255 109 93 60 222 243 249 127 221
    93 91 14 197 166 217 75 189 188 157 13 242 189 159 77 116 246 123
    159 218 15 46 252 168 236 109 155 54 253 117 253 253 247 127 156 125
    62 254 238 219 244 71 105 188 242 246 180 121 189 149 186 123 211
    127 187 249 108 215 250 219 123 249 252 254 223 124 63 212 183 100
    108 155 173 159 13 250 29 151 92 56 242 43 252 219 222 46 251 250 57
