<?xml version="1.0"?>
<opencv_storage>
<ImageFile>"201.jpg"</ImageFile>
<Features type_id="opencv-matrix">
  <rows>119</rows>
  <cols>64</cols>
  <dt>u</dt>
  <data>
    186 221 216 254 55 29 92 3 55 227 61 232 63 238 116 223 253 178 52
    251 135 126 241 103 245 215 227 123 115 251 220 97 130 188 182 246
    235 89 242 255 114 223 237 105 182 22 245 111 213 170 18 15 108 5
    255 93 25 243 123 255 121 249 170 251 248 206 255 249 234 255 243
    247 61 253 94 207 159 252 123 238 157 251 249 43 252 221 254 249 123
    127 29 246 237 211 127 255 183 211 99 97 247 223 252 58 249 61 235
    118 253 183 127 243 255 217 239 255 215 239 185 254 119 220 239 239
    211 253 223 222 243 55 211 87 255 134 223 10 198 21 21 123 175 219
    130 93 118 247 62 55 207 47 131 119 142 250 247 63 150 56 212 47 215
    47 20 191 210 121 251 93 81 72 185 79 201 8 253 15 153 166 24 5 240
    56 158 67 112 118 114 159 120 85 176 250 237 238 239 237 254 253 243
    249 189 253 238 219 223 121 255 237 139 253 255 107 252 69 254 248
    111 255 29 183 253 87 59 255 247 225 93 121 119 251 253 182 255 127
    122 63 221 151 255 241 189 253 28 45 217 255 159 77 86 220 183 173
    218 95 38 255 165 38 103 163 217 180 163 249 204 223 194 119 225 11
    217 101 226 213 7 98 193 2 143 116 78 152 45 39 214 14 51 91 117 36
    93 186 82 114 173 244 209 84 24 142 65 6 208 69 153 44 24 5 240 29
    141 73 16 240 51 188 88 87 32 249 195 217 138 215 231 194 218 136 30
    161 21 207 170 206 70 27 45 87 60 159 14 175 227 107 35 223 251 63
    214 43 6 63 151 247 61 91 66 77 254 55 81 232 233 123 171 28 253 179
    69 211 82 247 205 226 188 238 81 31 240 95 53 61 145 190 39 36 210
    54 25 130 168 78 80 186 128 53 32 74 131 83 106 4 129 18 193 47 203
    79 4 138 226 7 82 8 33 111 71 166 21 178 54 56 97 116 96 68 58 138
    192 17 129 111 153 172 24 5 240 28 156 65 18 178 55 185 24 87 32 250
    246 49 121 130 223 22 3 141 198 70 48 50 61 74 179 117 114 214 1 116
    75 179 141 36 14 128 104 9 210 152 113 57 96 38 150 223 66 112 5 214
    146 66 20 8 80 28 192 132 155 44 18 4 32 24 132 89 144 112 41 28 92
    22 34 177 3 196 72 138 3 220 23 1 39 70 21 200 152 63 116 20 137 86
    4 37 128 114 192 96 125 213 25 45 51 58 25 41 148 100 17 138 66 89
    139 58 48 219 40 41 149 28 244 44 17 172 18 4 56 1 182 42 24 114 58
    61 88 87 34 251 7 5 8 186 129 8 6 9 39 66 9 2 16 110 45 21 205 18 1
    64 74 176 144 34 68 212 179 73 146 42 57 1 18 6 21 170 35 96 67 64
    32 224 28 105 84 20 229 78 17 36 16 4 32 16 172 41 25 32 57 189 12
    71 32 162 114 23 80 158 255 142 31 9 70 66 25 50 189 78 45 84 246
    151 0 148 194 117 147 102 220 212 227 125 146 56 221 41 6 44 213 159
    234 72 234 65 36 73 133 73 213 28 245 15 150 174 24 15 34 1 220 251
    72 51 114 179 24 223 184 96 248 206 238 223 239 127 251 183 61 255
    86 159 159 248 127 206 254 213 125 111 92 221 230 57 123 251 186 62
    253 211 62 191 243 37 117 249 87 127 245 116 210 223 253 62 219 134
    201 253 157 173 30 133 250 31 159 77 208 246 59 253 95 31 34 255 17
    149 211 87 53 160 241 126 150 149 5 85 167 91 128 29 106 213 161 107
    198 47 194 119 46 154 6 47 118 9 80 111 151 38 49 154 82 88 123 117
    81 121 186 71 233 0 249 239 153 188 25 85 240 24 156 73 49 242 114
    143 88 23 165 251 218 217 154 246 39 115 88 175 23 203 117 216 31
    192 22 254 61 222 124 223 6 189 228 19 175 195 243 123 83 241 246
    232 226 62 180 239 255 109 242 241 242 235 245 121 187 28 177 110
    223 170 255 215 248 127 180 222 193 243 121 123 125 60 145 255 67
    205 138 254 35 90 94 11 63 226 45 138 50 220 108 159 141 179 52 223
    142 191 208 35 81 215 243 110 83 35 143 99 131 182 81 96 67 72 234
    98 50 191 44 105 183 28 245 111 209 138 18 5 252 29 245 203 17 243
    249 191 17 113 145 218 195 205 138 154 3 218 212 11 47 195 45 202
    178 236 108 159 205 51 52 215 134 55 208 99 113 215 211 46 19 59 14
    49 134 38 81 74 66 73 234 98 114 255 44 105 149 28 245 47 209 138 16
    5 248 13 253 203 17 242 48 61 17 113 152 202 19 17 0 118 159 160 95
    24 66 3 145 114 172 75 0 17 100 247 4 211 194 46 129 110 132 158 227
    75 18 40 225 57 90 46 156 158 74 40 82 215 64 226 155 73 192 1 133
    31 0 183 16 68 104 176 206 65 17 51 179 155 24 55 164 40 98 196 72
    154 223 206 31 9 47 99 57 142 185 174 124 127 235 215 48 101 142 167
    211 105 93 213 185 47 19 27 27 105 211 36 85 155 66 120 237 86 50
    216 44 41 213 28 245 47 145 172 16 5 224 29 148 75 16 242 49 189 88
    87 34 250 2 3 128 214 38 131 8 50 6 152 16 3 128 208 16 2 100 211 0
    163 192 44 192 99 8 18 162 76 16 0 144 97 87 50 16 176 83 72 66 64
    112 64 56 15 193 4 225 111 25 168 24 5 240 24 156 73 19 114 51 149
    88 87 32 250 147 17 8 22 207 128 30 0 2 3 21 66 160 66 0 17 52 35 4
    149 195 38 3 70 128 18 241 110 2 52 197 32 14 60 2 4 203 8 226 201
    64 200 53 201 209 80 183 79 145 202 24 3 116 8 88 195 19 51 54 177
    48 51 224 74 60 191 255 213 50 223 249 115 255 253 95 221 223 252
    252 254 181 255 250 43 182 127 210 247 249 126 230 254 108 255 222
    239 199 123 99 188 222 255 250 125 93 61 231 230 191 118 245 111 255
    186 169 223 242 93 186 95 127 223 114 239 251 253 207 254 31 2 65
    176 29 224 33 104 148 60 210 85 129 73 128 0 106 93 1 97 224 46 202
    123 12 154 18 7 82 3 49 79 87 166 61 186 119 248 105 22 113 224 184
    47 65 1 117 107 27 36 25 4 224 28 158 1 0 242 51 217 72 23 32 254 55
    53 81 214 181 132 89 75 198 71 19 114 167 75 144 85 118 215 4 103
    199 46 129 103 206 130 230 79 18 40 208 41 214 36 84 158 66 120 195
    212 208 88 24 203 208 20 225 79 145 172 16 5 112 25 156 73 16 114 51
    189 88 86 32 249 114 50 81 167 254 160 155 41 206 41 83 127 237 7
    147 80 118 199 67 80 201 1 131 92 142 216 252 239 194 184 227 174 21
    173 69 191 127 48 169 87 105 72 17 9 197 13 188 29 155 172 153 131
    240 20 28 121 64 242 19 248 120 87 48 252 205 206 206 249 251 251
    246 197 57 251 110 191 146 190 239 238 137 217 189 111 77 149 174 56
    111 77 25 39 221 79 62 23 241 35 85 235 83 247 237 180 242 191 120
    62 93 142 78 176 157 45 94 53 217 127 143 138 208 236 41 188 93 94
    50 249 27 0 72 176 29 224 97 120 20 126 214 85 129 77 128 68 106 220
    129 96 224 46 200 123 44 154 50 7 82 3 49 111 87 166 29 186 119 248
    105 118 113 196 155 15 69 1 245 107 27 36 25 4 224 28 158 73 0 242
    59 217 200 23 32 254 231 222 254 207 255 148 223 153 63 255 4 203
    143 123 103 93 252 247 188 191 204 95 154 120 103 214 123 127 255
    123 223 55 215 243 222 65 242 253 255 55 247 94 106 125 217 28 217
    145 221 221 24 37 253 231 157 239 91 220 246 47 214 221 26 191 38
    182 72 162 29 144 6 9 166 66 177 112 45 27 132 21 80 162 5 209 193
    98 177 100 20 144 233 75 18 184 193 96 141 44 134 174 75 24 33 252
    64 202 16 137 208 81 180 77 19 174 152 8 224 24 222 81 16 242 55 148
    24 211 40 89 42 197 8 186 7 141 92 9 7 66 27 132 185 110 124 84 213
    18 1 208 134 50 145 99 85 148 227 9 82 186 61 232 130 174 87 154 195
    74 203 82 32 219 84 105 84 20 229 15 147 164 144 12 42 5 229 57 25
    162 123 185 25 75 42 162 20 51 89 1 48 114 170 244 194 158 195 20 65
    1 145 35 74 204 131 108 0 160 100 152 140 128 174 201 4 14 49 24 112
    20 157 139 16 246 1 213 144 64 25 28 34 132 64 124 26 61 118 103 32
    24 52 72 132 106 9 204 76 22 97 177 141 246 124 40 252 188 38 80 57
    127 168 234 204 51 228 105 192 237 141 105 249 113 58 248 197 127 41
    247 125 7 249 103 215 208 220 43 113 248 189 247 246 158 122 165 241
    83 118 81 152 253 56 36 228 253 139 77 30 222 147 164 218 211 110
    249 184 186 247 165 222 229 173 248 206 173 250 123 239 73 211 124
    255 229 103 99 252 143 191 220 159 255 127 171 214 159 115 254 111
    111 239 159 220 189 109 127 125 68 243 191 207 113 61 181 170 188
    217 233 242 190 12 81 236 176 193 251 254 215 44 190 64 3 128 16 0
    128 42 101 0 162 3 4 144 4 17 2 12 9 64 194 200 37 66 195 24 16 148
    196 0 132 1 64 79 16 65 40 17 8 64 72 32 32 21 130 229 100 163 111
