<?xml version="1.0"?>
<opencv_storage>
<ImageFile>"202.jpg"</ImageFile>
<Features type_id="opencv-matrix">
  <rows>114</rows>
  <cols>64</cols>
  <dt>u</dt>
  <data>
    189 254 255 237 254 253 255 253 253 253 254 255 253 126 255 252 251
    253 251 122 245 115 223 252 255 111 244 251 255 223 255 255 255 108
    87 254 223 115 249 125 254 95 91 62 213 183 247 109 191 173 159 13
    250 29 159 93 52 246 127 189 251 223 46 253 125 253 255 253 58 191
    127 251 189 254 237 187 223 255 191 78 251 253 227 107 253 255 210
    123 93 255 183 191 121 223 127 235 215 36 85 186 211 120 249 124 126
    95 120 47 245 21 247 111 153 172 24 5 240 29 156 77 24 246 115 189
    90 87 34 251 125 255 255 253 58 55 255 251 253 254 253 155 223 253
    191 78 251 221 251 107 252 253 210 251 93 255 183 191 121 85 127 239
    215 36 85 186 215 120 249 124 126 95 121 47 245 53 247 111 153 172
    24 5 240 29 156 77 24 246 115 189 90 87 34 251 92 47 255 253 32 255
    248 247 121 254 102 145 95 241 187 234 255 217 235 107 247 125 86
    251 221 107 182 254 104 197 191 235 247 18 87 168 213 250 249 116
    252 125 249 39 247 183 243 111 153 172 40 87 242 29 157 77 23 243 83
    191 91 119 105 250 60 182 109 170 62 189 183 125 245 220 214 181 125
    63 189 197 250 244 67 96 241 115 223 247 125 168 36 141 127 221 121
    235 245 36 87 186 82 122 169 124 250 95 24 14 84 182 209 79 153 172
    24 13 240 29 157 73 16 242 59 188 90 87 42 251 51 214 125 138 223
    157 135 9 238 86 30 4 189 63 125 245 247 246 1 176 208 82 153 116
    220 148 109 73 190 26 217 121 144 108 87 158 74 82 9 94 38 85 8 12
    84 134 228 69 145 45 20 12 186 5 143 73 56 114 42 188 88 207 42 176
    40 141 238 252 35 253 241 127 189 248 222 253 61 124 191 238 139 156
    243 123 244 123 230 51 125 239 130 150 125 215 63 239 159 114 113
    240 247 251 248 61 123 189 255 102 247 183 119 106 191 170 255 205
    242 29 252 92 63 226 255 255 219 175 175 222 127 255 255 255 119 191
    255 123 255 255 245 251 255 123 180 95 246 255 127 255 245 119 211
    247 221 254 245 255 123 223 253 235 223 44 87 190 219 120 249 125
    122 95 57 47 213 53 247 111 153 172 24 13 240 29 156 73 16 242 51
    189 90 87 42 251 186 219 124 254 191 29 222 129 111 83 61 250 191
    123 116 252 245 211 36 243 71 238 161 118 221 223 243 123 215 190
    255 49 242 44 86 254 218 120 248 245 114 94 57 127 208 22 245 79 153
    175 16 5 248 29 159 73 16 243 49 189 88 86 34 249 255 59 243 119 252
    162 123 202 218 185 209 251 231 210 130 90 118 199 190 79 175 173 67
    223 143 218 246 255 66 45 229 238 87 175 36 191 254 189 247 247 216
    78 243 111 235 9 139 63 253 230 40 247 240 254 60 227 85 255 211 223
    248 55 177 255 105 4 172 154 2 79 53 55 53 244 92 133 24 188 63 230
    201 24 193 32 240 113 222 163 89 104 132 4 105 209 29 107 205 32 1
    176 23 74 193 120 112 157 92 38 84 52 101 107 155 40 155 13 240 29
    152 72 58 226 59 185 91 86 42 250 243 19 84 87 239 146 219 12 246 61
    53 65 46 123 2 17 126 163 6 179 198 43 55 118 194 171 230 126 210
    153 193 102 247 44 70 190 90 48 226 252 216 94 24 143 209 112 145 79
    185 172 24 1 240 29 156 73 16 242 51 189 120 87 32 249 88 0 143 188
    2 231 115 127 144 236 84 133 81 160 19 42 108 93 113 99 240 37 198
    147 25 170 132 134 64 193 49 239 223 32 49 56 23 104 232 120 120 29
    61 46 209 53 227 111 153 168 25 5 240 29 156 73 17 242 59 185 88 87
    32 251 252 253 239 253 62 127 255 255 61 255 252 223 95 244 255 238
    171 221 249 107 244 253 238 123 109 207 179 183 89 83 63 255 247 50
    117 249 247 255 249 245 122 127 251 127 247 23 247 107 159 172 26 69
    240 29 157 77 20 246 119 255 91 87 35 255 253 190 247 247 252 183
    251 248 254 255 194 127 239 91 155 93 250 231 251 110 253 111 31 255
    238 250 127 255 254 79 243 255 255 199 223 191 244 189 253 119 253
    92 203 214 249 233 219 211 188 253 28 251 245 253 156 203 118 254
    247 143 250 223 189 254 95 190 254 97 255 179 250 240 24 187 210 255
    206 83 139 89 216 203 251 219 253 117 75 217 165 122 122 247 92 119
    231 230 95 217 221 37 255 189 253 119 120 28 235 253 247 225 187 115
    190 222 8 227 245 245 216 245 70 159 215 231 250 251 253 78 250 57
    251 246 119 167 93 63 215 231 213 248 255 202 54 94 254 215 126 255
    191 191 243 63 191 234 246 127 83 249 244 238 135 191 166 255 206
    125 242 255 88 203 245 105 187 61 165 47 255 166 155 203 104 60 190
    215 121 183 243 219 187 188 191 255 111 62 246 125 217 230 102 69 44
    125 200 61 158 239 175 253 249 187 187 102 255 175 30 59 214 203 234
    239 217 29 233 231 199 163 71 191 113 244 245 126 108 28 88 207 93
    89 239 147 221 236 88 61 245 125 156 233 88 254 243 183 218 102 179
    244 254 249 254 255 118 255 95 167 223 247 253 250 255 254 246 222
    253 147 126 255 191 255 243 191 255 127 247 255 107 253 254 238 195
    191 38 255 223 125 246 255 122 255 245 127 191 61 191 63 255 238 159
    223 250 255 187 255 123 255 249 251 255 249 219 239 191 253 127 223
    63 95 221 138 255 253 191 251 191 123 252 255 247 247 52 251 199 46
    241 119 253 255 227 127 123 123 247 123 243 44 84 190 218 122 251
    253 210 94 185 111 209 22 245 111 153 173 24 5 248 29 157 73 16 242
    115 191 88 87 34 251 94 1 139 176 3 34 120 111 16 234 85 148 17 224
    131 66 10 25 33 67 130 61 194 19 12 138 178 133 66 160 48 235 215 38
    53 186 55 104 65 116 112 104 181 104 211 21 99 111 27 172 57 5 240
    28 188 72 16 242 59 249 89 23 33 250 250 158 117 133 239 221 139 249
    254 125 154 79 253 125 123 117 244 247 94 178 252 119 155 252 222
    124 252 126 188 223 223 191 239 109 71 61 218 115 237 254 221 93 74
    158 197 110 248 53 189 141 152 13 242 189 156 91 56 246 179 188 250
    223 42 252 28 33 177 180 0 231 120 103 208 236 194 21 81 160 147 66
    234 72 195 99 229 41 198 147 29 138 166 133 64 132 49 234 71 4 101
    186 21 120 193 124 120 84 177 38 226 21 131 110 153 172 57 5 240 28
    28 73 4 242 51 249 72 23 33 250 237 239 239 249 123 255 251 251 189
    255 238 255 223 255 255 237 235 253 251 107 245 47 222 251 111 255
    183 167 93 79 51 255 223 38 85 186 83 122 249 116 248 92 58 47 213
    55 247 111 153 172 24 5 240 29 157 73 16 242 51 189 88 87 32 250 47
    53 237 178 55 55 27 123 244 254 245 114 237 107 176 71 226 213 35
    243 229 39 193 119 76 138 165 15 82 28 49 233 215 44 84 186 90 120
    225 116 120 92 56 47 209 20 241 111 153 172 24 5 240 29 156 73 16
    242 51 189 88 87 32 250 207 186 231 97 255 176 227 248 184 187 210
    127 238 91 203 73 232 221 187 123 237 45 206 121 39 218 58 167 220
    71 35 255 127 227 221 123 119 255 253 55 221 116 234 94 201 133 219
    179 188 221 24 37 213 247 156 105 86 220 183 143 222 95 181 254 254
    105 235 253 50 87 127 239 205 239 249 186 211 166 191 222 187 213
    123 111 15 157 198 31 93 223 191 173 67 255 62 186 66 37 53 251 194
    125 229 118 50 235 245 121 191 156 77 190 223 172 50 215 75 63 180
    126 208 254 121 249 93 84 59 178 126 173 239 186 54 191 127 127 245
    214 245 186 253 186 191 78 219 221 115 255 117 119 211 247 93 255
    181 189 123 220 118 169 206 44 199 190 223 120 201 124 120 95 53 47
    213 53 247 110 159 172 153 13 242 29 156 93 48 242 115 189 123 223
    104 250 3 130 0 66 45 144 130 8 98 51 2 64 160 81 0 17 4 43 132 147
    196 102 89 207 128 18 65 246 44 35 129 70 159 216 202 4 249 136 234
    35 77 60 98 193 241 97 183 107 58 250 137 75 244 1 88 81 39 83 150
    135 162 243 237 78 14 32 73 32 55 50 24 10 128 130 213 176 81 2 132
    66 0 12 6 217 129 84 64 67 4 144 128 141 66 172 36 200 144 28 132
    138 74 56 1 23 136 138 53 9 146 21 2 111 19 174 1 7 96 25 118 16 16
    163 19 216 41 146 106 75 228 190 211 131 253 222 131 217 254 121 10
    127 163 159 235 237 107 245 189 36 200 135 158 124 6 221 57 39 158
    75 19 95 245 165 95 179 116 247 237 118 229 84 74 158 205 206 252
    241 172 189 28 53 213 255 140 235 80 124 182 44 222 85 52 252 13 22
    228 116 61 176 161 90 52 56 194 99 174 91 162 69 226 253 163 211 229
