<?xml version="1.0"?>
<opencv_storage>
<ImageFile>"203.jpg"</ImageFile>
<Features type_id="opencv-matrix">
  <rows>259</rows>
  <cols>64</cols>
  <dt>u</dt>
  <data>
    175 221 236 220 55 127 93 119 55 86 189 216 95 253 124 239 137 244
    118 253 117 114 241 51 125 103 133 57 121 92 92 41 210 108 150 250
    194 121 241 253 118 223 62 175 212 22 245 110 145 164 30 12 232 29
    159 13 56 246 123 189 91 222 46 251 238 205 239 249 210 127 111 207
    45 111 41 154 91 237 246 239 139 85 61 103 14 205 190 58 111 207 27
    39 211 11 58 25 240 39 28 219 66 117 117 182 50 234 56 127 95 30 109
    176 77 37 86 148 73 127 135 46 216 236 41 61 76 84 51 176 192 11 130
    209 200 98 162 246 0 185 2 7 130 193 3 35 74 73 169 70 78 141 174 27
    10 75 26 36 144 0 34 22 115 35 113 57 17 228 69 4 97 100 24 22 73 12
    75 208 8 8 120 48 209 126 140 138 129 104 33 149 68 6 1 240 47 141
    237 252 63 127 209 127 181 116 222 85 93 125 124 228 185 253 99 114
    244 127 208 115 95 254 132 22 120 210 127 235 199 56 87 186 214 122
    249 124 252 29 60 175 213 54 245 111 153 172 153 13 242 29 156 89 56
    242 115 189 90 215 44 250 243 18 85 215 253 162 155 120 210 63 81 83
    173 73 2 17 118 215 0 99 200 45 195 126 140 138 242 126 210 8 241
    111 87 37 84 191 82 120 224 245 208 76 25 14 193 4 193 79 153 172 24
    5 240 28 156 73 16 242 51 157 88 87 32 251 129 206 142 219 41 223
    196 151 57 253 44 201 18 249 111 143 139 113 168 43 212 109 254 123
    75 71 19 38 61 65 27 71 215 2 112 32 81 218 254 32 246 63 106 39 189
    22 85 235 153 232 60 21 213 13 157 142 19 234 50 173 80 117 3 251
    193 207 142 219 43 95 196 151 61 253 44 201 26 249 127 143 139 117
    185 43 212 125 254 123 67 103 147 54 125 65 27 71 247 66 82 32 83
    218 254 160 246 63 106 55 149 22 85 235 153 168 28 21 213 29 157 12
    17 230 51 189 80 85 3 251 186 211 125 138 182 93 21 185 239 68 63 26
    61 62 125 244 255 214 68 100 80 210 145 52 250 245 253 120 191 218
    222 185 144 108 83 222 202 82 137 92 54 223 29 63 84 150 244 12 135
    173 151 12 58 31 135 93 56 240 56 60 89 207 44 248 186 219 125 138
    246 93 149 185 255 84 127 154 61 62 125 252 255 214 108 108 80 210
    149 244 251 245 253 120 255 218 222 185 208 108 215 222 202 115 153
    117 54 223 61 63 212 182 244 44 151 189 151 13 186 29 135 93 56 246
    56 60 91 223 46 248 122 149 253 222 38 159 95 41 247 230 53 154 253
    104 60 86 246 247 98 99 222 119 211 119 221 247 247 127 66 248 245
    233 199 44 71 190 218 120 232 125 112 95 61 47 245 20 245 111 153
    174 24 15 240 29 156 89 16 242 115 189 121 215 40 250 255 255 255
    253 254 255 223 241 255 255 253 219 223 249 254 255 255 245 127 111
    255 253 246 127 239 255 191 127 255 95 255 191 247 101 84 255 210
    127 249 245 210 95 120 63 209 30 221 127 157 173 30 5 248 61 159 77
    16 246 51 189 88 87 34 251 50 71 113 158 2 15 5 15 231 68 63 16 61
    190 124 246 247 214 68 100 18 162 177 38 88 133 165 9 179 152 88 41
    128 36 66 190 66 82 3 220 38 211 20 11 4 22 228 76 129 36 209 12 34
    26 135 73 24 114 33 60 88 70 34 248 60 182 125 137 190 253 179 253
    255 222 222 61 93 61 251 229 251 244 67 96 241 82 214 244 253 237 60
    121 253 223 127 251 237 108 215 190 214 114 233 124 126 93 94 174 84
    246 244 109 185 172 152 13 242 29 156 89 56 242 59 188 90 223 46 248
    112 150 116 139 239 159 135 25 254 124 2 75 189 121 63 21 254 247
    105 32 208 103 155 116 210 245 253 126 190 80 209 111 215 36 83 52
    82 112 169 96 116 93 74 15 213 244 245 79 153 172 24 5 242 29 156 73
    16 242 51 189 90 87 32 250 252 253 255 255 127 255 251 255 255 255
    222 189 127 254 251 254 255 223 123 111 253 191 231 191 255 239 242
    255 95 223 254 255 255 39 117 255 215 127 249 116 250 93 255 62 223
    183 243 111 157 172 30 133 248 29 157 73 80 246 123 189 91 95 34 250
    242 17 171 150 55 6 89 175 214 199 85 212 63 202 18 86 126 214 86 87
    10 175 228 39 172 130 230 9 82 185 84 41 98 44 52 254 202 125 194
    213 208 200 149 74 138 28 129 46 147 174 83 129 120 26 180 67 208 50
    57 123 124 20 34 251 250 217 221 222 38 159 92 35 119 199 21 218 191
    226 54 94 190 211 116 191 30 253 195 103 249 146 246 92 98 248 220
    40 214 60 36 222 202 75 210 89 144 219 253 109 179 28 229 46 151 162
    147 199 42 25 183 223 25 115 120 123 121 61 235 251 233 206 239 253
    103 255 251 255 189 255 255 207 219 189 127 175 137 125 123 111 252
    215 246 243 89 255 157 182 121 83 62 219 255 57 83 169 215 123 232
    121 122 61 59 47 213 55 247 107 157 168 24 13 209 93 156 76 16 246
    51 189 91 215 10 250 76 14 230 169 0 127 161 247 61 254 74 5 17 189
    251 239 203 124 225 108 112 211 254 177 91 105 28 128 249 194 58 219
    245 2 87 184 17 114 13 36 252 117 56 54 85 166 98 224 25 44 126 20
    211 29 141 8 144 232 43 188 74 70 32 242 233 205 239 253 110 255 251
    255 189 253 221 207 223 253 63 238 137 253 123 111 252 247 214 243
    95 255 156 182 121 83 63 235 223 57 85 185 215 121 248 125 122 125
    59 47 213 53 247 111 157 172 24 13 241 29 156 73 48 246 51 189 90 87
    34 250 124 63 125 222 126 191 255 123 247 126 210 55 253 127 249 85
    242 245 203 98 245 126 144 255 223 170 230 159 126 217 125 251 235
    108 214 190 222 122 241 125 220 95 219 142 212 231 193 79 186 173
    152 9 242 29 159 89 60 246 115 191 250 214 42 249 124 63 247 253 118
    119 127 255 253 252 252 185 127 255 187 254 251 221 251 111 127 253
    231 183 223 239 174 189 123 220 126 187 242 39 117 255 87 116 213
    252 126 95 187 62 223 175 199 238 157 173 95 149 242 63 157 77 216
    254 107 223 91 70 35 250 124 63 255 214 126 191 251 123 247 126 214
    55 253 127 249 85 242 245 203 98 245 127 144 255 223 170 230 159 126
    217 125 239 239 108 215 190 222 122 241 125 220 93 211 142 209 166
    193 79 189 172 152 9 242 29 157 89 60 246 115 191 250 215 46 253 126
    248 251 255 63 251 223 111 223 250 221 253 255 118 175 254 251 151
    58 219 197 119 199 127 229 223 243 255 95 127 255 238 159 236 157
    255 254 125 249 117 120 221 255 105 215 149 245 127 255 174 27 135
    250 53 252 125 84 246 191 251 59 95 178 214 62 249 255 239 255 251
    221 127 223 155 216 255 255 78 175 253 251 215 115 83 229 127 195
    127 231 223 243 255 95 123 255 238 223 236 221 255 254 125 249 117
    121 205 247 111 215 53 181 127 191 190 26 133 226 181 220 89 220 178
    191 251 63 95 160 246 250 33 202 54 55 98 91 47 212 160 213 176 43
    203 134 94 170 149 34 215 199 175 227 55 76 203 242 31 82 56 36 104
    223 44 20 186 219 120 225 117 88 88 185 47 209 21 229 111 153 174 24
    5 240 29 156 73 16 243 51 185 120 86 32 250 125 62 247 117 221 226
    227 254 240 61 192 113 110 219 131 89 250 237 187 98 245 47 111 255
    198 107 230 143 218 13 225 239 255 175 20 191 118 180 125 126 89 68
    218 142 201 113 219 203 185 236 88 65 240 60 156 65 22 254 247 159
    218 103 161 252 126 191 254 215 114 159 222 35 111 208 87 116 188
    118 249 84 248 147 120 247 215 61 195 119 221 94 242 93 98 190 253
    250 215 45 69 190 218 122 249 124 240 93 185 46 213 28 247 111 157
    172 25 5 242 29 153 73 16 243 115 189 88 119 32 250 29 44 255 188 48
    127 253 118 49 254 70 149 85 189 187 206 139 220 227 107 244 113 198
    187 121 121 148 212 121 69 125 239 213 80 117 168 149 250 249 125
    124 157 123 39 119 181 119 107 187 168 63 31 240 29 156 76 62 234 59
    237 219 135 41 246 58 221 125 222 54 93 221 191 255 196 127 156 61
    126 253 254 247 214 84 107 22 122 229 54 249 175 230 25 127 251 254
    185 242 108 53 222 214 123 218 253 147 223 253 46 182 182 193 110
    139 173 215 15 248 29 149 77 152 242 123 249 121 14 34 251 233 207
    110 219 231 95 215 181 191 246 62 142 61 252 127 239 157 186 248 190
    126 243 127 182 113 119 213 112 253 211 223 179 250 90 195 100 223
    67 254 41 254 191 238 55 21 247 119 226 191 219 143 79 159 237 203
    222 127 197 238 127 243 248 207 219 110 237 238 248 39 127 116 55 53
    246 252 168 91 186 63 207 137 57 123 255 245 119 83 247 81 127 149
