<?xml version="1.0"?>
<opencv_storage>
<ImageFile>"204.jpg"</ImageFile>
<Features type_id="opencv-matrix">
  <rows>254</rows>
  <cols>64</cols>
  <dt>u</dt>
  <data>
    187 220 111 143 46 253 217 180 255 253 126 223 157 60 127 238 253
    246 82 187 244 82 254 252 249 101 181 114 125 211 95 255 253 248 251
    116 222 251 248 251 247 223 111 62 150 182 240 105 191 217 159 15
    254 141 157 93 60 246 250 252 243 223 46 255 185 220 111 207 62 125
    217 189 255 255 126 223 93 60 127 238 189 246 126 59 244 242 254 252
    249 191 181 50 125 211 127 255 237 120 253 116 222 251 248 251 250
    223 239 62 150 182 208 121 191 185 159 143 252 29 157 93 188 246 255
    252 255 223 42 191 255 252 254 255 251 255 254 141 123 251 237 251
    190 251 239 255 255 179 61 255 239 253 127 123 247 207 251 255 111
    127 255 119 247 231 85 255 251 255 253 254 242 95 120 127 245 31 255
    63 157 239 30 71 252 125 157 239 82 255 255 189 219 127 179 251 189
    186 255 69 254 245 251 248 254 189 214 255 239 89 240 69 250 245 254
    43 245 119 218 253 173 122 125 190 124 95 119 255 223 109 159 254
    222 185 249 127 253 221 235 183 241 225 249 107 190 191 141 43 248
    189 158 85 116 254 246 143 251 159 44 222 253 51 119 245 125 114 251
    250 212 156 242 117 111 219 145 117 242 213 63 102 231 47 164 63 174
    170 103 143 214 15 112 255 114 39 28 191 86 116 85 213 217 68 154 78
    201 11 193 206 137 61 94 133 248 60 140 73 208 242 35 159 88 22 33
    185 255 253 255 127 255 251 251 205 251 251 253 255 254 247 238 250
    255 159 59 127 111 221 103 125 231 223 251 255 239 127 254 175 223
    229 85 255 251 127 253 119 250 223 249 125 253 31 255 183 221 174 30
    247 248 191 223 237 80 255 253 191 125 95 179 255 199 141 130 118
    109 194 218 6 50 185 7 65 2 219 2 25 108 171 33 211 197 47 99 115 66
    203 178 111 82 9 161 102 215 44 68 186 83 56 233 116 112 92 56 143
    209 80 179 111 153 172 24 1 240 29 156 65 16 242 51 189 88 87 32 250
    253 189 255 117 126 247 251 254 254 191 212 255 239 233 146 94 255
    237 251 107 245 47 231 255 173 123 247 255 91 87 247 239 223 45 53
    255 254 61 249 125 120 92 251 175 251 49 243 111 185 174 24 195 240
    61 156 69 86 247 119 255 250 215 32 254 195 5 130 22 109 130 218 6
    18 185 6 65 130 91 2 17 108 131 33 211 196 47 227 83 66 139 240 110
    82 0 161 102 215 44 84 186 83 56 233 116 208 92 56 143 193 80 177
    111 153 172 24 1 240 29 156 65 16 242 51 189 88 87 32 250 191 220
    238 253 255 189 255 137 61 127 253 251 159 127 126 253 245 255 61
    243 236 127 186 123 127 223 243 255 255 115 127 239 151 241 94 123
    247 255 248 247 95 223 111 121 213 23 255 123 221 254 24 5 236 181
    159 109 24 246 247 191 223 95 58 253 239 157 238 247 127 239 219 159
    63 253 7 237 191 255 254 221 249 247 57 243 245 47 119 115 87 255
    243 127 123 91 255 231 215 37 87 186 211 120 249 124 112 93 56 175
    221 84 245 111 153 172 24 13 240 29 156 73 16 246 115 189 90 87 32
    250 250 217 239 255 254 247 251 186 220 223 209 218 255 200 115 93
    188 221 125 255 238 125 198 123 47 223 179 191 86 115 118 187 215 47
    221 251 95 125 248 117 120 124 243 127 215 29 243 127 159 189 24 197
    248 189 156 89 81 246 115 255 93 95 48 190 234 157 246 247 127 239
    223 31 63 253 142 239 191 255 62 253 255 247 121 115 244 47 243 115
    87 255 240 127 122 219 255 231 199 37 87 186 210 122 249 124 113 93
    120 175 221 20 245 111 153 172 24 13 240 29 156 73 16 242 115 189 90
    87 32 250 20 50 48 33 252 176 170 117 88 59 234 97 192 17 1 49 116
    203 203 144 249 33 95 216 128 73 108 230 76 85 161 198 109 168 78 37
    125 176 173 228 104 84 18 143 193 97 146 81 184 236 24 1 244 29 152
    65 6 243 151 148 218 83 96 124 124 190 247 255 254 191 111 127 253
    125 120 185 175 255 189 77 243 213 123 106 254 111 218 127 94 238
    174 191 126 89 121 239 247 231 86 187 215 252 245 118 127 126 218
    175 93 142 221 211 156 164 24 137 115 189 159 73 64 254 115 159 218
    70 51 244 4 50 16 33 252 176 170 21 88 59 234 65 192 17 3 33 116 203
    203 144 233 33 79 216 128 73 236 230 76 5 161 198 109 168 95 37 125
    176 169 228 104 84 18 143 193 97 146 81 184 236 24 1 244 29 152 73 6
    243 151 180 218 83 96 108 255 220 236 237 255 191 255 85 61 127 208
    255 238 109 38 93 244 253 59 243 253 119 219 121 230 106 250 255 255
    85 253 231 223 233 222 189 254 125 253 117 94 206 90 47 209 21 255
    87 189 252 24 5 224 189 158 77 30 247 183 191 218 223 42 251 86 50
    209 163 221 178 162 216 74 35 195 118 164 67 131 17 106 199 9 82 201
    37 203 88 134 218 248 175 210 8 35 110 95 37 85 187 81 120 237 86 96
    84 24 15 197 13 241 55 152 172 24 5 240 29 156 73 16 242 51 189 88
    87 32 122 35 213 76 138 55 29 21 26 183 84 45 232 61 59 236 253 131
    246 4 57 64 114 240 98 97 165 1 25 63 120 93 105 180 100 146 146 226
    90 145 181 214 223 58 37 144 150 244 78 145 181 158 12 56 1 255 13
    56 242 58 156 91 222 46 217 196 42 146 1 200 194 162 197 8 187 2 79
    194 192 131 40 107 137 169 70 201 133 111 217 202 91 60 238 128 134
    163 86 103 35 69 59 81 180 109 102 96 84 48 142 205 88 155 241 153
    236 24 33 241 95 156 65 6 248 19 181 92 87 32 122 255 253 254 255
    255 255 251 185 255 255 253 255 255 255 254 255 255 247 127 247 255
    255 179 127 223 255 255 255 251 223 255 251 219 45 87 191 219 123
    249 253 122 92 57 47 213 127 247 111 157 172 24 5 240 29 156 73 16
    246 115 189 122 87 34 250 58 141 238 223 43 223 209 39 63 245 127
    221 31 126 125 236 241 210 120 171 214 125 230 115 121 203 128 31
    127 219 31 111 247 102 85 178 214 91 251 254 211 221 237 46 212 150
    241 111 159 172 159 13 244 29 157 77 16 242 123 253 91 95 42 255 202
    205 142 222 103 91 218 135 61 251 61 205 26 228 110 238 173 155 60
    247 198 189 230 51 83 207 178 62 81 243 62 99 247 60 85 251 219 122
    250 245 210 127 61 111 213 22 245 111 157 174 26 7 240 29 157 73 17
    243 51 189 88 118 34 251 202 205 206 223 103 95 222 167 63 251 61
    205 30 252 126 238 173 147 60 247 222 189 230 51 123 207 162 62 81
    243 62 107 247 61 84 251 219 127 250 244 210 255 253 111 209 22 245
    111 157 174 26 5 240 29 157 73 17 243 115 189 89 118 34 251 255 253
    255 255 255 255 219 185 255 255 255 255 255 254 254 255 245 247 127
    247 255 191 247 255 223 255 247 255 91 95 255 191 251 45 87 255 218
    123 249 253 122 93 249 47 213 127 255 127 157 174 24 7 248 29 156 73
    16 246 115 191 122 87 34 250 175 215 109 237 183 189 223 89 189 215
    189 250 221 125 244 77 145 253 103 107 182 118 210 114 125 255 183
    63 126 127 127 185 214 124 223 154 210 121 249 125 118 223 56 175
    213 20 245 63 153 189 24 13 248 157 158 93 56 246 115 191 91 223 44
    250 3 196 77 170 55 28 21 8 55 84 45 192 29 59 236 85 194 244 4 41
    192 112 144 114 109 128 128 25 127 104 29 105 148 68 208 154 98 90
    129 240 214 223 24 5 144 150 228 78 145 37 16 4 40 21 191 13 56 242
    58 188 88 222 38 249 45 190 236 201 254 253 163 117 61 255 206 237
    205 61 251 229 201 253 203 168 245 115 94 248 117 105 12 246 125 85
    125 199 221 88 223 32 246 242 233 61 252 29 122 166 213 227 247 107
    184 252 156 13 242 157 155 93 54 214 183 165 218 219 110 254 45 182
    125 201 184 253 163 117 249 221 134 205 221 61 187 229 219 253 203
    42 244 113 94 240 249 105 12 246 108 196 93 203 221 80 211 172 212
    250 249 60 253 29 122 167 245 226 245 111 184 188 141 47 242 29 159
    93 54 214 23 173 218 223 108 250 136 201 142 213 35 81 216 179 28
    219 54 207 154 240 115 46 9 153 244 187 212 60 196 243 43 95 147 34
    92 195 54 114 223 48 83 96 119 125 234 48 112 125 114 63 215 20 243
    107 153 169 24 5 248 29 156 72 23 243 55 189 83 127 0 250 44 142 247
    205 42 221 163 101 173 212 79 157 157 125 185 228 171 212 193 106
    244 121 214 243 89 233 132 52 108 218 29 207 247 100 113 186 212 218
    249 60 181 29 121 166 117 150 241 111 153 172 137 13 242 29 156 77
    32 226 123 173 91 79 40 250 133 207 206 88 32 31 36 114 33 126 40
