<?xml version="1.0"?>
<opencv_storage>
<ImageFile>"205.jpg"</ImageFile>
<Features type_id="opencv-matrix">
  <rows>232</rows>
  <cols>64</cols>
  <dt>u</dt>
  <data>
    175 221 108 222 55 125 93 55 63 220 61 217 30 63 108 239 169 250 52
    185 117 242 241 50 121 63 129 112 125 123 220 97 216 112 48 240 247
    91 176 253 246 159 127 63 150 150 246 110 133 163 95 13 234 13 187
    12 58 247 127 252 91 218 46 251 15 236 76 233 251 185 250 200 57 91
    206 255 216 124 237 233 128 188 21 112 229 112 130 120 101 136 128
    147 253 71 61 243 247 96 93 234 115 115 137 180 218 255 92 28 208
    151 194 73 157 45 30 5 218 29 159 9 16 226 59 188 89 95 34 249 188
    253 127 221 50 93 221 231 235 199 175 254 95 182 254 254 251 240 102
    107 31 208 117 148 253 247 181 249 239 255 222 185 224 68 103 222
    202 127 251 254 54 223 125 191 190 246 124 188 199 173 230 255 218
    31 39 124 188 245 72 125 127 221 106 186 122 92 189 190 110 255 95
    63 255 110 255 140 127 172 126 254 253 246 91 245 252 211 247 189
    219 109 236 222 107 215 255 239 233 45 195 125 223 99 240 235 222
    221 85 175 213 127 231 108 191 138 207 143 234 61 21 93 253 247 123
    248 243 222 74 252 233 205 142 222 42 95 88 183 63 252 44 207 30 252
    126 238 228 243 112 163 212 247 240 179 121 34 164 94 121 217 159 99
    255 32 83 240 82 90 250 248 210 223 60 46 208 54 225 111 153 172 26
    5 240 29 157 73 19 242 59 189 90 86 34 249 207 205 239 184 210 70
    111 207 37 71 41 154 91 237 182 79 139 85 61 100 10 205 164 40 78
    223 155 61 211 8 58 9 80 103 28 219 2 117 21 150 54 234 60 121 95 28
    108 144 69 36 86 52 73 122 164 46 216 172 41 28 76 84 51 176 118 49
    209 183 126 130 27 109 198 162 83 52 117 194 147 82 122 215 0 103
    139 161 199 15 140 138 238 15 82 40 245 106 119 36 20 191 90 120 193
    87 16 72 17 10 195 12 193 79 153 172 24 5 112 28 148 73 16 114 51
    185 88 22 32 250 192 11 130 209 192 66 166 246 0 186 34 3 2 192 147
    2 11 73 169 102 78 141 238 155 10 75 158 36 128 0 50 22 115 3 117 49
    17 228 71 4 96 96 48 22 111 140 73 210 8 8 124 53 209 94 140 138 129
    104 1 5 76 4 1 176 196 11 131 209 64 66 160 231 0 184 34 1 2 192 147
    130 11 73 169 6 78 173 110 155 10 75 150 4 128 0 50 86 115 3 113 33
    17 164 103 4 112 36 48 22 107 12 1 194 25 40 124 113 209 90 156 138
    129 104 3 149 76 100 1 242 239 254 239 253 63 253 125 255 253 255
    253 251 255 249 182 207 187 253 107 107 252 247 250 127 93 255 183
    183 123 85 119 239 215 108 215 186 211 125 249 127 126 95 122 175
    215 117 247 107 157 172 24 13 242 29 156 93 24 246 115 191 219 215
    40 250 251 20 253 157 239 151 31 73 167 103 157 142 221 237 54 95
    244 245 19 116 248 247 210 116 222 234 252 126 242 157 127 107 215
    44 87 190 218 120 225 126 114 91 28 15 213 28 229 79 153 172 24 5
    240 29 156 73 24 242 51 189 88 214 42 249 255 255 255 253 254 255
    255 241 255 255 125 219 223 249 254 253 255 247 127 111 255 253 182
    123 255 255 255 127 255 95 255 187 243 101 84 255 210 123 249 245
    210 223 121 63 209 30 221 127 157 173 30 5 248 29 159 73 16 246 51
    189 88 87 34 251 59 85 125 156 23 13 93 106 231 70 157 144 125 172
    252 86 247 212 66 96 18 242 192 38 93 180 167 25 51 184 92 105 80
    100 53 222 130 120 19 95 54 203 189 105 54 148 100 14 131 36 51 132
    42 24 167 93 184 50 121 120 89 140 42 179 251 221 237 253 127 255
    255 249 253 255 253 219 255 124 118 252 247 221 119 115 244 63 242
    118 125 255 183 191 91 247 127 235 215 44 84 250 218 121 249 253 90
    94 57 47 213 23 245 111 153 172 24 5 240 29 156 73 16 242 51 189 90
    87 34 251 42 23 45 244 62 183 187 121 180 126 82 71 201 89 48 5 162
    221 67 99 244 39 210 118 12 186 180 166 94 80 49 234 215 44 87 184
    83 120 233 117 120 92 58 15 209 37 243 111 153 172 24 5 240 29 156
    73 16 242 51 189 90 87 32 250 49 22 148 2 61 177 129 54 210 60 212
    69 172 89 2 5 124 238 227 147 240 39 91 223 128 42 244 198 120 85
    193 231 207 40 195 52 255 136 232 105 120 28 34 167 209 113 183 111
    184 254 137 11 244 29 88 81 55 179 151 151 178 211 108 78 254 254
    255 255 63 127 253 255 255 254 254 191 127 190 255 254 255 214 127
    107 253 210 245 54 255 253 253 251 255 223 255 251 241 108 87 254
    214 115 249 125 126 223 127 63 213 183 244 109 157 173 158 13 250 29
    159 93 24 246 59 189 91 95 42 250 216 152 175 229 239 243 251 252
    156 255 215 205 195 24 19 174 173 221 250 43 236 139 238 56 45 235
    186 246 221 99 55 255 125 177 57 121 246 231 232 179 217 124 235 62
    251 7 217 121 189 218 94 167 221 255 156 106 213 222 191 223 246 23
    18 255 120 59 253 222 126 191 95 123 247 126 210 49 125 254 249 86
    242 247 75 106 244 119 209 255 221 234 230 159 122 217 125 235 207
    44 215 190 222 122 241 125 252 95 215 47 213 166 197 79 191 172 152
    13 242 29 159 93 32 246 115 191 251 223 40 246 210 209 138 195 103
    146 222 138 66 131 49 202 162 130 38 27 76 215 60 159 10 149 227 65
    36 215 123 47 22 40 132 48 150 175 184 211 106 77 38 3 97 234 160
    121 155 28 24 149 86 155 16 132 13 226 230 234 81 61 48 95 21 121
    148 59 120 51 125 222 62 191 127 123 247 254 218 49 125 126 249 86
    242 245 75 106 245 119 209 255 221 234 230 159 126 217 125 235 207
    108 215 190 222 122 241 125 252 95 215 46 213 167 197 79 190 172 152
    15 242 29 159 93 44 246 115 191 251 223 42 246 237 39 231 80 216 55
    33 243 192 126 66 22 193 208 147 71 98 229 67 102 123 175 17 150 158
    42 166 136 192 156 48 152 98 46 70 190 88 50 1 220 216 64 16 158 64
    224 129 206 152 44 24 1 114 30 157 65 0 240 17 156 76 86 34 241 192
    5 142 150 32 87 24 183 18 239 45 194 18 224 50 34 13 66 100 167 92
    165 102 131 88 99 180 74 0 128 18 97 223 48 80 160 83 72 226 232 80
    28 56 47 241 52 229 110 153 168 24 5 240 29 156 73 17 243 51 189 88
    82 32 250 175 242 101 97 53 176 167 88 228 151 224 250 239 59 180 65
    130 237 103 121 241 102 115 244 4 191 149 179 126 28 97 195 223 108
    214 186 88 56 185 181 108 94 58 191 208 97 247 111 56 189 136 9 242
    157 222 93 48 242 23 149 120 215 108 91 52 49 255 150 22 71 89 55 22
    196 87 20 17 142 147 102 57 86 64 231 19 168 228 131 184 35 166 89
    80 184 212 41 96 52 53 250 142 104 67 93 16 193 181 170 162 36 161
    110 19 172 243 139 56 24 20 81 184 51 121 121 105 4 32 226 252 249
    255 255 126 127 251 247 127 253 127 189 127 254 251 254 255 215 121
    111 253 189 231 63 255 239 246 255 91 219 255 255 247 37 117 255 215
    123 249 244 250 93 253 62 221 22 227 111 157 172 94 5 248 29 157 73
    80 246 59 189 89 86 34 250 254 251 255 247 254 191 124 203 251 251
    249 251 255 246 246 90 243 215 63 123 239 253 203 127 207 223 243
    255 202 253 247 238 211 175 84 255 254 253 241 247 120 222 249 127
    255 29 255 191 221 238 24 215 226 189 159 109 84 255 243 191 253 119
    177 254 248 249 254 255 127 127 251 255 127 255 255 189 63 254 251
    254 251 215 121 111 255 189 231 63 255 239 242 191 95 223 255 255
    247 37 85 251 215 127 249 245 242 93 249 62 223 151 195 111 157 173
    30 5 248 29 157 73 80 246 59 189 89 30 34 250 254 251 255 247 254
    187 125 251 251 187 249 251 255 226 182 91 246 215 63 123 239 253 75
    255 207 223 247 255 218 125 246 238 215 175 212 255 254 253 243 247
    122 222 251 127 255 29 223 191 253 174 24 215 224 189 159 109 84 246
    247 191 253 119 241 254 255 189 255 247 63 247 249 255 222 255 213
    255 255 218 178 127 250 247 127 123 253 255 247 127 191 251 247 191
    94 123 119 255 207 44 158 255 254 125 249 245 216 92 243 255 219 53
    241 127 191 174 26 133 248 61 156 81 16 242 247 191 255 151 168 255
    255 57 255 118 118 39 93 126 194 132 213 176 127 226 150 90 122 199
    122 247 51 141 225 151 158 235 246 221 66 188 244 233 202 45 36 191
    202 60 211 93 88 203 181 239 249 57 165 238 223 166 139 219 112 56
    20 65 120 183 115 219 120 20 160 251 59 214 125 239 255 253 223 120
    255 125 220 251 253 125 124 85 255 245 127 114 244 123 155 124 237
