<?xml version="1.0"?>
<opencv_storage>
<ImageFile>"206.jpg"</ImageFile>
<Features type_id="opencv-matrix">
  <rows>237</rows>
  <cols>64</cols>
  <dt>u</dt>
  <data>
    189 178 255 69 255 177 251 248 254 189 212 251 239 89 177 77 248 253
    255 123 245 127 206 253 174 122 125 254 124 95 247 255 223 105 158
    255 222 185 249 117 121 93 251 30 209 225 219 127 190 255 153 11 248
    189 156 85 118 182 255 159 250 159 164 223 255 253 255 255 251 251
    254 205 123 251 237 251 254 247 239 255 255 179 61 255 239 253 127
    127 247 207 251 255 111 127 255 119 183 231 85 255 251 255 253 254
    242 223 120 125 253 31 255 127 221 238 30 71 248 125 221 239 80 255
    255 189 217 127 179 251 185 154 255 207 190 253 211 188 255 245 94
    221 189 60 127 254 255 246 90 41 252 83 255 252 249 229 252 62 127
    219 95 239 253 109 243 116 222 91 248 127 119 221 111 62 149 166 253
    53 191 152 207 15 246 191 158 95 124 246 58 124 251 223 46 254 185
    188 255 207 190 253 211 189 255 253 94 221 253 62 127 254 255 246 90
    59 252 83 255 252 249 237 252 58 127 219 95 239 221 109 243 116 222
    219 248 127 119 221 111 62 149 182 253 101 191 156 207 143 246 191
    158 95 124 246 250 125 251 223 46 254 254 253 255 255 255 251 251
    205 251 251 253 255 255 246 238 254 255 151 59 127 255 221 115 125
    247 207 251 255 239 127 254 175 223 231 85 255 251 127 253 119 250
    223 253 127 253 31 255 183 221 174 26 247 240 191 223 237 80 254 253
    191 95 95 187 223 220 57 247 245 92 98 249 254 208 156 210 117 103
    195 209 240 250 212 31 102 231 40 164 63 174 154 34 143 214 14 48
    255 114 39 60 187 86 118 77 212 217 68 154 14 202 7 201 206 137 45
    94 133 248 30 140 73 208 242 35 155 92 6 33 177 175 220 238 253 255
    189 255 137 61 255 104 203 159 111 118 125 245 255 61 243 236 127
    250 123 103 222 243 255 223 115 127 247 215 241 222 113 243 255 249
    247 95 222 110 121 215 23 255 123 221 252 24 5 236 181 189 109 24
    246 243 191 223 95 58 191 195 149 130 118 237 130 218 6 50 57 151 97
    170 91 2 17 108 163 33 211 197 47 99 87 6 75 242 111 82 45 161 102
    223 44 84 190 91 56 233 116 208 92 56 143 209 81 179 79 153 174 24 5
    240 29 156 65 16 243 51 189 88 87 32 251 124 59 183 213 242 179 242
    114 220 149 215 119 243 212 155 64 122 153 123 70 255 47 195 215 138
    122 220 172 64 134 246 168 79 47 69 190 95 56 205 92 120 85 145 38
    237 45 183 111 191 172 137 203 240 29 152 81 96 250 51 189 104 55 37
    218 131 21 130 118 237 130 218 6 50 57 22 97 170 91 2 17 108 163 33
    211 197 47 99 119 2 139 240 111 82 9 161 102 215 44 84 190 91 56 233
    116 208 92 56 15 193 81 179 79 153 172 24 5 240 29 156 65 16 242 51
    189 88 87 32 251 43 150 108 170 31 189 133 13 183 126 152 136 61 60
    61 85 253 246 97 240 240 114 219 119 84 245 97 45 123 208 241 227
    199 44 215 190 90 120 169 120 116 95 60 173 84 212 245 79 153 172 24
    12 242 29 220 89 16 242 51 189 90 211 40 250 249 189 255 119 126 247
    251 254 246 255 212 251 239 233 147 95 255 231 251 107 245 111 247
    255 175 123 247 255 91 95 243 239 223 47 125 191 222 60 249 125 120
    92 187 175 219 49 243 111 185 172 24 195 240 61 156 69 124 246 119
    191 250 215 32 254 45 254 239 237 254 253 255 249 253 221 254 255
    255 61 255 237 155 253 251 123 253 119 219 253 125 127 29 183 125
    215 127 191 223 105 255 191 254 249 253 61 125 125 127 175 245 241
    255 115 191 254 137 47 243 189 156 92 126 255 255 239 251 223 44 222
    123 156 236 255 255 191 127 53 125 127 208 223 191 109 54 93 255 255
    123 240 253 127 219 125 110 122 250 191 127 85 253 231 215 237 30
    189 255 125 253 117 93 206 94 47 221 21 255 87 189 244 24 5 224 189
    158 77 26 246 119 191 218 95 34 255 125 255 247 254 126 191 255 127
    253 254 192 185 239 255 189 79 242 245 251 110 247 111 218 127 95
    234 166 31 127 89 125 239 247 103 254 191 210 254 245 119 223 110
    218 142 251 186 193 223 156 188 28 157 99 189 159 77 88 254 115 159
    218 198 43 245 250 217 235 247 254 183 251 184 220 255 81 222 223
    200 115 91 188 221 127 255 238 61 194 127 47 222 183 191 86 243 55
    187 87 63 159 251 223 125 248 119 120 108 247 124 211 29 219 63 159
    172 24 199 248 189 156 121 81 246 115 255 125 31 176 183 239 157 230
    247 255 239 219 23 63 253 134 237 191 255 62 221 253 247 121 243 245
    47 115 123 119 251 242 127 123 95 247 231 215 47 87 190 211 120 249
    116 113 92 58 175 221 85 247 111 153 172 24 13 240 29 156 73 16 242
    115 191 90 87 32 250 124 190 247 255 248 191 239 127 253 253 122 185
    159 255 159 206 243 213 249 107 254 45 222 127 95 234 166 183 127 89
    57 239 231 39 116 187 215 254 245 118 246 126 250 174 221 134 205
    203 157 172 28 157 241 61 159 73 80 254 115 191 218 70 35 254 203
    141 170 117 239 242 251 140 152 187 244 79 234 200 3 45 45 189 59
    211 238 175 238 127 38 219 243 166 208 55 35 254 255 187 13 121 127
    173 254 115 120 124 234 126 221 121 155 179 253 206 24 197 245 255
    156 227 81 254 247 191 252 119 145 254 255 253 255 255 254 191 223
    249 255 255 253 251 255 255 252 127 247 247 126 255 255 127 211 255
    255 255 247 255 127 255 255 251 223 45 87 191 218 121 249 253 122 94
    121 47 213 127 245 127 157 174 24 7 248 29 157 73 16 246 115 189 122
    87 42 251 255 255 127 255 255 191 223 249 255 255 253 250 255 127
    253 95 246 247 126 255 255 127 211 127 221 254 247 127 95 255 255
    255 211 45 87 191 218 123 251 127 250 94 249 111 215 126 253 63 157
    175 24 7 240 29 157 73 16 247 115 191 120 87 34 251 251 212 108 190
    255 61 93 137 183 107 253 250 63 235 102 255 247 246 37 113 104 242
    177 54 70 143 225 59 211 51 127 249 240 44 20 254 67 113 161 245 210
    222 28 31 208 23 196 76 137 173 18 5 104 31 135 73 152 240 49 188 92
    86 34 185 238 159 246 247 255 239 223 23 63 253 14 239 191 126 62
    253 253 247 121 243 245 47 115 119 87 255 246 127 122 223 247 231
    215 45 87 190 211 120 249 116 113 93 122 47 221 84 247 111 157 172
    24 13 240 29 156 73 16 242 115 189 90 87 32 250 22 50 16 33 237 176
    170 17 80 59 242 97 236 17 0 17 116 139 129 144 201 33 75 216 128 8
    232 230 72 5 161 230 95 168 84 52 125 184 41 100 108 68 26 143 193 1
    211 79 184 236 24 1 244 29 216 73 6 243 151 148 90 83 96 108 254 253
    251 247 247 47 95 143 207 229 245 250 255 202 182 95 250 215 62 127
    31 175 243 63 223 219 255 47 211 185 126 174 199 175 54 223 202 125
    247 247 210 219 245 251 219 28 221 191 221 164 18 141 96 191 181 107
    80 246 113 63 93 85 58 251 254 253 251 247 247 47 95 139 207 97 245
    250 255 202 182 94 242 215 62 119 31 175 243 127 223 203 255 63 211
    185 126 172 135 175 118 223 202 125 247 247 210 219 245 251 219 28
    221 159 221 164 16 141 96 191 181 107 80 246 113 63 93 85 186 251 22
    50 16 34 236 176 170 4 48 59 98 67 132 3 2 17 100 139 129 208 193 33
    75 216 128 8 232 230 200 5 161 230 93 160 84 52 127 176 33 230 104
    68 26 143 193 65 210 73 184 236 24 1 244 29 152 73 22 243 151 148 88
    83 32 108 175 255 109 253 183 189 255 121 189 223 253 250 255 125
    252 77 147 253 127 123 254 118 210 118 125 255 183 63 127 95 127 187
    215 108 223 154 210 121 249 125 126 223 123 191 213 53 245 63 157
    189 24 13 250 157 159 93 56 246 115 191 251 223 44 250 202 205 206
    255 111 95 222 135 63 251 61 205 30 238 102 254 173 147 60 247 206
    191 230 59 123 207 179 62 83 243 62 107 247 61 84 251 219 127 250
    245 210 255 253 111 209 30 245 111 157 174 26 5 240 29 157 73 17 243
    51 189 89 86 34 251 87 50 208 34 221 178 34 8 2 58 66 51 160 67 131
    17 98 199 1 84 201 5 195 80 6 216 248 15 210 8 161 106 87 36 85 178
    115 120 37 84 96 68 26 15 193 5 195 77 152 172 24 5 240 28 156 73 16
    242 51 157 88 87 32 122 196 10 146 17 200 66 162 198 8 169 2 7 194
    197 131 162 107 9 169 70 200 133 110 153 66 75 184 230 128 132 34 70
    125 35 69 185 17 164 109 100 112 84 16 142 77 120 139 241 153 44 88
    17 241 94 28 65 18 248 3 181 76 86 32 232 252 250 255 237 255 255
