<?xml version="1.0"?>
<opencv_storage>
<ImageFile>"207.jpg"</ImageFile>
<Features type_id="opencv-matrix">
  <rows>220</rows>
  <cols>64</cols>
  <dt>u</dt>
  <data>
    43 196 44 10 39 157 150 49 115 86 149 196 252 61 109 5 148 186 64
    240 244 112 81 247 241 48 192 220 108 245 221 225 159 88 195 4 219
    74 152 105 254 159 93 37 244 245 246 79 187 234 137 15 242 13 91 93
    63 211 63 181 51 219 110 203 253 223 254 221 247 127 221 215 63 215
    175 254 223 253 255 255 253 249 126 239 63 223 247 115 119 127 251
    127 253 254 254 179 222 117 119 251 210 127 255 125 118 95 124 63
    255 158 255 190 221 175 156 157 242 127 157 95 56 255 113 191 95 253
    58 250 59 255 255 221 62 255 223 53 255 247 189 200 223 121 62 95
    253 255 98 251 246 119 82 247 221 127 245 254 105 215 255 227 223
    124 71 190 218 120 248 125 126 95 120 175 213 116 245 111 153 172
    152 15 240 29 156 93 56 247 115 189 250 215 40 250 19 22 1 130 77 2
    131 10 166 96 16 65 45 9 0 21 102 215 0 32 192 39 192 99 76 128 168
    14 18 8 1 107 215 36 84 186 82 120 33 116 80 84 24 15 193 20 208 79
    153 172 24 5 240 24 156 73 16 114 51 188 88 87 32 248 39 182 80 7
    253 176 131 24 250 61 6 121 172 91 128 21 98 231 141 33 193 35 155
    125 32 170 108 39 62 9 65 111 151 237 220 22 112 153 45 183 197 84
    74 135 193 64 216 83 184 252 24 33 244 160 158 227 48 94 182 140 210
    87 52 93 59 85 125 156 39 77 93 111 231 68 221 144 125 45 124 214
    255 244 66 96 50 242 208 38 221 181 229 89 115 190 92 105 208 36 21
    158 194 112 209 92 54 219 61 47 212 148 228 110 147 164 147 12 42 29
    150 93 56 242 57 249 89 198 42 242 59 213 125 156 54 93 85 127 231
    68 221 144 125 61 124 214 255 244 66 96 50 240 208 54 221 189 245 89
    123 222 92 169 144 100 21 158 194 120 209 93 54 219 61 47 212 148
    244 110 147 164 147 12 42 29 150 93 56 242 121 249 89 207 46 250 92
    75 255 248 34 127 125 247 53 254 107 128 87 244 255 238 151 220 235
    111 62 248 228 179 217 111 167 208 105 196 60 249 242 18 243 233 213
    126 208 224 254 191 189 54 254 183 71 238 159 169 254 215 202 93 151
    92 149 238 107 255 95 118 75 177 198 3 3 177 216 130 162 200 8 225
    131 86 195 192 130 33 66 85 61 71 10 141 138 88 14 218 27 47 146 10
    50 31 114 167 124 155 0 252 77 150 129 96 24 90 75 12 104 177 72 37
    16 52 65 178 164 42 80 104 33 141 76 7 49 184 12 142 238 217 42 215
    241 247 61 252 6 133 27 252 251 238 137 220 233 43 212 125 222 251
    89 107 144 6 125 195 31 95 247 34 83 40 86 250 251 52 240 61 104 38
    213 134 81 107 153 172 28 5 240 29 157 72 17 226 59 189 91 87 33 250
    194 2 131 161 221 162 163 200 8 33 130 79 131 192 128 17 98 85 61 68
    138 141 138 121 14 216 27 47 150 10 35 31 19 167 124 155 32 245 45
    134 129 96 24 88 73 12 88 145 72 21 80 52 65 242 164 43 208 40 33
    140 76 71 48 176 195 10 3 161 221 162 163 200 8 33 130 75 131 201 66
    1 106 93 61 68 74 141 170 120 14 222 27 39 214 2 35 31 82 167 124 27
    64 229 45 134 129 96 24 91 73 12 120 145 72 21 80 52 65 246 134 170
    208 172 33 157 68 7 16 176 56 25 125 158 34 125 189 253 191 220 126
    149 29 60 123 246 247 214 193 107 116 242 246 54 89 173 164 88 123
    210 127 169 245 36 115 252 215 114 200 252 222 93 93 62 212 182 229
    108 153 172 223 13 242 31 157 93 24 242 59 188 91 78 34 248 88 207
    191 220 34 127 246 247 57 220 78 133 93 245 127 174 173 216 233 111
    116 249 212 179 217 111 150 212 109 210 62 251 254 50 81 32 215 74
    216 104 246 61 187 54 245 182 231 110 153 137 141 79 242 93 159 77
    23 246 115 189 82 118 3 250 21 50 85 7 188 160 187 252 210 62 208 49
    229 75 131 81 106 196 129 96 232 32 142 252 140 168 160 11 218 9 97
    127 117 36 156 186 86 112 33 117 81 64 26 14 192 128 200 93 152 188
    88 5 240 156 156 65 144 178 51 156 92 7 32 241 56 157 124 174 35 125
    181 181 63 220 126 133 29 60 127 246 255 222 65 98 116 178 246 50
    121 173 164 88 121 210 255 169 244 36 83 244 215 82 200 252 210 93
    93 46 212 150 229 108 153 172 223 13 242 29 157 73 16 242 59 188 91
    78 34 248 106 140 238 223 238 215 219 231 61 255 86 205 159 124 59
    236 239 213 121 35 212 53 206 123 127 203 180 54 95 209 63 111 247
    36 85 184 86 123 233 116 242 93 120 46 213 22 209 111 153 172 24 5
    240 29 157 73 16 242 51 189 90 87 34 251 21 50 85 7 156 160 171 252
    210 62 192 49 228 75 131 81 106 196 131 96 201 32 142 252 140 168
    160 11 210 8 97 127 117 36 156 186 84 240 33 117 81 64 26 14 192 0
    200 93 152 60 88 5 240 152 156 73 128 178 51 156 92 7 36 244 54 49
    112 150 23 2 17 126 198 32 149 48 45 74 144 87 114 182 66 209 147 34
    193 103 132 170 228 11 18 156 193 104 207 44 6 190 66 56 1 92 80 72
    52 139 192 112 161 79 145 166 153 9 112 24 156 65 48 50 51 153 56 87
    36 203 124 41 239 248 50 119 121 127 213 254 212 176 115 162 147 78
    155 92 227 107 183 63 230 159 29 171 182 135 67 213 52 234 207 14 37
    190 223 60 241 124 120 108 181 239 255 53 19 239 251 172 187 211 240
    29 188 84 20 242 123 251 123 215 233 254 118 48 112 150 31 6 19 126
    198 100 149 48 45 74 144 87 122 246 66 209 211 35 209 39 132 162 228
    15 18 156 193 105 207 44 22 190 66 56 33 95 112 72 32 143 193 112
    161 79 145 172 152 9 112 24 156 65 48 50 51 157 24 86 36 251 253 254
    247 249 216 255 167 253 233 253 234 191 255 245 219 238 251 205 251
    110 253 141 255 189 223 127 127 175 207 14 123 191 255 39 125 191 84
    247 253 126 253 84 56 190 79 175 127 181 141 45 92 180 240 63 141 73
    192 252 99 189 94 71 33 246 126 245 117 190 254 237 63 105 239 103
    251 58 253 110 252 116 255 183 99 114 255 123 19 246 222 255 247 255
    226 190 255 233 199 44 71 190 202 112 249 127 60 93 117 175 213 125
    245 47 153 166 152 15 226 29 156 89 24 242 115 189 122 87 40 250 124
    41 239 248 50 119 121 127 213 190 212 176 115 160 147 78 155 92 227
    107 183 127 198 159 29 171 182 135 67 213 52 234 207 14 37 186 223
    60 241 124 120 236 181 239 255 53 55 239 123 172 187 211 240 29 188
    84 20 242 123 251 123 151 233 254 242 217 138 223 55 18 92 139 215
    131 53 250 191 130 54 95 60 215 124 159 15 255 231 15 165 211 247
    127 19 185 214 48 194 188 174 207 202 125 242 243 50 202 229 121 187
    92 145 62 215 155 182 195 44 161 245 254 209 183 120 95 61 249 216
    187 57 19 101 6 118 183 19 56 228 20 87 21 45 123 48 69 114 245 71
    100 112 34 129 246 8 56 172 28 126 24 113 185 122 44 84 190 83 120
    129 221 92 81 24 14 192 224 192 78 152 173 25 5 240 28 158 65 48 114
    51 156 72 150 36 248 63 55 113 34 55 156 5 11 227 0 143 112 124 55
    236 85 242 178 2 240 225 114 17 119 212 148 228 217 34 188 221 96
    150 108 198 158 202 26 129 92 12 219 28 137 212 69 228 79 144 166
    128 14 98 21 91 89 56 115 19 180 56 211 108 88 251 125 117 247 255
    175 127 121 255 109 223 127 255 239 246 116 247 247 127 118 255 175
    147 254 222 254 247 255 250 159 255 239 203 45 71 191 218 113 249
    255 93 220 221 175 205 121 255 31 141 166 24 15 240 30 156 73 120
    246 115 187 250 87 168 248 68 0 131 149 200 134 154 197 0 167 3 6
    208 64 147 0 8 65 1 66 202 165 66 74 14 218 190 15 192 12 51 74 71
    36 85 187 82 120 233 86 80 104 16 14 193 28 161 107 25 172 24 5 241
    29 156 65 16 242 51 189 72 87 32 250 77 38 236 248 42 55 58 119 49
    250 68 135 92 113 163 67 136 217 137 234 209 117 82 243 88 10 144
    214 104 68 189 99 215 48 85 168 83 120 233 116 116 29 56 47 213 132
    227 111 153 172 24 5 240 29 154 73 22 243 51 157 88 83 32 251 254
    249 255 255 63 125 125 239 223 251 253 251 255 226 182 222 251 159
    127 251 191 191 227 63 255 223 247 251 203 253 254 238 211 175 36
    255 223 125 243 247 122 223 245 127 251 29 255 191 223 238 26 215
    232 31 189 109 208 247 241 255 255 119 163 255 114 57 147 214 46 131
    88 35 66 160 87 151 246 194 16 90 118 131 116 219 143 173 193 143
    139 26 230 223 2 169 213 238 83 191 36 55 207 92 242 87 144 200 229
    74 171 60 139 111 199 230 193 195 100 26 56 203 71 115 83 243 121 36
