<?xml version="1.0"?>
<opencv_storage>
<ImageFile>"208.jpg"</ImageFile>
<Features type_id="opencv-matrix">
  <rows>198</rows>
  <cols>64</cols>
  <dt>u</dt>
  <data>
    61 255 245 220 51 189 55 125 237 212 205 185 253 127 191 78 251 253
    99 102 253 127 210 247 93 236 180 189 121 220 124 169 223 100 87 190
    210 120 209 124 62 95 60 167 245 181 245 110 153 172 152 13 242 29
    157 77 56 246 123 189 91 71 42 250 62 252 125 174 54 127 125 127 247
    244 223 180 125 62 253 254 255 254 67 249 181 114 245 183 253 125
    244 217 123 255 255 233 205 124 247 190 223 122 249 125 126 221 127
    47 246 183 247 110 191 174 143 15 242 29 158 93 56 243 123 253 123
    223 110 250 254 253 255 255 118 127 249 255 223 254 223 188 127 254
    255 254 255 223 123 255 63 255 247 183 255 239 246 253 123 255 254
    187 239 63 247 255 223 127 223 125 186 253 245 126 255 191 231 254
    223 174 255 223 250 127 180 223 249 255 121 251 127 172 155 246 29
    178 230 101 61 179 161 126 240 188 212 113 238 121 131 1 106 173 227
    242 241 111 75 247 166 59 84 182 124 5 225 230 223 104 132 190 95 56
    121 125 125 20 58 135 193 97 147 79 184 254 9 1 240 28 216 65 62 242
    183 151 248 215 164 94 189 254 127 103 252 252 251 217 248 253 198
    255 239 83 212 253 123 237 255 43 253 45 123 220 165 255 127 183 127
    127 99 255 207 233 255 87 255 185 253 55 249 92 107 191 243 225 191
    51 168 223 172 107 252 167 158 101 118 222 246 143 242 95 253 191
    255 50 243 39 221 230 171 248 198 45 210 119 239 75 147 117 122 229
    127 86 235 143 175 124 142 251 127 175 210 31 99 254 71 175 141 159
    86 181 109 87 109 64 147 155 73 105 184 149 168 52 81 128 224 190
    140 97 224 188 161 155 252 7 52 52 247 48 243 35 221 34 163 248 194
    43 210 119 231 203 131 81 122 197 51 82 107 143 139 92 142 216 127
    171 210 15 99 254 79 175 141 223 24 181 109 86 41 64 18 154 73 105
    56 149 232 52 16 160 224 182 12 97 192 184 129 155 188 7 52 52 60 50
    255 229 254 55 187 242 212 190 214 115 205 16 187 81 242 221 235 106
    225 85 195 212 142 168 252 251 222 205 245 234 215 44 215 190 126
    120 169 117 248 93 115 30 209 165 211 77 186 188 137 3 242 61 157 89
    6 242 51 157 90 31 100 255 189 164 253 245 250 253 251 109 189 255
    70 221 221 109 186 244 171 253 147 99 252 121 254 120 125 234 166
    119 125 249 127 239 247 208 93 43 246 251 249 255 209 125 239 110
    243 22 249 123 159 172 26 37 244 29 156 109 24 214 115 173 219 223
    43 254 253 51 245 112 212 34 35 254 192 63 192 51 102 195 130 67 106
    237 171 70 105 175 99 150 134 123 254 173 210 12 224 168 95 15 148
    191 24 52 5 85 124 64 58 159 75 105 11 212 56 52 88 112 224 190 94
    65 132 184 7 159 44 151 229 114 253 51 247 49 212 98 35 254 192 175
    208 51 239 139 131 67 250 237 107 116 121 135 239 156 142 233 254
    173 210 12 98 168 93 47 181 191 92 52 37 85 124 64 58 159 75 105 11
    212 56 60 88 128 224 190 28 65 228 188 1 155 252 199 36 114 56 238
    127 137 58 127 161 247 253 222 254 149 93 52 249 236 242 212 203 106
    245 82 157 183 255 40 44 128 109 221 121 250 232 44 71 190 222 114
    133 252 250 87 24 158 84 230 66 204 185 45 222 13 248 29 141 89 148
    224 107 188 90 78 42 241 43 238 228 110 63 189 165 57 253 93 252 249
    253 63 124 77 155 57 227 249 245 118 219 245 113 127 21 182 126 215
    125 197 159 108 227 180 255 24 249 61 125 253 127 167 213 241 127
    107 186 246 137 14 246 141 218 28 46 231 215 245 179 251 236 78 124
    173 255 253 34 127 253 247 253 254 223 189 93 236 255 238 189 185
    251 110 247 255 214 191 255 111 246 220 105 247 254 238 239 91 103
    237 223 255 248 125 62 189 245 110 255 247 167 111 191 170 239 223
    242 93 29 93 255 239 127 251 251 174 203 246 59 254 236 110 62 253
    61 49 253 125 223 249 253 63 124 205 191 251 227 249 245 119 211 245
    249 125 213 182 127 247 253 231 159 120 227 52 255 25 248 125 125
    157 255 167 245 241 247 111 190 246 137 207 246 141 218 93 46 247
    223 247 251 251 108 206 251 220 110 233 223 253 247 253 189 255 254
    207 191 125 127 237 231 253 127 106 124 219 190 56 127 237 59 50 255
    83 123 191 241 231 221 89 118 247 253 182 243 223 74 62 92 159 88
    177 141 29 86 173 221 247 133 109 249 236 233 62 215 206 30 181 254
    49 123 151 51 71 91 237 214 231 151 54 245 138 179 86 254 215 6 103
    11 163 231 54 140 154 244 77 82 174 247 59 210 36 21 190 82 120 193
    84 80 88 53 46 209 20 225 110 153 172 24 5 240 29 156 73 16 242 51
    189 88 23 32 250 246 33 249 150 51 7 91 239 214 199 215 118 247 234
    146 86 250 213 18 103 11 167 227 118 28 154 182 13 82 140 54 41 86
    36 20 250 82 120 193 92 80 72 57 46 193 20 193 110 153 172 24 5 240
    29 156 73 16 242 51 189 88 23 32 250 60 62 109 128 30 189 163 121
    253 94 210 53 125 60 249 228 242 212 67 112 245 114 153 244 221 40
    44 141 110 220 125 235 109 108 71 190 222 114 137 92 220 85 84 14 68
    167 192 77 187 44 153 13 242 29 157 89 0 242 51 188 91 158 42 240
    165 150 100 2 221 48 167 252 180 61 164 113 44 59 130 5 106 228 235
    32 241 66 175 244 66 41 29 34 253 77 65 79 253 104 84 176 116 176 37
    252 253 86 26 151 64 225 80 193 184 61 93 0 240 30 143 69 62 244 167
    156 218 215 36 217 134 3 0 37 141 128 11 72 134 11 145 66 129 73 2
    21 0 5 2 80 202 39 194 72 4 130 178 43 146 40 33 8 7 188 156 138 32
    40 34 3 96 64 1 201 224 64 145 31 18 142 24 1 96 16 252 33 0 18 50
    145 44 23 32 106 45 54 100 34 221 50 163 88 244 60 192 115 233 27
    162 69 234 253 131 112 225 7 155 116 70 184 56 135 222 12 97 207 221
    36 86 186 83 56 45 116 92 68 26 143 193 97 210 77 24 172 24 4 240 28
    156 65 16 242 55 156 88 87 36 250 58 146 146 231 191 241 248 189 86
    251 248 121 175 82 35 125 119 214 41 219 225 45 239 127 166 139 226
    175 95 113 245 255 111 164 188 53 127 245 233 247 123 76 227 14 202
    5 219 123 152 254 94 5 244 188 156 73 146 178 183 159 218 95 164 252
    255 252 127 175 255 255 255 216 255 127 216 127 255 111 254 253 243
    245 31 116 237 215 155 124 110 252 123 63 255 127 127 255 113 229
    157 219 246 247 253 247 87 207 79 60 223 31 252 17 207 125 18 165
    239 247 143 239 216 188 185 190 223 159 58 180 122 17 10 247 39 177
    88 59 212 186 247 176 185 130 49 86 52 146 86 219 191 182 197 159
    145 10 230 158 82 245 245 242 107 60 166 182 223 127 160 243 218 207
    245 14 210 103 131 95 187 234 154 3 124 29 253 81 19 243 255 223 121
    50 232 183 245 253 247 117 240 102 251 254 250 181 253 255 239 251
    195 254 251 197 191 111 63 175 231 63 175 255 255 191 255 47 98 63
    247 103 52 223 214 181 255 255 91 124 185 246 235 59 217 182 205 165
    119 241 217 254 180 239 241 252 105 79 252 37 177 255 57 49 253 190
    54 55 121 126 214 196 245 144 125 184 147 82 254 222 99 111 48 33
    199 183 141 171 228 216 83 164 244 233 223 52 21 190 219 120 192 125
    248 222 57 47 240 53 195 110 153 174 27 7 240 29 156 73 16 243 59
    189 120 22 32 251 13 238 101 225 253 248 167 216 188 125 234 123 193
    93 233 229 203 253 175 104 229 34 158 120 69 253 25 167 252 71 35
    223 117 195 223 58 117 242 237 54 109 20 122 183 69 195 126 209 168
    253 28 36 213 191 143 9 22 204 167 140 202 71 36 188 173 54 100 34
    221 50 163 90 244 60 192 115 233 27 130 69 234 253 131 96 225 7 137
    116 70 184 56 135 218 12 97 207 221 36 84 186 83 48 45 124 92 84 26
    143 65 65 210 205 152 44 24 4 240 28 140 65 48 240 55 156 88 87 36
    250 54 49 89 150 55 148 25 9 198 230 17 114 189 74 144 86 246 215 4
    99 195 38 193 119 140 154 229 111 82 184 241 107 215 36 84 190 82
    120 225 84 112 88 49 47 208 20 241 111 153 172 24 5 240 29 156 73 16
    242 51 189 88 87 32 250 250 221 110 220 38 95 93 211 111 199 191 138
    95 248 126 255 151 245 126 239 30 254 241 38 93 247 183 56 179 254
    222 57 242 60 214 219 202 127 210 251 178 255 253 125 182 30 245 46
    151 171 22 79 42 29 151 95 17 247 120 63 125 248 203 187 54 49 89
    150 55 132 25 9 198 230 17 112 189 74 144 86 246 215 0 99 195 38 193
