<?xml version="1.0"?>
<opencv_storage>
<ImageFile>"209.jpg"</ImageFile>
<Features type_id="opencv-matrix">
  <rows>259</rows>
  <cols>64</cols>
  <dt>u</dt>
  <data>
    77 206 206 216 104 191 178 87 49 254 36 203 158 249 47 15 140 249
    169 107 244 117 82 243 81 107 144 246 121 69 57 67 215 16 83 32 83
    120 248 104 118 30 56 47 213 84 247 107 153 172 24 5 240 29 156 73
    18 242 51 189 90 83 42 251 77 206 206 216 42 191 182 87 49 254 36
    202 158 121 62 15 136 249 161 107 244 117 82 243 81 107 144 54 121
    69 57 99 215 16 83 32 83 120 248 120 118 31 56 47 213 84 247 107 153
    172 24 5 240 29 156 77 18 242 51 189 90 83 42 251 33 172 237 202 42
    221 213 37 127 212 14 253 189 127 253 236 235 178 224 35 213 117 91
    231 113 119 21 54 47 219 95 103 143 100 67 178 214 90 251 60 117 29
    108 167 149 116 245 107 177 172 137 13 182 13 152 77 62 242 118 173
    219 223 44 218 41 238 237 74 42 221 213 101 123 212 14 253 188 127
    236 236 203 176 224 35 245 116 91 247 113 119 17 55 47 219 95 103
    159 96 67 176 246 218 251 60 117 29 110 167 213 112 245 107 185 236
    137 13 246 13 152 77 62 242 118 173 218 223 44 218 187 221 254 222
    39 95 221 31 191 221 61 203 191 126 126 255 253 247 100 187 212 127
    243 119 241 247 241 122 127 251 223 107 223 108 83 244 246 88 250
    253 114 223 127 47 213 22 245 111 153 174 152 13 240 29 157 77 56
    242 119 189 91 95 46 219 250 205 158 223 35 205 216 167 63 193 63
    205 31 236 127 254 253 210 52 103 14 188 230 35 127 223 179 120 83
    251 190 59 242 55 117 250 210 103 250 244 243 221 253 111 253 22 253
    46 141 172 90 5 248 31 149 73 145 242 121 189 89 95 35 250 90 221
    154 223 35 207 88 39 31 193 63 141 30 228 124 254 253 210 52 231 14
    189 230 35 121 223 227 124 83 243 190 57 242 55 113 250 210 111 250
    244 242 221 253 111 191 30 253 110 141 160 90 5 248 29 149 73 145
    243 123 189 89 126 3 250 78 205 234 185 2 199 92 67 37 231 41 138
    223 236 182 94 137 121 51 103 14 253 82 43 93 215 183 125 67 190 62
    33 210 22 7 139 130 109 243 90 50 234 60 105 151 92 117 191 221 172
    48 21 98 93 180 124 25 246 121 189 93 241 57 162 64 2 130 19 201 194
    162 199 4 168 2 5 128 198 139 36 74 1 137 2 200 15 207 73 2 216 24 6
    146 2 35 86 103 167 85 49 17 132 109 6 33 96 0 130 77 12 41 243 24
    76 24 49 181 88 140 195 0 104 163 181 72 7 16 98 206 205 250 249 2
    71 124 195 37 231 41 138 214 236 182 94 201 121 51 103 14 253 82 43
    93 215 183 125 65 182 62 33 194 22 7 139 130 108 243 90 50 106 60
    105 183 92 119 190 221 168 48 85 98 93 52 92 153 242 113 189 93 115
    9 162 34 6 0 138 203 136 6 1 39 64 3 2 184 46 108 21 198 51 1 244
    130 50 17 96 80 148 9 12 50 130 153 1 146 36 83 154 65 72 1 74 36 81
    28 9 84 92 244 7 145 36 16 4 54 9 137 137 24 114 50 180 16 83 32 104
    242 253 218 223 226 206 222 3 123 197 61 222 190 230 254 254 255 147
    60 167 143 125 115 67 255 215 243 127 35 191 222 39 135 247 105 223
    138 207 254 254 51 255 237 97 191 30 253 191 215 202 163 255 188 97
    48 255 89 255 120 107 17 121 219 239 254 255 255 255 255 255 223 249
    255 255 253 251 255 251 246 253 243 215 127 111 253 255 247 125 255
    255 255 63 255 95 255 191 247 109 84 255 210 127 253 245 210 223 121
    63 209 30 221 63 157 173 30 5 248 61 159 77 80 246 51 189 88 95 34
    251 34 6 16 162 203 136 6 1 38 64 3 2 176 42 108 21 102 51 5 196 192
    34 25 96 80 148 105 12 18 128 153 1 146 36 82 146 1 72 5 66 36 83 28
    1 84 92 228 7 145 36 16 4 38 9 137 137 24 114 51 180 16 87 32 104
    147 21 144 6 41 0 144 6 2 1 5 71 166 89 2 17 102 194 4 227 194 44
    227 99 74 138 240 74 210 0 129 103 215 36 48 24 67 8 8 198 81 64 24
    14 200 0 201 79 153 164 88 5 116 10 156 73 17 114 51 157 80 23 0 251
    210 17 128 150 206 132 24 7 6 39 17 2 130 192 18 18 124 211 32 229
    74 135 195 35 10 2 182 106 146 0 176 32 87 36 16 56 66 108 0 64 80
    72 16 11 209 20 193 79 153 136 24 5 96 24 156 73 17 115 51 185 80 86
    0 234 60 190 255 207 190 213 145 253 255 253 222 253 253 63 251 252
    251 214 99 106 245 83 223 253 253 237 116 59 127 219 255 255 245 100
    85 190 214 123 233 124 245 93 120 46 213 182 209 111 153 172 31 13
    240 29 157 77 16 242 59 189 90 95 34 254 0 2 1 131 200 146 138 209
    32 27 2 70 128 65 147 1 98 197 1 96 192 37 2 112 74 152 188 46 146
    10 51 66 87 36 85 186 80 120 169 100 112 84 24 14 209 20 240 77 153
    172 24 1 240 29 156 73 16 242 51 189 88 87 32 250 127 255 254 255
    119 127 243 255 253 252 254 189 63 254 255 255 243 213 123 111 125
    135 247 55 95 234 168 29 123 88 126 251 247 37 85 187 82 122 197 244
    210 95 24 62 221 151 193 110 157 172 30 5 240 29 157 73 16 246 59
    188 88 86 34 249 68 42 131 176 16 226 36 78 128 170 96 128 67 129
    147 11 11 76 161 73 136 133 110 27 15 137 27 167 81 0 32 74 81 130
    253 171 17 252 37 6 32 96 48 41 79 20 81 242 88 44 124 48 193 28 164
    8 128 168 3 157 76 86 33 178 5 32 17 33 153 192 162 76 64 160 130
    116 224 2 129 0 74 0 131 16 193 32 75 201 132 144 64 135 2 13 1 70
    31 132 77 26 56 136 105 22 97 20 0 0 65 81 179 107 24 236 8 1 244 1
    88 65 6 2 150 161 8 83 96 78 0 2 1 131 200 144 162 81 32 27 2 71 128
    1 147 1 98 197 1 96 192 5 2 112 78 152 188 46 210 8 49 2 87 36 85
    186 82 120 41 116 112 84 24 14 209 20 240 77 153 172 24 5 240 29 156
    73 16 242 51 188 88 87 32 250 186 221 250 255 55 237 221 47 223 197
    253 253 63 238 244 254 255 214 52 115 142 62 229 47 111 223 243 59
    83 123 254 61 210 231 60 222 198 119 251 247 83 223 253 107 222 30
    253 62 205 164 83 133 232 22 181 109 216 178 121 251 93 13 162 191
    207 206 206 41 207 184 166 16 57 123 160 235 142 59 38 13 192 185
    173 176 233 85 27 121 66 125 25 246 253 85 169 199 159 200 218 33
    127 217 61 40 110 30 122 29 85 209 246 209 252 221 24 36 247 229 203
    237 62 212 151 148 210 219 94 91 237 38 231 165 252 183 171 249 188
    255 194 127 195 74 179 69 234 221 123 99 253 37 222 248 14 250 185
    167 208 15 51 223 119 37 93 187 82 248 237 118 112 92 56 46 213 28
    217 115 153 172 24 5 241 29 156 73 16 242 51 189 88 87 32 250 211 21
    128 54 205 128 12 10 6 65 17 66 170 203 4 21 102 215 37 213 74 6 161
    99 70 154 241 47 210 40 32 41 82 36 20 186 66 120 1 212 64 202 24 11
    193 24 228 15 153 164 16 4 96 24 156 73 16 242 51 157 88 87 32 251
    234 221 239 246 127 223 221 11 255 85 61 203 191 253 116 93 239 213
    61 103 198 47 243 119 95 223 179 63 83 26 54 107 215 37 84 186 82
    120 249 244 114 94 56 47 221 28 245 111 153 172 24 5 240 29 156 73
    16 242 51 189 88 87 32 250 40 142 239 217 15 127 161 255 189 254 222
    133 89 124 123 237 203 252 195 98 244 114 220 243 95 109 4 2 253 215
    59 219 255 34 87 184 86 114 233 124 254 125 90 46 84 182 113 235 185
    44 28 13 242 29 157 89 16 224 43 189 90 87 42 248 125 51 255 85 54
    183 251 254 210 190 215 243 223 240 179 82 254 221 227 99 245 53 194
    215 141 122 246 255 72 76 247 235 223 60 85 190 222 120 233 125 120
    92 59 47 245 53 243 111 187 174 24 7 240 29 156 73 20 242 51 189 122
    87 96 250 64 3 147 144 0 2 32 103 0 130 3 4 80 128 147 2 110 0 3 68
    10 129 198 131 14 136 172 12 0 132 48 8 96 36 5 186 0 32 1 68 128 64
    16 10 64 12 1 206 25 44 88 1 48 24 20 65 128 98 3 144 72 6 32 224
    109 238 238 120 20 127 44 119 97 254 232 184 76 165 175 207 137 104
    227 235 181 245 93 191 213 125 183 182 105 86 187 195 207 10 247 171
    221 188 249 122 124 126 122 175 87 241 119 235 186 232 60 94 226 29
    122 28 142 231 199 247 219 243 105 102 253 255 255 125 118 127 125
    255 253 255 236 187 223 255 254 207 187 253 255 111 255 255 118 191
    223 127 183 183 105 215 126 238 203 123 231 255 223 189 245 125 126
    127 255 255 255 121 183 239 253 174 174 223 243 127 159 93 126 255
    119 255 255 247 255 251 131 200 0 199 205 200 194 0 14 1 23 79 130
    91 68 53 100 147 60 147 198 46 171 105 34 150 81 111 150 43 131 119
    151 247 120 18 98 203 238 134 193 180 8 73 137 8 248 51 193 213 16 4
