<?xml version="1.0"?>
<opencv_storage>
<ImageFile>"21.jpg"</ImageFile>
<Features type_id="opencv-matrix">
  <rows>132</rows>
  <cols>64</cols>
  <dt>u</dt>
  <data>
    59 150 44 138 79 159 7 27 183 94 30 2 157 125 60 21 244 247 65 180
    240 118 144 115 92 160 236 92 58 208 93 105 214 108 211 188 202 106
    136 104 116 223 30 141 84 150 244 79 147 172 152 12 226 29 159 89 56
    242 51 188 82 223 46 248 43 150 108 138 79 159 7 19 183 94 30 2 157
    61 124 21 244 247 65 176 240 118 144 119 92 164 44 28 62 208 93 105
    214 108 211 188 202 106 136 104 244 223 30 141 84 214 244 79 145 164
    152 12 226 29 159 89 56 242 51 188 82 223 42 248 255 252 254 255 127
    119 249 191 245 255 244 251 63 251 166 221 255 255 127 243 245 95
    247 127 247 235 242 255 123 85 255 239 223 108 22 254 247 124 249
    245 90 95 126 47 217 21 247 111 189 172 26 5 240 29 156 77 26 246
    119 191 218 87 34 251 61 36 125 188 42 191 187 119 245 254 222 21 93
    125 185 102 246 248 195 98 245 115 209 247 221 40 164 214 104 212
    253 235 207 104 71 188 223 122 217 124 220 93 95 174 244 115 231 111
    187 172 153 15 242 29 156 93 62 243 115 189 250 215 42 250 61 180
    255 116 127 183 251 126 244 189 214 117 239 121 178 85 246 253 219
    243 245 103 243 255 172 42 228 223 126 85 245 239 223 44 20 190 223
    56 249 253 216 92 27 142 209 113 211 111 185 174 24 5 240 29 156 65
    54 242 55 189 250 151 36 251 61 36 125 188 42 191 187 119 245 254
    222 21 93 125 185 102 246 248 195 98 245 114 209 247 217 40 164 214
    104 212 253 235 207 104 71 188 223 122 217 124 220 93 93 174 244 115
    231 111 187 172 153 15 242 29 156 93 62 243 115 189 250 215 42 250
    61 180 255 116 127 183 251 126 244 189 214 117 239 121 178 85 246
    253 195 243 245 47 243 255 172 42 228 223 126 85 245 239 223 44 20
    190 255 56 233 253 216 92 27 142 209 97 211 79 185 174 24 5 240 29
    156 65 54 242 55 189 250 151 36 251 12 34 101 129 24 181 163 113 48
    254 66 85 201 49 177 65 234 220 195 98 208 32 206 251 76 56 164 6 88
    12 49 95 215 36 85 186 82 120 233 116 112 84 24 14 209 4 209 111 153
    172 24 5 240 29 156 73 16 242 51 189 88 87 32 250 4 34 101 129 60
    181 163 113 48 254 66 85 201 49 145 65 234 220 67 98 208 32 206 251
    76 56 164 6 88 12 49 95 87 36 85 186 82 120 169 116 112 84 26 14 212
    4 209 111 153 172 24 5 240 29 156 73 16 242 51 157 88 87 32 250 13
    38 101 161 28 181 161 241 180 254 194 23 201 57 177 69 234 220 195
    98 240 32 206 250 76 184 180 130 88 4 49 255 87 36 85 186 82 120 41
    116 88 84 26 14 192 36 193 79 153 172 24 5 240 29 156 73 16 242 51
    157 88 87 32 250 1 69 12 156 34 79 84 55 39 68 45 128 24 189 52 166
    141 112 64 165 18 120 244 163 89 35 128 16 49 152 28 65 144 52 48
    168 194 66 146 232 18 187 60 39 144 22 229 110 17 160 199 12 56 24
    147 12 57 99 43 188 89 84 6 249 1 69 12 156 34 79 84 39 39 68 61 132
    24 188 52 166 133 80 64 165 18 48 240 163 89 33 128 16 33 152 28 65
    144 52 48 168 194 66 130 200 18 187 61 39 144 22 229 110 17 160 199
    12 56 24 147 12 57 99 42 188 73 84 38 233 207 206 194 225 253 248
    227 216 188 121 2 79 131 91 226 45 8 253 189 42 236 15 154 121 102
    222 27 39 220 67 35 87 87 227 223 17 117 255 125 38 197 52 74 222
    201 201 249 179 108 93 24 52 213 231 142 171 87 220 182 143 198 95
    149 190 50 146 210 167 253 224 170 204 30 251 66 125 167 75 131 85
    110 215 153 35 200 45 239 121 44 218 122 47 86 41 33 127 119 165 93
    51 119 253 109 118 65 68 106 14 195 4 217 51 152 220 24 37 244 164
    156 233 144 250 179 141 216 87 48 246 108 33 243 176 82 39 33 83 196
    70 195 54 115 194 177 71 226 213 67 102 81 167 145 55 30 154 164 13
    210 140 48 232 194 36 86 186 82 112 1 84 88 80 16 14 209 84 129 78
    153 172 24 5 240 29 156 73 16 242 51 189 88 86 32 248 49 23 53 2 12
    156 1 58 230 30 18 5 109 89 16 21 118 230 195 48 240 98 17 199 136
    160 100 76 58 16 193 73 78 12 194 180 124 10 1 72 204 68 18 142 64
    224 128 79 178 44 137 8 160 25 95 81 38 50 22 148 66 151 108 89 49
    22 53 2 12 180 1 56 230 30 146 5 109 25 16 21 118 230 195 48 240 98
    16 246 136 160 100 192 62 16 193 201 78 72 210 164 124 42 1 72 204
    68 18 140 64 224 128 79 178 60 137 8 162 25 79 81 46 50 22 148 66
    151 108 81 56 6 117 139 138 77 129 237 255 244 14 21 53 62 251 228
    251 212 193 32 88 146 222 36 89 173 28 8 191 202 27 127 229 36 119
    250 84 242 137 124 183 85 76 54 68 134 104 100 153 44 223 44 178 31
    133 73 160 96 42 44 91 78 34 244 233 143 238 89 239 191 87 177 173
    103 213 138 159 252 63 77 220 187 123 246 254 215 90 245 82 122 252
    254 232 213 254 162 207 63 67 109 219 9 252 106 124 31 116 191 213
    121 191 183 189 204 152 9 243 125 216 211 121 255 113 189 250 243
    218 218 48 6 52 139 139 77 129 237 175 116 14 5 53 60 123 228 255
    214 193 32 208 34 157 36 89 132 4 8 191 218 27 127 229 36 83 48 84
    194 137 78 181 85 68 22 4 134 104 68 129 13 223 12 182 31 133 73 128
    96 42 60 82 78 34 244 48 6 20 138 139 205 129 45 46 116 26 5 61 60
    121 180 247 150 64 32 208 34 157 32 88 132 32 8 190 218 25 127 117
    36 83 48 84 194 137 74 167 85 76 6 68 134 192 69 129 13 221 12 182 9
    141 73 0 96 42 60 82 14 34 244 23 55 241 180 49 32 57 78 144 220 194
    113 99 75 128 83 226 212 1 99 193 44 224 115 12 138 162 11 82 8 49
    109 87 36 52 186 82 120 65 244 81 68 24 14 200 4 193 79 153 164 24 5
    240 28 156 73 16 242 51 157 88 23 32 250 3 6 12 138 194 157 2 1 41
    68 7 4 152 61 109 4 132 49 1 228 24 80 18 96 88 16 8 12 32 146 24 1
    148 4 81 138 67 74 12 8 180 17 28 5 84 158 100 4 17 8 129 12 19 13
    131 136 56 98 41 180 64 83 46 200 45 38 229 184 24 55 37 119 96 126
    234 53 93 237 187 102 226 220 3 98 229 33 192 51 78 136 164 141 82
    12 49 235 215 36 85 186 82 112 225 116 120 92 24 15 212 20 231 79
    153 172 24 5 240 29 156 73 16 242 51 189 88 86 32 248 109 37 237 184
    83 191 39 127 164 68 199 52 93 63 188 70 194 125 67 100 240 115 210
    115 92 232 140 29 112 152 57 233 215 36 87 186 66 120 129 124 52 29
    28 7 85 20 229 78 153 172 153 12 242 29 156 73 56 242 51 189 88 86
    44 250 45 39 229 184 26 119 37 119 96 126 234 53 93 237 187 103 235
    220 3 96 241 32 192 51 76 169 164 137 82 12 49 233 215 36 85 186 82
    112 225 116 112 92 24 15 212 20 229 79 153 172 24 5 240 29 156 73 16
    242 51 189 88 86 32 248 109 37 109 184 19 191 39 127 164 68 199 52
    93 63 188 71 194 125 67 100 240 115 208 115 92 232 140 29 120 152 57
    233 215 36 87 186 194 120 129 124 52 221 28 167 85 20 229 78 153 172
    153 12 242 29 156 73 56 242 51 188 90 86 44 250 252 255 255 221 50
    125 253 255 253 255 255 189 127 190 255 238 251 212 255 111 63 249
    230 190 253 239 183 185 127 223 126 191 248 103 117 255 214 255 251
    253 254 127 255 62 191 182 109 126 175 173 255 255 218 191 151 92
    252 252 105 255 255 206 43 183 45 7 101 168 0 189 37 75 164 94 2 0
    25 125 189 69 194 124 1 96 208 114 144 115 92 156 133 1 90 0 49 73
    214 4 87 186 80 120 137 116 100 92 24 15 84 20 244 78 153 172 24 4
    242 29 156 73 16 226 51 189 88 87 40 250 3 6 0 34 205 128 2 8 34 0 0
    2 160 75 0 17 68 35 1 144 192 34 25 64 66 128 72 4 146 0 129 64 23
    174 146 16 33 0 5 0 4 0 8 137 64 80 160 67 16 68 24 0 36 0 72 161 26
    32 134 148 0 67 52 72 239 222 110 233 255 253 179 153 61 255 222 239
    174 29 111 237 217 253 255 251 253 87 155 124 103 127 121 183 253 87
    255 247 223 233 223 117 255 251 253 55 253 93 122 191 213 251 254 49
    188 223 24 45 221 253 218 253 126 156 183 191 222 219 60 222 235 222
    238 171 255 251 191 153 61 251 220 239 174 29 110 237 249 253 255
    251 253 87 219 124 103 127 121 183 255 87 239 247 223 233 223 117
    255 253 237 119 124 93 122 191 213 125 255 113 188 222 24 13 245 253
    220 253 126 191 183 191 223 219 60 222 253 253 255 188 255 175 63
    123 230 71 237 122 255 234 180 93 242 245 63 102 119 39 147 119 94
    254 185 45 210 30 114 41 214 37 84 187 82 112 205 244 114 94 24 15
