<?xml version="1.0"?>
<opencv_storage>
<ImageFile>"210.jpg"</ImageFile>
<Features type_id="opencv-matrix">
  <rows>158</rows>
  <cols>64</cols>
  <dt>u</dt>
  <data>
    61 238 239 223 63 255 213 63 253 245 222 253 255 127 127 236 185 177
    226 187 245 127 211 247 249 127 213 182 109 223 223 239 143 120 67
    52 222 90 248 125 125 29 239 167 245 49 247 107 191 238 137 15 246
    29 152 93 62 247 247 189 251 223 172 222 12 143 230 217 32 95 224
    247 61 252 78 141 17 189 187 238 139 216 225 107 244 41 222 179 89
    111 148 34 121 194 59 207 215 34 113 176 85 218 249 124 116 61 56 39
    85 150 119 107 153 168 189 13 242 29 152 76 18 226 51 189 91 71 33
    250 72 15 166 221 32 223 242 231 57 244 78 133 16 245 123 174 139 24
    233 111 212 41 214 179 89 111 144 180 105 198 63 203 255 18 113 32
    21 202 248 104 240 61 184 38 117 150 119 106 153 168 111 29 241 93
    153 76 23 234 123 189 91 71 1 250 250 221 250 255 99 254 253 143 63
    193 125 218 191 254 126 254 255 151 60 127 166 125 247 115 255 223
    243 127 119 243 254 255 151 247 117 223 243 127 250 119 243 255 253
    121 255 31 253 47 221 174 155 223 248 55 189 239 81 255 121 255 89
    125 147 251 194 205 8 223 239 216 222 129 63 97 63 202 154 126 110
    156 141 19 60 147 142 127 178 106 115 215 211 126 183 251 159 55 135
    249 83 65 227 73 250 43 97 189 237 121 181 28 253 59 213 203 145 13
    157 227 251 174 123 87 244 63 177 121 156 206 250 217 251 255 54 127
    248 135 95 251 125 223 255 228 126 254 191 223 60 255 174 189 231 63
    255 223 243 255 91 243 254 235 199 191 127 255 255 127 250 117 122
    255 247 105 255 31 247 127 223 170 58 215 232 61 188 253 209 247 123
    251 127 125 155 191 170 196 109 139 159 221 5 189 173 103 126 156 57
    62 127 230 203 84 71 112 56 242 190 52 89 181 21 33 251 219 31 153
    192 108 199 250 195 83 169 58 62 223 124 61 84 182 100 32 155 45 151
    12 218 29 135 28 56 224 41 188 91 222 46 248 81 5 159 84 32 198 121
    118 128 167 81 144 194 233 150 10 111 205 99 103 190 173 194 147 74
    123 182 174 64 0 32 107 215 38 5 186 19 60 225 124 120 104 185 175
    245 48 245 111 153 172 24 1 240 28 156 65 17 242 51 185 88 87 33 250
    4 142 202 155 137 220 166 77 61 251 2 201 144 51 171 206 203 17 161
    43 204 37 222 121 81 195 0 39 91 73 57 79 215 130 85 32 117 249 237
    54 240 124 106 45 87 20 117 243 153 236 56 37 245 29 157 72 18 226
    183 189 218 87 32 254 45 141 237 248 55 127 113 127 181 212 212 209
    95 56 188 206 251 252 99 107 244 118 208 119 93 187 164 155 123 212
    124 233 215 36 87 186 210 120 249 124 120 95 60 47 212 53 245 111
    153 172 152 13 242 29 156 77 56 242 51 189 91 215 42 251 53 254 87
    207 249 217 163 249 123 217 6 253 172 119 201 253 255 215 168 42 213
    45 143 249 235 253 121 127 191 75 203 127 159 227 121 20 116 211 255
    54 245 29 234 54 109 132 253 51 168 221 237 61 182 167 154 239 102
    222 182 175 210 79 37 94 53 254 215 207 249 217 162 249 123 249 6
    253 180 119 233 253 255 215 185 42 221 45 142 249 235 221 121 119 61
    75 219 127 159 227 125 16 116 219 253 54 117 29 106 54 109 132 253
    179 140 221 109 61 182 231 156 239 70 222 182 173 210 79 53 222 69
    54 113 33 216 160 163 72 234 9 130 123 228 3 128 17 98 229 139 100
    201 37 26 108 132 216 121 111 150 12 97 7 87 199 126 159 32 185 45 6
    165 64 8 131 97 200 88 145 128 21 48 48 33 226 143 235 64 28 146 133
    200 71 49 50 59 212 28 142 39 93 20 53 55 92 30 133 28 61 109 183
    253 186 193 176 240 112 209 242 209 61 224 88 121 214 221 97 221 112
    83 32 255 74 136 104 118 157 62 47 212 151 246 110 153 234 152 13
    246 13 154 77 62 243 63 180 83 203 46 202 252 254 238 237 255 255
    255 249 189 255 254 255 255 255 251 237 249 253 255 255 253 223 190
    252 127 127 123 183 253 223 127 191 255 235 223 255 247 255 253 183
    255 127 251 62 223 191 219 177 173 223 30 181 217 255 157 255 86 252
    247 191 223 95 186 191 255 254 111 239 255 255 223 216 255 127 252
    251 255 123 254 253 243 245 127 123 253 119 186 124 127 239 173 63
    255 91 127 255 247 108 222 251 210 123 249 255 246 223 122 63 209 22
    244 125 157 189 30 13 248 189 159 77 56 246 51 188 219 223 46 249
    239 238 239 169 254 255 163 247 253 255 254 254 223 189 255 239 203
    253 127 239 189 215 255 253 95 255 29 167 127 95 59 223 213 237 215
    251 90 255 237 126 254 92 120 191 223 127 126 177 157 237 28 141 209
    253 157 94 80 252 161 189 223 215 58 255 58 213 24 190 39 205 217 9
    223 219 31 205 189 110 124 244 247 214 0 51 196 50 211 102 125 150
    224 27 82 250 223 105 135 36 85 182 242 90 232 117 208 221 61 41 212
    22 245 111 153 172 24 5 240 29 156 73 16 242 51 189 88 95 34 250 250
    58 211 119 252 178 239 233 202 187 243 251 231 211 219 90 114 135
    127 95 175 173 75 221 143 222 255 191 198 171 231 254 23 175 109 191
    125 189 255 87 237 124 227 125 239 237 155 179 254 239 169 243 247
    247 125 255 68 254 213 251 252 117 241 62 239 254 111 235 255 191
    223 216 255 255 189 250 191 123 246 253 243 245 63 127 245 119 187
    124 119 239 237 63 255 91 127 251 247 109 222 255 210 121 253 255
    246 95 122 61 209 94 245 127 157 189 24 5 248 61 159 77 56 246 51
    188 218 223 58 249 1 5 156 154 2 27 4 6 51 66 4 128 28 49 44 19 204
    50 0 160 192 113 80 35 64 0 128 76 32 8 153 97 151 0 144 160 2 72 2
    104 176 155 12 1 16 20 101 78 145 40 24 4 48 25 217 11 27 114 58 181
    88 208 98 235 61 53 253 214 51 135 121 126 214 228 213 181 183 234
    178 86 250 151 98 99 247 47 195 119 156 170 246 95 82 168 245 233
    223 36 5 190 210 120 241 125 88 93 189 47 241 53 225 111 153 174 24
    5 240 28 156 65 16 242 115 185 120 23 33 250 3 154 136 11 207 216
    134 4 123 185 20 201 172 17 47 153 237 147 33 209 196 35 111 125 193
    73 104 110 87 5 169 102 213 44 84 60 91 122 169 118 242 94 56 47 213
    86 215 111 153 236 24 5 244 29 157 73 18 242 51 189 88 87 34 251 221
    254 255 249 249 254 255 201 59 251 172 234 214 127 238 95 255 255
    188 43 191 125 90 121 245 215 123 127 125 111 255 103 151 211 255 5
    176 253 255 115 103 31 234 229 183 29 125 179 221 218 56 127 245 229
    252 239 95 223 246 239 211 249 255 223 63 181 125 190 55 189 221 123
    247 70 221 244 125 126 180 85 246 246 67 115 245 114 209 119 221 190
    228 89 114 88 252 233 214 44 215 190 210 120 201 117 112 93 60 47
    212 20 245 110 153 172 24 13 240 29 156 73 16 242 51 189 88 215 40
    250 220 169 138 189 33 227 248 231 16 171 245 186 210 194 131 74 235
    153 97 199 175 141 199 211 15 91 179 175 65 134 178 226 223 36 101
    186 83 124 233 116 120 92 49 47 223 21 183 239 153 172 24 133 240 29
    156 73 16 243 51 189 88 119 32 234 231 212 76 139 223 158 151 8 63
    127 36 250 189 123 164 93 194 245 28 33 192 113 186 104 100 215 41
    63 191 105 25 111 151 229 220 187 114 113 191 246 70 222 74 73 145
    28 245 83 149 172 24 4 165 49 159 235 24 246 50 61 88 95 50 249 255
    253 255 255 119 63 223 154 255 215 253 250 191 251 246 127 243 247
    63 127 55 255 241 119 119 255 251 63 255 123 126 185 146 111 150 223
    243 125 255 253 126 223 255 125 219 95 245 111 221 191 18 13 249 181
    255 255 120 254 113 191 255 223 190 187 71 238 199 139 221 154 135
    72 43 93 32 251 174 59 164 93 226 245 56 36 200 69 154 105 102 208
    57 63 191 41 25 15 151 229 93 155 114 121 173 54 103 94 8 9 213 24
    252 145 209 188 24 37 177 177 156 235 24 254 50 60 88 85 50 249 59
    21 253 246 63 63 125 123 247 116 213 209 125 121 52 87 246 245 67 99
    244 110 209 119 92 186 164 30 122 80 117 233 215 36 87 186 210 120
    249 117 112 93 56 47 212 20 245 111 153 172 24 5 240 29 156 73 24
    242 51 189 88 87 32 250 62 253 253 222 55 205 217 63 215 68 23 245
    61 110 124 220 188 214 64 179 214 62 192 103 253 146 230 93 127 251
    220 105 134 124 125 158 254 122 218 117 211 223 215 107 180 22 245
    110 145 182 155 79 186 21 157 73 25 51 122 251 123 61 167 251 76 41
    138 53 17 99 248 230 64 162 197 178 242 130 163 74 235 25 99 199 175
