<?xml version="1.0"?>
<opencv_storage>
<ImageFile>"211.jpg"</ImageFile>
<Features type_id="opencv-matrix">
  <rows>43</rows>
  <cols>64</cols>
  <dt>u</dt>
  <data>
    47 205 108 168 39 189 31 9 61 214 61 200 28 57 108 191 133 186 33
    249 244 114 208 114 113 181 129 120 125 242 125 225 134 120 211 160
    243 74 248 105 246 159 56 173 212 215 246 111 153 171 24 13 248 29
    223 93 57 211 123 189 83 219 42 251 43 205 108 252 39 253 93 3 61
    214 61 200 29 56 124 239 141 184 96 249 180 114 208 115 117 247 129
    112 125 242 61 225 134 120 211 160 243 74 248 121 246 159 124 173
    214 215 247 111 153 171 152 13 250 29 255 92 57 211 123 189 115 219
    42 251 44 37 101 152 18 77 37 111 165 196 239 180 89 174 189 230 139
    92 67 96 51 240 244 179 93 169 132 17 97 156 60 201 224 36 103 186
    128 114 129 92 182 123 60 166 86 182 69 110 25 36 255 12 114 29 149
    12 136 226 107 248 75 70 42 241 44 37 229 156 18 69 37 111 165 196
    201 180 81 174 189 230 139 92 67 96 51 160 212 179 93 169 132 1 97
    156 56 201 224 36 101 186 128 114 1 92 54 115 28 166 70 182 69 110
    25 36 123 12 50 28 149 12 136 226 43 248 73 70 42 240 252 191 255
    221 122 255 255 247 223 255 95 159 223 254 251 238 255 223 250 47
    191 253 254 191 251 111 246 254 109 223 254 255 239 83 103 117 214
    255 254 127 254 125 231 118 191 190 125 251 255 202 239 255 247 255
    157 223 231 255 251 235 255 253 219 254 252 187 255 221 122 255 255
    247 221 255 126 159 223 252 251 238 255 223 251 111 190 253 254 191
    251 111 182 254 109 215 254 255 239 83 103 127 215 255 255 127 122
    125 231 118 255 190 127 251 255 232 239 255 247 255 157 222 229 254
    251 255 255 253 219 254 39 253 245 138 87 79 5 91 231 68 174 48 61
    191 252 253 251 247 33 36 17 86 145 101 86 213 121 13 179 26 90 41
    144 101 87 154 2 112 13 84 37 209 60 163 29 28 116 236 196 52 208 12
    34 57 134 75 56 52 40 60 88 77 44 250 39 252 245 138 87 79 5 91 231
    68 174 242 63 190 252 253 251 245 37 36 17 86 153 101 119 245 121 45
    55 26 90 41 148 101 87 154 66 120 13 84 53 209 60 39 29 28 116 228
    197 52 144 28 186 17 134 79 56 52 40 60 89 77 44 250 61 254 255 237
    62 255 253 127 253 253 244 249 255 59 255 206 235 253 251 107 245
    125 218 255 125 255 181 183 127 95 119 239 223 100 117 186 215 249
    249 125 125 95 123 47 223 181 247 107 153 172 25 13 240 29 156 77 52
    246 115 253 219 95 32 254 61 254 255 253 62 253 253 123 253 253 212
    249 255 127 252 207 251 253 251 107 245 125 218 255 125 255 183 183
    127 95 119 239 215 100 117 186 215 249 249 125 125 93 123 47 215 53
    247 107 153 172 24 13 240 29 156 77 52 246 115 191 219 95 32 254 251
    221 254 254 55 63 93 11 247 85 61 251 191 251 116 95 246 247 60 191
    246 127 209 119 255 255 243 127 127 121 220 105 151 110 182 190 226
    92 250 253 118 223 255 109 221 20 245 111 213 166 24 13 248 29 191
    77 57 247 115 191 123 253 190 251 252 121 255 253 114 127 125 255
    221 252 127 191 95 254 255 254 255 223 249 111 63 189 230 179 223
    239 246 221 123 195 254 255 243 39 117 255 215 255 247 253 250 255
    255 118 255 159 195 238 223 173 255 223 251 127 157 205 213 254 123
    255 95 108 147 255 251 221 254 254 55 31 93 11 247 213 61 251 191
    251 38 95 255 247 60 191 182 127 241 119 247 247 243 127 127 121 220
    105 151 110 182 254 234 124 250 125 114 223 255 109 159 20 245 111
    213 166 24 13 248 61 191 79 57 247 115 191 123 253 190 251 242 25
    154 215 103 83 93 190 214 177 53 219 63 218 50 94 125 215 120 159
    142 191 231 39 171 195 246 126 123 249 214 110 151 191 48 117 254 77
    250 113 112 221 231 127 187 28 181 111 255 234 155 223 244 122 184
    207 115 255 247 91 251 53 149 222 123 254 254 255 255 183 255 185
    253 255 213 251 253 123 63 95 252 255 123 251 253 119 211 255 249
    127 255 254 126 247 247 239 223 236 215 53 255 121 248 127 124 93
    123 47 213 181 247 127 191 238 24 7 244 29 156 93 22 247 183 189 251
    223 40 254 44 237 239 252 50 127 241 247 245 220 222 149 95 252 255
    238 171 220 227 107 244 92 244 179 127 63 148 144 125 215 62 251 255
    98 117 248 215 122 249 124 254 125 255 38 252 183 247 238 185 172
    255 157 242 29 157 76 62 242 123 253 91 95 39 250 35 162 16 163 201
    144 162 0 80 57 2 99 160 51 128 16 106 131 5 208 193 0 9 92 22 152
    121 171 198 138 161 119 149 164 76 178 115 16 41 124 225 84 16 143
    193 1 146 77 153 237 24 1 244 5 136 65 18 242 51 148 88 87 32 248 63
    246 125 138 55 61 157 121 247 94 255 240 125 63 252 245 243 246 71
    120 241 114 145 116 253 180 229 89 127 94 253 233 212 108 223 190
    218 114 137 245 246 223 27 47 212 166 244 76 155 189 156 13 250 29
    159 93 56 242 59 188 90 223 46 248 133 239 140 80 37 152 88 122 32
    147 167 226 194 209 68 11 0 41 38 219 151 118 64 211 65 55 147 178 4
    46 0 64 222 26 192 170 200 56 250 161 248 60 185 229 179 97 183 111
    26 171 40 67 240 29 218 24 17 211 83 183 104 243 237 90 133 207 14
    86 53 184 220 18 48 147 37 194 138 83 68 11 0 105 36 219 215 108 81
    211 65 55 147 50 84 46 4 81 222 60 212 170 219 24 250 177 112 60 187
    239 241 96 247 111 24 175 24 67 240 29 218 8 19 243 115 151 104 243
    229 250 63 246 125 138 55 189 21 121 247 86 255 48 125 63 252 117
    242 246 67 240 241 114 145 116 252 164 229 89 126 92 253 233 212 108
    215 190 218 114 137 117 246 223 26 15 212 134 244 76 155 189 152 13
    242 29 159 93 56 242 59 188 90 223 46 248 143 50 64 35 221 160 34 88
    104 59 224 123 162 3 160 81 66 45 133 80 233 128 43 92 6 153 105 163
    210 13 33 214 121 165 222 187 49 181 37 183 201 70 90 9 66 81 26 145
    72 118 24 36 197 182 204 41 146 176 167 132 140 86 180 21 135 227 8
    112 37 24 88 74 32 131 167 226 194 81 68 3 0 41 38 219 7 118 64 211
    69 19 147 178 64 38 0 0 154 24 194 170 202 56 234 161 248 60 57 229
    240 113 183 111 27 170 8 67 208 29 250 16 49 211 23 183 40 243 237
    91 36 229 109 216 50 159 87 73 167 70 143 180 221 124 253 102 145 53
    66 102 150 122 80 103 93 246 135 29 32 190 93 9 134 94 199 142 194
    122 219 88 52 185 180 229 53 244 245 110 147 172 129 76 178 29 222
    20 57 98 122 191 123 251 239 218 209 23 214 118 89 34 103 94 50 56
    128 35 38 217 130 27 110 239 185 103 101 173 67 115 194 123 242 238
    218 4 226 97 223 35 20 181 49 124 117 116 112 68 58 71 201 17 247
    207 152 172 24 21 240 60 156 73 23 254 55 159 88 119 165 250 37 101
    109 216 0 159 77 75 167 70 9 130 153 239 188 70 130 53 34 102 150
    126 16 99 92 246 135 29 32 186 92 9 130 22 199 138 128 104 211 88 36
    187 188 225 52 88 229 111 19 172 144 76 34 25 94 19 57 98 122 191
    120 212 233 242 216 138 182 245 234 247 234 229 60 255 114 203 159
    249 51 28 237 221 185 103 236 173 238 123 79 223 187 102 216 71 51
    255 215 163 85 57 119 253 253 102 112 92 234 63 221 28 251 243 157
    204 24 37 245 127 156 203 83 254 179 189 220 87 17 254 22 51 211 212
    50 128 216 110 198 128 83 21 85 194 145 82 126 214 2 107 134 46 198
    7 141 138 166 93 18 168 52 108 119 55 117 190 86 126 211 85 129 104
    177 78 170 4 137 110 137 164 89 199 48 26 180 73 129 114 51 251 120
    6 33 242 22 33 194 212 54 135 216 103 134 128 83 53 83 194 147 66 56
    212 66 239 135 47 199 71 13 138 166 29 82 172 52 108 119 61 101 186
    222 126 194 85 145 104 177 110 170 4 137 110 139 166 89 199 112 30
    188 72 64 115 51 251 105 39 33 246 254 125 255 158 118 15 95 111 231
    70 253 178 127 234 182 94 251 213 119 103 63 175 241 55 94 239 191
    29 211 156 126 169 210 37 52 251 194 124 209 252 18 202 61 47 219 28
    229 110 157 164 82 5 104 30 148 73 216 246 113 185 93 86 34 251 5 37
    225 144 17 196 41 111 132 198 129 52 81 170 147 70 202 92 3 98 9 162
    198 51 28 136 164 9 80 140 48 9 84 36 53 186 18 120 1 92 48 64 24 14
    66 20 65 110 25 44 24 5 240 28 148 72 16 226 59 189 72 6 32 243 235
    223 238 255 231 191 255 147 189 223 109 202 143 249 124 13 149 253
    124 239 126 119 146 115 127 255 191 190 126 114 118 177 214 93 219
