<?xml version="1.0"?>
<opencv_storage>
<ImageFile>"213.jpg"</ImageFile>
<Features type_id="opencv-matrix">
  <rows>257</rows>
  <cols>64</cols>
  <dt>u</dt>
  <data>
    227 204 239 169 202 30 7 195 45 103 40 202 159 237 118 205 139 85 61
    100 10 197 186 56 126 221 27 55 251 9 58 25 80 103 28 219 66 117 53
    150 54 226 24 63 95 30 92 144 77 37 86 4 73 127 135 46 152 236 33 60
    76 84 50 176 192 2 18 161 200 162 162 209 8 43 2 7 192 196 19 1 100
    73 9 70 72 133 14 216 14 92 58 236 132 6 35 22 113 163 89 9 17 230
    13 2 1 0 16 30 77 140 202 145 8 77 16 48 69 254 140 235 193 72 1 132
    68 7 16 160 193 11 130 17 64 66 160 134 0 170 2 7 2 193 3 42 8 9 161
    7 78 141 110 131 66 74 146 4 0 0 34 18 123 3 65 161 17 12 71 32 80
    36 24 6 73 20 1 226 25 8 24 21 209 88 156 138 17 104 3 181 72 84 1
    234 132 140 138 223 41 219 208 135 59 241 46 205 18 246 107 170 137
    19 184 43 198 61 238 107 121 67 146 102 37 235 31 118 183 147 113 96
    115 203 250 178 243 61 232 102 189 22 113 107 221 200 127 21 149 77
    185 202 19 91 58 45 81 125 3 255 132 204 138 223 43 223 208 135 63
    241 46 205 18 246 107 174 137 19 184 43 198 61 238 107 123 67 146 38
    37 203 31 119 183 179 113 96 114 219 250 178 211 63 232 118 189 22
    81 235 157 200 126 21 149 77 153 202 19 210 58 45 81 125 3 255 253
    255 255 221 254 255 255 255 255 255 253 251 255 255 255 255 243 213
    127 111 124 255 246 191 255 239 191 63 255 91 126 187 243 101 84 255
    214 119 253 245 250 223 123 62 221 190 221 127 157 173 30 5 248 63
    159 77 80 246 59 189 94 86 34 249 178 221 142 223 167 157 222 1 47
    193 61 202 191 124 124 252 245 147 52 183 22 127 211 99 249 214 243
    126 55 186 222 49 150 124 83 158 202 91 250 248 114 223 45 111 149
    30 245 47 145 174 16 13 184 29 157 75 17 243 112 61 81 93 42 251 242
    205 8 222 39 159 94 1 47 193 61 202 191 124 116 94 244 147 52 247 14
    126 241 99 249 214 243 124 35 186 222 41 146 60 64 222 202 75 218
    216 146 219 61 109 145 30 245 46 149 170 16 13 56 25 149 75 17 243
    112 61 89 93 34 251 233 223 246 255 225 255 255 91 189 95 104 203
    159 253 108 157 143 255 189 47 246 127 210 123 119 255 19 54 127 114
    126 13 151 211 249 17 245 205 254 41 103 255 250 245 255 25 253 179
    252 147 56 252 231 229 191 174 121 222 118 175 211 253 159 251 70 2
    1 129 200 144 130 73 10 42 2 4 128 0 137 17 64 69 1 0 200 1 138 72
    12 128 40 7 146 8 1 94 53 128 93 11 48 226 13 2 128 64 0 8 65 140
    136 17 16 12 24 36 37 81 140 43 16 72 34 44 72 7 48 176 89 27 175 93
    36 119 249 246 144 188 252 135 79 221 27 42 157 233 227 235 252 239
    86 151 155 111 150 214 104 214 246 251 239 58 195 36 223 40 248 105
    120 60 179 166 245 241 131 111 187 170 137 203 240 93 24 81 39 243
    87 255 250 242 205 254 190 253 88 254 255 24 94 9 43 67 45 250 188
    102 236 253 227 215 5 100 79 240 177 114 231 222 227 123 211 42 189
    49 242 36 92 218 66 115 129 246 146 222 24 93 212 30 244 30 137 173
    16 5 104 29 135 73 16 242 49 188 92 86 34 185 218 154 130 245 239
    245 219 184 156 189 87 79 131 92 83 4 60 223 126 211 236 47 206 88
    41 254 189 230 84 243 55 254 231 185 81 53 255 171 232 99 217 28 227
    46 241 53 155 123 185 202 25 3 244 221 156 97 83 211 183 189 242 87
    32 254 251 220 239 79 239 215 219 188 255 253 84 223 191 125 55 108
    253 247 127 55 252 231 254 252 123 255 253 62 255 83 127 127 223 237
    85 117 222 121 252 126 119 95 107 62 213 60 249 49 189 140 24 5 245
    255 156 207 88 246 179 189 218 87 50 255 195 217 138 182 5 66 92 6
    22 131 61 202 2 136 6 63 45 51 52 215 10 143 225 35 33 215 243 110
    83 51 130 33 130 61 50 89 67 13 194 193 82 234 48 233 155 88 53 174
    81 138 18 129 104 96 176 226 17 51 56 123 16 48 144 235 200 201 142
    223 111 95 216 183 61 255 62 207 31 252 127 238 141 213 124 171 220
    255 230 59 107 111 178 54 253 211 63 127 247 34 81 113 87 127 250
    240 210 127 235 62 221 150 209 107 157 137 30 5 253 29 157 77 17 246
    59 189 83 95 2 251 70 34 33 0 216 146 10 65 2 34 131 2 192 65 144 1
    226 197 3 96 200 37 2 88 76 152 188 47 146 12 33 74 87 36 85 186 66
    56 161 86 112 72 24 143 209 28 176 77 153 172 24 1 240 29 156 73 16
    242 51 188 88 87 32 248 68 9 131 208 0 71 96 231 1 230 67 128 82 160
    155 138 9 73 249 111 14 141 102 147 15 75 158 132 65 132 50 192 83
    19 113 169 16 236 70 64 48 32 176 38 63 28 67 234 95 168 120 209 81
    93 52 142 193 232 1 241 77 112 81 226 198 2 128 176 36 22 12 3 0 34
    35 2 194 129 18 3 13 73 99 197 10 133 82 144 14 85 157 224 128 166
    34 192 67 24 195 40 73 40 224 66 44 32 48 173 213 108 182 41 24 136
    0 3 193 93 24 24 1 67 17 181 108 83 64 106 198 3 131 16 228 82 10
    131 0 3 1 70 194 193 18 3 9 73 34 199 10 133 66 195 6 87 157 236 128
    166 34 0 87 56 67 138 72 40 232 2 32 40 48 169 213 92 183 47 24 136
    8 67 209 89 24 8 17 67 17 149 104 115 64 234 70 38 33 0 216 130 10
    65 2 34 131 2 192 1 128 1 226 197 3 64 201 37 2 80 76 152 172 15 18
    12 33 98 87 36 84 186 66 56 33 86 112 64 24 143 209 28 160 77 153
    172 24 1 240 29 156 73 16 242 51 188 88 87 32 250 196 34 129 176 32
    122 46 71 0 34 107 2 192 149 18 3 9 73 99 201 8 133 66 144 12 85 157
    226 128 134 35 192 65 24 195 42 73 40 32 66 44 0 48 189 215 109 182
    41 26 200 136 2 195 93 90 24 4 195 17 149 76 83 72 106 251 4 170 61
    135 100 251 236 156 239 213 191 179 136 3 190 40 28 19 87 40 139 230
    56 60 137 186 43 211 177 103 191 97 189 45 251 151 103 192 126 154
    200 149 138 203 25 139 56 89 142 90 133 217 30 180 96 208 176 57 248
    188 6 50 183 147 223 134 79 238 82 192 178 26 29 52 75 138 81 75 169
    109 199 60 190 68 12 173 200 42 87 63 96 157 75 146 55 212 107 25 81
    126 85 110 32 113 100 170 63 13 128 252 244 225 153 94 133 157 226
    142 235 215 84 44 15 84 109 16 178 253 54 247 52 92 102 171 254 240
    254 224 49 109 75 131 117 250 237 131 98 241 171 127 190 198 235 238
    143 219 13 97 239 255 39 84 191 82 176 101 254 90 78 26 142 209 113
    195 79 185 172 88 1 240 28 156 65 148 242 35 157 218 86 32 249 160
    207 198 223 163 93 220 149 175 213 41 203 159 251 254 239 171 244
    108 43 30 142 63 60 115 127 23 50 191 155 30 22 240 103 126 91 208
    213 250 166 119 127 104 127 190 254 124 176 197 145 118 253 223 143
    167 174 145 252 96 47 85 125 131 187 110 166 237 157 250 151 159 65
    47 103 1 90 221 112 191 69 226 213 11 98 207 37 210 120 76 218 188
    63 82 13 53 107 215 36 85 186 82 120 233 118 112 94 56 47 213 28 213
    15 153 172 24 5 240 29 157 73 16 242 51 189 88 87 32 250 250 220 238
    223 111 127 221 183 63 253 126 207 31 252 127 238 253 213 125 235
    220 191 230 59 107 239 183 62 253 83 63 255 247 37 84 121 86 127 248
    245 210 223 123 62 221 150 209 111 157 173 30 5 248 31 157 73 17 246
    59 189 91 86 2 251 110 166 109 141 250 159 159 65 47 103 5 218 221
    115 191 85 226 213 1 98 205 101 210 112 93 200 188 63 82 28 53 107
    215 36 85 186 82 120 233 118 112 94 56 47 213 20 245 79 153 172 24 5
    240 29 157 73 16 242 51 189 88 87 32 251 60 55 237 220 62 159 93 123
    55 252 215 53 93 126 185 70 240 213 64 34 213 117 208 115 93 250 160
    95 120 220 125 107 215 36 85 186 214 122 233 124 112 93 125 47 213
    20 229 111 153 172 24 5 242 29 156 73 16 242 51 189 90 87 32 250 124
    57 255 245 54 247 249 127 213 190 213 177 127 202 147 94 250 221 123
    127 191 63 199 191 191 251 246 255 90 253 244 238 207 63 37 255 223
    125 241 125 120 253 247 111 255 61 147 111 191 174 187 211 240 61
    156 85 68 255 127 251 251 55 161 254 131 223 2 79 238 90 196 130 26
    29 62 75 10 81 75 185 109 194 60 190 70 44 173 98 42 87 55 96 159 10
    146 55 182 107 89 81 126 69 254 32 115 124 170 127 13 138 252 244
    193 217 86 197 157 227 130 235 215 85 40 7 84 109 148 184 51 20 173
    134 95 167 155 60 150 126 22 85 173 77 17 5 124 247 66 176 240 39
    210 111 56 248 188 30 90 89 117 111 79 44 151 52 222 104 232 125 112
    196 71 143 197 32 245 111 185 172 24 9 240 24 156 65 56 50 59 185
