<?xml version="1.0"?>
<opencv_storage>
<ImageFile>"216.jpg"</ImageFile>
<Features type_id="opencv-matrix">
  <rows>272</rows>
  <cols>64</cols>
  <dt>u</dt>
  <data>
    253 237 239 253 62 127 249 247 253 253 254 253 95 252 255 238 235
    221 251 107 245 125 246 243 123 111 183 182 125 215 62 239 223 98
    117 250 215 122 249 124 250 125 255 47 221 55 247 111 189 172 26 13
    240 29 157 77 22 246 115 189 91 95 34 251 50 213 108 154 55 31 29 11
    231 70 61 186 61 58 124 95 213 247 98 244 18 246 209 102 93 213 245
    57 51 186 222 41 146 12 199 142 202 120 131 89 54 219 60 45 148 92
    244 44 147 172 144 13 34 25 214 89 56 242 48 61 121 211 104 250 56
    207 255 222 34 95 245 183 63 220 94 157 29 126 255 236 243 214 65
    110 212 125 212 115 121 206 164 28 127 218 62 251 247 100 85 178 215
    90 217 116 242 93 92 46 212 150 229 110 157 172 159 13 242 29 157 77
    16 242 123 189 91 95 42 250 37 6 228 42 153 164 39 77 32 110 130 37
    32 47 171 5 202 36 129 96 224 65 90 41 84 136 8 5 58 8 41 71 21 132
    87 58 48 162 37 14 36 64 8 128 68 209 100 65 24 108 24 0 180 28 156
    9 24 162 131 180 138 70 34 96 71 55 192 50 221 162 34 90 32 32 128
    50 172 203 130 17 98 173 1 212 233 39 195 115 6 216 248 13 210 12
    161 97 95 37 20 187 83 56 5 84 64 64 24 139 193 89 227 79 24 172 24
    4 240 28 156 73 16 178 51 157 24 87 32 122 250 207 238 222 99 31 93
    131 55 222 61 202 31 248 126 254 181 179 60 191 22 247 244 50 91 199
    179 120 233 248 222 57 242 52 66 233 210 124 242 248 246 95 61 125
    183 30 213 110 159 170 24 13 242 29 157 95 17 247 113 61 127 212 10
    251 19 146 24 35 221 176 163 24 218 57 84 111 164 91 0 17 126 231
    165 145 232 39 139 125 160 254 121 38 94 99 225 103 31 234 153 52
    119 137 108 35 105 196 106 105 193 65 191 115 184 214 25 32 244 160
    218 225 55 178 182 143 144 151 180 94 59 222 239 250 63 253 253 31
    253 254 220 249 255 125 124 221 157 254 227 251 244 127 219 127 245
    255 243 247 127 243 253 239 159 218 223 36 255 248 248 59 124 255
    239 109 247 213 247 107 187 250 153 79 246 5 254 93 63 215 255 255
    243 251 237 222 69 6 194 33 217 224 163 220 128 253 194 53 128 27
    131 37 74 124 129 98 232 3 206 56 14 168 8 7 144 9 33 79 117 161 85
    186 48 178 13 30 197 20 10 134 65 128 73 193 24 44 88 37 213 28 156
    64 32 104 163 140 200 6 34 253 44 46 247 184 58 255 165 127 245 252
    194 181 125 63 185 198 251 252 227 106 245 115 222 255 93 249 180
    135 122 221 57 239 207 36 87 186 215 122 233 124 124 93 120 175 85
    181 119 111 153 172 24 13 242 29 156 73 16 242 51 189 90 87 40 250
    63 254 237 248 63 253 253 31 253 254 220 249 255 125 124 221 157 252
    227 251 245 127 219 127 245 255 119 247 127 119 253 239 159 218 223
    36 255 248 248 59 124 255 255 109 215 245 247 107 187 254 153 79 246
    5 254 93 63 215 255 239 243 251 237 222 175 254 109 234 183 61 151
    217 253 95 188 250 189 63 252 253 211 245 47 121 116 86 144 116 125
    245 57 59 255 91 127 185 208 108 222 218 226 121 185 181 119 223 122
    61 212 150 244 109 142 189 20 12 202 181 143 29 56 244 48 156 95 223
    46 185 196 34 67 161 217 160 170 252 24 187 226 51 193 2 131 65 66
    77 137 66 200 129 142 24 12 136 40 35 208 9 33 94 113 161 28 187 116
    247 37 182 208 70 26 30 66 135 72 209 24 44 92 37 81 158 141 104 144
    232 163 156 76 6 32 181 122 157 239 255 55 191 251 123 253 245 213
    223 255 124 63 78 254 253 99 251 244 119 211 247 93 250 180 190 122
    215 119 235 223 44 87 190 219 120 249 125 120 93 61 47 213 53 247
    111 153 172 24 13 240 29 156 73 16 242 115 189 91 87 40 250 189 190
    247 237 221 237 227 252 253 125 206 127 239 125 255 253 251 245 187
    98 252 45 222 121 127 255 56 63 255 95 123 239 215 231 93 187 118
    243 253 126 117 92 90 175 77 16 253 247 157 180 88 36 240 191 156 73
    56 252 35 173 218 79 32 254 114 49 177 150 18 3 28 111 198 34 211 48
    113 130 144 82 127 214 66 65 10 168 229 7 140 129 230 9 2 136 16 104
    64 36 52 190 10 116 3 214 16 192 149 11 138 28 129 78 147 164 83 128
    32 24 20 73 128 50 33 248 88 4 32 244 30 49 25 246 54 7 88 35 198
    128 87 22 81 210 144 82 118 194 70 199 7 44 193 215 140 154 182 201
    66 174 180 168 66 44 4 190 75 120 193 85 152 216 177 15 224 36 163
    110 155 172 145 67 120 29 156 89 16 243 51 249 120 23 32 250 59 182
    109 142 191 189 159 25 255 126 23 36 189 63 125 85 148 247 0 240 240
    112 19 116 212 176 224 29 126 120 253 107 215 124 215 190 218 122
    168 113 180 95 91 13 212 196 244 79 154 190 24 15 178 29 223 89 56
    243 59 188 122 219 110 243 135 189 2 117 189 168 248 88 152 153 166
    107 226 73 192 1 96 237 167 211 229 46 3 87 101 30 227 167 86 14 161
    54 223 42 220 190 122 57 233 245 89 124 58 239 209 113 191 127 184
    190 24 1 240 157 220 65 22 179 183 191 56 119 164 90 247 181 202 55
    117 114 218 158 242 187 181 234 238 203 6 27 124 239 55 215 229 39
    115 87 165 219 241 255 83 63 227 98 223 60 149 190 251 56 233 117
    120 92 58 173 209 113 179 111 185 174 24 3 240 29 220 65 18 179 55
    189 56 211 100 251 124 46 239 169 218 221 163 229 253 126 82 30 221
    124 187 228 250 213 75 102 253 245 223 252 222 232 60 173 238 220
    123 171 103 110 71 187 222 115 237 124 188 85 84 158 85 166 193 213
    159 44 152 9 242 29 157 89 8 228 107 189 90 79 42 240 57 220 254 109
    46 255 245 119 57 253 206 205 222 125 111 173 253 187 251 187 244
    117 94 251 243 127 116 246 109 87 255 231 223 248 67 36 255 235 248
    120 125 157 122 167 213 113 247 107 185 232 139 15 244 93 152 77 63
    215 255 189 243 251 14 222 59 48 136 34 31 240 145 28 208 42 212 52
    40 14 35 81 73 54 3 208 225 83 203 77 36 128 72 135 82 81 97 234 157
    140 149 38 127 193 41 114 120 193 70 41 85 85 55 97 59 108 27 4 244
    25 88 81 62 178 175 184 152 147 108 206 32 134 101 138 10 221 129
    105 167 68 15 4 25 116 249 228 130 84 64 32 212 112 144 226 89 132 4
    0 36 218 29 89 182 68 81 154 80 82 203 12 183 21 12 6 20 150 228 111
    145 44 137 13 178 25 157 9 56 98 58 172 64 79 46 248 122 49 9 214 54
    27 88 51 198 130 87 16 113 194 48 82 54 215 70 215 7 188 193 151 137
    154 166 141 66 168 180 168 82 44 6 190 74 120 192 85 24 217 181 47
    224 44 165 110 155 174 145 71 120 29 148 89 16 243 59 185 121 22 32
    250 92 33 185 148 0 7 120 103 196 0 215 52 81 194 144 66 114 0 67 68
    3 41 192 135 156 10 164 141 64 140 48 168 66 4 4 186 0 122 1 84 144
    192 149 6 224 60 161 78 155 36 153 3 112 28 20 81 0 114 51 249 72 22
    33 250 67 22 146 3 205 130 130 140 42 43 2 70 174 75 3 17 108 167 41
    146 200 7 91 109 130 208 248 110 146 8 227 70 87 173 87 55 88 168
    109 98 100 84 8 137 213 88 181 87 152 236 24 1 244 125 156 195 0 126
    147 181 216 87 48 122 60 33 113 178 18 39 33 111 196 68 215 52 113
    14 177 70 114 60 67 68 51 32 213 135 28 168 132 137 66 156 112 169
    96 36 39 186 3 96 1 92 24 193 20 2 64 37 3 78 25 36 211 12 114 24 20
    65 56 34 43 184 9 6 32 224 178 241 77 198 54 27 81 58 214 4 149 114
    127 122 20 80 114 215 86 181 3 118 161 231 174 178 245 25 182 154
    212 41 150 44 148 222 74 88 203 213 208 219 153 15 145 44 241 78 147
    173 129 5 120 25 154 91 48 114 48 29 88 29 36 219 252 57 247 151 210
    231 243 255 220 229 215 191 247 226 147 74 251 213 123 103 255 173
    231 151 155 123 188 175 66 136 114 171 207 39 117 187 86 121 237 124
    112 92 181 46 221 60 233 47 159 172 153 129 241 61 156 75 64 254 51
    249 88 87 32 250 67 22 128 3 205 130 131 12 34 59 2 67 172 75 3 17
    100 231 33 144 200 39 91 105 198 200 232 111 18 8 225 71 215 172 87
    63 120 56 45 102 100 84 8 143 213 80 181 79 152 236 24 1 244 29 156
    65 16 242 147 181 216 87 32 122 4 50 85 130 92 130 2 88 226 0 130 48
    109 3 128 1 98 199 65 100 193 33 64 227 128 136 232 13 16 8 1 64 95
    36 87 186 88 56 1 68 100 80 24 143 193 112 228 79 152 172 24 1 240
    24 156 73 0 114 19 180 88 87 32 120 92 41 179 245 112 103 120 231 20
    170 211 53 83 192 155 242 42 217 27 79 175 173 230 27 15 138 182 207
