<?xml version="1.0"?>
<opencv_storage>
<ImageFile>"217.jpg"</ImageFile>
<Features type_id="opencv-matrix">
  <rows>221</rows>
  <cols>64</cols>
  <dt>u</dt>
  <data>
    237 255 244 248 223 239 103 91 253 125 236 251 255 255 182 77 251
    245 255 39 255 127 219 119 87 255 255 55 250 94 122 237 223 103 87
    191 246 124 255 124 124 253 254 231 221 121 245 231 188 164 152 92
    227 125 158 79 120 190 119 191 218 247 189 250 250 141 238 223 47
    223 209 167 63 253 30 221 159 252 127 254 253 211 120 187 212 127
    247 115 121 103 178 126 123 219 223 107 199 102 83 240 246 91 251
    124 242 221 237 47 149 22 245 111 157 172 155 13 242 29 156 93 59
    246 123 189 91 125 42 250 214 249 211 247 209 98 251 206 210 171 249
    255 227 198 131 122 107 213 61 71 15 173 230 31 46 223 251 47 211 43
    34 62 115 167 61 251 18 125 111 246 113 104 177 106 239 29 25 182
    205 172 122 245 233 126 180 235 208 188 33 251 92 85 177 182 250 208
    219 255 255 178 223 152 222 191 117 218 175 72 22 91 126 215 62 123
    142 63 239 125 173 215 255 127 87 57 247 254 215 173 188 127 250 253
    250 119 114 206 227 125 179 28 217 63 223 223 26 3 252 181 188 255
    81 255 179 223 253 87 48 191 216 56 215 37 218 97 169 254 200 171
    242 127 247 224 147 120 127 133 103 71 104 133 239 220 142 255 255
    170 194 134 114 190 127 37 77 255 90 125 109 94 121 64 52 62 207 61
    185 181 153 172 24 181 242 30 28 73 64 240 17 185 92 87 32 250 248
    218 127 207 254 255 255 217 127 255 44 219 191 255 252 253 247 215
    125 111 220 93 191 121 239 223 107 63 255 75 127 191 243 231 126 91
    82 247 253 247 215 223 74 30 219 158 216 151 205 149 86 181 237 255
    143 239 208 252 171 142 221 92 50 189 252 50 247 179 217 227 162 248
    206 161 211 54 231 194 147 80 122 131 123 86 123 133 203 212 138 123
    249 239 194 142 226 170 95 45 69 191 89 56 109 86 124 64 48 15 197
    45 187 181 156 172 24 33 242 60 28 65 64 124 17 177 8 23 32 122 249
    253 255 255 52 101 253 253 255 229 253 255 239 175 215 254 251 247
    127 111 63 143 255 188 253 255 255 187 251 31 254 191 231 103 61 223
    150 191 253 255 91 94 249 190 191 59 93 181 205 172 127 185 216 191
    180 100 248 188 121 123 255 215 43 255 250 26 227 167 255 230 155
    188 222 191 210 127 175 74 19 116 127 215 255 19 232 135 174 124 46
    255 255 55 222 251 119 254 103 173 77 117 255 181 237 119 105 68 227
    62 205 33 185 113 190 158 24 129 247 182 156 227 196 52 183 185 254
    31 48 254 249 237 127 253 50 125 249 255 217 255 238 221 119 244 253
    234 227 212 191 111 62 184 173 190 111 207 163 139 223 71 62 63 240
    39 125 251 86 247 221 244 211 255 249 62 254 158 72 182 141 45 118
    181 248 31 135 77 208 252 41 236 93 78 35 181 249 253 127 253 50 127
    253 255 249 255 238 221 127 244 253 250 227 212 191 111 30 152 172
    191 239 207 35 155 95 75 62 63 240 103 124 251 86 247 221 244 211
    223 249 62 250 158 72 246 141 45 118 181 248 31 135 77 208 252 41
    236 93 78 35 181 123 188 253 126 123 207 127 13 255 124 206 185 189
    127 174 222 255 179 242 178 253 127 83 103 209 255 244 255 107 249
    223 231 143 237 67 52 191 217 250 125 124 221 239 225 245 113 247
    111 189 230 137 79 246 13 120 245 63 183 255 187 187 239 189 78 208
    18 151 151 200 195 130 176 74 161 51 31 164 82 3 48 127 215 120 70
    200 165 135 196 138 95 249 110 146 10 147 62 223 37 85 183 83 88 237
    86 112 80 40 47 197 60 253 53 157 172 24 5 245 120 156 203 80 126 51
    189 88 87 48 250 214 41 219 179 216 192 170 200 74 227 33 122 178
    194 131 122 107 147 53 71 79 133 239 88 142 223 187 43 194 138 50 59
    87 39 85 251 82 125 109 86 112 64 48 47 221 28 249 181 153 172 24 37
    240 31 156 105 16 240 49 189 92 87 32 250 17 214 116 136 140 157 134
    113 43 66 170 72 204 53 108 21 244 231 129 160 208 112 24 225 224 52
    105 124 60 28 201 1 220 64 217 12 8 72 41 32 39 23 10 165 84 146 244
    71 146 20 8 12 34 129 75 13 46 18 22 164 18 219 108 64 248 201 126
    127 51 121 251 253 221 185 255 253 119 188 239 238 235 212 127 107
    46 186 173 62 109 207 167 59 215 79 63 190 248 39 125 251 86 247 249
    246 219 255 249 62 254 191 72 52 141 173 118 181 216 159 167 76 208
    248 41 254 93 14 35 181 41 206 111 201 55 125 213 253 189 254 126
    157 29 60 125 239 129 212 93 104 244 210 188 56 125 173 7 16 125 83
    63 255 240 102 125 250 86 119 153 180 247 255 126 62 94 134 76 240
    141 45 86 4 203 31 135 12 144 228 43 188 95 14 34 177 125 189 255
    252 54 127 241 127 253 252 222 213 95 188 254 238 251 253 251 111
    244 95 246 183 125 255 188 151 125 223 126 239 199 103 119 190 214
    122 253 124 93 221 255 167 223 54 117 238 191 172 255 157 242 61 158
    92 120 246 123 251 219 223 46 254 66 10 130 139 107 159 130 39 15
    240 22 7 152 190 59 132 228 147 40 182 196 21 203 113 91 64 136 6 38
    208 29 71 151 37 81 48 83 74 236 104 240 29 72 46 85 142 241 111 157
    168 153 13 183 13 153 203 16 114 51 181 80 69 0 250 196 239 215 221
    96 78 216 231 43 197 47 158 82 245 223 170 169 192 60 111 14 140 164
    162 127 215 179 121 133 170 26 57 240 55 117 203 66 119 222 222 179
    62 169 118 190 158 108 188 197 169 118 247 25 95 165 238 209 220 104
    124 93 100 19 185 199 41 194 55 221 66 129 142 142 161 169 123 162
    203 130 123 107 167 63 215 79 143 239 93 70 223 251 47 210 10 34 54
    207 47 71 255 83 61 237 126 120 92 48 171 205 89 189 181 217 172 24
    1 240 30 156 195 16 240 49 189 28 85 48 122 210 19 135 19 206 97 137
    190 166 175 57 66 143 193 18 43 109 213 37 103 10 143 238 104 14 223
    191 42 146 2 50 58 119 39 29 219 82 108 109 198 116 64 56 63 207 28
    253 181 24 172 24 5 208 26 156 73 24 176 49 29 92 87 0 250 214 57
    211 179 216 194 2 135 74 33 1 122 226 195 130 24 122 131 57 199 79
    141 107 69 198 219 249 111 130 138 162 34 135 39 71 191 90 60 109 86
    96 80 48 139 217 24 185 181 217 172 24 1 240 31 28 227 80 248 49 189
    88 85 48 250 219 18 134 215 254 103 143 180 174 189 112 75 143 201
    50 7 109 245 125 239 104 175 238 56 8 255 191 46 218 18 115 63 83 45
    124 121 82 124 108 101 117 72 58 63 203 8 253 53 140 140 92 5 211
    190 156 195 209 180 49 31 220 87 32 186 130 218 10 231 253 248 154
    144 56 25 22 79 170 87 64 49 4 199 156 157 64 68 129 112 34 86 89 50
    254 99 131 50 30 241 217 65 127 91 204 33 209 148 27 28 193 133 250
    49 238 219 133 35 221 231 202 235 87 93 182 15 68 27 84 154 182 177
    90 247 63 176 216 26 86 155 151 119 166 82 128 81 126 198 132 155
    197 46 97 95 164 146 242 91 94 111 197 118 31 188 158 182 254 57 235
    245 81 76 163 72 162 69 145 111 248 255 24 67 252 160 248 113 22 51
    182 143 56 59 165 90 196 141 195 223 201 79 67 207 61 224 4 157 19
    254 191 238 139 85 57 102 206 141 238 35 127 203 26 7 211 137 26 79
    215 39 117 251 18 247 95 54 147 255 76 118 93 158 105 226 93 36 94
    148 145 94 148 138 208 236 41 61 72 69 51 251 186 221 126 237 191
    253 221 73 63 199 255 254 191 108 124 253 255 215 60 251 135 124 179
    123 239 223 115 127 127 127 255 255 215 230 223 219 194 127 251 119
    55 221 253 109 223 30 253 63 205 189 18 5 234 149 183 109 24 246 120
    191 85 95 48 190 182 178 82 167 253 176 186 129 86 155 67 119 164 2
    145 81 118 195 141 219 193 36 7 92 164 154 123 235 214 174 227 182
    39 172 158 151 125 189 41 213 73 64 19 216 227 69 154 53 248 255 24
    35 244 128 252 241 150 115 150 133 124 27 112 50 185 222 239 248 63
    125 253 255 253 254 252 185 127 185 127 239 255 252 227 123 244 214
    252 191 127 61 247 178 253 87 127 255 249 104 223 124 255 246 249
    125 254 95 122 63 214 247 215 233 185 237 30 5 248 29 159 93 158 246
    255 189 223 222 42 183 114 49 205 214 54 135 95 60 198 38 53 48 125
    194 20 82 50 214 66 241 139 187 227 135 140 163 230 31 18 184 85 104
    83 44 4 190 202 120 50 215 48 202 165 75 178 60 165 14 19 166 25 71
    32 24 22 27 24 51 115 219 121 22 160 251 120 233 127 253 51 253 251
    253 221 250 255 189 117 60 249 238 251 212 91 111 30 186 229 60 125
