<?xml version="1.0"?>
<opencv_storage>
<ImageFile>"218.jpg"</ImageFile>
<Features type_id="opencv-matrix">
  <rows>288</rows>
  <cols>64</cols>
  <dt>u</dt>
  <data>
    249 255 247 223 255 239 247 255 255 253 220 255 255 255 254 252 251
    213 127 111 126 223 190 61 127 238 62 63 255 219 126 191 247 103 117
    255 214 119 253 254 215 95 221 62 221 158 237 183 141 37 95 157 250
    191 143 79 248 252 97 255 223 78 50 253 254 254 251 239 255 190 223
    137 255 123 189 250 191 251 238 253 247 183 62 247 255 223 187 124
    247 223 251 127 255 251 255 190 167 237 206 223 234 119 255 247 235
    222 104 249 217 95 252 149 205 191 22 13 236 183 255 251 80 244 244
    62 254 93 186 189 109 173 230 248 90 239 103 87 61 116 196 175 223
    255 191 207 139 57 251 102 255 125 90 243 87 123 18 181 105 212 62
    197 223 99 119 187 17 254 253 60 125 61 124 103 93 221 127 227 221
    164 168 92 211 125 152 12 59 238 123 191 219 111 183 218 249 222 126
    253 254 191 255 241 61 255 253 203 223 121 126 253 181 253 127 235
    252 245 18 248 255 127 255 254 253 119 255 247 223 121 222 109 219
    121 248 251 126 95 123 191 245 127 255 63 157 223 24 15 248 253 159
    93 122 247 115 191 255 219 46 191 249 222 126 253 254 191 255 241 61
    255 253 203 223 121 126 125 181 253 127 235 252 247 18 248 253 127
    255 254 253 119 255 247 223 121 222 109 219 121 248 251 126 95 123
    191 247 123 255 63 157 223 24 15 250 253 159 93 56 247 115 191 255
    223 46 191 249 222 254 237 255 255 255 177 61 127 124 203 159 125
    126 253 245 255 127 251 252 247 179 248 251 127 255 254 253 87 255
    247 223 109 223 125 223 127 248 245 126 95 122 63 213 55 255 125 157
    173 28 13 250 189 159 77 18 247 115 189 223 223 42 250 252 171 255
    221 114 127 249 247 253 252 94 223 95 244 251 238 251 221 251 111
    245 253 246 243 251 111 182 246 109 215 126 251 239 115 71 252 222
    123 249 124 254 29 247 54 253 182 247 111 191 172 143 207 242 29 157
    93 118 246 123 253 123 95 107 254 253 171 247 117 240 123 251 254
    216 189 214 255 227 211 210 234 42 205 255 79 127 143 230 151 47 123
    158 167 205 7 34 190 223 39 101 251 87 191 253 245 217 124 179 246
    235 41 59 182 253 175 111 243 209 255 156 226 212 252 117 255 126 53
    151 255 253 59 247 209 216 111 99 250 252 189 198 55 199 223 250 111
    235 253 255 103 126 175 202 247 15 255 191 175 248 10 114 191 211 39
    85 187 16 248 253 124 120 84 58 55 205 40 253 231 156 172 24 53 241
    63 156 65 112 252 51 191 88 23 37 250 251 221 255 223 255 255 223
    248 255 255 253 251 191 251 246 253 251 245 62 111 190 255 182 127
    111 255 183 63 255 123 126 63 243 231 60 223 210 117 255 255 119 207
    237 127 223 30 253 183 205 181 86 133 232 191 151 111 216 246 121 31
    221 93 50 189 255 236 239 185 250 223 31 69 255 239 249 186 223 175
    182 254 251 241 63 237 185 215 251 61 93 255 189 63 67 159 127 235
    193 45 71 187 218 125 237 126 112 220 124 175 215 28 244 61 157 172
    24 5 224 29 156 79 88 246 51 189 95 87 56 250 239 236 239 185 222
    255 127 229 253 255 252 190 223 173 255 238 219 245 123 102 253 215
    219 61 95 253 191 63 251 223 127 239 211 165 87 251 210 125 253 126
    122 220 124 191 215 30 245 177 159 172 24 13 241 125 156 95 88 252
    123 189 223 214 58 246 252 254 117 133 254 253 7 121 255 125 186 127
    255 63 252 253 243 245 79 96 253 83 187 252 223 236 237 63 255 95
    127 239 213 109 86 191 210 115 173 246 215 223 90 159 213 54 252 85
    157 165 28 12 226 157 159 73 24 246 51 188 218 94 42 248 252 59 255
    213 114 119 249 255 220 189 214 247 83 210 219 238 250 221 251 111
    127 175 238 191 47 234 182 135 221 203 54 254 111 39 125 251 86 255
    221 244 217 117 211 30 235 174 9 246 175 45 255 245 249 63 158 73
    212 252 107 223 95 15 35 255 191 254 109 245 255 189 255 89 189 127
    251 250 221 124 252 117 242 253 95 99 252 118 146 124 125 254 167
    191 254 255 127 251 243 108 222 191 210 123 249 255 222 95 93 63 213
    23 245 95 157 173 24 5 250 29 159 89 16 246 115 189 251 223 42 184
    59 253 255 126 54 189 221 59 255 223 253 250 255 127 116 94 245 247
    118 251 183 126 211 255 253 127 231 255 127 255 253 235 223 124 174
    254 223 125 250 125 122 223 255 237 183 117 247 111 191 191 139 207
    248 29 255 93 63 247 127 255 251 251 239 255 246 114 243 247 254 178
    159 216 206 187 177 58 239 195 145 91 122 215 62 126 203 135 139 125
    142 219 255 63 214 45 241 126 83 173 28 191 90 189 37 87 48 74 105
    31 211 140 216 21 156 173 16 33 97 184 159 235 80 254 177 157 220 87
    48 183 254 252 127 239 255 253 255 249 255 127 255 255 255 126 254
    253 243 245 127 123 253 255 187 124 255 255 255 191 255 255 127 255
    231 237 222 255 254 119 249 255 219 223 223 127 221 127 252 61 173
    183 158 13 234 183 159 125 248 246 251 191 255 223 62 189 126 190
    255 189 255 191 63 253 255 255 249 186 253 174 191 95 243 245 123
    116 253 215 211 125 223 237 253 191 251 253 255 239 207 45 215 191
    218 121 245 119 126 95 119 175 213 253 245 61 159 174 152 13 242 189
    157 95 88 254 123 189 251 223 56 246 191 246 125 167 255 189 159 89
    255 125 189 123 255 123 244 125 242 247 30 112 245 118 179 124 230
    222 233 63 255 127 253 255 247 236 222 254 250 115 169 247 215 223
    94 31 208 23 252 77 141 191 24 13 250 189 159 73 24 246 179 188 218
    95 46 249 171 214 236 142 191 157 31 29 191 127 185 235 189 47 54
    125 245 247 64 177 216 115 211 124 85 233 232 59 123 217 125 111 221
    108 86 186 218 120 161 254 118 223 108 47 212 86 245 93 153 172 24
    13 226 29 159 77 24 242 51 188 218 94 42 249 243 220 222 151 255 199
    219 183 62 237 63 223 191 235 114 253 255 215 61 231 204 133 231 113
    111 203 185 47 211 27 242 59 247 37 85 251 82 125 237 244 210 92 56
    46 217 30 249 125 153 172 26 5 248 29 156 75 16 242 51 189 88 87 32
    251 252 186 255 239 255 179 186 249 220 187 210 255 239 86 219 120
    242 143 251 223 253 7 207 220 175 122 250 239 222 215 231 254 239
    173 207 127 255 191 237 119 249 92 99 190 213 61 155 49 191 222 24
    163 245 253 220 243 86 255 183 189 254 87 120 254 195 17 130 23 221
    194 2 142 34 33 1 103 170 207 2 17 107 247 33 87 202 175 227 99 6
    219 248 47 146 8 34 103 215 39 21 187 82 48 109 84 80 64 24 11 201
    24 245 239 153 172 24 5 240 24 156 73 16 178 51 189 88 87 32 250 47
    230 109 40 255 189 47 89 185 127 200 126 236 63 236 69 192 253 3 240
    241 81 26 248 68 252 169 183 124 94 57 195 221 108 215 186 91 120
    169 116 124 94 26 15 213 117 246 73 153 172 24 5 240 29 158 73 24
    242 51 188 90 215 42 248 252 255 255 223 250 127 255 255 223 255 126
    191 255 254 251 254 251 213 253 111 254 253 238 63 127 255 187 63
    255 219 127 255 243 231 125 251 214 255 255 246 243 127 239 126 255
    142 89 243 207 173 127 245 251 191 159 207 208 252 107 255 223 12
    179 182 187 214 108 159 175 149 159 141 191 255 57 203 189 41 54 87
    245 246 0 179 216 114 255 124 85 163 226 59 123 249 253 111 247 236
    94 62 250 121 177 254 118 78 108 47 214 86 213 95 153 172 24 5 242
    29 157 77 24 242 51 188 223 214 42 249 126 60 209 183 255 205 218 13
    95 249 86 127 191 102 186 244 242 151 16 19 205 61 203 105 221 202
    242 63 90 249 191 111 135 165 85 51 247 251 235 119 192 93 231 104
    209 22 253 123 157 238 24 5 246 21 188 105 16 242 247 185 219 95 48
    254 248 255 255 255 250 127 255 255 255 253 126 191 191 254 251 254
    251 213 253 111 254 253 238 63 127 255 187 63 255 219 127 255 243
    231 125 251 214 255 255 246 243 255 239 126 255 142 73 247 207 173
    127 245 251 191 159 207 208 252 107 255 223 12 51 183 254 250 243
    121 220 114 235 248 220 191 208 191 227 192 223 219 251 221 59 70
    111 143 143 28 143 223 191 175 211 15 115 190 195 175 85 255 82 181
    237 118 120 76 48 63 95 157 187 181 221 172 24 161 241 255 156 227
    208 252 49 189 92 71 48 183 221 43 247 116 48 114 249 246 208 188
    196 241 66 209 147 10 43 205 235 111 231 45 102 211 143 107 150 247
