<?xml version="1.0"?>
<opencv_storage>
<ImageFile>"219.jpg"</ImageFile>
<Features type_id="opencv-matrix">
  <rows>247</rows>
  <cols>64</cols>
  <dt>u</dt>
  <data>
    250 50 247 247 255 183 155 184 222 191 210 127 239 72 19 85 124 255
    123 242 253 47 139 253 142 122 255 254 222 215 247 255 79 173 207 63
    223 189 237 127 121 76 195 14 193 105 155 119 190 252 24 1 244 189
    156 81 70 246 183 159 254 215 32 254 251 186 255 103 254 183 219 176
    222 191 210 127 255 72 51 85 124 247 127 242 253 63 139 253 170 126
    255 254 222 215 247 255 79 237 207 61 223 189 237 127 121 76 227 14
    213 105 155 119 190 220 24 1 246 189 156 211 86 246 247 191 254 223
    48 254 63 253 253 252 62 125 245 123 255 84 221 250 127 127 254 221
    251 254 99 251 245 118 209 247 253 255 245 251 127 223 255 233 159
    108 199 190 223 120 249 125 124 223 255 175 213 117 247 111 187 174
    137 79 242 29 222 93 60 246 127 191 251 223 108 218 61 245 125 124
    54 253 125 123 245 92 253 241 125 127 252 221 251 252 99 123 245 122
    209 247 253 255 229 187 127 222 125 233 223 108 199 190 218 120 249
    125 124 221 126 175 212 113 247 111 185 172 152 13 242 29 158 93 56
    242 115 191 251 223 44 250 187 221 108 222 55 189 93 27 255 215 61
    250 191 123 116 223 145 247 60 187 183 118 241 119 117 247 227 63
    127 121 221 105 151 236 150 246 234 89 250 253 118 223 111 125 151
    86 245 111 151 191 154 15 248 21 255 93 56 247 126 191 251 219 174
    219 3 22 68 32 221 160 33 88 160 44 128 33 168 73 128 1 98 236 3 80
    224 34 8 127 6 168 96 15 82 0 97 71 95 46 148 186 81 48 33 70 76 64
    26 14 64 97 195 79 24 36 24 4 96 28 156 65 16 178 183 156 136 86 36
    121 175 221 108 206 63 157 223 9 191 87 189 234 191 123 108 253 129
    245 60 123 198 118 176 122 101 215 227 59 127 123 93 107 215 236 222
    218 194 123 251 247 210 223 104 125 208 86 245 111 149 191 30 5 232
    21 223 77 16 246 114 191 89 223 42 251 109 140 252 127 251 253 247
    121 189 253 206 253 191 127 236 206 187 185 251 59 253 127 219 127
    113 126 212 55 124 223 255 231 207 235 103 52 247 155 249 126 125
    189 110 167 245 113 255 99 189 230 153 45 244 29 154 69 58 255 255
    189 251 255 173 222 5 146 68 37 189 176 163 120 48 185 194 97 172 25
    0 1 96 237 137 153 225 3 202 120 32 56 72 38 124 5 33 71 93 224 156
    48 119 185 41 55 221 68 10 14 193 161 218 81 56 126 24 5 244 172 158
    73 54 146 183 140 192 23 36 95 44 140 172 136 0 207 164 71 45 196 14
    132 17 60 253 238 139 56 225 40 180 87 90 195 81 117 20 36 41 214 31
    192 141 82 99 32 181 202 235 40 44 53 100 161 53 244 55 235 179 232
    169 24 151 5 120 20 47 202 206 225 131 233 73 74 237 254 111 233 254
    253 167 249 253 255 254 255 223 189 253 237 227 253 255 106 253 215
    190 252 111 125 61 183 253 87 123 255 249 227 223 113 119 247 189
    182 255 87 90 62 95 167 90 241 173 93 94 180 223 255 143 109 214 252
    175 172 223 78 62 181 5 54 244 116 60 162 45 82 176 60 192 99 194 73
    128 1 34 237 131 99 225 47 89 127 6 42 166 151 90 5 97 71 87 32 52
    186 113 184 97 125 93 72 26 143 233 113 211 75 56 164 24 5 240 28
    156 65 18 178 51 159 216 87 32 250 59 159 124 194 255 159 147 27 190
    84 150 119 189 127 108 117 246 183 67 178 245 118 145 119 115 170
    192 95 126 218 221 227 143 108 67 182 247 90 249 252 220 29 26 134
    208 115 245 79 185 174 137 13 242 29 217 89 58 242 119 189 218 223
    46 216 5 182 77 1 28 176 161 116 240 190 196 65 76 25 129 1 74 236
    131 32 241 98 78 252 0 41 4 130 124 5 97 71 221 72 149 36 117 176 41
    124 124 4 58 134 80 225 211 75 56 252 8 5 240 28 156 65 62 178 183
    157 218 215 100 251 236 110 231 201 146 125 161 247 253 255 106 189
    91 191 251 238 203 92 239 106 61 208 190 184 91 109 29 161 237 219
    58 159 248 71 119 251 85 247 173 190 190 117 120 54 94 166 74 176
    141 45 246 188 219 159 133 28 192 236 41 124 207 78 42 180 59 157
    252 198 255 143 209 27 183 84 150 119 191 127 236 117 246 183 67 178
    245 127 145 119 114 170 192 95 126 218 221 227 143 108 67 182 242 90
    249 252 221 29 30 135 208 115 245 79 185 174 137 13 242 29 217 65 56
    242 119 189 154 223 174 216 254 248 239 221 254 253 219 153 255 255
    191 254 223 94 254 253 153 245 126 187 159 127 250 125 255 215 255
    127 127 255 95 191 199 255 223 79 250 255 255 247 242 255 231 253
    151 94 253 51 255 223 152 235 255 245 253 255 80 247 242 127 255 253
    254 255 182 187 243 118 53 154 221 75 214 177 181 251 231 219 132 94
    250 215 38 75 135 47 227 119 237 219 247 127 86 41 225 110 151 46
    116 190 82 56 251 119 113 94 177 239 249 20 181 111 153 174 24 65
    240 29 188 73 16 242 115 191 120 119 161 251 248 221 255 223 51 95
    249 255 223 253 127 189 63 254 255 254 255 214 120 111 30 191 231 63
    249 239 243 63 95 251 254 255 235 39 117 255 214 127 251 119 242 253
    253 126 191 158 125 62 223 171 127 213 250 31 181 78 209 254 121 123
    127 44 163 246 146 17 155 215 36 130 216 50 82 129 23 83 162 64 2 18
    38 195 20 143 6 45 227 195 168 18 242 92 2 41 132 41 86 53 56 209 78
    77 194 209 209 200 169 78 171 12 201 62 131 146 75 199 56 10 56 203
    71 51 58 91 80 37 129 239 187 254 125 171 255 255 151 153 255 215
    188 234 253 61 127 253 253 183 95 189 112 81 55 244 245 245 121 255
    255 223 223 179 156 108 223 223 250 115 173 120 127 95 126 61 213
    255 244 101 189 189 142 13 250 165 223 127 60 212 54 172 83 219 126
    219 252 254 238 205 255 253 243 253 61 253 254 255 223 125 251 237
    235 221 255 107 253 95 254 249 123 111 25 182 253 87 63 255 255 97
    85 120 215 251 253 244 255 29 122 54 221 183 219 225 189 237 159 45
    241 191 157 77 118 246 247 189 219 95 46 254 221 48 223 125 56 227
    127 254 208 191 228 185 102 203 135 75 251 239 243 107 253 173 239
    159 136 107 247 231 89 77 243 239 223 35 53 183 55 252 249 125 120
    76 250 47 247 49 247 111 185 172 58 69 240 28 156 65 22 250 183 159
    218 87 33 254 86 33 145 22 1 2 3 14 198 32 5 52 49 130 144 18 122 2
    66 84 11 163 64 7 144 128 196 13 2 168 0 8 8 12 34 190 8 8 3 92 0
    129 21 192 32 120 161 14 19 38 225 10 48 24 112 147 32 34 17 248 40
    4 224 74 195 197 130 116 205 130 88 2 16 41 165 203 162 201 6 27 36
    9 53 215 203 175 235 75 70 91 147 38 211 37 160 70 151 167 48 57 34
    44 102 230 67 234 56 203 201 89 155 203 73 192 88 16 65 122 184 162
    19 187 51 151 16 117 145 235 120 41 189 222 34 95 92 39 199 68 93
    144 95 246 62 222 157 18 96 102 22 253 112 135 219 195 134 220 33
    248 220 232 130 30 67 174 138 64 210 72 50 187 181 97 181 188 165
    110 215 170 175 219 50 25 51 28 41 227 89 249 121 248 203 234 199 38
    131 117 216 160 170 205 8 171 195 126 194 66 131 1 2 77 25 71 171 45
    78 89 14 202 26 167 214 37 33 158 103 167 28 155 17 189 109 150 137
    96 144 200 235 9 139 147 88 92 16 113 85 244 180 224 192 202 145 135
    76 55 177 55 45 182 117 101 189 245 163 248 248 253 198 119 237 31
    139 69 234 236 195 107 245 34 218 252 45 184 52 163 124 79 35 239
    223 96 93 186 119 186 233 116 249 92 58 174 197 225 251 107 185 188
    24 1 240 29 156 73 22 242 183 157 218 87 36 254 124 166 237 217 42
    151 154 37 255 255 115 136 221 113 57 102 148 185 74 251 253 119 83
    255 217 34 164 254 104 213 253 226 239 56 70 44 222 122 240 234 254
    31 97 174 209 118 211 111 187 236 136 11 242 29 153 93 22 243 83 181
    250 210 106 255 250 49 251 246 55 23 89 11 198 130 181 242 127 202
    182 94 254 215 102 215 7 63 225 103 156 147 247 61 82 184 244 168
    198 44 6 190 202 124 243 117 112 202 181 105 147 92 145 110 217 174
    24 71 112 25 188 89 16 243 115 191 121 85 160 251 62 185 251 246 55
    23 89 79 214 198 181 240 127 202 180 94 250 214 102 123 135 62 241
    119 189 139 231 95 83 184 244 232 199 44 22 190 194 124 227 245 242
    202 181 111 210 20 177 110 153 174 26 5 112 29 156 65 16 242 115 191
    121 87 32 251 88 14 84 205 234 157 166 241 57 120 70 7 156 117 249
    196 230 218 201 234 221 240 149 176 91 24 168 218 236 196 189 247
