<?xml version="1.0"?>
<opencv_storage>
<ImageFile>"220.jpg"</ImageFile>
<Features type_id="opencv-matrix">
  <rows>141</rows>
  <cols>64</cols>
  <dt>u</dt>
  <data>
    45 222 239 249 62 255 253 119 61 254 104 201 223 41 189 79 203 253
    225 107 244 117 218 123 93 255 183 182 93 83 61 239 215 96 223 57
    215 252 249 118 124 94 122 47 215 20 247 123 153 172 24 5 240 29 156
    77 24 246 51 189 219 87 40 246 236 239 247 221 122 127 247 255 253
    253 238 191 95 255 251 238 235 221 251 111 127 237 254 187 95 239
    158 183 253 207 62 255 247 39 117 251 86 247 253 244 246 127 250 54
    223 190 73 242 157 173 126 181 211 63 157 76 208 252 107 191 95 70
    35 249 109 215 236 236 119 63 119 119 53 84 109 193 31 189 52 207
    160 253 93 109 240 81 240 51 108 42 136 20 125 84 60 225 212 101 146
    186 195 114 145 245 214 159 30 15 208 150 198 78 157 165 222 12 107
    61 159 13 56 246 59 156 91 94 38 249 109 237 238 186 195 127 115 103
    253 92 198 189 125 254 255 236 251 185 91 244 117 215 19 183 115 104
    156 132 233 214 250 161 206 45 71 255 219 114 205 124 218 223 28 142
    85 127 231 238 189 44 154 13 241 29 153 89 54 246 127 189 90 215 42
    217 56 214 125 137 190 253 165 241 253 254 122 155 221 60 249 228
    215 220 195 40 248 80 156 252 121 53 45 176 124 211 127 255 241 64
    223 40 214 251 169 122 62 93 110 62 86 166 84 113 187 141 157 45 190
    157 143 93 4 226 59 252 219 207 104 182 125 191 247 245 252 191 231
    114 252 93 202 115 207 253 216 77 251 237 255 110 247 111 154 247 14
    127 31 182 252 86 114 143 223 99 215 191 213 188 253 117 125 53 186
    183 205 233 255 231 188 189 141 249 243 253 158 73 100 254 83 143
    218 215 45 250 52 51 147 146 16 128 9 106 198 130 131 50 225 194 145
    82 122 135 226 7 15 46 195 199 141 150 247 41 2 170 66 8 70 6 103
    158 4 184 107 84 32 64 161 225 39 32 53 47 146 172 161 243 176 24 60
    83 0 58 18 107 40 5 225 114 52 49 209 150 16 132 77 107 198 134 3 50
    225 194 145 82 122 199 226 7 27 172 192 199 152 182 247 41 2 170 64
    40 66 6 167 158 128 24 67 93 32 64 165 225 167 40 53 47 146 172 161
    251 48 24 60 83 32 58 80 107 56 149 233 242 204 237 255 253 98 123
    126 239 121 249 199 191 254 244 238 202 171 153 249 111 30 157 230
    179 127 75 154 182 105 197 62 238 223 39 100 251 87 255 245 116 218
    255 253 118 251 159 111 239 221 170 111 247 249 127 159 206 85 254
    127 253 89 118 147 251 90 140 158 155 203 223 214 135 63 246 14 142
    158 254 127 254 237 211 48 162 204 245 223 35 91 215 184 110 211 203
    159 99 215 36 81 176 83 74 233 112 112 93 108 45 213 22 245 111 157
    172 24 5 244 29 156 203 16 242 51 189 88 87 32 250 5 142 0 32 221
    248 160 88 56 24 130 101 160 81 204 1 74 77 161 80 197 36 136 123
    102 157 17 39 86 7 35 71 223 162 221 56 112 176 109 52 225 116 58 7
    85 17 118 227 152 116 24 4 240 21 142 9 18 128 167 173 64 87 36 90 5
    130 134 65 40 176 162 112 40 185 34 65 192 17 9 1 64 201 161 107 196
    37 74 251 73 26 5 166 92 4 33 70 215 0 81 40 81 184 233 32 245 20 58
    39 213 132 211 107 152 236 24 5 240 29 156 73 22 210 19 165 64 87 32
    250 158 205 90 253 35 89 248 231 25 224 255 188 20 182 235 254 169
    152 60 219 15 248 229 50 125 79 195 89 101 239 158 119 184 144 117
    202 215 215 218 254 178 191 253 116 190 159 75 42 207 235 119 247
    158 95 241 108 211 195 237 120 29 40 163 135 243 220 250 231 255 228
    219 216 222 255 215 127 175 74 194 93 250 247 63 87 239 143 139 124
    46 222 123 47 214 63 227 63 71 231 157 95 82 253 239 87 81 92 235
    223 201 8 249 177 205 221 16 165 253 247 140 227 80 188 240 63 220
    29 52 190 1 158 197 32 221 234 163 90 240 28 130 101 96 89 136 1 106
    109 163 32 228 47 8 255 6 248 1 134 158 6 33 69 95 99 93 176 52 176
    109 36 237 116 26 135 77 225 245 195 40 52 24 20 225 60 142 1 22 168
    7 167 64 71 37 112 47 244 125 142 62 221 154 1 123 71 15 206 220 118
    236 113 244 246 4 225 197 112 83 114 229 150 225 123 114 62 223 99
    215 52 215 186 218 120 233 117 112 93 56 45 212 20 245 111 153 172
    24 7 240 29 156 73 16 243 51 189 88 83 104 250 47 244 125 46 62 157
    25 9 115 114 133 238 252 55 108 113 228 246 4 241 197 112 81 114 197
    150 225 123 114 62 253 97 215 36 215 190 218 120 233 117 112 93 56
    45 212 84 245 111 153 174 24 7 240 29 220 73 16 243 51 189 88 87 104
    250 111 204 236 154 11 157 13 75 175 103 169 168 191 170 180 95 131
    49 38 113 155 215 218 45 85 245 175 63 19 185 125 65 195 140 198 139
    130 236 51 250 38 203 108 169 151 92 84 147 85 174 16 12 35 25 245
    62 152 246 241 60 191 208 56 35 239 254 111 233 255 125 253 217 57
    255 173 234 222 185 228 253 225 252 61 125 47 212 60 56 103 223 59
    251 255 31 62 55 240 231 190 91 74 247 189 183 215 206 104 61 218
    159 92 144 205 221 86 52 73 247 167 111 152 220 168 14 213 92 26 177
    61 190 253 168 62 253 181 125 253 252 212 249 221 61 189 205 251 252
    227 41 245 112 218 251 125 125 53 182 125 215 125 239 223 224 215 48
    247 248 233 125 125 93 110 175 213 181 247 107 187 252 153 13 246 29
    156 93 62 242 191 189 219 223 44 254 102 109 233 154 3 31 93 15 231
    102 53 178 59 170 190 78 155 48 98 125 23 214 208 39 93 215 149 9 3
    184 28 104 194 12 134 142 202 124 163 90 50 251 100 169 151 124 37
    174 87 172 176 8 34 25 247 30 24 98 120 121 121 208 104 251 187 253
    125 223 190 253 223 89 123 223 45 202 255 121 252 253 247 246 60 107
    182 120 48 122 253 255 163 59 127 123 127 123 242 100 220 219 202
    127 249 247 214 223 120 63 210 30 245 63 157 189 22 5 232 157 151 77
    152 246 113 191 93 223 42 185 201 206 238 233 239 191 247 209 61 127
    174 203 159 125 126 205 129 253 253 111 252 127 154 121 111 254 27
    54 252 87 63 215 215 243 219 105 114 255 252 51 245 63 106 63 221
    142 255 179 157 221 24 61 215 253 159 239 89 222 243 175 210 95 29
    254 252 191 247 245 240 247 247 243 188 253 198 223 199 253 146 79
    187 237 255 111 255 141 242 243 159 127 159 246 124 214 118 175 207
    115 119 191 212 189 253 125 125 61 187 247 237 169 255 239 252 173
    173 251 241 254 158 207 103 254 115 207 250 119 149 254 39 206 236
    168 25 156 5 75 165 110 168 170 191 175 236 95 203 52 163 48 249 86
    88 109 87 245 17 51 59 218 105 65 129 198 207 170 160 236 49 42 38
    206 108 169 22 80 116 241 112 228 56 60 134 17 239 52 56 160 230 164
    155 217 40 34 197 233 139 49 192 64 224 198 8 163 161 238 194 194
    131 170 9 9 167 215 15 173 110 195 71 87 147 227 129 46 2 18 143 146
    69 203 57 140 239 50 104 56 48 97 249 89 51 179 89 238 40 119 213 87
    112 226 23 201 149 37 12 113 209 75 250 253 255 223 119 223 221 191
    255 245 253 251 191 254 127 254 191 247 122 191 183 127 247 231 251
    247 247 127 127 251 222 239 143 255 227 87 254 93 250 127 123 255
    231 245 189 126 253 47 255 218 175 223 254 165 249 255 127 255 254
    123 243 249 223 222 86 33 169 156 32 194 90 101 198 162 213 148 81
    132 151 66 59 0 66 71 139 171 199 135 141 193 166 45 3 172 17 104
    193 44 37 158 74 56 227 86 48 72 177 47 151 60 165 46 155 172 83 3
    48 24 20 91 192 242 57 249 120 70 32 246 197 137 167 21 84 102 251
    246 180 173 68 205 67 141 22 175 25 109 243 39 120 143 118 135 74
    107 158 230 217 150 98 199 205 59 163 229 183 36 108 109 120 44 50
    163 255 120 63 232 120 168 250 219 209 254 28 210 255 188 103 187
    190 213 29 234 254 253 255 223 55 95 221 251 255 221 189 251 127 250
    246 254 243 246 126 63 55 254 181 55 255 247 247 123 255 251 222 251
    250 109 182 254 222 127 251 253 210 223 255 127 154 54 245 110 207
    191 215 207 250 63 159 95 248 246 120 127 255 220 174 185 242 0 171
    87 255 212 219 141 198 163 149 188 179 138 51 126 48 149 90 219 154
    179 255 12 60 130 174 15 83 185 53 254 101 173 38 223 218 63 67 222
    154 74 193 204 146 124 137 51 31 46 222 1 113 24 180 114 208 242 249
    92 125 22 58 253 39 196 228 40 25 140 37 79 161 110 168 168 188 175
    172 95 203 52 161 32 241 70 90 105 86 245 1 51 59 24 105 69 133 194
