<?xml version="1.0"?>
<opencv_storage>
<ImageFile>"221.jpg"</ImageFile>
<Features type_id="opencv-matrix">
  <rows>273</rows>
  <cols>64</cols>
  <dt>u</dt>
  <data>
    63 253 253 252 54 125 117 127 255 84 221 248 127 127 254 220 251 254
    99 251 247 118 209 247 253 255 245 251 111 255 255 233 159 108 199
    190 223 120 249 125 124 221 255 175 213 245 247 111 187 174 137 79
    242 29 218 93 60 246 123 191 251 223 236 218 251 186 254 117 255 183
    251 184 220 191 210 127 239 72 51 85 124 255 127 242 253 63 155 253
    190 122 255 254 222 215 247 255 79 173 207 61 223 189 253 127 121 76
    227 158 209 105 155 115 190 222 24 1 244 253 156 81 86 246 247 159
    254 159 56 254 204 174 239 249 122 127 243 247 189 253 206 157 83
    244 251 238 139 93 251 47 252 221 254 187 127 111 158 182 237 199 63
    223 237 211 103 97 181 247 253 62 250 61 231 118 127 191 127 243 255
    200 239 255 215 255 156 158 247 204 239 239 207 255 219 254 237 238
    103 233 255 253 227 249 189 253 238 255 255 191 251 237 235 253 255
    106 253 207 190 188 111 125 63 167 253 71 59 255 249 227 125 123 119
    247 189 182 255 86 90 62 95 167 90 177 173 93 94 180 221 255 143 108
    214 236 175 172 223 78 50 181 3 22 68 54 157 160 35 88 160 60 128 97
    172 73 0 17 98 237 3 112 224 46 8 127 4 170 228 143 90 0 97 71 87
    174 20 190 83 56 33 215 76 64 26 15 192 97 195 79 56 36 24 4 240 28
    156 65 48 178 179 159 200 87 36 120 3 22 68 34 221 160 35 24 160 62
    130 97 168 73 0 1 96 236 7 208 224 34 9 127 6 168 96 143 210 4 97 71
    95 44 212 190 83 48 33 198 76 64 26 14 64 97 130 79 24 60 24 4 96 28
    140 65 16 178 183 148 136 23 36 120 250 221 254 255 119 127 223 175
    255 241 125 251 191 254 246 254 255 215 61 127 127 255 243 119 127
    223 243 63 123 251 254 171 215 39 52 255 211 125 251 245 114 223 253
    127 221 29 245 111 221 174 26 141 248 63 156 205 80 246 123 191 89
    31 178 250 58 253 125 222 55 93 221 57 255 214 191 254 253 62 124
    254 255 182 102 251 55 114 209 246 249 183 245 121 127 251 223 184
    202 124 199 222 202 123 250 125 186 223 245 61 182 246 245 110 159
    175 151 15 250 29 223 93 48 243 120 253 123 219 238 218 5 146 84 5
    189 176 163 120 176 189 192 97 236 25 128 1 96 236 135 185 225 98
    106 252 36 40 104 242 124 5 225 103 93 232 156 52 118 184 41 245 221
    68 10 14 192 97 218 73 184 254 24 5 244 156 222 69 54 146 183 156
    248 215 36 95 5 146 68 37 253 176 163 120 56 57 198 117 172 25 128 1
    98 237 141 57 225 3 202 120 32 56 72 54 124 69 97 71 93 225 188 48
    119 185 41 183 221 68 74 14 193 129 218 81 56 119 28 37 244 172 158
    73 54 150 183 140 192 23 36 95 47 189 100 6 223 143 131 25 254 84
    158 117 189 127 232 117 242 183 71 178 245 110 145 119 114 174 64 23
    250 218 89 239 143 110 71 182 247 82 249 252 221 29 30 134 192 115
    245 79 185 164 137 13 242 29 153 73 56 242 119 189 154 223 174 88
    131 158 130 231 253 186 130 24 60 121 2 79 162 91 64 21 106 215 173
    43 196 47 138 123 102 218 51 39 222 11 35 127 215 167 93 49 115 250
    237 53 209 92 10 31 201 4 249 99 136 189 24 5 244 165 158 73 16 242
    51 159 88 87 36 250 172 238 103 169 154 125 161 245 253 253 250 189
    93 191 251 238 235 220 239 104 121 192 172 188 95 253 29 161 253 223
    59 159 240 103 125 251 87 247 45 190 191 87 120 62 78 167 90 176 141
    45 86 180 219 159 135 76 192 228 41 252 95 78 34 181 236 238 231 233
    146 125 161 253 253 253 250 189 91 191 251 238 203 220 255 107 61
    208 190 188 95 253 29 161 253 219 58 159 248 103 117 251 87 247 173
    190 191 119 120 62 94 167 74 176 141 45 118 188 219 159 135 76 208
    236 41 252 79 78 34 183 124 162 237 217 42 151 190 117 253 254 121
    152 221 113 61 102 148 249 75 235 253 115 82 255 217 34 166 246 104
    213 253 226 239 24 70 44 222 122 240 250 254 95 113 174 210 246 195
    107 191 236 136 75 242 29 157 93 22 247 83 181 251 242 106 255 195 7
    130 117 73 130 96 194 0 169 160 67 162 201 2 27 102 9 165 215 143
    175 235 107 70 91 115 38 18 4 160 71 23 167 48 57 48 172 102 198 65
    96 184 203 203 9 27 243 72 192 120 20 113 122 168 226 19 57 183 151
    4 117 145 106 12 233 109 252 50 121 124 115 17 234 255 180 80 36 237
    226 129 24 71 218 151 120 36 155 245 12 131 209 69 199 61 210 248 18
    109 202 74 242 145 182 154 191 221 46 118 183 66 106 139 111 102 71
    10 29 99 28 150 195 143 252 9 42 227 165 209 213 154 87 33 130 216
    58 18 169 181 203 162 193 6 26 36 131 188 31 142 45 226 75 162 19
    243 126 81 41 128 111 223 49 56 113 22 141 242 243 211 170 171 199
    171 24 217 127 65 210 123 247 44 234 184 203 211 27 190 75 20 37 147
    143 195 2 130 39 200 226 170 132 8 131 67 70 130 66 3 32 8 9 25 198
    10 5 110 89 14 200 26 167 194 32 34 22 53 181 29 27 49 5 76 130 9 96
    16 72 203 9 139 177 88 12 24 49 85 230 52 226 192 200 17 128 68 23
    16 96 194 0 131 37 200 226 170 196 8 161 67 71 194 192 3 48 8 9 57
    198 232 141 110 88 14 202 152 167 194 39 35 150 55 177 17 121 57 165
    108 130 73 32 16 72 233 9 139 177 89 72 24 179 213 246 60 224 65 137
    145 145 4 23 16 236 213 53 253 85 56 146 219 120 178 183 213 250 206
    121 128 2 162 197 30 107 175 111 194 251 205 186 182 127 112 45 97
    111 223 53 52 191 210 57 243 223 208 72 169 143 179 40 217 63 153
    174 24 7 240 24 156 77 80 247 51 221 248 23 32 255 195 6 130 7 205
    130 134 130 34 41 34 67 130 195 34 17 100 35 45 215 200 141 42 73 66
    223 57 47 146 10 34 22 87 47 92 179 89 12 109 198 97 64 56 11 201 72
    189 149 72 164 24 5 245 106 156 235 16 112 19 181 12 85 16 106 47
    246 109 43 255 189 167 88 253 125 132 107 237 127 236 69 194 253 139
    48 241 119 27 124 68 252 89 183 126 95 105 231 159 232 215 176 247
    56 185 125 124 95 90 143 213 241 246 67 184 188 24 13 240 189 223 77
    62 182 183 189 218 215 46 90 23 49 17 48 21 34 37 90 194 6 209 48 96
    74 132 17 96 110 3 84 227 34 0 135 134 160 228 205 16 8 224 73 72 12
    148 174 9 32 1 77 8 194 22 137 64 113 164 78 18 52 16 0 32 24 68 1
    40 34 19 146 40 134 100 97 47 214 108 171 255 189 167 24 60 127 138
    111 173 127 236 85 226 253 157 48 241 119 155 124 102 252 105 55 254
    91 121 247 223 224 223 177 115 251 189 53 253 92 90 159 213 195 246
    81 188 253 24 13 246 181 223 73 58 246 183 156 218 223 44 248 146 49
    155 215 38 131 218 162 82 129 23 86 178 66 18 82 60 195 28 159 7 61
    231 195 168 18 242 93 6 169 148 56 54 53 56 219 78 77 202 215 145
    201 165 74 171 12 217 62 199 146 67 199 60 2 48 235 65 115 56 91 85
    45 208 239 248 237 255 255 35 95 249 239 125 249 255 255 191 254 255
    238 187 145 124 111 31 189 231 59 127 207 179 63 79 235 62 191 243
    39 117 251 215 255 255 254 242 255 253 126 191 31 125 190 205 175
    126 245 217 31 181 238 209 254 121 255 93 124 147 255 85 245 255 93
    48 150 223 116 210 167 21 154 206 169 135 90 110 197 58 47 142 109
    194 235 173 243 183 127 65 45 85 107 215 53 52 223 90 125 243 127 48
    202 169 47 183 24 81 63 147 168 58 199 48 25 188 78 88 246 58 217
    121 213 99 247 29 182 117 37 188 249 179 120 248 189 198 127 205 31
    137 65 234 221 195 105 241 38 202 252 45 184 52 163 92 71 51 238 223
    160 93 176 119 186 233 117 249 92 122 46 197 165 254 107 185 188 24
    5 240 29 156 73 22 242 183 189 218 87 36 254 122 185 202 246 55 19
    88 47 215 138 85 240 63 194 22 90 62 151 112 223 135 63 193 71 169
    210 246 31 82 249 180 232 199 46 164 182 223 92 250 117 80 235 181
    105 187 20 181 111 223 170 187 199 240 29 252 92 81 243 123 251 121
    53 129 255 131 5 0 6 1 128 0 0 2 129 33 67 130 9 0 3 36 35 36 145
    130 46 106 67 64 27 17 38 16 32 1 68 23 179 48 16 1 136 38 130 65 32
    40 195 139 88 25 163 65 192 112 36 85 66 168 162 19 19 176 5 0 53
    145 75 124 48 255 245 250 167 251 253 218 239 211 62 245 226 147 82
    250 213 123 99 255 173 195 223 156 250 254 191 66 141 119 239 87 37
    85 191 82 248 233 126 120 76 241 46 247 60 225 127 157 172 24 7 240
    29 156 73 80 242 51 185 88 87 32 254 237 222 238 105 255 247 178 240
