<?xml version="1.0"?>
<opencv_storage>
<ImageFile>"222.jpg"</ImageFile>
<Features type_id="opencv-matrix">
  <rows>329</rows>
  <cols>64</cols>
  <dt>u</dt>
  <data>
    252 237 239 253 54 127 249 247 253 253 254 253 95 252 255 238 235
    221 251 107 245 125 246 243 123 111 182 182 125 215 62 235 223 98
    117 250 215 122 249 116 250 125 255 47 221 55 247 111 189 172 26 13
    240 29 157 77 22 246 115 191 91 95 34 251 189 255 127 253 126 255
    251 249 255 255 255 255 255 125 253 252 247 223 127 251 245 121 247
    254 253 127 231 254 125 119 255 255 255 124 221 254 223 123 248 253
    218 223 251 62 245 183 243 111 191 255 159 79 248 189 159 93 118 247
    255 255 251 255 174 255 215 53 210 49 221 162 34 94 32 33 192 51 238
    203 130 81 106 237 59 214 233 135 195 117 6 218 248 47 210 12 224 35
    223 37 84 187 82 56 101 116 88 64 24 15 193 25 231 79 152 172 24 5
    240 60 156 73 16 178 51 189 24 87 48 122 19 146 16 99 221 176 131 24
    218 57 6 123 164 91 128 17 110 231 189 17 232 39 139 124 160 222 121
    39 94 75 193 111 31 231 157 53 119 153 109 55 97 196 106 73 193 65
    188 51 160 215 24 32 236 160 206 227 54 58 182 143 128 151 180 94 2
    128 138 159 41 210 218 7 50 185 5 205 146 113 39 40 12 19 32 131 196
    37 198 99 97 83 145 102 1 131 3 66 215 48 81 32 83 72 234 32 112 60
    40 47 149 20 241 107 17 200 24 5 181 73 152 138 19 67 50 53 80 113 0
    235 63 254 239 248 63 253 253 63 253 254 220 249 255 125 125 205 157
    252 227 251 245 127 91 255 245 127 119 246 125 247 253 231 223 218
    223 36 255 249 248 59 124 255 235 109 215 245 247 107 187 254 156 79
    246 5 222 93 63 215 255 255 243 251 237 254 69 6 194 33 217 160 163
    220 148 189 194 53 128 27 131 37 66 124 131 98 232 3 206 56 12 168
    12 7 208 9 33 79 117 160 85 186 116 178 5 158 216 68 10 134 64 224 9
    209 56 44 88 37 213 28 156 64 16 96 163 156 200 6 32 245 63 254 239
    248 63 253 253 127 253 254 220 249 255 125 61 205 153 252 227 251
    245 127 91 255 245 127 87 182 125 215 253 239 223 218 223 36 255 248
    249 59 125 253 235 109 213 245 247 107 187 254 141 79 246 21 218 93
    63 215 255 239 243 251 237 222 104 239 238 216 34 95 93 55 255 214
    159 142 95 188 127 206 157 185 122 255 55 247 81 183 217 119 151 252
    105 214 222 161 202 94 227 236 202 74 250 104 60 189 245 191 183 252
    119 110 183 170 169 207 179 93 123 30 63 231 91 245 251 249 203 202
    43 182 109 138 191 189 31 25 239 118 23 48 189 63 61 85 146 247 0
    240 209 114 83 116 196 144 228 31 126 120 125 99 215 108 215 190 218
    122 169 115 244 95 89 13 213 212 245 79 155 174 24 7 242 29 223 89
    16 243 51 189 120 219 110 251 44 46 245 184 26 255 37 127 245 252
    194 177 125 191 191 198 235 252 227 106 245 99 222 191 93 249 180
    167 121 220 57 239 207 36 87 186 87 120 233 124 124 93 120 175 85
    181 119 111 153 172 24 13 242 29 156 77 24 242 51 189 90 71 40 250
    122 141 239 223 39 191 219 123 253 245 215 222 255 252 63 78 254 213
    99 243 254 119 211 247 93 250 180 62 122 214 119 235 223 44 87 186
    218 120 248 124 120 93 61 47 213 52 245 111 153 172 24 13 240 29 156
    73 24 242 51 189 89 87 40 250 59 48 136 42 31 224 17 12 210 170 212
    180 56 14 35 83 93 50 3 208 225 83 79 13 164 161 240 139 83 85 225
    226 141 172 135 38 127 0 41 122 120 193 86 40 84 113 39 109 59 108
    139 5 244 24 88 81 62 178 175 152 152 147 110 206 12 238 109 169 184
    189 166 81 57 94 138 77 217 53 249 197 128 252 139 40 244 112 28 248
    109 156 12 147 124 71 57 211 245 192 223 168 116 242 169 48 215 23
    90 20 84 134 210 81 152 61 28 37 242 21 143 89 22 194 51 172 66 95
    106 177 120 49 247 214 22 167 89 127 198 228 213 54 255 204 146 94
    126 213 115 103 182 47 195 231 158 234 246 13 82 152 116 233 71 47
    53 191 146 124 83 93 88 72 181 234 203 56 161 111 155 172 153 193
    240 24 28 81 72 178 115 251 121 23 161 250 71 54 210 3 221 130 131
    12 226 43 128 118 172 75 131 17 98 167 41 150 201 7 91 77 134 192
    248 111 146 8 227 70 87 173 87 191 88 184 109 102 100 64 8 137 213
    88 177 87 152 236 24 1 244 120 156 195 0 126 147 181 152 87 48 122
    60 49 113 176 18 39 33 126 196 68 214 53 113 14 177 70 114 124 67 68
    113 48 208 134 156 168 160 137 82 216 112 233 72 36 23 186 3 112 1
    92 24 193 20 10 64 5 192 78 25 36 217 8 114 24 28 81 40 34 43 152 8
    134 32 224 126 117 251 158 50 87 93 239 199 198 125 152 93 166 191
    222 191 214 96 111 30 240 196 34 221 213 183 121 67 248 126 41 194
    20 181 254 202 124 194 117 50 203 181 105 183 28 245 110 159 170 51
    143 42 25 52 93 152 242 121 121 125 86 104 242 71 32 130 32 29 98 33
    78 128 170 192 54 2 138 131 35 8 45 35 80 225 135 194 65 6 136 152 7
    80 12 35 74 69 16 149 170 49 56 105 20 104 32 48 169 213 81 167 105
    24 172 24 1 209 28 92 0 16 162 55 185 8 87 32 106 57 220 254 109 46
    253 245 119 57 253 222 205 222 125 111 172 237 187 251 187 244 119
    90 251 243 127 117 246 109 87 255 231 223 248 65 36 255 235 248 104
    253 157 106 167 213 115 247 107 185 200 9 15 244 93 153 77 63 215
    255 189 242 251 12 222 92 41 179 245 120 103 120 231 16 170 211 53
    83 196 155 242 42 221 27 75 175 173 198 27 15 202 182 207 66 165 54
    254 99 183 117 187 23 254 193 86 152 100 209 110 235 141 131 255 219
    44 120 215 240 29 156 65 192 250 59 251 76 6 33 182 71 54 210 3 221
    130 131 12 98 43 130 118 172 75 131 17 96 167 41 210 201 7 91 77 198
    192 248 111 146 8 225 71 87 173 87 191 88 184 109 70 100 64 8 137
    197 88 177 71 152 236 24 1 244 57 156 195 0 50 147 181 152 87 48 122
    58 222 124 222 47 221 220 1 127 248 31 201 188 118 124 212 253 146
    96 187 215 122 89 111 241 23 227 122 47 247 221 230 135 250 107 20
    255 200 250 99 101 221 231 105 150 212 247 111 179 210 137 79 182 5
    251 93 31 211 246 247 179 123 236 78 113 32 137 18 67 131 27 44 194
    38 209 52 240 170 3 66 118 19 67 212 217 35 195 133 152 104 236 12
    64 156 241 104 207 44 5 190 26 40 1 92 48 72 20 14 209 60 129 79 153
    172 24 5 240 28 28 65 16 242 51 185 24 86 32 234 43 207 247 222 35
    205 221 75 191 252 10 201 157 110 253 223 191 182 226 43 246 62 210
    127 117 255 183 51 63 251 127 239 199 242 111 52 242 254 250 60 117
    127 236 239 191 212 125 107 169 160 248 13 182 5 189 68 57 226 126
    175 243 207 171 242 34 207 230 222 39 205 205 15 175 216 139 173 57
    110 125 207 187 52 224 27 150 46 214 99 81 223 147 49 31 250 28 199
    207 118 127 144 240 110 250 45 37 125 38 235 63 212 117 107 208 178
    248 25 178 5 189 12 25 226 126 175 19 77 137 114 56 255 253 254 55
    191 117 123 245 92 252 177 127 253 252 79 242 245 99 111 246 126 209
    119 125 238 167 157 127 220 124 233 214 110 86 190 210 122 209 244
    126 223 186 175 212 183 245 79 153 165 152 12 232 29 159 77 16 242
    123 191 91 86 47 251 30 33 25 182 50 3 56 99 66 2 87 48 81 194 144
    82 114 194 67 71 67 36 193 215 140 154 164 137 66 140 180 168 66 36
    68 190 74 120 193 84 240 88 49 15 192 4 161 78 153 172 24 7 240 29
    156 65 16 242 51 189 88 22 32 250 4 50 69 128 28 162 2 88 226 0 130
    36 109 19 128 1 96 196 65 112 193 32 0 226 128 8 232 77 16 8 1 64 92
    36 87 186 88 56 1 68 100 80 24 143 192 96 224 79 152 172 24 0 242 24
    156 73 0 50 19 180 88 87 36 120 122 85 125 188 23 175 31 91 231 110
    249 184 125 168 180 127 243 212 23 101 42 146 176 63 76 141 235 29
    83 28 124 169 80 36 20 187 66 116 129 245 18 202 28 11 210 28 228 94
    153 172 18 5 104 29 148 73 152 178 59 188 92 86 34 177 49 49 211 19
    223 193 129 124 198 13 146 117 161 74 179 85 106 212 3 66 192 39 199
    103 14 170 52 45 210 8 113 43 87 38 85 186 82 112 105 84 240 84 20
    14 193 20 177 79 153 172 24 5 240 29 156 65 16 178 51 189 88 87 32
    250 67 0 129 146 73 130 2 14 0 42 0 1 128 195 128 2 2 69 1 0 200 37
    202 43 8 128 136 7 18 8 1 79 87 164 20 178 1 200 33 70 64 64 8 11
    193 20 193 75 17 36 24 4 101 24 156 137 24 34 51 153 8 22 32 249 186
    180 108 230 63 253 217 59 214 89 214 117 63 26 96 117 112 182 70 153
