<?xml version="1.0"?>
<opencv_storage>
<ImageFile>"223.jpg"</ImageFile>
<Features type_id="opencv-matrix">
  <rows>183</rows>
  <cols>64</cols>
  <dt>u</dt>
  <data>
    186 206 255 255 186 253 253 225 61 255 126 219 159 127 251 222 251
    221 185 107 252 125 222 121 125 223 179 183 127 243 127 255 215 228
    125 251 247 255 249 126 245 93 253 125 215 134 221 51 223 173 30 173
    254 21 191 125 152 246 123 253 223 31 40 182 56 253 255 223 54 255
    213 63 255 212 126 221 127 62 253 254 255 246 123 107 244 123 247
    183 249 239 100 158 111 219 222 239 237 110 103 254 222 83 249 124
    255 223 253 62 220 182 117 238 191 173 207 141 250 29 151 93 188 246
    107 253 251 207 46 255 120 254 255 223 254 255 255 113 255 254 223
    189 253 255 253 254 243 213 91 106 253 127 155 255 255 254 174 191
    127 223 125 255 243 237 127 191 222 255 249 127 127 223 207 62 223
    166 237 123 175 229 159 141 234 189 159 93 104 246 123 255 251 207
    42 182 61 186 247 117 252 241 227 252 216 189 210 125 231 93 131 96
    123 205 251 42 253 47 207 221 174 127 118 246 252 71 227 254 95 235
    237 53 117 181 253 55 125 116 235 118 237 161 187 243 174 223 237
    243 245 254 156 101 103 222 215 203 242 47 165 94 59 204 238 255 55
    253 245 44 189 252 222 185 189 190 237 206 139 52 185 59 188 127 222
    127 121 253 83 55 127 115 125 239 159 227 61 113 247 223 255 63 241
    255 239 101 63 151 125 243 255 219 127 189 191 165 255 172 251 238
    238 235 147 173 159 214 122 252 255 223 254 255 223 57 255 255 127
    255 255 254 252 255 247 215 126 187 253 127 219 127 255 238 230 127
    127 251 255 255 247 237 191 127 254 255 251 247 82 223 239 62 223
    150 237 127 157 253 158 15 238 189 159 93 88 246 251 191 251 30 42
    190 121 221 255 222 54 95 93 119 255 244 125 153 95 253 190 206 255
    247 122 111 62 255 246 183 217 239 183 60 121 216 94 169 195 103 119
    255 214 124 242 125 118 255 253 167 191 60 101 238 159 168 255 223
    242 61 150 95 121 254 123 255 123 212 15 251 227 207 238 223 239 159
    95 179 47 239 57 138 159 233 54 15 253 243 120 183 222 231 210 99 91
    119 187 126 57 152 250 35 195 37 86 187 210 124 246 120 118 94 56
    175 213 24 245 111 157 172 24 13 240 29 156 203 25 246 115 189 90
    213 40 251 120 221 255 222 34 95 93 119 247 244 125 153 31 253 62
    206 255 215 248 47 62 253 246 183 217 231 183 60 105 217 94 233 215
    103 115 248 214 92 242 121 118 255 189 167 191 188 117 110 159 168
    191 223 240 29 159 94 121 254 123 255 91 212 11 250 221 41 243 117
    16 234 123 126 216 189 198 245 227 194 146 66 42 77 251 79 191 45
    226 151 13 250 150 167 64 14 34 140 79 3 117 187 21 191 223 21 217
    244 179 231 235 41 43 243 56 166 233 243 241 254 60 0 101 186 87 235
    41 39 165 222 60 237 239 216 38 93 213 119 255 246 126 152 95 188
    127 238 153 240 226 171 245 115 246 183 121 103 132 50 109 221 94
    235 223 88 195 172 222 90 251 120 126 191 239 39 148 246 117 110 191
    168 175 207 242 29 219 92 62 243 123 253 251 217 110 254 248 251 255
    223 54 127 223 255 223 253 117 251 255 218 223 222 127 215 254 47 62
    255 230 191 173 255 247 127 127 251 118 255 215 239 189 255 246 253
    255 119 113 255 227 127 191 188 125 191 239 187 255 251 252 255 182
    255 245 252 120 95 255 221 157 254 62 190 253 190 63 255 29 127 247
    126 223 181 125 254 190 254 251 244 99 96 245 119 211 63 223 255 244
    63 91 223 127 235 199 44 87 190 210 120 233 124 120 93 124 175 213
    20 245 111 153 172 24 13 242 29 156 73 16 242 115 189 90 87 40 250
    198 201 139 125 1 192 248 207 24 171 45 205 2 193 131 187 43 68 180
    43 142 173 238 43 45 223 179 39 83 43 35 126 215 167 61 123 50 189
    239 118 113 104 168 107 191 28 125 179 89 168 126 53 245 18 180 106
    145 250 35 191 92 85 17 250 186 220 109 238 255 125 221 251 253 93
    255 127 63 124 124 253 251 244 103 112 116 210 180 116 127 253 181
    59 255 251 126 253 224 108 95 218 194 115 249 253 255 223 95 191 220
    150 252 76 141 181 214 13 234 23 135 89 184 240 121 188 95 31 46 184
    251 253 251 127 117 122 255 254 219 187 212 251 231 146 206 219 127
    199 191 95 47 141 239 223 175 255 123 175 87 47 226 127 207 175 253
    223 126 189 255 119 121 220 251 255 191 57 61 183 255 187 127 247
    249 183 254 230 213 188 245 107 253 117 213 254 127 205 124 30 3 143
    89 107 143 198 253 188 61 170 237 254 242 146 82 86 63 62 209 39 125
    164 231 13 83 154 124 57 234 44 101 222 130 123 195 254 186 219 189
    42 22 190 32 46 143 174 51 13 40 29 229 69 24 242 121 248 57 206 170
    177 249 254 247 253 126 191 255 253 253 253 252 255 255 125 255 237
    242 221 219 107 244 109 206 254 237 234 166 151 127 85 125 255 255
    101 116 188 254 250 241 245 223 95 219 62 240 183 203 75 189 173 29
    7 240 29 157 77 28 246 247 190 218 86 38 253 214 49 139 151 54 66 92
    135 198 163 57 180 99 198 19 114 121 198 36 215 11 168 229 15 140
    199 167 11 3 170 50 122 98 44 53 159 74 52 67 215 18 72 177 104 150
    28 129 62 27 172 82 67 96 24 52 73 144 50 49 89 92 20 32 176 133 203
    147 247 248 192 249 200 26 217 3 95 130 66 193 56 43 213 188 75 206
    44 142 91 47 223 51 47 214 43 51 63 87 167 125 155 80 253 235 22 113
    108 169 126 239 12 249 51 201 173 48 53 249 6 156 107 16 90 50 173
    76 21 49 190 227 205 142 223 35 69 92 135 63 239 61 202 30 235 118
    190 173 146 60 175 14 220 245 43 123 215 179 58 187 179 158 51 242
    55 48 113 211 77 242 232 114 254 173 123 187 30 93 188 197 137 118
    213 220 11 181 238 153 245 112 127 85 116 147 171 135 170 3 245 248
    192 235 200 24 187 2 95 195 70 201 224 107 197 173 3 206 44 142 89
    47 222 51 39 150 11 51 31 87 167 125 155 112 255 239 22 97 116 168
    126 207 4 253 51 137 189 24 37 249 151 140 107 16 122 50 175 76 23
    49 190 17 191 158 85 44 177 216 116 90 153 215 205 206 81 3 9 124
    203 250 155 247 45 67 211 169 58 246 254 108 5 193 102 223 122 240
    36 222 153 250 113 217 60 171 166 177 97 147 111 187 218 169 75 240
    141 216 69 55 211 214 199 242 51 197 207 133 254 102 69 253 240 243
    248 184 189 230 239 206 89 194 173 96 237 255 251 253 46 62 252 99
    127 29 226 253 7 99 119 255 107 124 126 82 185 253 183 219 28 58 159
    217 99 250 113 169 253 28 33 216 191 142 65 54 212 183 159 218 87 36
    255 175 85 100 148 23 15 85 75 183 68 173 243 29 109 180 119 240 116
    70 49 114 250 176 34 84 166 197 89 59 216 92 233 162 46 22 190 130
    120 19 252 86 155 28 171 208 82 229 78 129 164 144 8 106 24 143 29
    56 178 115 188 26 214 46 217 149 220 78 69 253 232 243 248 56 185
    246 127 174 89 203 173 107 237 191 59 245 15 175 120 99 127 89 34
    253 71 99 127 255 99 125 113 118 179 237 180 217 92 42 150 201 35
    250 241 169 221 95 37 221 191 136 73 118 220 182 173 214 23 36 222
    227 33 129 22 17 66 1 14 194 0 5 114 35 138 130 82 106 7 32 69 2 7
    227 71 14 147 185 45 18 42 2 41 134 36 21 154 66 56 73 84 32 80 48 9
    193 24 177 46 145 172 16 5 112 24 148 65 16 114 49 189 88 23 32 250
    195 33 131 22 17 66 129 14 194 129 7 114 34 138 130 82 106 199 32 71
    2 7 227 71 14 147 185 45 18 8 2 40 134 36 85 154 66 24 75 84 160 80
    48 11 129 24 177 46 153 172 24 5 112 24 148 67 16 114 49 189 88 85
    32 250 195 136 130 35 201 194 162 134 48 185 44 205 2 147 3 171 73
    43 185 135 200 139 127 1 2 95 25 38 193 3 2 86 149 163 35 97 49 129
    109 32 97 52 42 225 93 89 63 224 121 200 110 49 213 98 184 234 151
    200 167 133 0 113 21 202 197 170 211 245 216 224 225 238 88 185 66
    255 194 215 139 168 107 77 185 11 204 141 238 153 47 219 26 167 205
    75 35 95 247 131 125 113 53 247 237 54 241 116 234 118 239 21 121
    241 217 204 127 245 213 255 156 234 196 216 167 111 204 69 17 254
    119 250 251 251 253 176 171 248 206 175 209 250 239 203 145 89 122
    197 59 90 175 7 203 125 142 218 127 175 86 43 97 255 87 175 221 159
    90 189 109 119 168 74 227 205 91 153 153 179 218 253 16 161 228 181
    188 115 64 190 179 223 220 215 48 183 227 37 201 178 17 66 17 14 198
