<?xml version="1.0"?>
<opencv_storage>
<ImageFile>"224.jpg"</ImageFile>
<Features type_id="opencv-matrix">
  <rows>388</rows>
  <cols>64</cols>
  <dt>u</dt>
  <data>
    237 207 230 221 251 159 255 219 61 245 175 255 223 253 254 239 162
    245 61 111 158 237 210 123 127 238 147 63 127 95 62 127 243 103 117
    251 82 127 255 254 247 255 248 127 223 158 253 187 205 165 24 149
    217 127 159 78 88 254 121 191 89 76 179 251 187 222 124 239 255 253
    223 153 255 125 61 255 191 127 252 253 247 247 60 59 252 126 187 124
    253 255 251 63 255 123 255 127 215 229 95 255 242 123 249 247 119
    223 106 63 213 150 252 127 141 189 28 5 252 183 159 109 24 246 114
    191 223 95 34 186 194 205 74 223 255 217 219 137 63 227 21 222 191
    126 108 221 234 215 60 63 14 255 162 104 111 214 187 63 215 43 31 59
    146 229 92 219 66 123 255 246 210 223 104 125 145 30 252 53 197 173
    18 5 253 135 143 235 16 246 56 61 93 93 50 187 226 217 74 207 255
    217 223 137 127 211 61 206 191 126 108 253 239 215 60 191 142 127
    167 124 101 215 187 63 247 59 31 59 182 229 92 219 82 123 251 246
    211 223 104 125 145 30 253 55 157 173 22 5 248 5 159 235 16 246 56
    61 88 93 50 187 35 198 108 136 175 29 5 1 61 118 44 138 29 57 124
    165 132 116 5 160 208 114 152 120 116 148 1 18 191 83 25 81 240 228
    219 8 66 98 184 170 182 223 72 29 84 214 244 73 17 9 20 4 14 21 143
    28 25 192 58 188 208 222 42 177 58 157 252 170 55 93 213 15 247 222
    252 244 61 126 62 252 255 178 99 243 245 114 209 119 245 239 241 123
    123 222 255 233 135 108 71 190 250 120 249 124 122 93 124 45 212 85
    247 111 153 172 152 13 242 29 220 89 56 242 119 189 91 223 40 250
    252 59 255 245 123 127 249 255 221 248 215 183 127 254 251 254 251
    221 251 111 247 189 230 191 255 251 242 223 127 255 254 239 223 55
    117 255 215 254 255 119 249 125 247 118 239 143 227 239 223 174 255
    223 242 127 157 77 193 254 255 251 255 45 145 254 125 190 125 139
    250 223 167 85 43 255 10 156 156 62 253 245 251 247 25 104 221 113
    222 120 221 252 172 127 127 91 255 111 213 165 85 59 210 251 237 118
    244 93 72 46 85 158 252 51 157 236 28 45 247 253 159 235 80 254 179
    188 218 87 58 254 63 181 125 170 55 191 55 125 247 86 215 48 125 59
    188 85 242 212 67 96 241 114 209 118 92 168 164 29 122 92 125 233
    212 36 84 190 66 122 129 116 214 223 28 14 208 150 192 78 153 44 24
    4 114 29 159 73 24 242 59 188 88 86 34 249 252 51 247 246 116 38 125
    126 212 253 209 243 239 203 146 79 58 197 127 111 171 175 227 55 14
    235 182 191 82 44 96 237 87 39 54 187 214 60 119 245 88 104 179 239
    235 9 213 239 92 164 24 211 241 58 156 79 81 190 115 223 120 53 181
    250 61 255 125 204 63 253 253 123 255 220 254 251 253 127 253 221
    255 246 227 59 245 118 209 247 253 127 245 251 127 95 255 235 223
    108 215 190 222 120 249 125 124 95 251 175 213 243 245 111 187 190
    153 15 242 29 223 93 62 242 119 191 251 223 44 218 197 40 147 161
    216 66 162 198 8 165 2 31 194 128 155 202 106 69 185 70 73 133 206
    25 14 201 56 47 210 12 50 15 85 167 85 251 16 246 109 86 160 64 16 2
    73 28 105 177 93 44 88 53 209 126 148 227 208 236 33 189 76 71 48
    243 127 182 125 170 127 191 55 121 247 118 212 176 253 63 189 85 242
    213 67 96 241 115 193 118 204 168 236 29 122 28 121 233 215 36 85
    190 66 122 129 116 190 223 24 15 85 148 229 79 153 172 24 4 240 29
    159 73 16 242 59 188 88 87 34 249 57 221 253 222 63 253 221 59 255
    252 252 249 253 125 124 223 255 246 226 59 244 118 209 247 249 119
    245 122 127 219 223 235 223 108 195 180 222 120 248 125 124 221 127
    175 212 240 245 111 187 174 153 15 242 29 222 93 60 242 127 191 251
    223 44 218 245 49 247 246 116 38 125 126 212 173 209 243 239 203 146
    75 58 229 127 111 171 143 227 55 14 235 182 191 82 44 98 237 87 39
    54 187 210 60 119 245 88 104 179 239 235 57 245 239 92 164 24 211
    241 58 156 199 88 190 115 219 120 117 181 250 60 54 124 172 50 189
    56 119 55 84 87 52 29 63 189 86 242 212 65 96 241 112 209 115 92 136
    160 29 122 92 253 233 213 36 85 186 82 122 129 116 240 95 24 15 212
    148 231 79 153 172 24 5 240 29 157 73 16 242 59 188 88 87 34 251 187
    222 93 139 255 189 159 152 255 127 60 107 175 123 110 253 246 247 60
    176 252 87 155 124 226 245 121 126 255 91 255 127 253 237 220 117
    255 83 172 243 247 95 74 31 213 19 252 85 188 159 24 13 254 165 223
    235 48 246 182 188 210 223 62 221 61 55 125 184 55 191 55 123 245 86
    212 176 125 63 188 87 242 212 67 96 241 114 193 119 76 168 164 157
    122 92 125 233 214 36 84 186 82 122 129 116 218 223 24 15 208 151
    197 78 153 172 24 5 112 29 159 73 16 242 59 188 88 86 34 249 12 5
    236 152 2 29 20 103 53 212 6 132 25 60 61 70 136 80 65 32 208 114
    208 99 89 32 132 0 120 220 29 105 215 36 67 170 82 122 129 120 144
    159 28 14 84 148 65 78 153 44 152 13 50 29 157 88 24 226 59 189 89
    87 42 251 60 51 117 166 23 165 43 120 198 76 211 55 253 46 147 84
    250 213 67 100 113 35 195 118 140 184 244 141 82 30 115 169 86 36 21
    190 82 120 73 84 120 64 57 47 197 5 245 111 153 172 24 5 240 28 156
    73 0 242 51 153 88 23 32 250 73 140 206 89 202 151 195 240 189 191 6
    14 153 125 59 68 202 117 121 98 220 119 142 121 106 118 30 38 248 75
    59 91 215 38 69 187 82 123 253 62 112 117 72 14 85 60 209 51 157 172
    24 5 241 29 156 73 24 230 59 189 72 151 32 250 63 48 109 160 31 183
    43 120 180 94 210 51 205 11 144 69 242 245 67 96 241 103 192 117 12
    168 172 13 90 88 113 233 87 44 149 190 86 120 1 85 124 64 26 15 193
    32 228 79 154 172 24 1 240 28 156 81 24 178 51 152 88 151 36 250 61
    245 125 170 55 63 53 123 245 86 212 180 125 63 188 87 242 212 67 96
    241 114 193 119 77 168 164 157 122 92 125 233 214 36 212 190 66 122
    129 116 154 223 24 15 80 151 228 78 155 36 25 12 96 29 159 73 24 242
    59 188 88 86 46 251 111 132 239 29 254 213 219 252 191 254 149 158
    221 44 59 110 232 245 82 98 252 119 198 124 125 248 188 63 123 95
    127 127 247 44 5 250 90 123 249 126 112 93 92 46 213 52 193 127 157
    172 26 5 248 29 156 77 24 246 59 189 217 151 34 243 253 249 251 243
    220 231 251 252 220 239 250 255 227 206 219 237 251 117 255 103 255
    175 254 63 63 255 63 167 211 155 115 191 231 175 255 223 150 183 253
    191 123 124 247 250 223 123 25 179 238 188 250 249 217 191 132 115
    224 188 97 235 254 223 185 190 242 16 139 151 239 193 219 173 222
    233 23 87 179 76 51 118 126 213 16 19 204 39 230 76 13 218 184 47 82
    251 55 127 103 36 85 186 82 121 233 118 80 92 101 46 193 20 185 127
    153 172 24 5 240 29 156 65 16 114 51 189 88 23 32 250 57 212 125 170
    55 61 49 126 245 84 213 148 125 57 252 214 246 212 67 96 240 114 192
    54 77 168 164 25 123 80 125 233 212 100 212 190 70 114 129 124 158
    223 29 14 80 150 192 78 155 36 155 12 114 29 159 93 56 242 59 188 89
    222 46 249 63 22 108 142 55 61 21 53 39 68 85 20 29 63 61 71 240 244
    65 224 241 114 209 114 88 40 164 25 120 28 253 233 212 36 87 186 66
    122 129 124 180 95 24 15 212 148 230 78 153 172 24 5 242 29 159 73
    24 242 51 188 88 86 34 249 254 254 253 239 254 253 223 253 255 127
    253 251 255 127 246 253 251 215 63 123 237 103 171 124 239 223 253
    191 255 31 255 238 215 237 92 255 90 115 253 246 94 94 104 63 209 30
    253 55 157 173 28 5 240 189 159 109 80 246 51 157 216 87 34 253 44
    238 110 233 114 127 246 245 57 218 110 252 92 54 255 237 139 216 249
    238 85 81 61 240 125 93 25 181 237 79 63 243 180 64 223 194 119 211
    253 52 119 61 122 53 85 151 118 224 159 253 239 61 219 101 227 220
    214 204 46 236 91 91 126 218 120 17 247 246 86 39 97 122 212 68 214
    17 109 216 145 86 118 213 99 102 242 47 192 119 14 170 166 140 82 16
    112 233 87 46 21 190 86 120 65 84 120 65 147 15 197 37 229 79 154
    172 153 129 240 28 156 73 0 178 51 155 88 23 36 250 62 48 124 164 55
    181 25 116 6 110 83 48 141 11 145 87 250 212 67 224 241 34 195 116
    12 184 164 9 82 28 241 233 87 36 21 186 82 120 129 84 112 64 24 15
