<?xml version="1.0"?>
<opencv_storage>
<ImageFile>"226.jpg"</ImageFile>
<Features type_id="opencv-matrix">
  <rows>135</rows>
  <cols>64</cols>
  <dt>u</dt>
  <data>
    41 207 247 204 3 79 229 127 181 92 44 129 29 253 253 236 239 244 225
    40 116 74 180 51 123 173 5 16 125 210 88 121 224 98 115 184 148 114
    217 252 247 223 62 167 92 182 116 206 137 37 255 28 186 31 143 77
    185 224 107 172 83 78 11 249 41 207 247 222 1 79 37 127 183 92 44
    129 29 253 125 172 239 244 225 36 116 10 180 51 91 173 5 16 253 208
    88 105 224 98 113 176 212 98 144 236 247 223 26 167 92 146 228 206
    129 33 95 28 178 30 143 77 185 226 107 172 82 68 3 249 50 17 216 178
    55 18 27 14 230 2 145 114 61 42 50 87 254 215 33 245 192 39 195 119
    12 155 240 13 82 24 240 105 215 44 20 190 82 120 233 116 112 72 56
    15 209 20 245 111 153 172 24 5 240 29 156 73 16 242 51 189 88 87 32
    250 115 49 217 150 55 6 27 46 214 108 85 51 61 202 146 86 254 215 33
    103 193 165 195 119 140 139 240 109 82 8 240 105 215 36 20 190 82
    120 225 116 112 72 57 15 209 20 245 111 153 172 24 5 240 28 156 73
    16 242 51 189 88 87 32 250 51 17 217 182 55 2 27 46 214 70 85 114 47
    11 146 86 254 215 33 117 64 39 195 119 140 155 240 45 82 24 240 105
    215 36 21 190 82 120 233 116 112 72 56 47 209 20 245 111 153 172 24
    5 240 28 156 73 16 242 51 189 88 87 32 250 252 63 247 253 118 127
    187 255 253 252 254 191 127 255 251 254 251 245 123 110 125 203 247
    182 223 233 188 157 235 222 126 255 225 45 103 254 222 114 249 252
    254 93 57 190 221 167 193 108 189 172 223 13 242 31 157 77 48 246
    123 188 90 70 42 249 125 118 247 185 127 119 47 251 229 254 248 51
    109 191 187 111 251 245 99 102 121 199 148 54 94 253 189 61 250 94
    122 251 232 44 87 190 210 120 161 124 124 92 58 175 213 49 212 109
    152 172 24 13 242 29 156 73 16 242 51 188 90 86 40 250 126 246 125
    152 54 157 31 65 239 103 185 248 221 43 180 87 243 245 39 97 159 115
    211 116 93 215 165 63 82 28 117 105 215 36 214 186 66 120 161 118
    118 90 56 45 215 28 245 15 153 172 24 5 96 29 159 73 16 242 51 189
    88 87 40 250 45 239 237 248 49 255 101 123 229 214 233 184 109 251
    252 207 139 252 99 111 55 126 81 247 85 127 151 181 121 30 120 129
    206 70 215 186 192 120 249 124 124 126 56 175 215 241 119 110 152
    172 56 76 242 29 222 28 56 226 115 191 91 247 169 250 118 242 117
    239 254 188 159 57 235 61 249 251 237 119 220 88 243 199 110 56 205
    109 131 252 205 221 253 191 190 59 223 238 151 237 221 159 254 57
    249 119 111 94 235 191 213 154 252 63 166 183 137 75 242 181 159 111
    108 246 146 255 250 79 116 254 126 53 121 190 215 231 27 77 199 102
    217 52 125 238 183 118 251 212 3 100 43 163 194 54 92 220 184 13 210
    186 127 169 80 36 85 186 66 112 201 86 48 72 28 43 213 28 229 46 153
    172 16 5 224 29 148 73 152 242 49 185 88 86 32 242 70 51 97 148 52
    144 30 65 194 34 179 50 193 192 144 83 226 197 6 100 11 160 0 18 140
    138 165 9 18 44 49 40 82 36 84 186 74 120 129 212 48 72 16 15 208 20
    165 79 153 172 16 5 96 29 156 73 16 242 51 188 88 86 32 248 238 190
    255 33 251 243 171 201 249 187 194 127 255 240 235 217 234 149 59
    118 237 135 30 125 198 216 248 175 198 15 59 254 223 165 71 255 82
    247 237 118 248 92 88 30 217 93 217 149 157 172 24 37 241 63 157 105
    80 252 177 189 92 87 48 250 250 217 154 255 103 95 220 167 95 195
    125 158 63 228 63 254 189 147 56 255 14 253 231 35 255 199 243 125
    67 251 254 43 151 183 53 223 222 109 250 115 50 255 245 121 191 158
    245 62 223 138 127 215 186 119 244 255 209 255 121 123 125 121 155
    246 133 38 0 2 1 64 164 128 96 130 170 96 32 39 129 33 105 170 37
    209 65 32 37 210 192 29 241 235 64 14 163 114 252 36 69 186 91 16
    233 252 112 92 56 175 212 113 182 108 153 172 24 1 240 29 88 73 18
    243 19 180 24 83 96 74 62 180 253 158 58 221 154 101 255 244 23 254
    221 54 191 246 251 211 64 99 213 113 211 118 221 194 244 123 98 251
    223 106 199 36 71 190 218 122 233 124 240 93 61 47 213 20 245 111
    153 172 153 15 240 29 156 73 16 242 51 189 90 87 40 250 182 255 125
    214 54 157 93 25 239 103 63 250 157 122 252 87 243 215 36 105 135
    116 144 114 205 215 243 123 50 58 85 105 210 36 214 154 202 120 243
    119 112 223 57 109 149 22 245 47 147 173 16 5 104 29 159 89 16 242
    51 191 89 87 44 250 186 249 255 247 191 189 221 59 255 251 255 251
    191 118 252 92 247 215 124 251 247 127 195 127 251 222 243 255 126
    251 255 238 223 108 92 246 255 123 249 245 121 223 255 111 245 55
    247 111 191 191 153 199 252 29 159 89 20 243 247 191 123 127 168 254
    221 190 214 119 232 198 250 230 90 189 68 221 150 243 147 186 127
    139 185 43 255 173 239 159 187 107 246 255 77 197 227 255 247 179 37
    117 53 157 255 126 89 124 235 246 235 57 91 243 253 204 127 243 244
    238 184 231 199 255 247 195 254 101 145 239 187 221 108 236 55 125
    93 59 183 84 253 209 63 57 116 253 245 246 103 121 116 114 176 50 61
    175 225 89 255 123 124 249 240 108 150 254 194 112 145 253 87 223
    127 63 208 22 244 76 141 181 215 12 234 31 135 93 184 246 107 158 91
    158 46 185 179 53 147 246 60 2 216 175 82 233 81 115 166 194 2 18
    118 199 4 19 198 173 227 75 138 138 226 75 82 41 225 111 103 167 60
    182 127 108 194 213 193 72 145 74 234 4 137 79 217 166 88 199 116 26
    60 65 1 51 51 219 28 54 161 253 59 21 253 138 55 31 19 127 230 70
    149 52 61 59 188 87 246 246 65 96 208 115 209 119 220 160 224 29 114
    24 85 105 215 36 87 190 82 120 137 124 112 93 56 47 212 20 229 111
    153 172 24 13 240 29 156 73 16 242 51 189 88 87 40 250 183 54 117 34
    159 160 3 88 230 45 146 115 237 11 128 85 242 244 7 112 225 2 153
    116 4 152 108 11 210 24 97 105 85 44 86 190 82 48 1 212 216 64 24
    143 192 65 192 77 153 44 24 0 240 28 156 73 16 242 51 156 88 23 32
    249 152 218 214 233 232 253 230 245 61 253 106 203 142 117 123 185
    253 223 249 43 252 109 94 249 235 127 59 246 125 71 251 247 247 211
    123 33 117 255 252 34 253 60 234 119 255 135 95 243 252 217 60 245
    247 231 159 237 87 220 247 167 211 127 149 254 255 252 126 239 254
    247 251 208 127 255 70 127 191 126 251 125 251 247 61 102 237 85 159
    124 239 255 121 63 254 123 255 255 215 229 223 223 243 253 253 119
    117 93 110 63 213 28 254 53 141 253 24 37 254 167 156 235 88 254 187
    173 222 223 48 190 191 254 125 231 255 189 159 152 255 125 254 251
    239 127 238 221 243 247 63 185 253 86 155 124 231 255 121 187 254
    127 247 191 159 237 220 255 254 121 185 247 127 223 107 63 213 131
    252 21 172 247 29 15 248 183 223 109 116 246 182 190 254 223 60 156
    252 249 255 253 118 119 255 255 223 254 221 189 127 190 255 254 251
    213 251 111 125 223 230 191 255 239 254 189 123 219 126 255 245 37
    117 255 214 119 253 125 122 93 255 62 255 191 229 254 159 172 255
    157 250 63 148 93 216 254 107 251 223 206 42 246 250 253 255 191 247
    239 223 253 223 229 253 190 191 174 255 254 255 215 127 119 63 155
    231 60 255 239 255 127 243 251 254 191 241 45 53 255 210 119 249 255
    122 223 253 62 223 63 237 60 157 172 87 133 248 31 149 77 216 246
    121 249 125 94 34 255 3 5 0 146 1 2 0 6 34 96 1 4 0 137 0 3 110 82 1
    96 192 160 192 35 72 152 160 8 18 8 32 65 82 36 84 186 66 104 1 68
    16 64 24 11 192 20 225 78 153 172 24 4 112 24 156 73 16 114 51 189
    88 86 32 250 122 57 251 246 54 99 248 111 215 128 247 241 127 224
    147 122 254 139 115 223 55 63 229 151 159 107 230 221 66 244 244 232
    238 63 39 190 223 60 218 253 248 125 181 111 251 61 179 110 255 170
    171 211 240 29 60 85 69 243 115 251 57 54 193 251 210 201 154 223 99
    75 220 135 31 193 61 206 62 254 46 190 127 147 56 159 6 189 231 99
    251 215 243 126 39 171 214 41 151 183 49 81 194 77 254 106 51 185
    229 113 191 28 125 174 215 138 247 221 189 99 176 239 81 127 120 123
    17 125 147 202 3 3 128 146 5 2 1 78 6 64 3 4 1 73 0 23 110 212 1 100
    64 38 192 99 76 152 160 9 18 8 48 41 86 36 84 186 66 120 1 84 64 64
