<?xml version="1.0"?>
<opencv_storage>
<ImageFile>"227.jpg"</ImageFile>
<Features type_id="opencv-matrix">
  <rows>282</rows>
  <cols>64</cols>
  <dt>u</dt>
  <data>
    62 253 253 252 62 125 117 127 255 116 221 250 127 127 254 223 251
    254 99 251 245 118 211 247 253 255 245 251 127 255 255 233 159 108
    199 190 222 120 249 125 124 223 255 175 213 117 247 111 187 174 137
    15 242 29 222 93 60 246 123 191 251 223 108 218 62 253 253 254 54
    125 117 127 255 116 221 248 127 127 254 222 251 254 99 251 247 118
    211 247 253 255 245 251 127 255 255 233 159 108 199 190 223 120 249
    125 124 221 255 173 213 117 247 111 187 174 137 79 242 29 222 93 60
    246 123 191 251 223 108 218 251 154 254 119 255 183 219 184 222 191
    210 127 239 72 51 85 118 247 127 242 253 63 155 253 186 122 255 254
    222 215 247 255 79 237 207 61 223 189 253 127 121 76 195 158 209 105
    155 119 189 222 24 1 244 189 156 211 86 246 247 159 254 223 56 254
    189 254 119 233 254 189 167 248 253 127 250 123 207 63 252 237 243
    253 255 104 249 82 190 124 111 253 61 183 255 87 123 255 245 225 222
    123 119 247 189 183 255 222 90 31 93 163 222 209 172 117 94 36 207
    247 143 109 214 220 175 140 222 207 54 181 250 221 254 255 119 127
    221 175 191 253 95 255 191 254 254 254 251 215 61 127 118 191 243
    119 127 223 243 63 127 251 126 235 215 39 53 251 215 127 251 117 112
    221 253 127 221 29 245 111 221 172 26 141 248 63 156 77 80 246 123
    191 91 31 176 250 5 18 68 5 189 176 163 124 176 189 192 97 236 25
    128 1 96 236 131 185 225 98 202 248 32 40 104 242 124 5 225 103 93
    232 156 52 119 184 41 181 221 68 10 14 192 97 218 73 56 254 24 5 244
    156 222 69 54 146 183 156 200 151 36 95 236 238 239 233 250 253 227
    253 189 253 238 255 219 191 251 236 195 221 255 107 253 221 190 184
    123 109 31 166 253 199 59 223 249 195 125 113 117 247 253 190 255
    119 106 54 95 167 90 177 173 93 126 181 223 255 143 236 214 236 239
    236 207 78 35 181 3 22 68 34 221 160 33 88 160 60 192 97 172 73 0 1
    98 236 7 80 224 34 9 127 6 168 96 143 210 4 97 71 95 46 148 186 81
    48 33 198 76 64 26 14 64 97 194 79 24 52 24 4 96 28 140 65 48 178
    183 148 136 86 36 120 3 22 68 50 221 160 35 88 160 44 128 97 172 73
    0 17 98 237 7 112 224 38 8 127 6 170 224 143 82 0 97 71 95 46 148
    190 83 56 33 215 76 64 26 15 192 97 195 79 24 36 24 4 96 28 156 65
    48 178 51 159 216 87 36 121 5 18 68 37 189 176 163 120 48 185 194
    101 172 25 128 1 96 237 139 25 225 2 202 120 32 40 104 86 124 5 97
    71 125 224 252 48 117 184 41 183 221 68 10 14 192 225 218 65 56 119
    24 5 244 188 158 65 54 146 183 140 192 23 36 95 147 158 146 231 253
    234 218 24 30 121 6 79 130 88 64 61 108 223 189 3 196 45 138 123 47
    222 51 103 214 3 35 127 215 163 125 49 119 249 237 55 209 92 42 111
    201 4 253 123 136 181 24 5 244 166 156 73 16 210 50 175 80 87 36 254
    60 175 255 221 50 255 249 247 189 252 87 221 95 254 251 238 185 221
    251 107 247 125 214 243 121 107 182 246 109 221 126 235 215 50 103
    186 214 122 249 124 248 125 253 47 253 54 247 111 159 172 153 207
    242 29 157 93 16 242 115 253 91 95 41 250 59 159 244 198 255 159 129
    27 191 84 150 103 189 127 108 117 246 183 67 178 245 119 145 119 83
    42 192 31 126 218 221 227 143 108 67 182 243 90 217 252 221 29 30
    134 208 115 245 79 185 174 137 13 242 29 217 73 58 242 119 189 90
    223 174 88 186 253 124 222 55 93 221 185 255 215 191 254 189 62 124
    246 255 182 70 251 55 114 209 118 241 183 245 121 127 250 223 184
    202 108 199 222 218 123 248 125 254 221 117 61 212 247 244 110 187
    175 147 15 250 29 223 93 56 243 121 189 123 219 174 218 172 238 103
    137 154 125 161 245 189 253 122 189 93 191 251 238 203 220 239 104
    121 192 188 184 123 125 29 161 253 223 59 159 240 103 125 251 85 247
    45 182 191 86 120 62 78 166 90 176 141 45 118 180 219 159 135 76 128
    228 41 108 79 78 34 181 236 238 239 217 18 127 161 255 253 253 110
    157 91 183 251 238 139 92 251 111 60 209 254 184 89 109 28 162 237
    211 58 159 249 67 103 251 85 247 253 60 254 117 122 54 31 167 75 240
    191 41 255 189 211 95 165 28 212 236 105 124 207 78 11 254 209 213
    154 87 37 130 88 58 18 169 181 203 166 193 6 26 36 131 188 159 142
    45 226 75 160 19 243 126 81 33 128 111 223 49 56 113 22 141 242 241
    211 170 171 79 171 24 217 127 193 210 123 247 44 234 248 203 83 27
    190 75 20 53 147 207 146 49 154 215 38 131 216 162 82 129 21 82 178
    66 16 82 52 211 20 159 7 61 227 195 168 18 242 76 6 233 148 57 54 53
    56 211 78 77 194 215 145 201 229 74 171 12 217 30 199 146 67 199 60
    162 48 235 81 51 56 91 81 57 208 239 43 215 108 220 55 189 223 49 61
    95 63 202 157 125 124 69 180 253 68 251 244 118 144 114 121 62 167
    122 124 115 125 241 214 124 214 170 211 123 248 241 246 223 123 47
    244 134 245 111 153 191 24 13 248 29 159 93 16 243 115 191 123 223
    46 250 5 49 1 48 21 34 37 122 128 6 192 48 96 75 132 1 64 108 3 212
    225 34 0 199 130 40 228 205 16 4 224 193 74 14 148 174 9 32 1 69 8
    194 22 139 64 113 166 78 16 52 16 0 96 24 78 1 40 34 19 146 8 146
    100 97 37 198 108 8 157 188 167 88 173 95 168 234 169 59 236 13 131
    125 167 48 240 82 24 124 116 245 25 35 189 26 73 83 141 200 219 0
    240 152 45 42 111 62 42 165 85 241 116 193 56 189 152 8 215 165 206
    20 56 132 230 164 130 219 46 91 79 38 131 101 248 176 170 196 72 187
    195 127 194 66 131 1 2 77 155 79 235 45 78 89 14 202 30 167 70 37 33
    150 103 151 92 155 121 189 109 22 201 96 16 216 227 201 155 19 88
    125 60 115 81 244 188 160 196 202 147 135 76 55 113 55 199 0 130 39
    200 226 170 132 8 171 67 70 130 66 3 32 0 9 25 198 235 13 78 89 14
    202 26 167 194 32 35 150 39 181 29 11 57 173 108 134 201 96 16 200
    235 9 139 177 88 76 24 51 213 230 60 160 193 139 145 161 4 55 16 101
    213 52 255 85 56 150 219 112 178 165 149 218 206 121 128 2 34 197 62
    107 159 109 194 251 45 178 166 127 112 45 65 111 87 53 52 187 210
    185 242 223 208 72 169 143 163 40 217 63 155 174 57 7 112 24 156 79
    80 119 51 221 248 23 33 255 47 214 108 171 255 189 167 24 60 127 142
    111 172 127 237 69 226 253 137 176 241 119 155 120 100 252 105 55
    254 83 121 231 223 224 223 176 247 250 189 53 125 93 90 143 213 193
    246 65 184 253 24 13 246 189 223 73 62 246 183 156 218 223 44 88 5
    55 228 116 20 34 37 114 96 60 192 49 76 217 132 3 34 109 131 97 227
    46 65 247 4 58 134 149 120 4 97 197 95 38 52 186 65 56 17 85 92 226
    26 143 192 97 199 79 24 36 24 0 96 24 158 13 56 178 19 151 72 71 37
    250 5 55 68 112 60 178 45 82 96 30 65 0 76 91 128 1 66 236 7 224 227
    102 1 247 12 56 166 157 124 4 97 193 82 110 148 186 65 56 17 69 12
    98 26 143 64 225 194 79 8 53 16 0 96 24 142 9 40 162 19 150 72 150
    36 49 195 6 130 55 205 130 138 130 34 41 35 67 130 195 34 17 108 35
    36 215 200 13 51 73 66 223 185 111 146 42 162 6 87 45 84 179 91 12
    109 198 97 64 56 139 201 88 189 159 88 172 24 5 245 74 156 203 16 50
    19 181 8 85 16 106 85 180 255 85 56 150 219 112 154 167 149 218 206
    169 129 26 42 197 58 43 143 109 194 235 173 243 183 127 80 45 65 111
    215 181 60 223 210 189 250 127 240 202 169 175 179 24 217 63 155 172
    57 135 56 24 156 79 80 127 58 217 248 21 33 255 127 51 243 178 93 34
    39 122 198 44 208 51 239 203 146 81 242 213 35 102 225 47 193 119
    142 202 246 143 82 8 112 233 87 39 20 191 82 56 101 84 88 64 24 15
    193 17 197 207 153 172 24 1 240 28 156 73 16 242 51 157 88 87 32 250
    45 182 117 101 189 241 179 120 248 185 198 127 237 31 137 69 234 220
    195 106 245 34 202 252 45 184 52 163 124 79 35 238 223 96 85 186 119
    186 233 116 249 92 58 174 197 161 251 107 185 188 24 5 240 29 156 73
    22 242 183 189 218 87 36 254 5 4 64 18 25 128 1 92 0 32 132 48 32 75
    128 3 98 84 1 64 192 34 202 35 4 136 128 13 18 8 1 73 87 38 20 186 0
    48 1 86 16 64 24 7 64 0 193 79 17 36 24 4 112 24 156 9 16 98 51 156
    72 6 32 248 163 182 65 35 157 192 131 140 254 251 40 125 41 11 130
