<?xml version="1.0"?>
<opencv_storage>
<ImageFile>"228.jpg"</ImageFile>
<Features type_id="opencv-matrix">
  <rows>91</rows>
  <cols>64</cols>
  <dt>u</dt>
  <data>
    253 239 255 253 50 255 255 255 189 255 237 250 223 255 255 238 155
    253 251 107 191 125 118 251 253 255 183 247 109 255 127 235 215 210
    199 239 214 253 249 127 126 191 255 245 247 251 247 123 191 175 175
    255 251 125 190 92 124 255 123 255 251 255 251 254 255 253 255 223
    247 253 223 249 255 215 253 250 191 254 254 223 251 245 126 127 63
    127 242 119 127 255 247 63 127 251 126 187 214 109 255 223 194 125
    251 127 115 223 253 127 159 28 253 63 159 189 22 141 248 189 159 127
    88 246 121 255 127 221 58 251 60 255 255 220 54 255 213 127 255 220
    254 181 125 252 253 238 243 212 227 43 245 127 213 247 249 110 164
    148 125 223 126 235 239 104 71 190 222 122 217 125 250 93 247 46 212
    182 245 111 191 172 157 13 242 29 157 93 54 242 127 255 123 223 46
    250 235 206 238 235 255 255 231 153 253 253 212 251 191 255 254 205
    203 245 253 255 253 95 219 125 119 255 27 55 127 83 59 255 223 239
    223 115 119 253 253 62 125 127 106 63 221 93 127 179 253 221 152 188
    215 253 142 254 122 252 247 191 219 223 60 254 63 182 125 188 191
    189 63 121 253 126 216 189 253 124 189 117 247 255 67 242 245 115
    219 255 221 236 228 255 122 213 253 239 207 44 215 190 223 122 233
    127 126 95 126 175 212 247 247 111 185 172 24 13 242 29 157 89 24
    242 115 189 250 215 42 254 187 254 239 239 254 253 255 189 253 223
    252 255 255 63 127 253 255 255 251 187 245 95 223 253 249 127 127
    182 127 215 255 175 207 233 255 117 255 125 253 61 127 221 255 191
    223 183 255 119 191 223 143 239 246 167 222 253 126 215 254 239 247
    255 236 222 60 191 253 222 62 125 253 255 255 252 94 181 125 126 255
    252 255 214 195 98 245 120 213 246 217 175 244 219 111 219 255 235
    223 108 87 190 223 122 249 124 254 93 255 47 212 182 245 111 185 172
    153 13 242 29 157 89 60 242 123 189 90 95 42 250 189 187 255 229 255
    251 243 122 252 157 214 255 239 95 180 93 250 253 255 123 245 111
    203 247 175 254 116 247 126 87 247 239 223 107 221 180 255 123 249
    117 93 221 251 39 217 33 255 111 188 190 137 207 240 181 158 77 126
    150 247 143 250 159 165 222 126 253 239 252 119 255 221 63 253 255
    221 249 255 252 62 207 185 253 122 255 247 127 243 247 127 127 247
    183 127 255 126 235 207 127 199 255 222 125 250 125 120 255 247 111
    223 117 247 239 255 174 154 207 243 61 220 93 125 247 127 191 251
    253 140 250 123 253 252 94 54 159 95 19 247 70 61 232 255 250 52 95
    245 179 114 247 183 127 83 231 241 103 231 125 107 252 220 33 206
    124 134 158 202 89 242 249 62 219 253 237 181 126 245 111 149 174
    136 79 122 29 217 95 57 247 123 191 123 249 238 203 123 245 252 94
    119 159 95 19 247 69 189 248 190 251 36 93 244 179 118 247 183 127
    81 103 242 103 231 125 123 252 220 33 142 108 6 158 203 89 242 253
    122 219 189 239 213 125 247 79 157 174 152 79 120 29 217 77 57 247
    115 191 59 251 174 201 63 149 237 220 55 157 93 121 183 100 157 254
    157 124 188 71 242 244 66 107 150 126 210 115 93 190 162 59 122 89
    93 105 215 36 87 186 194 120 251 127 112 221 125 47 212 20 245 111
    153 172 24 13 240 29 158 77 56 242 115 191 89 87 38 250 253 186 247
    245 254 183 251 248 254 189 211 123 239 91 217 85 246 239 255 123
    245 127 195 255 143 122 255 255 126 119 247 255 223 249 215 191 255
    184 248 125 253 93 251 191 241 161 251 111 190 255 137 75 242 189
    156 81 102 255 215 191 250 223 236 94 90 171 143 215 38 215 216 54
    90 191 117 217 223 242 19 202 60 211 120 171 134 125 231 219 137 83
    183 190 111 225 181 106 215 60 113 48 95 88 250 113 240 125 233 111
    147 20 241 111 155 232 13 199 244 29 188 92 23 243 51 255 89 115 64
    255 122 150 239 219 255 183 223 57 255 127 86 126 189 126 57 85 246
    247 88 178 244 119 219 127 250 246 238 63 126 217 253 235 215 236
    223 183 254 123 249 121 116 93 79 44 213 148 213 79 191 172 152 13
    246 61 220 89 120 246 123 189 218 223 106 254 179 53 117 214 190 132
    95 60 198 101 85 51 173 107 146 86 118 246 66 99 250 170 227 46 156
    170 246 59 210 185 117 111 195 44 20 190 218 56 227 255 80 74 145
    143 192 16 201 79 153 164 24 1 112 24 156 65 48 242 115 153 248 86
    32 255 63 182 253 247 191 181 251 125 254 253 246 121 239 91 176 85
    254 223 107 251 253 47 203 255 236 171 230 255 94 93 241 239 223 46
    84 190 95 121 249 119 248 92 122 15 209 37 251 111 153 172 24 5 240
    29 158 73 16 242 51 159 88 87 32 255 189 254 117 224 191 125 165 249
    253 125 234 121 111 125 244 245 243 244 71 105 245 226 188 60 94 175
    101 187 255 95 123 255 241 236 222 190 82 242 185 246 223 87 90 159
    208 231 252 81 168 53 94 12 234 159 143 77 184 244 163 156 222 94 46
    188 45 214 101 229 255 189 175 89 188 127 234 73 221 121 244 229 243
    253 207 98 244 107 186 123 92 239 167 183 124 85 125 255 247 224 94
    184 247 240 249 245 127 94 90 15 212 7 215 91 152 189 28 5 242 29
    159 73 16 246 51 189 218 95 32 248 191 214 117 244 255 189 175 89
    189 125 234 121 109 121 244 245 243 252 207 98 244 106 184 126 94
    175 167 187 255 87 125 255 247 238 94 190 242 242 249 247 223 94 90
    159 208 67 215 75 168 181 28 5 226 29 159 73 24 246 243 158 218 94
    32 188 59 191 247 215 255 189 219 61 254 253 182 249 239 123 176 93
    254 247 235 187 247 47 83 255 195 123 231 183 94 93 241 231 223 46
    86 180 127 120 251 117 249 124 186 239 209 117 243 111 185 172 24 69
    240 29 156 73 23 242 119 191 90 119 161 251 63 245 125 254 55 125
    125 127 247 252 213 241 125 122 188 214 255 214 66 107 246 122 224
    62 253 191 243 91 123 121 253 239 215 52 117 190 214 120 248 117 112
    223 255 47 246 21 245 111 153 174 27 7 242 29 159 77 24 243 115 255
    123 95 34 255 215 184 154 55 127 146 154 10 106 163 151 226 174 194
    32 91 116 131 52 215 199 39 67 87 199 82 249 111 66 46 229 98 223 44
    68 190 91 56 233 119 112 92 56 41 209 93 183 111 153 174 24 7 240 29
    216 73 16 243 51 189 56 83 32 74 250 190 247 231 255 183 155 189 254
    125 214 123 239 89 50 85 254 247 123 115 252 103 219 125 238 250 252
    191 254 89 119 239 215 237 222 191 254 121 237 117 125 93 123 63 193
    37 253 127 188 188 152 13 242 189 158 73 80 246 183 159 218 95 52
    254 127 20 247 244 255 226 127 94 182 125 128 117 175 207 162 95 235
    245 59 99 200 47 202 127 14 219 250 47 90 9 115 111 87 167 53 187
    114 124 109 119 113 76 58 47 205 20 253 239 153 164 88 5 240 60 156
    73 16 182 51 159 88 71 32 250 122 185 255 255 127 183 253 255 255
    255 212 251 255 238 191 92 255 223 251 123 247 127 203 127 255 251
    242 255 126 241 255 239 223 239 255 191 255 253 251 119 125 125 255
    111 255 149 255 127 255 190 152 215 242 189 156 93 93 246 255 251
    251 111 169 246 159 211 117 245 255 113 255 216 182 61 241 115 237
    89 224 85 235 212 39 114 230 42 160 126 46 223 243 59 214 11 115 127
    83 36 28 186 82 112 249 119 113 76 58 31 197 5 253 95 136 181 16 5
    248 30 158 73 16 242 51 159 92 87 32 184 124 63 255 245 126 255 253
    255 253 252 222 247 255 253 251 238 251 221 251 111 245 127 214 247
    223 254 182 159 124 223 126 255 255 101 117 190 214 126 249 124 252
    93 251 62 221 167 247 111 157 173 28 5 242 29 159 77 16 246 115 189
    91 87 32 250 248 191 255 215 126 255 253 255 253 253 94 223 223 252
    251 238 251 213 123 107 252 255 246 247 91 255 183 62 124 219 126
    255 215 37 119 190 214 123 249 124 120 93 251 63 221 38 245 111 157
    172 28 13 242 29 157 77 16 246 115 189 91 95 32 250 159 242 85 231
    255 224 155 216 230 25 241 123 175 91 160 81 235 213 39 114 227 42
    160 126 46 223 243 59 214 42 115 127 86 100 29 154 82 112 233 119
    117 72 58 31 197 5 252 95 136 181 16 5 248 150 158 73 16 242 51 159
    92 87 36 186 159 211 109 244 63 113 253 90 180 127 253 115 239 92
    224 117 227 221 39 115 230 46 160 122 44 223 179 59 214 47 119 127
