<?xml version="1.0"?>
<opencv_storage>
<ImageFile>"23.jpg"</ImageFile>
<Features type_id="opencv-matrix">
  <rows>258</rows>
  <cols>64</cols>
  <dt>u</dt>
  <data>
    237 206 231 201 200 255 167 253 61 253 106 79 157 61 251 237 203 253
    249 46 124 193 190 248 123 125 25 166 253 67 59 159 253 67 95 113
    117 247 253 36 247 53 90 182 93 142 92 177 172 29 94 60 211 255 141
    238 222 204 47 44 198 79 26 176 40 206 140 138 39 221 149 51 63 220
    30 207 157 61 125 140 221 242 224 185 212 118 219 227 121 117 21 50
    61 211 31 99 223 104 83 48 255 74 248 40 117 93 110 47 149 52 117
    111 185 136 153 13 246 13 152 92 63 242 54 189 83 223 12 250 13 5 76
    152 34 29 52 55 49 82 7 132 28 54 44 66 132 154 64 224 213 112 64
    243 89 32 128 208 104 64 157 97 223 16 209 160 83 90 128 120 244 159
    28 5 244 20 231 78 155 172 137 15 242 29 217 93 58 243 59 189 89 211
    110 203 187 220 124 215 191 237 223 153 191 117 189 251 191 127 230
    253 255 246 54 243 255 170 179 126 245 255 243 123 255 123 255 127
    215 237 116 254 210 113 249 255 115 223 109 63 213 22 253 63 141 167
    94 13 248 159 159 77 56 246 243 191 251 95 36 250 44 139 238 219 34
    253 244 55 61 222 94 217 28 126 189 206 155 218 225 235 247 124 215
    243 89 127 135 180 109 212 189 227 223 98 87 176 215 88 249 124 124
    125 252 47 213 181 247 111 155 172 153 77 242 29 152 93 19 243 115
    181 91 123 41 250 234 204 110 143 239 213 159 169 189 255 126 93 189
    62 121 228 243 245 93 242 252 115 183 116 125 237 173 63 255 219 63
    251 245 108 87 186 210 115 233 252 114 93 92 46 213 22 244 109 157
    172 152 13 242 29 156 89 24 246 51 188 90 94 42 248 36 237 255 140
    34 93 28 231 99 198 45 128 94 181 255 234 143 80 96 41 20 208 116
    163 249 21 149 88 45 238 30 49 240 84 97 202 138 70 152 56 54 159 61
    53 190 150 116 108 211 169 103 159 26 29 51 28 156 195 8 108 85 216
    74 178 248 254 103 143 254 245 187 253 253 253 254 189 125 63 251
    236 251 244 91 106 252 211 191 188 253 237 188 187 255 219 127 191
    229 109 71 254 222 115 249 252 255 93 95 190 212 182 200 116 189 173
    223 13 242 31 157 93 248 246 107 188 223 206 42 252 227 198 96 170
    223 14 7 9 229 64 40 58 169 59 236 93 194 55 5 84 105 195 145 100 86
    221 89 45 179 26 8 1 128 37 86 186 99 80 5 252 38 90 24 137 85 91
    244 68 152 36 16 12 115 21 205 161 56 244 33 188 26 214 58 89 63 50
    97 240 157 164 109 120 196 46 241 48 105 203 144 71 2 84 7 104 171
    170 168 60 12 184 39 11 82 9 49 223 112 166 188 219 66 245 1 151 17
    226 153 94 74 136 72 147 10 53 86 128 72 154 166 32 128 32 41 218
    204 6 32 181 114 49 211 151 216 134 11 110 198 101 17 22 131 194 147
    82 114 215 24 102 138 141 194 11 14 194 174 15 18 8 16 111 115 37 52
    155 66 124 7 86 16 64 0 10 137 12 201 143 145 36 80 5 48 26 148 75
    64 122 49 25 88 4 48 248 59 223 124 207 55 189 221 57 255 215 189
    202 191 125 124 93 255 247 102 251 244 118 211 119 241 247 245 62
    126 115 215 169 223 108 219 156 210 121 248 121 125 221 127 175 245
    113 245 111 185 190 152 13 242 13 222 93 57 247 118 191 243 223 172
    218 35 205 108 142 39 95 29 27 167 196 61 200 61 58 124 207 157 182
    100 189 20 86 209 103 81 245 149 56 51 186 86 33 142 124 227 158 202
    88 232 121 52 223 61 173 149 116 244 110 145 170 144 13 178 29 250
    92 56 243 114 189 123 223 44 218 69 35 215 117 248 162 106 118 32
    191 66 23 194 197 147 3 106 205 185 103 206 45 66 219 14 202 182 135
    64 8 48 79 87 39 84 187 16 252 117 84 80 96 24 14 233 12 193 239 25
    172 24 85 241 92 156 73 16 250 51 159 72 87 33 250 59 221 108 142 39
    95 157 59 167 196 61 202 191 56 124 79 191 247 102 189 52 118 209
    103 113 119 245 56 63 250 214 169 206 124 227 158 194 88 248 121 116
    223 61 175 181 116 244 111 145 170 145 15 242 29 216 85 56 243 114
    189 115 223 44 218 243 213 217 159 234 207 95 13 207 103 61 154 191
    238 54 126 255 215 48 39 142 189 227 47 221 199 179 63 19 185 95 111
    211 165 20 155 194 105 226 254 50 218 109 107 151 28 229 63 149 172
    16 5 36 25 148 203 24 114 48 57 88 84 50 251 243 213 217 158 234 143
    95 9 231 101 61 202 191 234 52 94 255 215 52 39 142 173 243 39 220
    215 183 63 19 187 95 105 211 36 20 154 194 105 242 254 50 218 45 107
    149 28 245 47 145 164 16 5 48 25 148 75 24 114 48 57 88 84 34 251
    131 148 8 7 191 208 154 136 18 163 149 234 170 2 38 19 109 215 36
    211 201 161 227 64 68 215 241 43 82 63 163 98 215 44 21 186 90 121
    233 119 112 88 56 47 209 20 245 109 153 174 24 5 240 29 156 73 16
    243 51 189 88 87 32 250 122 48 249 38 127 182 91 56 214 63 215 115
    237 74 16 84 118 183 82 145 241 119 211 127 188 242 252 63 90 249
    229 234 15 172 134 190 254 57 233 125 88 205 247 137 209 97 181 79
    191 190 153 11 240 177 220 81 112 50 247 219 186 151 188 222 253 252
    254 255 254 255 250 181 123 253 127 255 190 118 251 252 255 211 121
    235 253 61 199 248 251 111 248 255 239 127 255 247 247 37 85 247 223
    123 233 119 242 93 123 62 245 23 251 127 157 238 24 7 244 29 157 201
    86 247 51 189 91 95 34 255 67 4 136 21 232 128 218 0 34 163 5 74 192
    65 2 1 12 43 48 147 206 45 82 203 128 114 146 246 0 37 129 71 159
    152 129 32 184 137 250 43 96 40 41 225 177 88 183 59 48 202 8 103
    245 225 120 226 63 27 150 183 160 243 213 78 109 198 101 248 223 191
    47 88 172 127 42 90 141 105 252 69 192 253 111 96 252 118 152 123 78
    254 39 39 92 88 49 203 83 38 222 187 82 120 165 116 116 78 90 15 213
    20 244 83 152 173 24 4 226 29 143 9 16 242 51 189 88 87 32 176 59
    221 236 188 39 255 223 57 189 212 253 206 221 125 126 239 253 253 99
    243 244 119 210 247 217 127 245 254 121 214 255 235 223 60 67 190
    219 120 232 120 122 95 56 47 213 117 247 111 153 172 24 13 240 29
    156 73 48 242 51 189 122 87 42 251 251 221 236 157 39 223 30 49 63
    215 61 202 158 124 126 239 253 251 96 247 252 119 210 243 217 127
    245 126 113 150 255 33 223 60 83 174 218 120 232 120 114 95 56 47
    213 54 247 111 153 172 24 13 240 29 156 73 16 243 51 189 88 87 42
    251 47 246 109 168 255 189 15 89 237 127 240 250 253 107 252 85 210
    245 71 112 245 118 152 125 69 188 41 63 94 91 125 233 215 108 222
    155 194 120 169 247 254 222 126 13 208 87 244 95 152 189 16 4 98 29
    143 89 24 178 51 188 218 223 42 177 197 45 243 213 208 134 111 207
    161 231 1 186 211 227 179 74 234 85 57 103 14 173 194 35 78 202 178
    47 2 8 50 11 211 39 116 187 0 124 247 86 16 106 56 110 251 28 201
    191 157 172 24 21 113 28 148 75 16 254 49 189 92 84 49 251 7 6 0 52
    45 144 128 0 32 48 134 97 32 83 0 1 32 168 1 146 193 34 81 83 68 26
    128 7 2 44 129 70 151 184 66 176 123 24 233 100 96 28 24 143 192 65
    147 75 185 238 8 1 240 28 152 65 22 243 151 149 72 87 32 90 69 37
    158 24 0 67 48 246 0 162 5 132 82 164 131 42 109 10 163 199 1 133 71
    131 129 40 244 200 64 4 162 96 221 16 65 174 25 40 200 104 120 24 56
    38 245 117 163 110 153 168 40 87 240 29 24 73 22 243 19 181 24 114
    65 234 45 38 229 163 159 189 163 125 253 126 194 53 253 127 185 69
    226 244 195 96 245 99 219 253 93 168 36 135 126 93 57 207 255 44 87
    186 86 122 169 124 252 84 90 142 84 231 193 75 184 44 24 5 242 29
    157 73 16 242 51 188 218 87 32 248 65 206 198 75 232 219 166 114 57
    189 14 207 142 61 76 169 139 41 249 43 244 69 91 249 115 127 25 182
    45 67 3 71 223 195 97 32 117 155 253 42 117 61 106 183 29 241 127
    227 188 217 173 188 213 237 138 142 111 204 134 229 194 249 69 94
    111 175 227 248 95 102 231 79 165 238 192 176 91 239 191 79 235 213
    41 102 198 45 218 123 79 203 178 15 83 8 51 79 215 39 85 187 82 120
    237 118 112 124 56 47 213 28 245 111 153 172 24 5 240 29 156 73 16
    242 51 189 88 87 32 250 35 207 236 138 23 221 135 25 173 198 152 232
    185 63 125 79 139 117 98 189 180 87 211 101 85 245 29 53 63 154 90 9
    206 108 207 154 194 120 255 56 36 125 60 173 23 240 117 166 18 184
    152 8 179 25 254 22 56 230 114 189 91 221 44 90 13 39 125 248 32 61
