<?xml version="1.0"?>
<opencv_storage>
<ImageFile>"230.jpg"</ImageFile>
<Features type_id="opencv-matrix">
  <rows>132</rows>
  <cols>64</cols>
  <dt>u</dt>
  <data>
    255 253 255 253 255 255 251 253 255 255 253 254 255 250 254 255 251
    213 127 111 127 223 190 61 127 255 191 63 223 95 126 191 243 39 85
    251 82 119 253 246 210 94 120 63 217 30 253 181 157 173 30 133 249
    191 156 107 208 252 49 189 92 87 50 251 252 253 255 255 254 253 255
    245 125 255 255 255 255 254 255 254 251 213 127 111 63 221 175 60
    127 255 191 63 255 95 126 191 240 103 124 219 214 247 253 247 211
    223 249 126 219 158 88 180 205 141 86 181 217 255 135 239 208 252
    105 127 221 92 51 189 255 254 255 253 254 253 255 241 127 255 255
    251 255 254 254 253 251 213 63 111 47 221 175 60 111 223 63 63 255
    95 126 191 240 231 124 219 86 247 253 247 211 223 251 126 219 158
    220 180 205 157 86 181 217 255 135 239 208 252 105 126 93 92 50 189
    249 222 255 239 255 253 255 249 255 253 253 235 255 189 126 255 255
    255 127 249 252 215 251 253 247 127 253 254 255 87 255 255 221 237
    247 125 223 253 252 255 127 223 127 191 253 251 254 181 189 223 158
    191 254 191 223 125 126 255 255 188 255 223 14 223 251 222 254 247
    255 255 219 217 255 255 254 223 191 248 250 253 255 213 63 111 126
    223 191 125 127 223 63 63 223 91 126 191 243 103 93 255 82 119 253
    246 243 92 120 63 217 30 249 181 205 173 22 133 249 191 141 107 208
    252 49 189 92 95 48 186 254 222 255 221 255 255 219 249 191 255 254
    223 223 248 251 253 255 213 127 111 126 223 190 124 127 255 191 127
    223 95 126 191 247 103 92 255 82 119 253 246 211 95 120 62 217 30
    217 181 141 173 30 165 249 255 157 235 208 252 49 189 92 95 50 187
    251 222 124 239 255 191 223 152 191 127 189 251 175 123 100 253 245
    247 60 253 252 95 187 124 231 255 123 127 255 123 255 255 183 237
    222 95 234 117 253 247 215 223 106 125 217 31 252 21 196 215 22 13
    236 231 143 239 120 148 244 62 215 223 190 189 252 255 255 253 254
    127 255 247 253 255 254 255 223 254 255 238 251 213 127 111 127 223
    175 61 127 255 191 63 255 95 126 191 243 103 125 251 86 247 253 246
    211 255 251 62 223 142 89 180 205 173 86 181 217 255 135 239 208 252
    105 127 223 92 51 189 252 171 255 253 114 127 241 247 221 252 254
    189 95 180 251 238 153 216 251 111 117 221 246 147 255 111 156 245
    109 215 62 234 237 27 103 236 255 247 253 124 250 61 247 182 253 183
    119 238 191 172 239 219 211 125 24 92 102 239 79 249 123 255 111 254
    252 255 255 253 254 127 255 255 253 255 254 255 255 254 255 239 251
    213 127 111 127 221 175 61 111 255 191 63 255 95 126 191 241 103 124
    251 86 247 253 246 211 223 250 62 223 142 89 180 205 173 86 181 217
    255 135 239 208 252 105 63 221 92 51 189 255 254 255 255 255 255 223
    251 255 255 253 255 255 254 255 252 251 213 127 111 127 223 175 125
    127 255 191 63 223 91 126 191 243 39 93 255 82 127 253 246 242 94
    120 63 223 30 253 181 221 173 30 133 249 255 157 235 208 252 49 189
    92 87 50 191 253 189 247 151 218 231 171 245 206 237 251 255 247 234
    179 238 251 213 127 103 127 143 239 253 223 127 191 175 211 142 242
    191 255 39 85 255 82 125 237 254 120 92 56 63 221 60 255 181 157 172
    24 5 241 63 156 75 80 252 49 189 92 87 32 250 251 30 214 147 223 231
    131 246 110 231 18 90 190 235 179 95 238 215 61 231 79 135 239 125
    78 251 189 47 210 14 242 63 215 39 85 187 82 124 237 86 112 84 56 47
    217 28 249 181 153 172 24 5 240 31 156 73 16 244 49 189 92 87 32 250
    253 61 247 151 218 231 163 245 206 229 243 127 247 234 147 110 251
    213 127 103 127 143 239 253 222 127 191 175 210 142 242 191 223 39
    85 255 82 125 237 126 120 92 56 63 221 60 255 181 157 172 24 5 240
    31 156 73 80 248 49 189 92 87 32 250 255 255 255 255 254 255 251 255
    253 253 254 255 255 255 255 253 251 213 127 111 127 207 191 61 111
    255 63 63 255 91 126 191 243 103 125 251 82 119 253 246 211 95 248
    62 219 158 217 181 205 173 86 181 217 255 133 239 208 252 105 63 221
    93 50 191 211 30 146 19 207 194 130 152 46 171 18 74 174 203 35 29
    252 247 61 215 78 135 191 125 194 223 251 110 210 26 226 55 223 47
    87 191 90 125 237 118 112 92 56 47 217 92 249 181 157 172 24 5 240
    127 156 203 16 244 49 189 92 87 48 250 242 30 146 147 207 194 130
    137 110 235 18 74 174 195 35 29 255 215 61 215 78 135 191 125 194
    223 251 111 210 26 226 54 215 47 87 191 91 125 237 118 112 92 56 191
    221 92 253 181 153 172 24 5 240 63 156 203 16 240 49 189 92 87 48
    250 229 237 247 151 217 199 203 249 238 239 41 251 179 235 242 239
    235 245 125 103 95 143 255 61 95 255 191 47 211 139 50 63 243 39 87
    251 82 125 237 254 112 92 56 191 221 28 253 181 153 172 24 5 241 31
    156 75 16 248 49 189 92 87 32 250 124 253 255 253 54 255 253 247 253
    254 220 253 255 252 255 206 251 253 251 251 245 127 87 247 253 127
    247 254 109 215 255 234 207 104 231 254 223 121 249 125 124 93 247
    191 247 245 183 111 191 238 143 203 242 29 216 93 126 247 255 255
    251 251 236 222 239 253 231 147 223 199 203 217 238 239 147 250 255
    235 243 95 235 245 63 103 79 143 191 125 79 223 191 47 210 31 50 63
    211 47 87 251 82 125 237 118 112 92 56 63 217 92 249 181 157 172 24
    5 240 31 156 75 16 244 49 189 92 87 32 250 248 223 255 255 255 247
    255 255 253 253 252 219 255 252 247 207 251 213 127 111 126 143 175
    61 79 255 191 47 223 95 126 191 243 39 116 251 82 119 253 246 218 94
    120 62 217 30 217 181 141 173 94 181 249 191 157 203 208 252 33 189
    92 87 50 187 242 30 146 147 207 194 130 137 110 235 34 106 174 195
    34 29 127 183 61 215 78 135 63 125 194 223 251 111 210 26 226 54 215
    47 87 191 91 125 237 118 112 92 56 175 217 92 249 181 153 172 24 5
    240 63 156 203 16 240 49 189 92 87 48 250 255 252 127 231 255 255
    223 153 255 127 189 251 191 251 246 253 247 247 63 127 127 223 190
    124 239 255 123 127 255 123 255 191 243 239 222 223 242 247 255 247
    211 223 106 127 219 30 252 181 205 149 86 173 205 247 135 239 208
    252 240 62 223 221 62 189 251 222 254 239 255 255 223 219 191 255
    124 219 191 255 254 253 247 215 61 111 94 143 191 125 111 223 127
    127 223 91 254 63 241 231 124 223 82 119 253 247 211 222 106 63 223
    30 252 181 205 189 86 181 248 183 135 239 208 252 33 62 220 92 50
    189 245 252 247 151 217 199 203 249 238 239 40 251 183 235 243 255
    251 247 125 103 95 143 255 125 95 255 191 47 211 139 114 63 243 39
    87 251 82 125 237 254 112 92 56 191 217 28 249 181 157 172 24 5 241
    63 156 203 80 252 49 189 92 87 48 250 248 251 255 255 242 127 255
    255 253 253 255 191 255 254 251 238 251 213 127 111 63 157 239 191
    127 255 191 191 255 219 126 191 243 103 125 251 215 247 253 246 251
    125 253 126 223 175 91 180 205 173 119 245 219 255 133 238 208 252
    105 255 95 12 19 182 255 220 254 255 255 127 223 249 191 255 125 255
    191 254 255 255 251 213 61 111 15 223 174 60 111 223 187 63 223 91
    126 63 240 231 60 219 82 119 253 246 211 223 120 62 223 158 216 180
    205 173 86 181 201 191 135 111 208 252 41 60 93 92 50 181 252 251
    247 245 250 239 255 255 253 253 255 255 255 254 251 238 251 213 127
    111 63 141 238 61 95 255 191 191 223 207 54 191 243 39 117 251 82
    119 253 246 243 92 248 62 223 30 217 181 205 173 94 181 217 191 149
    79 208 252 33 189 93 87 49 186 119 53 227 179 221 166 35 254 64 103
    209 54 234 203 131 21 234 205 57 246 233 133 195 113 78 250 184 175
    210 28 98 43 215 37 85 187 91 120 109 84 112 88 24 143 213 25 243
    111 153 172 24 5 240 29 156 65 16 242 51 189 88 87 32 250 51 214 108
    143 55 221 157 25 255 215 189 234 189 63 125 247 149 246 70 185 176
    82 209 108 245 181 229 123 63 251 223 243 140 252 223 142 202 89 168
    123 54 223 111 189 182 242 244 61 179 187 148 11 190 133 255 125 56
    243 186 60 243 219 110 154 59 148 108 142 39 255 31 49 119 86 63 128
    61 62 125 117 181 242 64 240 241 114 209 246 241 117 237 92 124 246
