<?xml version="1.0"?>
<opencv_storage>
<ImageFile>"232.jpg"</ImageFile>
<Features type_id="opencv-matrix">
  <rows>122</rows>
  <cols>64</cols>
  <dt>u</dt>
  <data>
    254 246 125 254 254 63 31 81 255 127 57 250 223 123 244 93 242 247
    111 99 253 246 145 126 221 254 189 127 218 94 255 251 210 44 86 190
    210 120 225 245 214 94 56 191 209 86 244 79 153 173 24 5 240 29 159
    73 16 242 51 189 90 87 42 187 255 252 239 255 255 191 127 249 253
    127 252 251 255 255 246 253 243 245 127 107 253 255 187 127 111 255
    187 63 255 95 127 255 211 101 212 251 210 127 249 247 214 223 122 63
    217 23 253 127 157 173 26 5 248 189 159 77 24 246 115 191 223 95 34
    255 250 186 155 247 254 178 250 187 220 187 242 251 239 194 18 122
    118 143 255 219 237 63 75 223 175 219 247 255 78 243 231 254 111 185
    206 53 255 189 248 247 248 92 227 125 251 101 147 123 255 238 24 195
    244 189 220 217 87 243 247 255 254 55 241 254 71 23 228 52 93 34 35
    94 160 52 128 65 78 249 2 19 108 237 35 243 240 39 80 247 134 42 244
    206 112 20 225 99 223 44 68 190 91 56 97 124 124 92 56 143 193 113
    243 79 153 172 24 1 240 28 156 65 48 242 51 157 88 87 32 250 255 252
    127 253 255 191 255 121 253 127 252 251 255 255 244 253 243 245 127
    123 253 127 187 127 111 255 251 63 255 95 127 255 211 101 214 251
    210 127 249 247 86 223 122 63 209 23 253 127 157 173 26 5 248 189
    159 77 24 246 115 191 218 95 46 185 252 253 255 255 255 255 255 249
    255 255 215 255 255 254 255 221 255 223 251 111 255 255 223 127 239
    255 255 255 255 127 255 255 215 231 221 127 247 255 255 119 121 125
    239 127 255 157 255 183 223 221 24 245 255 247 156 255 89 252 249
    239 255 125 155 246 222 35 25 183 59 144 26 201 198 171 33 50 177 66
    176 82 242 147 7 67 201 162 193 86 140 158 245 43 66 170 183 122 195
    36 70 190 82 120 225 116 112 76 48 47 209 84 181 111 153 172 24 5
    240 29 156 73 16 242 51 189 88 86 32 250 61 221 124 220 55 125 249
    119 63 220 253 221 93 124 253 239 191 252 226 43 245 122 245 243 249
    47 231 90 125 95 255 255 239 112 255 252 214 122 248 253 243 223 255
    47 246 182 247 111 153 191 191 15 248 29 159 93 50 243 123 255 251
    223 47 251 61 252 124 204 62 253 249 119 115 212 255 213 92 60 253
    236 183 250 66 235 245 112 213 243 249 42 228 218 125 127 221 235
    255 116 209 190 222 122 248 253 242 159 255 38 244 182 247 111 155
    254 143 15 248 29 155 93 54 243 123 253 251 219 110 255 199 228 74
    43 21 114 34 196 48 163 36 250 34 139 134 75 75 108 53 73 9 130 109
    48 5 145 57 43 83 11 35 114 209 4 148 234 83 57 37 118 114 66 56 61
    83 81 114 228 25 172 58 4 216 29 228 72 144 240 33 156 92 83 32 251
    191 250 125 119 255 185 251 248 220 57 214 127 239 95 192 113 246
    223 223 219 245 47 131 254 175 254 247 255 222 119 231 254 95 237
    188 255 255 191 249 245 217 220 219 94 233 33 187 127 174 247 25 195
    232 191 158 73 70 183 247 223 254 31 164 190 84 49 208 118 49 162
    120 2 82 42 225 177 230 194 132 91 118 139 160 211 199 45 65 223 130
    26 227 223 66 44 228 228 91 183 52 183 169 156 242 117 232 234 179
    75 235 81 179 79 248 230 40 83 228 28 120 193 23 187 215 179 56 115
    241 75 124 189 255 223 62 119 221 255 255 252 127 253 127 254 187
    254 255 215 248 43 246 125 246 63 253 239 246 127 127 249 255 239
    247 100 119 254 246 123 251 125 114 93 255 126 245 150 213 111 159
    172 159 207 242 29 157 93 116 246 123 255 251 31 43 254 254 254 254
    231 255 189 255 217 253 251 210 251 255 123 251 93 242 255 255 251
    253 127 219 124 245 250 123 247 126 245 253 247 223 233 222 53 247
    249 253 119 253 95 235 253 243 197 219 115 190 255 152 47 247 229
    221 253 86 255 247 175 251 251 188 95 254 190 254 239 255 189 255
    153 253 251 210 251 191 123 251 93 242 255 251 251 253 119 219 125
    245 218 122 247 126 245 253 247 223 233 222 53 247 251 253 119 253
    95 107 124 243 197 219 115 190 255 152 45 247 229 223 253 86 255 247
    175 251 219 186 127 248 29 254 247 111 111 251 255 125 253 223 159
    191 252 59 254 255 223 121 111 254 189 231 183 219 107 242 254 251
    213 254 239 255 39 117 255 215 127 249 116 216 93 253 62 221 23 203
    111 157 172 26 5 242 31 157 73 16 246 115 189 91 22 34 250 255 254
    247 101 253 188 171 217 253 125 218 127 239 127 203 253 242 253 191
    50 253 15 159 124 119 254 123 183 254 87 107 255 111 235 95 117 247
    183 253 182 205 84 74 158 77 235 218 145 236 93 28 185 213 231 141
    235 86 220 247 175 214 79 58 52 124 61 255 253 122 247 251 247 189
    255 215 189 223 255 187 238 251 253 123 103 253 167 246 183 223 107
    188 255 89 213 118 251 247 37 87 191 83 122 233 124 248 92 56 46 213
    53 195 111 153 172 24 5 240 29 156 73 16 242 51 189 88 87 34 250 69
    33 195 53 88 194 186 110 192 170 193 52 224 66 131 66 106 9 35 67
    193 37 194 215 12 218 180 175 64 12 33 106 223 36 69 186 18 56 233
    116 120 76 48 46 213 53 179 111 153 172 24 5 240 29 28 65 16 242 51
    185 24 87 32 250 68 33 195 53 88 226 171 254 192 170 195 54 225 67
    131 66 106 13 99 67 229 39 194 215 76 250 182 175 66 140 35 202 223
    36 69 186 18 56 233 124 120 92 48 174 213 49 177 111 153 172 24 1
    240 29 156 65 16 242 51 185 88 87 32 250 60 50 117 134 190 181 155
    113 214 126 211 119 253 30 145 84 126 214 66 96 241 34 145 212 156
    56 252 219 82 220 245 234 77 44 71 190 222 56 169 93 88 84 19 142
    192 96 160 77 187 172 152 3 240 29 156 81 0 114 51 156 122 23 40 250
    7 38 68 161 252 176 162 208 32 123 130 103 200 115 163 1 224 233 1
    242 193 37 3 240 68 92 185 175 208 14 163 115 223 36 85 186 90 120
    233 116 112 84 56 47 213 5 247 109 153 172 24 5 240 29 156 73 16 242
    51 189 88 87 32 250 61 182 125 101 255 189 183 248 253 253 214 127
    237 127 233 197 242 253 219 250 245 115 27 252 225 126 120 183 124
    87 253 255 223 233 223 181 255 251 253 53 253 93 91 62 213 227 219
    83 188 255 141 47 246 165 219 93 118 222 247 143 251 223 236 94 250
    253 250 246 54 143 92 35 87 249 117 251 190 226 52 94 254 147 124
    255 151 61 241 95 217 95 247 255 66 249 244 238 135 191 100 183 255
    92 242 245 80 255 245 235 187 28 183 111 223 226 185 223 244 29 184
    205 87 243 115 251 123 113 153 238 45 205 239 252 34 31 125 103 53
    222 109 193 95 236 180 110 161 252 101 111 118 60 240 51 93 175 167
    24 81 212 60 233 210 38 118 186 210 120 209 252 114 127 60 47 214 20
    245 110 153 172 24 5 240 29 156 73 17 242 115 189 89 86 35 251 45
    205 239 252 50 127 125 107 181 206 109 208 95 237 252 238 171 252
    103 103 118 126 240 51 93 255 167 25 121 218 60 233 210 38 86 186
    210 120 209 252 114 127 60 47 212 22 245 110 153 172 24 5 240 29 157
    73 24 242 115 189 88 86 34 251 43 150 100 143 239 253 135 25 63 125
    30 79 189 61 124 245 245 247 1 176 240 82 155 124 113 252 121 126
    254 83 223 103 149 236 91 52 251 90 168 111 117 93 74 175 213 82 244
    109 152 252 152 13 246 5 158 73 58 242 182 188 210 223 44 248 189
    191 214 119 253 233 248 48 122 249 215 127 174 95 200 85 126 219 188
    219 231 45 195 127 163 126 242 255 126 111 231 231 223 243 125 182
    247 219 251 117 217 93 251 103 233 1 255 111 168 246 89 231 244 166
    154 73 119 247 247 167 250 47 165 78 108 32 231 149 89 231 171 255
    132 238 194 55 241 202 147 70 10 85 227 98 253 39 194 111 28 250 182
    39 82 136 51 203 79 36 87 186 16 120 233 124 120 76 52 170 245 48
    241 107 153 172 24 1 240 29 156 65 24 178 51 185 8 87 32 250 254 58
    247 117 254 179 251 192 250 63 211 123 255 243 179 88 254 203 187
    246 239 173 75 223 142 218 254 255 202 237 247 238 87 175 69 191 127
    253 253 127 120 92 251 79 249 109 251 55 189 238 24 103 244 253 156
    235 86 255 215 191 248 119 177 254 79 23 140 116 47 51 126 54 48 60
    212 3 140 249 34 3 108 169 35 210 225 103 67 247 0 106 244 214 120 4
    225 99 223 56 129 164 91 40 112 105 124 8 58 47 213 113 183 111 57
    238 24 5 240 24 216 65 59 243 55 149 56 243 164 74 204 42 130 241
