<?xml version="1.0"?>
<opencv_storage>
<ImageFile>"233.jpg"</ImageFile>
<Features type_id="opencv-matrix">
  <rows>207</rows>
  <cols>64</cols>
  <dt>u</dt>
  <data>
    62 253 255 216 34 223 221 103 255 246 223 156 95 188 127 254 157 186
    226 187 183 87 87 215 253 119 247 254 109 247 222 226 143 216 227 44
    254 206 250 123 124 61 229 229 191 245 55 239 255 234 175 219 182 29
    120 84 111 215 223 243 243 249 205 206 171 213 108 122 63 189 95 25
    191 119 189 234 191 123 100 93 151 183 118 185 245 118 145 119 113
    119 213 62 127 247 205 225 143 204 194 36 227 9 250 121 126 223 111
    237 213 113 247 111 183 219 153 13 254 165 251 53 59 183 246 191 179
    251 236 75 251 222 126 237 255 127 221 219 191 125 252 251 191 253
    254 253 243 245 63 111 110 206 188 60 111 223 123 59 255 123 126 63
    240 231 60 219 242 247 253 247 211 223 106 127 219 158 220 149 205
    181 86 181 232 183 135 111 208 252 104 30 223 92 54 189 193 15 198
    87 252 226 188 214 40 245 41 203 142 249 2 43 171 237 61 111 78 141
    102 249 67 127 187 62 208 2 34 55 215 37 117 251 83 125 233 247 112
    92 56 191 221 24 255 189 153 172 24 5 241 62 156 73 16 246 49 189 92
    87 32 250 198 9 138 81 202 208 218 129 10 171 59 78 146 196 3 56 233
    145 61 199 78 165 174 88 78 215 187 111 192 11 51 58 119 39 93 251
    82 125 239 118 112 76 56 63 213 28 253 53 153 172 24 5 240 31 156 75
    16 240 49 61 92 87 32 186 147 222 142 207 175 93 220 179 63 223 61
    203 158 249 126 189 237 218 60 171 92 222 180 57 123 87 183 122 253
    83 158 55 240 112 120 64 211 71 250 227 243 159 106 63 154 150 252
    180 193 217 86 149 220 207 135 237 147 209 104 60 87 125 2 185 250
    220 254 255 255 127 221 215 191 253 124 219 31 252 254 253 247 245
    127 111 126 159 189 60 111 239 63 59 255 91 126 191 240 231 62 223
    210 119 253 247 211 223 106 62 219 158 216 148 205 181 86 181 200
    191 135 111 208 252 105 62 223 92 50 189 197 205 134 213 232 70 222
    179 42 239 41 203 130 231 82 171 237 235 125 231 95 141 118 216 91
    127 191 106 193 143 162 55 251 39 127 251 90 61 237 254 115 92 56
    191 223 120 255 181 205 140 88 177 209 255 156 235 208 252 49 61 92
    85 16 186 40 133 108 222 39 157 221 51 183 222 21 193 157 121 60 71
    180 246 64 35 212 118 208 115 89 178 164 22 120 208 85 235 215 56 83
    176 210 120 248 121 112 95 56 47 212 116 245 111 153 172 152 13 240
    29 156 89 24 242 51 189 90 215 40 251 133 15 146 87 128 64 192 199
    42 161 45 203 130 211 131 187 107 198 164 43 14 140 238 42 75 151
    179 107 147 11 2 62 243 38 117 250 16 181 235 246 113 124 40 247 174
    20 121 180 193 172 126 53 148 26 148 107 145 112 32 61 92 85 1 250
    197 206 134 85 232 193 138 149 40 187 43 207 154 229 99 169 237 137
    61 247 78 141 110 248 67 95 187 234 193 6 34 54 127 39 93 251 91 125
    237 246 113 92 56 63 223 28 255 181 153 172 24 5 240 95 156 73 144
    240 49 189 92 87 32 186 255 250 93 238 255 58 31 24 255 93 188 251
    175 123 228 221 179 247 188 61 101 244 176 124 231 247 89 55 191 123
    79 253 154 209 222 209 237 217 191 181 103 223 107 117 245 27 252 89
    230 247 133 46 207 231 207 191 110 221 148 15 246 223 252 29 234 207
    238 217 107 95 222 135 61 243 191 206 155 252 127 238 129 17 126 191
    30 255 247 123 119 71 143 54 237 255 30 210 255 223 75 73 210 255
    254 186 182 255 237 124 182 254 245 187 223 203 182 223 159 93 247
    190 217 207 248 124 119 248 219 253 197 142 134 85 200 66 136 131 42
    251 42 79 130 229 99 169 237 201 61 231 76 141 46 120 75 95 187 106
    208 2 50 54 119 39 93 251 82 125 237 246 113 92 56 63 207 28 253 181
    137 172 24 5 240 31 156 73 144 240 49 189 92 87 32 186 234 207 238
    217 239 223 218 167 189 255 63 206 159 252 127 238 129 145 126 191
    30 255 246 123 123 71 143 54 237 247 62 186 247 223 203 73 218 127
    254 187 246 255 237 124 183 254 241 187 223 203 150 255 159 237 247
    190 209 207 248 127 247 248 219 181 207 206 110 137 6 95 134 147 61
    255 46 202 158 191 127 239 201 121 125 189 61 214 124 56 113 117 29
    34 253 215 59 211 240 202 219 97 123 223 61 186 246 183 106 61 23
    222 118 177 223 73 182 60 223 237 235 190 186 204 169 124 215 216 90
    187 195 222 150 247 207 64 142 129 42 251 40 203 158 225 98 185 237
    219 61 247 76 141 47 120 199 223 251 106 211 6 178 55 242 39 93 251
    91 117 237 246 115 92 56 63 223 30 254 181 137 173 16 5 240 31 140
    73 144 240 49 189 92 87 32 186 195 221 194 127 255 98 220 158 56 235
    57 239 170 207 102 191 233 247 61 215 111 143 127 57 103 223 251 43
    211 27 162 55 247 47 127 251 91 125 237 246 115 76 56 63 223 89 255
    181 205 140 90 149 209 254 156 235 144 244 49 61 92 85 16 186 46 173
    168 184 6 223 5 7 247 78 140 164 125 172 63 223 221 42 98 152 181
    119 83 199 209 117 212 228 41 246 222 192 143 154 195 36 235 8 250
    104 44 189 116 233 23 241 55 239 245 234 168 74 166 69 122 20 63 195
    222 181 179 233 200 66 248 201 254 223 51 223 250 247 31 219 126 221
    183 190 255 238 235 213 252 47 30 189 231 59 121 223 187 46 95 203
    62 63 242 39 125 251 86 127 223 244 211 255 249 62 191 158 73 182
    143 41 119 181 217 191 167 206 208 252 105 127 93 12 35 183 195 206
    130 23 200 72 142 129 42 171 42 203 146 229 98 169 237 129 45 231 78
    141 46 88 67 223 187 42 193 10 34 54 243 39 93 251 82 125 237 246
    115 92 56 63 223 94 253 181 137 172 24 5 240 31 140 73 144 240 49 61
    92 87 32 186 134 238 67 162 29 120 160 219 120 90 2 119 162 23 201
    97 66 68 165 40 193 4 136 120 111 156 17 35 158 10 35 94 84 198 221
    146 113 254 45 52 225 84 58 61 68 134 116 225 8 61 24 4 212 5 142 8
    16 192 34 172 76 95 36 186 199 205 130 63 201 64 216 134 40 171 41
    239 162 207 99 171 105 161 61 215 15 143 127 25 71 223 187 43 211 11
    34 55 247 39 119 251 83 53 237 246 114 92 56 191 223 88 189 180 217
    140 90 181 209 223 148 227 144 248 33 61 92 85 16 250 199 203 130 85
    201 64 142 128 8 171 42 75 130 199 66 169 105 137 45 215 79 143 46
    216 67 95 191 106 193 6 34 22 251 47 77 187 91 52 237 246 112 92 56
    191 221 120 191 181 137 172 24 1 240 31 156 73 16 240 49 181 92 87
    32 186 195 205 130 23 201 194 222 134 40 171 41 207 130 207 99 171
    105 241 61 199 15 143 239 57 67 95 187 46 211 11 34 55 247 39 125
    251 83 117 237 246 112 92 56 63 223 92 253 181 217 140 90 53 209 127
    148 235 144 248 49 61 92 85 16 250 212 40 147 145 200 193 202 225 74
    171 59 94 210 196 210 232 111 193 125 71 78 141 174 200 139 87 191
    106 128 143 179 62 87 39 93 251 26 253 239 214 112 84 160 63 223 28
    189 181 157 140 24 245 209 223 28 235 80 248 49 57 92 85 33 190 210
    57 146 183 200 64 140 134 74 171 57 95 182 198 2 58 127 131 61 215
    15 141 239 8 138 223 251 107 194 138 226 55 115 39 125 255 27 109
    109 214 112 72 52 59 207 28 191 181 221 140 88 181 208 254 28 227
    208 248 49 57 28 85 16 170 212 106 27 209 232 80 218 225 74 171 59
    94 211 226 211 240 127 131 60 7 78 165 174 200 159 215 191 107 130
    139 51 62 115 135 77 123 90 253 239 222 112 84 225 61 215 12 188 49
    159 205 16 37 221 95 140 235 208 120 48 61 92 21 112 190 194 206 130
    19 205 82 138 135 42 171 42 206 142 227 99 187 237 131 61 247 76 133
    127 57 67 223 251 110 211 10 162 50 247 39 95 251 91 125 237 246 112
    92 56 63 223 92 253 181 153 172 24 5 240 31 156 203 144 240 49 189
    92 87 32 186 187 222 76 238 255 60 221 152 255 95 60 235 175 127 102
    253 247 246 60 185 116 214 185 124 99 247 113 51 255 123 79 255 150
    236 218 84 255 85 184 177 119 223 107 253 220 83 252 89 224 215 150
    12 204 167 207 189 62 244 244 46 246 221 142 157 76 1 146 176 65 131
    32 111 4 96 196 2 146 192 130 6 94 25 225 69 216 21 194 195 18 26
    216 230 96 132 128 192 15 18 2 160 21 72 101 72 104 1 52 129 225 5
    179 207 27 172 169 152 243 88 88 145 107 58 23 145 8 19 77 74 197
    174 230 193 255 211 131 248 62 251 186 127 202 89 227 237 233 245
    127 151 221 135 174 248 71 127 59 38 212 15 35 63 223 39 93 251 82
