<?xml version="1.0"?>
<opencv_storage>
<ImageFile>"234.jpg"</ImageFile>
<Features type_id="opencv-matrix">
  <rows>366</rows>
  <cols>64</cols>
  <dt>u</dt>
  <data>
    56 238 109 201 62 253 241 113 253 220 94 221 221 125 253 236 219 252
    227 171 245 114 219 247 249 127 5 182 109 215 127 239 207 104 75 52
    255 218 249 60 253 29 123 167 213 243 247 107 187 253 137 9 246 13
    155 93 62 210 246 173 243 223 110 222 248 249 255 255 122 255 253
    239 255 253 126 223 255 246 255 254 251 215 249 47 214 125 254 123
    255 207 51 183 127 251 62 239 215 231 127 113 247 255 255 118 243
    253 239 119 191 158 125 235 223 252 255 221 247 119 189 222 93 254
    255 239 219 125 155 254 56 253 255 223 50 253 245 247 255 212 95 157
    127 190 255 238 191 246 242 43 182 127 247 183 249 127 150 176 109
    211 94 239 207 78 99 244 223 223 250 125 63 253 247 182 63 182 117
    238 191 184 239 255 190 13 176 92 239 231 107 235 251 237 207 246
    120 153 255 253 34 255 245 255 223 252 222 157 95 180 127 254 255
    221 251 47 190 93 254 191 255 255 246 246 109 211 126 238 143 211 99
    117 246 255 254 121 121 189 247 119 63 183 125 239 255 136 239 255
    243 125 190 222 111 254 239 235 243 109 223 222 255 13 239 252 110
    79 95 239 189 252 127 135 95 253 63 238 173 221 123 103 124 239 246
    51 95 235 190 118 249 240 62 235 247 57 65 249 246 100 244 252 118
    61 189 191 221 30 229 110 157 172 24 141 241 127 156 75 89 254 115
    189 94 86 24 248 173 254 111 233 254 189 183 240 189 125 254 251 207
    125 252 205 243 253 255 107 253 119 154 252 111 255 61 183 252 87
    123 255 215 225 223 59 247 249 253 55 127 95 122 191 213 163 254 113
    172 253 28 45 248 181 143 109 54 214 183 143 218 223 44 190 251 157
    158 190 79 39 223 131 55 124 84 67 158 237 54 29 244 251 113 246 244
    255 145 115 218 126 240 94 248 208 254 227 215 40 82 52 211 72 248
    104 124 95 28 143 213 17 215 79 153 172 24 13 244 29 152 201 59 247
    115 189 82 247 10 234 59 159 253 222 63 159 223 57 255 254 23 216
    189 122 60 87 254 247 98 187 244 119 211 119 217 242 230 126 126 249
    245 235 215 60 215 190 218 120 248 121 112 93 123 45 245 116 245 111
    187 174 24 15 242 29 220 89 48 243 115 189 123 223 40 250 126 18 41
    165 254 180 187 77 156 255 210 29 209 76 147 84 122 221 131 98 232
    35 206 92 12 200 174 167 82 245 49 239 103 164 93 59 118 249 233 118
    120 76 66 14 215 4 153 83 153 236 24 5 244 157 156 97 16 242 179 189
    218 87 32 246 254 237 255 253 243 223 249 239 157 255 127 255 159
    254 255 254 235 213 61 111 15 159 230 59 127 207 183 63 215 235 62
    63 247 39 125 251 86 127 255 252 242 125 253 126 255 30 253 182 221
    173 126 181 217 31 181 109 208 252 121 253 93 93 51 251 125 140 255
    223 59 191 119 125 189 245 68 159 159 191 191 78 250 245 251 43 252
    119 210 119 121 234 156 54 121 217 93 239 215 101 51 186 214 219 249
    124 222 159 127 166 245 52 229 111 189 172 153 13 240 29 157 77 56
    246 123 189 219 223 46 251 171 222 110 235 255 125 229 216 253 125
    172 255 175 127 238 237 195 245 239 58 245 86 155 124 119 255 17 51
    255 91 123 255 223 238 223 242 247 253 253 60 127 127 106 191 93 243
    252 241 168 253 28 12 220 135 142 109 58 244 246 175 222 223 46 188
    123 191 247 247 63 183 219 57 254 255 83 243 175 123 176 87 242 247
    97 115 247 47 211 127 93 250 247 47 82 27 113 239 215 44 87 190 82
    120 233 116 112 92 56 175 209 20 241 111 153 172 24 5 240 29 156 73
    16 242 51 189 88 87 32 250 125 140 255 221 59 159 243 127 189 245 84
    159 159 191 191 78 170 245 249 43 252 119 210 115 121 250 156 55 125
    89 95 111 151 96 81 250 214 91 249 124 244 159 127 38 245 148 241
    111 157 172 153 13 240 29 156 77 56 246 123 189 219 223 46 251 207
    137 207 245 255 98 83 190 180 189 212 255 171 253 6 11 9 125 57 119
    236 175 230 51 46 251 152 54 249 65 35 239 159 43 17 241 127 89 253
    117 112 188 187 47 221 25 245 107 29 172 27 5 209 126 156 203 120
    254 55 159 88 23 52 218 126 189 255 255 51 223 223 239 223 242 223
    188 125 246 255 254 251 147 114 255 247 49 215 183 221 255 242 253
    67 255 255 235 207 44 71 190 218 122 233 124 112 93 245 46 245 151
    245 111 159 174 153 15 242 29 156 89 16 243 123 189 123 95 42 250
    126 232 235 251 54 223 221 207 221 231 223 188 251 174 255 254 155
    85 122 123 159 215 223 45 125 215 159 55 127 251 31 251 135 206 255
    203 238 255 255 63 32 253 229 121 23 158 117 179 215 189 183 255 143
    181 247 190 216 236 232 123 255 217 251 182 58 17 152 246 23 133 217
    41 198 196 85 118 181 78 49 84 126 182 64 214 51 62 211 71 184 186
    246 73 82 184 212 169 14 46 7 158 203 72 74 93 57 73 181 235 197 117
    181 46 153 174 153 75 112 8 28 81 49 51 123 155 56 191 173 202 205
    238 255 245 248 245 251 240 88 255 226 255 194 113 219 104 162 205
    255 107 253 45 206 248 111 126 63 167 220 71 51 255 255 163 93 59 87
    253 237 54 249 124 122 62 247 165 219 51 157 237 24 37 245 253 156
    105 86 254 179 173 222 87 33 190 207 186 194 247 255 242 207 26 124
    123 144 123 174 218 162 89 41 247 185 147 231 61 75 123 38 223 123
    183 30 107 39 199 159 227 223 51 127 252 255 55 101 109 234 109 221
    13 255 251 92 254 24 213 247 228 222 235 86 191 150 151 152 125 181
    94 191 222 124 231 255 29 223 137 63 87 191 250 190 122 100 221 245
    247 60 253 95 242 177 124 117 223 249 123 247 63 255 51 242 108 94
    223 194 113 169 255 242 223 120 61 209 94 212 29 141 173 20 5 120 29
    159 105 16 246 49 188 92 95 40 185 21 174 255 217 56 247 241 254 208
    252 70 149 65 55 155 162 10 204 203 43 244 41 238 155 57 42 20 134
    109 129 35 223 255 2 117 176 85 186 233 60 217 60 187 166 115 160 65
    107 187 44 111 185 240 29 156 76 38 234 47 205 202 71 35 255 41 214
    101 143 255 133 135 253 255 92 20 31 189 61 191 69 226 212 1 100 88
    82 150 116 126 168 44 25 255 88 61 45 244 101 21 250 82 115 17 116
    55 215 92 30 68 132 200 20 141 37 94 4 50 30 143 77 24 228 43 156 88
    79 34 241 214 58 215 183 200 192 162 141 106 185 34 111 238 243 163
    49 127 131 161 35 200 133 110 249 130 223 249 239 170 139 227 102
    151 165 87 54 121 152 237 102 100 84 104 47 205 84 253 101 153 236 8
    1 244 29 156 73 28 242 151 189 88 87 32 126 197 9 170 145 65 70 99
    238 140 167 5 138 131 203 147 142 9 41 123 71 62 143 246 3 83 115
    159 46 193 136 34 131 207 7 71 235 18 45 111 90 120 56 176 235 159
    120 53 182 89 172 184 241 209 93 84 210 113 248 97 57 12 245 153 234
    249 223 247 255 255 111 117 255 253 253 252 255 191 255 254 239 251
    245 253 111 126 255 255 63 127 255 179 55 255 91 126 255 211 103 119
    251 214 247 255 245 119 255 254 255 223 159 125 243 205 181 255 252
    219 191 143 78 249 252 105 255 223 77 159 190 157 48 125 32 157 113
    37 254 240 52 236 49 101 159 160 113 107 252 135 96 105 192 172 180
    166 173 97 137 250 13 96 185 120 6 148 250 82 113 5 212 88 192 26 22
    68 129 68 196 9 37 86 4 120 26 134 73 144 240 43 156 88 22 36 248
    123 54 245 181 255 181 155 121 238 111 209 122 237 73 176 85 246 247
    99 115 253 39 219 125 220 250 247 255 82 29 245 239 199 172 215 190
    218 120 233 127 120 92 113 143 209 49 245 63 152 172 24 1 240 29 156
    81 16 242 179 189 216 215 40 254 85 19 214 116 49 162 125 126 32 161
    193 241 198 217 134 27 44 205 171 111 162 45 226 115 142 250 242 222
    112 36 224 109 223 51 52 155 0 188 114 71 85 170 185 103 235 25 247
    239 88 178 57 211 96 120 190 77 73 159 51 207 88 117 133 123 239 222
    110 201 254 181 135 145 62 127 58 95 159 127 123 125 225 245 61 230
    253 245 154 120 78 254 57 127 254 90 123 51 215 101 95 187 82 113
    253 116 116 92 24 31 213 132 252 85 157 173 24 5 240 29 156 73 16
    244 51 157 92 87 32 248 250 223 110 255 239 95 223 161 63 215 127
    218 159 254 127 252 245 215 60 255 14 222 165 48 127 223 255 123 247
    251 254 59 242 109 92 223 218 119 253 254 211 95 121 62 220 158 220
    60 141 173 86 5 218 31 135 235 208 244 57 60 93 94 50 185 76 9 239
