<?xml version="1.0"?>
<opencv_storage>
<ImageFile>"235.jpg"</ImageFile>
<Features type_id="opencv-matrix">
  <rows>68</rows>
  <cols>64</cols>
  <dt>u</dt>
  <data>
    127 244 253 253 62 183 127 125 245 255 121 152 221 107 182 95 179
    253 99 99 252 115 242 63 92 235 166 191 123 241 125 235 247 60 214
    190 211 120 241 253 126 78 125 175 247 117 215 79 153 172 24 7 240
    29 157 93 24 246 115 189 250 214 42 251 58 189 239 222 54 95 217 47
    255 254 87 217 63 250 62 222 255 247 114 187 246 127 211 119 249 247
    247 63 123 251 214 235 199 44 71 182 254 120 250 125 112 93 245 111
    213 52 245 111 191 174 153 15 242 29 156 93 56 243 115 255 123 223
    40 250 45 236 239 138 58 223 181 127 253 252 220 253 127 191 255 238
    139 116 251 105 241 87 255 245 125 253 29 183 111 223 127 235 205
    108 71 186 222 123 233 60 126 221 124 175 85 244 116 233 191 172 143
    13 243 29 158 28 60 230 43 252 219 223 106 254 191 253 124 255 255
    189 223 24 255 95 189 250 191 127 236 93 247 183 254 191 255 127 147
    119 247 247 243 127 127 127 207 179 158 220 223 199 255 89 250 121
    127 223 239 253 245 251 255 63 246 223 137 111 254 229 251 255 127
    159 254 175 179 251 255 95 252 255 255 221 114 95 253 255 255 255
    255 250 255 254 255 222 251 213 123 111 247 255 214 247 255 255 247
    255 111 223 126 235 223 78 71 255 222 125 251 124 124 93 253 63 247
    180 245 111 191 172 157 207 242 29 157 93 120 246 123 255 123 223
    105 250 124 58 243 51 216 162 171 252 204 187 210 55 227 194 155 66
    122 141 235 86 253 167 203 221 158 122 254 175 194 140 227 206 79 15
    71 191 29 188 237 126 104 84 177 174 197 105 187 243 190 236 24 161
    243 61 92 81 68 250 151 177 186 87 112 118 123 252 125 238 127 255
    127 127 255 124 253 253 127 191 252 255 243 213 95 109 244 83 181 63
    109 237 168 31 127 89 125 253 240 101 52 251 214 115 145 245 211 223
    91 62 218 150 196 78 141 165 94 5 232 61 159 77 208 246 59 156 91 30
    34 185 122 249 217 254 34 95 92 7 199 226 125 184 63 226 52 94 255
    147 52 223 15 253 113 15 189 215 247 253 67 251 246 232 130 158 39
    223 171 77 242 123 42 235 245 105 191 28 181 46 215 162 162 223 46 1
    118 247 217 243 121 251 61 249 217 167 59 246 124 254 63 189 221 57
    255 255 253 249 189 127 124 93 246 247 100 187 245 126 211 127 249
    254 227 255 126 121 253 239 223 252 222 182 255 121 248 117 126 223
    251 109 244 181 247 111 187 255 24 79 254 29 223 93 62 243 255 191
    251 251 238 254 122 222 126 238 127 255 255 119 127 255 124 217 63
    63 252 255 247 215 61 105 229 3 165 61 109 207 233 63 95 95 253 255
    241 37 84 187 118 115 169 244 210 222 122 63 214 150 244 111 141 173
    94 5 248 29 159 73 144 246 51 188 88 86 34 185 119 55 243 48 220 162
    39 94 192 34 192 50 227 195 130 81 122 45 35 84 251 135 91 199 134
    234 252 175 130 28 96 200 15 15 199 191 8 56 101 86 44 64 20 129 69
    121 183 199 122 172 137 90 243 120 92 83 108 186 151 179 40 215 252
    74 199 169 146 117 217 66 254 134 10 161 165 234 226 194 166 27 41
    43 60 215 15 141 103 11 199 95 219 239 131 47 130 6 143 187 34 71 41
    141 238 87 105 56 160 97 185 89 191 187 93 198 96 247 213 226 112
    226 87 157 148 39 60 113 213 74 252 59 243 247 216 166 107 239 204
    231 211 58 231 202 147 94 250 213 123 103 47 141 202 63 158 219 191
    175 210 136 114 175 71 39 85 191 80 125 101 86 120 64 176 239 203 28
    249 183 221 172 24 177 241 126 156 195 64 252 49 189 92 87 49 250
    193 5 128 146 201 2 2 131 34 96 3 6 146 225 34 1 100 43 97 214 222
    165 82 194 82 106 176 110 128 128 163 67 79 36 87 186 91 104 225 76
    112 80 16 143 193 88 229 79 153 172 24 1 240 29 156 65 16 242 51 181
    88 87 32 234 248 221 255 255 118 247 255 247 255 253 125 223 223 252
    255 254 247 215 127 111 62 191 231 63 255 239 247 254 127 243 254
    191 243 103 61 255 215 127 250 245 123 223 253 126 255 190 253 62
    141 173 95 215 248 191 156 77 209 254 121 255 127 110 19 191 253 61
    255 244 54 103 121 126 212 236 213 181 127 204 150 94 187 253 115
    103 55 173 230 183 159 235 246 223 83 252 118 233 207 55 52 255 158
    124 211 125 88 232 181 239 251 57 229 110 223 174 187 219 240 60 28
    85 121 182 115 251 123 183 169 250 125 37 187 180 19 71 121 111 132
    196 213 52 19 202 144 110 122 57 99 71 55 47 208 7 30 234 166 141 64
    152 116 233 202 38 39 186 147 120 195 92 88 104 181 235 233 57 167
    110 153 172 24 65 240 28 28 65 16 178 115 187 24 54 161 234 195 13
    130 87 96 194 94 7 34 161 5 202 130 225 34 27 45 163 48 215 142 173
    114 195 211 91 242 126 64 160 166 98 207 61 71 187 219 44 234 125
    112 120 57 239 253 88 181 111 153 174 24 67 240 29 28 201 17 243 115
    189 56 119 129 234 124 53 125 188 118 191 63 127 245 84 215 49 125
    60 189 86 242 213 67 100 241 115 208 119 220 232 172 157 122 220 125
    233 215 36 85 190 82 122 129 124 120 223 24 47 213 21 229 79 153 172
    24 5 240 29 157 73 16 242 59 189 88 86 32 250 179 18 16 34 7 66 130
    10 230 128 18 71 60 43 34 21 255 179 37 213 192 35 225 118 196 221
    253 79 82 146 227 98 213 44 71 190 91 56 105 124 120 84 56 47 197 85
    182 109 153 172 24 5 240 28 156 73 16 242 51 189 88 87 32 250 43 222
    109 141 38 221 159 21 191 255 63 206 221 61 127 191 157 254 98 185
    188 114 82 252 253 245 181 122 125 247 223 227 197 248 235 108 250
    107 248 107 126 159 111 189 183 246 244 125 183 219 190 15 190 157
    255 124 63 215 122 253 243 219 78 250 250 61 255 183 255 231 187 253
    222 255 242 123 255 232 179 92 254 215 123 103 124 135 231 117 142
    251 255 47 210 26 242 171 215 45 85 255 82 125 237 116 120 92 56 31
    217 28 249 181 157 172 24 5 240 63 156 73 80 252 51 189 92 87 48 250
    61 53 241 112 16 46 101 122 208 14 226 113 97 67 144 82 114 44 195
    67 247 44 64 215 156 170 230 205 64 140 224 233 78 2 68 190 53 56 65
    252 120 116 178 227 224 113 183 110 187 172 41 82 240 29 28 65 38
    178 87 171 58 247 225 106 239 61 243 241 213 98 103 206 204 229 225
    250 227 203 134 95 251 109 63 87 47 143 119 23 6 255 251 175 211 30
    98 169 135 39 54 255 2 61 127 222 104 104 176 251 219 89 63 182 92
    172 24 241 209 254 52 227 120 188 113 187 28 245 181 106 205 45 231
    245 254 231 251 254 188 253 242 255 219 233 243 238 137 93 127 111
    126 143 238 59 15 255 159 167 209 7 50 159 243 39 117 251 82 125 253
    54 121 124 248 62 203 61 251 179 77 172 94 181 209 255 156 74 208
    252 113 191 76 87 49 254 255 252 255 239 255 167 223 221 255 111 253
    251 255 239 182 221 251 245 127 116 251 223 191 125 254 235 254 63
    255 121 127 191 245 237 158 223 194 117 181 247 27 203 79 158 219 31
    216 149 205 181 86 141 104 182 151 111 216 188 249 158 223 207 62
    181 187 252 124 127 191 189 223 25 255 255 253 251 191 122 100 93
    247 183 126 155 255 126 155 127 241 255 247 255 127 251 253 247 207
    252 142 117 255 217 250 255 127 223 239 253 247 117 191 127 191 223
    152 79 238 165 255 245 63 247 246 191 179 251 252 31 238 223 231 221
    255 127 215 255 191 253 188 203 223 253 126 239 253 253 127 255 126
    223 190 177 95 255 191 126 253 223 126 191 251 111 118 251 218 119
    253 252 119 95 124 63 221 126 253 181 205 165 222 157 251 255 159
    207 88 252 113 189 95 92 18 249 205 44 239 245 251 151 255 201 173
    231 129 190 219 239 179 79 138 125 59 103 143 199 210 121 95 218 154
    55 208 13 55 15 215 37 85 187 82 253 245 30 48 120 120 46 253 28 201
    51 29 172 24 37 209 125 156 42 80 238 49 189 76 87 48 250 205 44 239
    245 249 151 127 201 173 231 129 190 219 239 179 79 138 125 59 103
    143 199 210 121 95 218 154 55 208 13 55 15 215 37 85 187 66 253 245
    30 48 120 56 47 253 28 237 51 29 172 24 37 209 125 156 10 80 238 49
    189 76 87 48 250 251 252 124 239 255 189 223 152 255 127 189 251 175
    123 228 125 246 247 62 191 253 127 179 124 245 255 251 127 255 123
    255 191 175 237 158 215 255 121 251 255 127 223 111 253 209 91 252
    55 173 255 152 47 252 167 255 247 122 183 246 63 255 223 190 157 126
