<?xml version="1.0"?>
<opencv_storage>
<ImageFile>"237.jpg"</ImageFile>
<Features type_id="opencv-matrix">
  <rows>108</rows>
  <cols>64</cols>
  <dt>u</dt>
  <data>
    255 222 255 253 254 255 255 241 191 253 126 223 159 253 254 253 255
    221 127 111 126 143 190 57 127 255 191 127 223 91 126 191 243 231
    125 123 82 247 255 246 243 94 232 127 223 30 253 177 205 141 86 181
    217 255 141 239 209 252 113 63 220 93 19 190 216 27 150 85 239 227
    250 247 30 177 215 79 158 240 3 14 236 221 123 103 222 143 238 123
    10 91 190 110 208 7 178 62 223 39 85 251 82 125 237 118 112 92 56 62
    217 60 249 183 157 172 24 5 241 127 156 203 80 254 49 189 92 87 48
    250 216 25 150 213 239 227 242 247 30 185 214 79 158 248 19 14 236
    221 123 103 222 175 238 123 10 91 190 110 208 7 50 46 223 39 85 251
    82 125 237 118 80 92 56 62 217 60 249 183 157 172 24 5 241 127 156
    203 80 252 51 189 92 87 48 250 191 254 125 239 255 189 223 153 255
    127 255 251 191 127 252 93 247 247 126 251 245 119 147 124 229 255
    251 127 254 123 247 255 215 236 223 223 254 121 249 119 127 223 123
    125 213 151 244 127 189 191 24 15 234 181 223 125 16 246 247 191 255
    223 60 190 248 253 254 223 243 79 255 247 95 253 125 255 191 254 255
    254 255 211 125 111 63 191 231 63 251 127 255 127 219 219 254 191
    243 39 117 255 215 255 255 254 114 127 253 126 191 30 127 182 205
    173 126 245 249 127 148 207 209 253 121 127 93 116 147 254 248 25
    214 215 113 199 250 255 222 249 85 187 183 250 147 94 127 215 249
    111 94 175 231 55 27 219 242 47 82 136 178 46 223 39 117 255 87 125
    255 116 112 124 177 103 239 28 249 239 221 172 57 213 241 62 156 203
    81 254 115 255 88 117 177 250 44 172 239 232 42 255 245 119 189 252
    222 221 91 60 191 206 137 124 227 107 244 119 222 247 125 127 20 182
    109 215 63 207 207 106 99 40 247 250 249 60 125 189 255 167 85 181
    119 235 191 172 175 141 243 29 152 28 62 198 127 253 203 223 46 254
    226 14 206 147 255 150 155 153 172 103 19 90 143 235 146 77 234 213
    57 102 200 135 202 125 78 218 188 47 210 9 51 110 215 37 84 187 82
    121 237 118 112 92 56 15 209 28 249 21 157 172 24 5 241 61 156 203
    80 254 51 189 88 87 48 250 226 14 206 151 255 182 155 153 172 239 17
    90 143 235 179 77 234 213 57 103 204 135 202 125 78 218 189 47 210 9
    51 46 215 37 85 187 82 125 237 118 112 92 56 15 209 28 249 53 157
    172 24 5 241 125 156 203 80 254 51 189 88 87 48 250 46 239 103 235
    223 253 133 249 237 86 250 60 125 255 253 237 243 244 95 100 127 90
    157 53 127 236 47 9 255 222 56 185 240 103 95 219 66 119 149 254 183
    215 88 30 92 158 204 148 141 37 86 4 106 31 135 73 144 244 41 188 92
    78 34 177 191 254 127 239 255 189 223 153 255 127 251 251 239 127
    252 253 247 247 63 251 245 119 155 124 239 255 251 127 254 123 247
    255 215 236 222 255 250 125 249 247 127 94 123 189 213 23 244 125
    157 191 24 5 232 181 159 121 16 246 243 191 254 223 56 190 124 5 252
    218 74 191 119 119 53 116 68 148 157 254 191 78 242 251 217 102 253
    117 211 243 90 106 172 156 120 213 253 235 223 6 87 186 211 122 245
    124 112 223 92 39 213 52 231 79 159 172 153 13 240 29 152 89 56 246
    123 189 90 215 42 251 251 22 238 35 255 183 155 152 238 63 145 126
    175 235 35 85 246 247 59 246 232 135 219 125 78 250 252 47 210 25
    243 111 215 45 85 191 90 121 237 118 112 92 24 15 209 92 249 21 157
    172 24 5 240 61 156 203 80 246 51 189 88 87 48 250 255 253 255 255
    255 127 253 255 253 255 253 255 255 254 255 255 251 213 127 111 126
    143 190 61 127 255 191 59 223 91 118 191 243 103 125 255 210 119 253
    247 123 94 251 63 223 30 253 181 205 173 86 149 248 191 149 77 208
    252 97 191 223 95 50 190 221 191 255 85 120 247 255 254 243 189 196
    251 207 241 146 75 235 197 250 47 255 205 110 255 207 251 190 247
    104 77 118 111 223 19 53 189 118 252 255 117 112 125 235 103 255 60
    245 239 253 172 41 215 241 125 156 207 119 254 119 223 251 117 149
    254 191 255 125 238 55 125 221 27 255 94 189 250 191 127 252 253 251
    247 108 187 117 118 145 118 245 247 243 121 255 122 254 249 158 124
    223 214 255 88 251 125 127 223 127 253 245 215 245 111 190 191 152
    15 250 165 255 93 56 247 126 191 251 223 238 219 60 169 239 248 50
    127 241 247 221 252 222 149 93 180 191 238 155 216 243 107 245 241
    246 147 253 105 148 144 105 213 62 235 205 0 103 232 255 122 249 124
    122 61 247 55 117 183 119 106 191 172 239 223 210 29 24 92 54 226
    111 249 91 223 111 254 127 52 125 191 255 183 31 93 239 103 213 186
    253 63 182 87 254 247 83 112 249 115 211 116 220 248 252 127 114 61
    245 235 215 44 215 190 210 120 233 127 116 93 57 47 213 28 245 111
    153 172 24 5 240 29 156 73 24 246 51 189 88 215 40 250 235 222 238
    231 255 255 223 217 190 255 186 251 191 251 242 253 251 245 61 119
    252 143 191 124 111 255 187 63 223 91 115 63 247 229 95 123 82 245
    237 246 115 92 106 63 221 30 253 177 205 205 24 37 253 255 156 235
    80 252 177 61 220 87 48 188 252 125 255 253 254 103 125 255 253 253
    253 187 255 254 182 238 251 221 127 111 63 159 231 63 95 239 183 191
    211 223 126 191 243 39 116 251 210 125 245 254 122 95 253 63 223 63
    239 191 157 172 94 149 240 63 156 77 80 252 113 255 93 86 35 254 124
    170 239 249 186 253 243 245 221 254 222 189 93 182 251 238 155 220
    251 106 253 209 254 189 125 105 156 183 109 223 63 239 237 64 71 234
    255 243 249 124 250 29 247 54 117 183 247 97 191 172 207 175 211 29
    156 92 230 230 111 249 219 223 106 254 124 168 239 249 250 253 243
    245 221 252 222 189 93 180 187 238 155 220 251 106 253 209 254 189
    253 105 156 182 109 215 63 238 237 72 199 232 255 243 249 124 248 29
    247 54 117 183 247 99 191 236 143 175 243 29 156 92 110 230 111 249
    251 223 110 254 60 189 255 254 54 255 249 127 247 252 215 245 127
    254 190 94 255 223 227 107 247 127 211 247 253 255 246 255 122 223
    255 235 207 46 119 190 223 120 251 125 120 253 255 111 245 53 247
    111 185 172 153 79 242 29 156 93 61 242 115 191 123 127 169 250 81
    12 158 215 234 151 218 225 90 255 6 15 146 228 51 10 110 211 56 39
    204 37 203 233 10 82 190 46 64 65 179 111 215 165 17 57 82 237 238
    114 112 92 104 46 213 28 249 115 157 204 24 5 245 125 156 203 81 254
    51 189 88 23 16 254 255 54 247 167 255 166 171 216 238 127 210 123
    239 203 179 85 242 245 63 100 249 135 155 124 206 248 253 47 210 27
    115 255 85 173 94 191 82 245 173 86 92 68 88 158 193 9 216 21 156
    172 24 5 240 190 156 107 80 252 49 188 220 87 48 188 115 54 223 131
    254 179 138 176 106 127 19 94 236 99 35 81 246 215 57 244 201 5 139
    121 206 216 248 111 210 29 243 111 215 37 85 191 90 121 173 118 112
    92 72 15 213 28 249 21 157 172 24 5 240 61 156 75 80 246 51 189 88
    87 48 250 251 222 124 239 255 188 159 152 191 127 187 251 175 123
    108 93 246 247 60 177 204 119 155 124 231 214 121 127 254 123 247
    127 215 237 223 87 242 249 237 55 101 92 106 61 213 92 252 49 156
    223 24 37 253 229 158 235 80 222 182 45 214 223 60 190 252 45 255
    253 114 119 121 255 253 252 222 191 95 252 187 238 171 221 251 111
    127 189 230 183 95 235 182 181 121 220 54 235 223 39 117 251 214 126
    253 124 120 125 187 54 255 61 103 238 157 172 63 221 241 63 156 76
    84 254 123 255 91 87 35 250 243 222 46 71 239 181 155 152 190 127
    178 75 175 121 107 29 244 247 191 178 252 103 154 124 102 254 121
    118 254 83 99 127 223 233 219 53 118 249 236 99 117 92 106 191 213
    104 253 49 188 221 24 37 245 245 156 235 87 254 182 189 214 95 48
    254 251 222 126 231 255 188 159 152 62 127 59 107 175 123 126 125
    246 247 60 176 204 87 155 124 231 214 121 127 254 123 247 63 215 237
    223 95 242 249 237 119 117 92 106 61 213 28 252 49 156 221 24 37 253
    231 158 235 80 222 178 45 214 223 56 190 171 222 108 111 255 253 223
    57 253 255 252 251 189 127 108 205 153 183 255 187 253 119 219 124
    113 127 81 183 127 115 255 231 159 232 223 116 255 217 248 63 125
