<?xml version="1.0"?>
<opencv_storage>
<ImageFile>"238.jpg"</ImageFile>
<Features type_id="opencv-matrix">
  <rows>86</rows>
  <cols>64</cols>
  <dt>u</dt>
  <data>
    250 220 239 253 255 255 223 249 255 255 253 218 255 252 126 253 255
    245 126 127 254 255 190 124 127 255 255 63 255 251 127 191 231 239
    223 95 222 255 255 255 119 223 239 127 223 158 253 177 207 157 22
    173 251 247 159 255 217 252 249 63 255 221 186 191 61 55 247 116 52
    119 241 118 244 188 212 181 79 249 147 71 250 236 227 107 245 46 85
    247 204 42 164 210 120 84 241 235 223 40 71 190 223 56 249 125 124
    92 58 174 208 113 195 111 185 172 152 9 240 29 156 65 54 242 119 159
    122 215 36 250 179 221 202 222 127 223 221 11 63 193 29 238 191 254
    100 93 253 247 60 187 134 127 243 107 119 215 243 63 55 123 222 111
    151 238 95 154 226 93 250 119 113 255 237 105 157 28 245 47 213 190
    24 13 182 1 188 239 25 246 114 63 89 125 186 250 60 173 255 252 50
    127 249 119 253 252 215 181 95 252 251 238 251 220 99 107 247 125
    212 247 221 123 182 157 105 214 126 235 215 38 103 186 214 122 249
    124 248 125 189 46 245 183 247 111 155 172 153 77 240 29 157 93 16
    242 123 253 91 87 41 250 13 231 125 216 32 125 60 119 113 222 107
    144 84 53 253 226 131 200 195 107 117 112 84 146 221 45 165 216 105
    196 189 225 246 16 69 170 152 122 209 124 254 31 57 39 246 182 247
    110 155 172 40 71 242 29 29 93 20 243 19 189 89 210 107 250 61 54
    117 32 31 35 43 122 228 46 210 51 237 75 161 85 242 253 67 112 241
    38 209 118 196 168 228 143 82 28 97 235 95 44 87 190 83 56 33 124
    120 68 24 143 196 113 227 79 153 172 24 5 240 29 156 65 16 242 51
    189 88 87 32 250 199 205 138 85 247 208 218 136 24 219 179 218 218
    200 99 106 137 93 60 255 78 213 230 120 47 215 187 55 212 63 54 59
    119 57 157 235 90 125 238 49 112 108 57 61 211 28 217 49 223 142 26
    39 217 255 220 234 208 215 49 61 92 21 48 186 122 223 238 223 39 223
    219 179 191 214 87 206 159 252 127 222 189 243 122 255 116 119 211
    119 121 119 181 124 124 246 222 177 198 124 195 172 219 88 248 121
    124 29 61 175 213 116 247 111 159 174 153 15 242 29 152 93 56 247
    115 189 123 219 44 250 192 143 146 87 96 70 240 167 24 185 6 207 2
    211 155 170 47 195 185 47 78 141 239 19 107 223 151 38 87 3 18 110
    215 39 113 113 21 157 238 100 113 124 184 247 175 12 61 234 217 136
    127 181 213 15 156 202 81 248 35 109 80 117 1 250 58 246 125 171 191
    125 157 185 255 126 254 188 61 62 253 245 243 246 71 248 241 82 189
    60 253 189 237 25 255 219 255 251 248 108 223 254 222 115 169 245
    254 223 94 62 86 167 228 124 155 61 150 13 234 29 199 93 144 242 43
    188 223 222 42 177 47 207 108 170 55 93 157 11 45 70 47 232 57 63
    252 237 139 52 36 249 49 82 177 96 117 213 1 49 63 250 30 145 132 84
    251 194 227 90 136 185 39 191 61 177 54 214 116 44 67 179 247 30 10
    5 227 60 184 195 104 108 39 217 110 18 171 222 108 11 255 189 151 24
    189 87 188 234 173 59 108 77 129 117 127 185 249 86 155 124 113 245
    89 55 127 91 79 17 140 236 223 210 235 89 189 59 126 223 110 189 149
    113 116 49 54 255 144 12 207 165 239 182 56 164 246 60 187 219 60 26
    171 206 108 11 255 189 151 24 253 87 188 234 173 59 108 77 129 53
    127 185 249 86 155 124 113 245 89 55 127 91 79 17 140 236 223 210
    235 89 189 59 126 223 110 189 149 113 116 49 54 255 144 12 207 165
    239 182 56 164 246 60 187 219 60 26 251 253 111 215 255 95 219 152
    255 253 191 255 191 126 230 253 179 247 60 119 93 191 183 116 119
    255 249 59 255 123 127 63 251 45 84 251 210 115 233 253 210 223 125
    62 209 22 253 125 157 175 26 5 248 31 157 73 16 246 51 189 92 94 34
    249 6 2 8 128 200 158 14 65 4 66 3 66 128 64 48 1 64 93 33 96 192 37
    130 113 12 208 189 110 16 8 49 72 87 20 212 170 64 120 169 64 96 0
    56 13 213 4 245 79 152 172 24 5 224 29 156 73 16 114 51 189 72 87 32
    250 199 15 230 245 253 182 219 208 44 255 113 75 139 249 18 13 224
    253 61 231 238 175 226 121 78 218 191 110 208 23 51 63 215 53 84 187
    82 125 237 246 208 92 56 159 217 24 217 55 157 172 24 1 241 127 156
    203 80 254 49 189 92 87 48 251 125 125 255 252 50 103 125 127 245
    212 253 181 127 255 191 238 251 244 67 111 55 170 244 183 93 171 166
    153 123 220 124 169 242 36 119 186 210 114 209 252 218 95 56 46 222
    55 193 110 153 172 94 5 240 29 149 77 144 242 123 189 89 70 34 251
    254 222 246 245 255 239 255 249 191 253 250 223 159 253 251 253 255
    245 127 111 126 143 190 121 95 255 191 127 255 95 122 191 243 103
    127 251 82 119 253 246 247 92 120 62 205 30 253 181 205 133 92 181
    249 255 157 235 208 252 113 189 92 69 48 186 136 10 1 161 252 248
    162 241 24 59 202 71 192 85 219 33 98 205 173 98 228 36 138 88 14
    220 57 162 220 71 35 222 87 160 93 48 117 248 233 100 104 84 58 63
    197 133 246 97 152 237 24 1 244 29 156 73 6 242 151 189 72 87 32 254
    242 49 200 151 255 195 155 141 214 33 21 114 191 74 50 85 122 183
    102 215 193 55 179 102 18 211 245 63 210 186 215 106 143 44 6 190
    218 80 233 253 80 73 53 11 209 116 181 79 153 174 152 13 240 24 220
    81 56 179 51 185 56 87 32 218 132 137 131 215 8 68 200 199 20 253 40
    199 19 194 147 170 107 192 165 3 198 44 238 91 91 159 183 35 67 138
    51 126 231 38 127 186 82 124 235 244 113 124 48 175 222 20 177 239
    153 172 88 1 240 31 156 65 16 242 51 189 88 87 33 250 132 139 131
    215 8 68 200 199 20 253 40 199 19 194 147 170 107 192 165 3 198 172
    238 91 95 159 183 35 195 138 50 126 231 38 127 186 82 124 235 244
    113 124 48 175 222 20 177 239 153 172 88 1 240 30 156 65 144 242 51
    189 92 87 33 250 60 170 255 233 234 255 179 245 253 252 94 221 221
    52 251 228 219 217 251 42 245 113 222 253 249 105 156 182 109 215
    127 238 237 72 67 52 255 218 249 124 252 29 119 182 245 167 247 107
    191 236 141 11 246 29 153 93 102 246 95 237 251 223 108 254 47 53
    229 54 21 34 33 90 228 4 193 50 237 75 160 71 226 245 3 118 225 38
    209 119 68 186 164 13 82 28 96 233 222 44 84 190 82 56 65 84 120 64
    56 143 192 113 229 79 153 172 24 5 240 28 156 65 16 242 51 189 88 87
    32 250 63 20 108 166 55 53 25 57 52 94 213 113 61 58 36 85 240 252
    65 240 241 114 209 114 68 168 224 25 122 84 245 233 223 44 86 186 91
    120 129 117 80 95 28 15 208 21 230 79 153 172 24 5 240 29 156 73 16
    242 51 188 88 87 34 249 252 33 247 150 16 71 113 127 196 196 229 176
    115 170 150 110 235 212 99 103 23 171 228 55 77 171 165 13 83 136 50
    41 210 38 53 186 82 120 193 244 112 88 56 47 216 20 101 110 153 172
    90 5 240 28 148 73 16 242 51 189 88 86 32 250 124 37 251 158 16 71
    117 111 196 196 237 176 115 170 151 110 235 212 35 103 7 171 228 55
    93 203 164 13 83 136 48 41 242 36 53 186 2 120 193 116 50 90 60 47
    212 28 229 110 153 172 26 5 240 28 148 73 16 242 59 185 88 86 32 251
    43 199 108 190 55 61 29 95 245 84 61 177 61 123 244 199 226 244 5 97
    85 98 177 54 77 139 165 25 123 24 56 105 208 36 86 186 82 114 129
    244 210 222 24 15 208 22 229 78 153 172 30 5 240 29 159 73 16 242 51
    188 88 86 34 249 252 253 255 255 118 111 253 255 255 221 254 255 127
    254 255 254 251 212 127 111 63 143 247 55 255 239 183 43 223 223 114
    191 242 39 125 255 82 119 253 244 123 94 184 62 223 30 125 180 205
    173 86 149 248 31 133 77 144 244 97 191 93 84 35 186 25 17 220 254
    23 35 125 126 84 186 212 177 98 204 132 75 235 220 163 83 225 46 193
    55 4 43 226 129 91 68 32 233 223 38 180 184 119 124 65 117 120 206
    191 47 214 21 231 110 57 166 24 5 224 28 220 65 18 178 63 155 24 86
    165 250 124 33 255 158 16 71 113 111 196 196 237 176 115 170 150 110
    235 212 99 103 7 169 228 55 93 139 164 13 83 136 48 41 210 36 53 186
    2 120 193 244 114 216 56 39 220 20 229 110 153 172 91 5 240 28 148
    73 16 242 51 185 88 86 32 250 255 255 255 231 255 125 221 251 255
    223 251 251 255 255 254 253 251 245 127 111 127 206 189 124 239 255
    127 59 223 95 118 191 242 111 92 223 210 117 253 247 123 222 250 63
