<?xml version="1.0"?>
<opencv_storage>
<ImageFile>"239.jpg"</ImageFile>
<Features type_id="opencv-matrix">
  <rows>396</rows>
  <cols>64</cols>
  <dt>u</dt>
  <data>
    122 253 239 220 54 223 95 43 255 230 223 188 255 252 125 254 189 245
    122 255 182 127 208 247 221 247 247 125 107 251 126 232 195 124 199
    190 218 122 250 125 62 253 245 237 183 254 245 111 191 174 153 207
    242 29 252 93 121 247 123 255 251 255 235 250 187 221 108 207 255
    253 223 153 191 93 61 251 191 123 116 253 247 247 60 191 222 127 179
    124 111 247 243 63 255 123 95 63 150 237 156 211 242 89 251 245 119
    223 239 127 209 158 253 63 141 191 22 13 254 167 159 239 120 246 122
    31 223 223 62 187 56 254 254 239 255 253 251 177 127 255 222 255 253
    126 127 252 255 155 251 186 245 119 223 252 249 126 244 254 111 215
    255 255 239 232 207 116 255 219 248 127 255 93 239 62 245 183 255
    127 191 223 143 79 254 141 219 93 126 247 255 253 243 251 238 222
    250 255 254 219 247 255 213 191 255 215 191 250 191 254 254 255 251
    247 127 255 63 95 247 119 255 247 127 63 127 219 222 185 206 111 255
    223 210 127 255 125 127 223 254 255 159 254 125 182 223 189 159 157
    250 165 255 255 120 246 120 255 123 221 190 250 191 252 127 239 191
    253 221 185 255 251 254 255 191 30 236 253 243 214 189 57 245 82 255
    124 229 221 105 51 127 123 127 255 253 236 253 247 255 255 249 247
    251 223 111 61 214 151 124 113 190 255 30 13 238 165 255 125 158 182
    254 254 223 159 46 183 123 221 253 158 55 239 95 63 255 228 221 156
    61 188 127 254 255 247 82 247 252 119 211 55 221 238 228 92 115 251
    254 169 207 44 87 190 218 123 200 125 122 221 61 174 213 54 229 110
    159 174 155 13 240 29 156 89 56 242 123 185 123 214 42 250 59 212
    124 111 191 189 223 57 255 251 253 251 189 62 109 93 246 183 94 187
    245 118 147 124 241 118 225 127 127 251 253 247 207 236 207 20 255
    91 248 127 255 223 111 173 213 247 254 63 191 223 153 15 254 133 219
    125 58 247 254 191 179 219 174 223 191 252 125 235 63 253 223 185
    255 251 254 255 191 30 236 253 243 247 223 57 245 82 251 124 101 236
    105 55 127 123 127 255 253 236 220 247 247 251 185 245 223 223 111
    61 214 151 244 121 190 255 30 13 254 165 255 93 94 182 191 254 223
    159 46 159 63 244 125 174 191 253 159 89 255 127 222 253 189 63 252
    85 251 246 99 113 245 114 211 117 253 253 241 63 126 219 127 235 215
    100 87 190 210 120 233 124 116 221 126 47 213 20 244 111 153 172 24
    5 240 29 156 73 24 242 51 189 90 95 40 250 104 142 239 255 235 253
    243 237 253 241 222 255 251 188 255 238 155 185 251 123 252 87 223
    245 115 127 152 182 111 215 63 239 143 44 67 184 215 91 233 124 248
    125 116 167 213 183 255 107 189 174 137 13 243 29 216 92 54 246 255
    189 219 95 44 222 54 237 237 138 50 221 149 7 231 198 61 248 93 62
    188 222 217 240 98 169 149 86 83 231 221 245 149 57 35 158 220 105
    135 108 71 142 202 88 233 124 54 95 60 173 149 116 245 110 147 172
    137 13 178 29 152 93 56 242 50 189 91 219 104 250 252 239 255 249
    122 127 243 255 253 253 254 191 255 248 251 238 251 253 251 111 253
    255 254 191 95 107 190 183 237 213 126 255 255 99 103 255 215 255
    253 252 254 127 250 54 223 183 91 243 189 172 191 253 243 63 157 93
    116 252 119 255 223 222 43 255 253 255 247 125 116 111 255 250 249
    221 237 251 111 249 246 239 243 253 255 111 63 237 52 183 223 127
    247 255 253 94 126 189 250 103 116 255 214 125 245 253 127 126 187
    255 255 123 223 254 172 183 118 255 249 255 157 77 252 254 113 255
    255 246 165 185 109 175 231 153 64 215 167 247 173 254 74 157 217
    189 185 206 139 125 235 102 244 119 214 243 93 253 157 180 105 218
    59 219 231 6 71 186 144 120 253 60 124 125 56 166 85 240 85 107 153
    172 24 13 243 29 156 76 56 238 115 189 90 215 40 250 191 250 103 229
    255 241 235 248 252 63 250 127 239 95 240 121 251 245 255 122 237 47
    175 124 46 255 123 167 222 79 115 191 119 231 223 219 118 245 237
    183 121 68 82 63 205 137 254 177 172 189 28 33 217 183 142 97 84 252
    183 143 220 95 52 188 60 49 247 212 119 35 249 254 214 152 215 117
    111 202 147 84 250 149 99 87 119 47 231 215 174 42 246 205 82 220
    228 234 111 46 4 190 222 56 217 117 89 77 151 14 201 37 147 78 187
    190 153 203 240 28 156 81 96 178 119 219 58 23 165 94 85 50 85 129
    216 162 163 124 80 60 210 53 65 69 153 64 98 205 155 100 224 33 142
    216 12 168 40 133 212 12 49 95 117 39 29 187 20 242 13 84 209 68 26
    14 65 136 200 71 24 60 89 4 241 124 140 73 64 110 43 136 72 7 32 244
    57 144 223 7 223 225 211 252 222 189 214 127 173 91 131 85 126 247
    243 18 232 39 207 125 42 248 248 47 90 75 99 111 223 45 21 182 118
    121 233 117 113 92 106 46 197 49 249 103 185 172 25 5 240 156 156 65
    48 178 191 185 216 23 36 254 255 252 111 227 255 255 215 216 255 125
    254 123 255 255 246 253 251 245 63 117 109 223 191 124 111 223 127
    63 255 91 126 191 144 239 222 223 98 119 189 247 223 215 94 95 201
    15 252 149 205 53 86 132 107 183 135 111 248 252 161 62 221 29 54
    188 236 42 243 241 216 247 163 253 220 189 194 127 227 216 211 229
    107 205 255 79 125 143 174 220 14 255 63 167 214 7 35 158 79 167 125
    251 85 181 109 22 89 116 242 190 201 41 59 177 236 173 92 177 209
    254 140 225 196 252 229 143 206 23 49 254 253 174 247 221 250 229
    255 245 189 253 238 223 221 125 187 236 243 221 235 98 252 173 222
    250 223 111 182 242 236 213 127 255 231 115 117 186 214 251 249 124
    125 93 251 182 253 54 217 123 157 172 153 111 242 31 156 73 52 246
    115 189 218 79 41 254 195 221 146 151 221 66 216 130 50 205 41 75
    142 201 2 57 109 199 61 103 74 141 166 56 110 223 187 107 211 10 34
    55 114 37 60 251 82 117 109 244 83 72 56 159 203 24 249 188 137 164
    82 5 232 30 148 73 144 240 49 189 92 86 32 184 58 140 237 234 46 255
    255 55 253 254 94 221 221 60 127 236 221 251 115 251 244 119 211 247
    249 127 180 246 108 211 255 235 207 120 195 164 255 122 248 120 248
    93 127 47 213 55 247 111 191 172 153 15 242 29 157 93 54 243 127 189
    123 219 104 250 191 250 103 227 255 249 131 216 252 31 242 127 239
    91 232 253 251 245 127 122 229 111 171 124 38 255 123 167 222 95 115
    191 223 239 223 159 126 245 253 55 253 92 106 31 221 137 252 179 172
    253 28 37 251 167 142 97 116 244 182 143 222 223 52 188 195 213 130
    87 245 66 216 150 50 205 41 203 142 203 2 59 111 199 61 231 74 141
    167 59 74 223 187 42 211 10 162 53 114 37 60 251 82 117 109 244 83
    72 56 191 203 24 249 252 137 164 90 5 232 30 156 73 144 240 49 157
    92 86 32 184 46 204 238 201 39 221 213 25 189 215 159 206 155 60 125
    207 137 125 98 187 150 119 218 113 117 247 17 54 125 219 31 75 199
    120 211 10 218 123 250 58 116 61 108 45 151 212 117 35 159 136 152
    13 211 29 253 28 57 198 122 189 83 223 40 250 56 255 255 222 63 255
    253 59 255 252 254 249 255 255 125 222 255 255 238 187 245 126 209
    255 249 127 247 254 125 247 253 255 223 120 211 52 255 88 250 121
    124 95 251 111 245 183 247 111 191 239 141 207 254 29 219 93 55 247
    247 255 251 251 237 222 191 254 119 171 255 253 167 216 127 127 250
    127 189 63 255 253 251 247 189 32 233 209 175 124 238 221 121 59 255
    75 251 191 213 229 221 251 118 247 173 118 117 93 74 63 85 151 252
    181 140 189 92 36 230 183 142 105 216 244 167 188 222 95 48 180 7
    206 174 137 7 221 133 89 173 199 15 202 155 60 125 143 137 125 96 41
    158 86 218 97 117 245 17 38 53 147 27 27 199 80 211 8 194 107 234 42
    48 61 108 173 23 84 116 163 147 136 144 13 147 93 253 28 49 194 50
    189 81 217 8 250 13 174 103 169 184 245 167 209 41 222 66 69 192 53
    249 193 139 124 129 104 240 80 94 248 77 253 25 164 124 70 59 211
    245 64 223 168 113 250 169 36 228 20 58 38 85 132 82 97 152 61 60 37
    211 29 141 72 20 194 3 172 74 95 104 242 126 32 234 177 31 213 89 78
    150 231 149 178 191 170 178 86 218 85 51 115 137 215 202 45 12 147
    184 47 82 157 119 107 215 164 151 186 82 121 97 94 112 200 100 41
