<?xml version="1.0"?>
<opencv_storage>
<ImageFile>"24.jpg"</ImageFile>
<Features type_id="opencv-matrix">
  <rows>21</rows>
  <cols>64</cols>
  <dt>u</dt>
  <data>
    15 20 160 52 63 34 57 90 180 58 208 35 233 201 2 7 160 125 3 82 224
    39 202 127 6 170 242 135 90 117 97 239 95 168 212 56 119 56 225 117
    88 76 26 15 209 113 131 75 184 174 24 5 240 28 220 65 16 178 183 191
    184 215 164 90 5 6 4 8 72 70 162 84 32 124 10 5 0 53 11 161 73 104
    129 32 192 1 92 152 72 40 8 0 168 0 27 71 117 2 81 32 17 194 45 34
    36 52 10 134 68 130 98 193 24 104 108 4 151 77 136 8 6 72 3 164 192
    66 32 96 92 49 149 244 48 167 120 118 0 238 67 21 65 192 145 66 166
    220 64 102 78 172 192 147 140 138 166 220 80 36 52 169 114 54 52 186
    16 124 210 85 208 104 145 78 226 4 193 78 153 172 24 71 96 28 156 73
    145 242 115 155 88 38 161 242 15 20 168 52 63 34 57 90 180 58 208 35
    233 201 34 7 160 61 3 82 224 39 202 127 6 170 242 135 90 117 33 239
    223 168 148 184 119 56 225 117 120 76 26 15 209 113 131 75 184 174
    24 5 240 28 220 65 16 178 183 191 184 87 160 90 35 54 101 162 31 160
    131 88 228 94 146 53 45 11 161 85 226 244 3 112 225 2 153 116 68 136
    40 13 90 24 113 105 85 36 85 186 82 120 9 116 116 84 26 14 64 0 224
    77 152 44 24 4 240 29 156 73 16 242 51 188 88 87 32 248 5 37 0 16 1
    2 0 74 0 2 129 32 64 1 128 3 0 41 3 213 131 36 64 67 68 16 128 13 0
    12 0 64 222 4 68 170 0 40 1 84 32 0 56 139 208 80 165 78 25 172 24 4
    112 25 92 0 16 114 51 181 8 83 32 106 7 5 136 16 1 130 0 2 0 2 129
    32 0 3 128 2 0 8 1 213 129 38 64 67 68 16 128 13 0 12 0 64 222 36 69
    170 2 40 1 84 48 16 56 43 208 84 167 110 25 172 24 5 112 25 152 8 16
    242 51 181 8 83 32 234 62 53 109 190 55 159 27 73 166 102 21 54 189
    42 180 86 242 213 3 96 209 55 210 119 92 152 164 13 82 152 117 105
    215 44 87 186 82 120 233 116 112 92 56 47 213 20 245 111 153 172 24
    5 240 29 156 73 16 242 51 189 88 87 32 250 47 36 109 162 31 149 31
    73 164 102 21 114 189 42 180 71 234 213 1 97 192 39 210 117 92 220
    189 47 82 24 49 105 215 36 85 186 82 120 169 116 112 92 56 47 213 20
    245 111 153 172 24 5 240 29 156 73 16 242 51 189 88 87 32 250 39 20
    97 130 31 134 11 8 166 110 145 50 169 11 160 85 226 245 1 112 192 34
    192 118 76 136 168 13 82 24 49 105 215 36 84 186 82 120 1 116 80 72
    24 15 208 20 192 79 153 172 24 5 240 29 156 73 16 242 51 188 88 87
    32 248 125 50 125 33 254 183 187 124 216 191 210 61 237 15 153 83
    250 237 219 122 249 115 79 221 141 232 238 183 94 85 229 239 111 201
    223 53 253 187 173 117 252 76 83 142 247 225 139 115 190 254 24 99
    246 189 92 85 230 190 151 223 250 215 124 118 205 205 238 252 103
    127 252 115 53 223 236 203 218 253 102 15 137 121 255 239 246 125
    112 243 115 127 147 246 125 87 54 195 223 83 211 33 247 108 254 49
    124 191 250 111 253 125 247 235 253 170 24 223 209 125 218 156 127
    223 119 191 83 251 157 250 50 21 124 138 55 157 29 9 231 70 21 144
    61 58 60 87 244 246 64 240 208 114 209 103 216 160 228 89 50 184 213
    105 212 44 215 190 202 88 128 121 48 219 61 45 212 20 244 78 147 172
    152 13 50 25 222 89 56 242 51 188 120 215 40 250 198 41 227 220 82
    70 93 79 135 196 181 178 83 224 182 94 171 85 58 103 6 173 224 35 95
    203 182 13 3 168 22 105 146 55 52 219 2 124 215 94 48 250 181 107
    187 28 101 174 213 164 112 213 113 122 180 206 89 254 113 123 89 116
    145 251 50 149 108 138 55 157 29 9 231 70 21 144 61 58 60 87 246 246
    64 240 208 114 209 102 216 176 228 25 50 184 213 105 212 44 215 190
    202 88 129 121 48 219 60 45 212 84 244 78 147 172 152 13 50 29 223
    89 56 242 59 188 88 215 40 250 51 22 0 130 159 144 3 8 102 66 19 0
    172 11 32 21 102 246 0 240 192 34 145 100 68 144 224 9 18 24 193 41
    84 44 212 154 74 120 1 68 36 64 24 137 192 0 240 79 144 172 24 4 48
    25 156 73 16 114 50 156 88 87 32 120 7 36 64 34 221 130 6 8 0 0 128
    112 160 74 132 81 98 21 1 208 193 35 137 103 68 152 72 15 18 40 33
    64 151 164 20 154 34 56 33 86 0 64 24 9 65 81 180 79 25 36 24 4 112
    16 220 1 16 178 179 188 8 87 32 72 127 52 125 135 255 181 31 121 238
    103 213 58 253 42 176 84 242 213 3 96 217 35 131 116 92 248 188 47
    210 24 113 107 213 36 85 186 82 120 169 118 112 92 24 15 213 20 244
    77 153 172 24 5 240 29 156 73 16 242 51 188 88 87 32 250 120 61 255
    182 118 119 61 127 246 220 222 183 127 252 179 126 251 213 99 103
    116 167 211 55 223 235 244 29 90 216 118 169 214 36 85 190 82 120
    201 116 120 92 56 47 213 52 229 110 153 172 24 5 240 29 156 73 16
    242 51 189 88 87 32 250 59 23 109 128 55 183 15 127 228 86 211 20
    125 61 49 71 250 244 67 100 240 98 208 119 92 184 172 12 82 20 113
    233 212 36 87 186 82 120 129 116 116 92 24 15 212 20 228 78 153 172
    24 5 240 29 156 73 16 242 51 188 88 87 32 250 0 3 0 2 0 0 0 2 2 2 3
    4 0 0 1 2 68 10 0 192 64 32 65 130 0 0 128 72 0 128 128 64 8 20 65
    160 9 8 0 64 32 0 16 128 64 80 130 78 16 40 8 0 48 24 88 1 0 35 19
    176 0 82 96 64</data></Features>
</opencv_storage>
