<?xml version="1.0"?>
<opencv_storage>
<ImageFile>"240.jpg"</ImageFile>
<Features type_id="opencv-matrix">
  <rows>193</rows>
  <cols>64</cols>
  <dt>u</dt>
  <data>
    185 254 127 203 191 253 213 253 255 215 125 252 61 62 255 252 255
    246 254 43 244 82 190 124 253 245 117 123 255 251 223 251 165 204
    223 222 246 243 249 127 127 223 239 181 180 182 244 52 191 189 255
    173 250 133 151 125 184 244 104 109 255 223 46 255 191 252 124 143
    191 221 221 137 255 95 62 255 189 127 254 253 251 246 36 176 213 118
    155 124 255 245 113 59 255 123 223 127 215 236 95 254 250 115 249
    125 119 221 110 191 212 22 252 125 153 189 26 13 248 21 156 105 56
    242 122 189 218 223 42 248 191 252 124 143 255 221 221 153 255 127
    60 255 189 127 254 253 255 246 116 176 253 114 155 124 255 245 241
    123 255 123 223 127 213 236 223 254 242 115 249 127 119 223 110 63
    213 22 252 53 157 188 26 13 250 149 157 109 56 246 122 189 219 223
    42 254 235 143 230 180 110 127 183 135 61 245 126 197 31 253 62 237
    233 253 121 231 244 199 246 51 95 239 188 62 249 212 62 227 215 37
    87 186 83 112 233 124 116 93 56 47 221 20 247 111 157 172 24 5 240
    29 156 73 16 246 51 189 88 87 32 250 124 255 255 253 58 255 253 247
    253 254 254 189 95 253 255 238 187 249 251 107 247 127 215 255 255
    127 247 247 109 215 255 255 239 91 231 239 255 255 249 125 126 191
    255 247 255 183 247 111 191 239 175 223 250 125 155 93 126 255 127
    255 251 251 235 254 124 255 255 253 122 255 253 247 253 254 254 253
    223 252 255 238 187 249 251 111 247 125 214 255 255 127 247 247 109
    215 254 255 239 91 199 239 223 255 249 125 126 127 255 247 255 183
    247 111 191 239 175 223 242 125 223 93 126 255 255 255 251 251 235
    254 191 190 247 163 255 181 163 248 254 255 210 123 239 91 179 85
    250 245 111 99 253 7 219 125 206 250 125 175 222 30 115 255 215 44
    85 190 82 120 233 116 120 92 58 143 209 1 209 103 153 172 24 5 240
    29 156 73 16 242 51 189 88 87 32 250 199 222 90 103 253 176 187 152
    56 255 66 127 142 91 195 21 104 255 189 63 236 7 142 120 39 222 121
    119 222 99 99 63 119 225 221 113 119 253 237 53 209 92 106 156 209 9
    216 49 237 221 24 37 253 231 156 235 86 220 182 173 214 31 48 190 53
    191 247 223 50 207 213 119 255 212 47 221 95 255 253 238 251 246 250
    43 150 125 246 231 249 99 134 28 45 217 92 111 255 103 101 158 212
    218 251 124 183 63 237 166 188 182 245 110 149 172 239 223 178 29
    149 79 61 126 122 239 251 109 175 255 48 175 247 223 34 207 209 119
    239 196 47 221 95 247 253 238 255 215 120 47 150 45 214 231 249 99
    134 28 45 217 92 111 247 103 97 158 208 218 250 126 183 61 237 102
    189 190 253 110 149 172 239 223 178 9 149 79 121 126 122 111 123 109
    167 251 124 253 253 254 250 255 127 117 255 126 253 185 125 255 191
    254 251 247 251 110 253 249 247 191 221 107 238 255 107 253 253 239
    227 109 71 191 255 243 241 253 126 223 255 175 245 183 231 79 191
    172 223 79 242 61 159 93 254 255 123 191 251 246 107 245 211 157 138
    119 103 66 218 134 30 225 21 207 158 250 6 30 45 155 56 215 15 175
    231 99 99 91 242 127 83 53 134 103 151 63 49 243 243 77 254 117 81
    60 185 107 185 28 255 239 221 234 24 213 245 126 184 203 83 255 115
    191 56 113 145 202 126 255 253 255 254 255 127 101 255 254 252 185
    125 255 191 254 243 247 251 234 253 249 247 191 221 235 230 255 107
    253 253 239 231 237 71 191 255 242 241 253 254 95 255 239 245 183
    199 79 191 238 158 79 242 29 159 93 222 247 127 191 251 246 235 245
    254 221 126 221 166 221 223 229 63 247 63 220 223 125 127 254 253
    212 126 107 158 248 246 56 253 223 183 123 85 191 255 59 243 52 85
    222 210 123 248 255 242 222 57 62 246 30 253 62 153 173 22 7 248 29
    149 77 144 243 57 189 121 86 34 251 249 223 255 255 246 255 249 255
    253 221 223 223 255 252 255 254 251 213 123 111 62 223 230 119 127
    255 183 63 255 211 126 191 215 103 117 251 210 127 253 124 251 93
    249 62 223 158 253 183 157 173 30 149 248 63 157 77 80 244 121 255
    93 95 35 251 45 174 239 139 218 223 163 255 253 252 14 117 125 63
    251 228 219 245 235 32 245 83 95 253 123 233 28 167 111 219 91 207
    237 108 71 182 214 242 237 60 253 85 110 166 85 246 117 225 189 44
    137 13 247 29 156 93 60 246 103 188 218 223 44 254 254 53 251 247
    183 133 93 205 247 231 213 250 191 234 182 94 246 215 50 99 142 175
    242 111 222 202 246 123 82 185 116 43 199 36 52 254 194 125 243 255
    80 202 189 107 219 20 205 63 153 172 24 5 112 28 156 73 24 242 113
    185 92 86 32 251 219 216 138 163 239 243 218 144 62 187 116 207 190
    138 99 189 125 187 61 151 233 215 175 120 162 127 121 102 221 119
    231 247 253 249 155 101 127 69 236 123 121 93 102 61 221 93 250 177
    255 219 26 133 221 231 200 243 86 157 180 61 150 185 24 142 254 60
    247 181 222 231 43 255 196 237 210 55 255 234 179 94 250 213 99 98
    253 167 206 63 222 234 252 175 210 156 115 239 215 44 85 190 82 120
    233 124 120 92 24 14 209 53 225 111 153 172 24 5 240 29 156 73 16
    242 51 189 88 87 32 250 68 1 145 150 72 130 2 15 2 32 5 4 16 194 131
    18 110 3 32 70 138 173 194 3 24 130 144 77 2 168 17 72 135 23 65 186
    0 72 99 78 32 16 52 67 229 28 161 111 17 164 24 5 48 24 28 195 16
    122 51 185 24 71 33 234 252 49 255 177 22 103 185 255 212 239 213
    190 255 232 179 78 250 221 99 103 249 167 198 247 222 235 180 175 82
    148 114 235 223 36 85 190 82 120 233 124 120 92 56 47 213 53 243 111
    153 172 24 5 240 29 156 73 16 242 51 189 88 87 32 250 187 255 118
    103 255 176 218 176 122 157 245 251 238 91 64 89 124 231 62 223 247
    47 51 247 231 127 115 255 126 126 231 183 222 125 252 151 255 57 250
    245 89 92 187 255 233 97 255 127 168 247 24 67 248 166 154 97 55 151
    118 135 242 127 165 218 252 13 247 156 82 79 97 239 165 228 206 149
    87 236 191 238 251 213 123 103 22 143 246 51 95 203 188 13 211 140
    58 233 245 39 119 251 18 118 205 124 242 93 60 46 205 30 101 238 221
    164 90 149 241 31 148 73 208 252 33 189 89 68 34 250 234 205 202 94
    39 27 80 15 119 193 181 232 62 250 38 255 148 51 116 159 183 127 115
    39 113 35 192 31 123 249 204 224 143 62 162 230 235 11 242 249 218
    191 244 233 145 119 183 110 245 234 139 79 252 13 251 150 59 179 255
    191 59 248 222 75 195 7 3 149 224 132 26 193 42 231 33 74 130 225 18
    18 172 197 36 103 14 173 226 48 76 223 183 107 210 42 50 59 82 53 84
    251 66 121 224 214 112 72 56 63 211 28 249 61 153 172 16 5 112 31
    148 73 16 242 49 189 92 87 32 250 248 29 159 223 106 207 91 55 191
    253 62 141 31 252 62 174 255 215 120 39 222 175 230 163 219 235 174
    94 121 209 94 111 247 39 113 53 215 71 254 232 82 221 253 46 221 62
    229 238 157 136 95 133 244 29 156 203 217 246 115 189 83 84 2 250 47
    221 232 254 55 171 93 15 183 97 149 248 63 218 36 95 152 55 52 217
    167 127 241 103 53 130 194 31 123 121 221 97 143 254 178 214 227 89
    242 255 82 187 239 105 179 85 245 111 215 178 155 12 108 33 251 180
    57 179 254 251 187 185 191 203 33 159 205 222 111 31 85 59 247 84 45
    66 189 127 60 77 246 247 96 34 214 127 145 103 90 226 132 30 190 216
    93 105 215 110 83 176 210 88 250 104 118 255 76 135 148 118 245 79
    145 172 152 13 182 9 159 203 57 114 114 63 90 221 46 248 227 207 195
    218 201 142 69 75 173 101 33 202 155 251 182 79 139 117 61 111 142
    13 218 99 95 215 27 47 55 8 16 13 151 231 116 155 64 220 127 22 37
    242 40 97 29 28 125 179 85 164 48 180 5 99 167 174 89 236 32 45 72
    85 17 250 249 37 255 183 18 103 187 255 212 239 215 53 115 168 147
    102 226 212 87 103 57 131 229 182 28 170 172 141 82 132 50 187 120
    36 52 250 83 114 193 220 216 72 24 14 194 55 195 108 153 172 90 5
    240 28 148 73 144 242 51 188 88 22 34 249 1 158 146 167 8 224 160
    134 58 249 2 201 130 147 3 27 111 207 161 107 192 13 238 121 75 219
    56 110 80 1 51 103 215 37 117 48 83 252 109 100 113 84 56 47 203 20
    89 231 153 172 88 5 244 28 156 73 16 242 51 189 88 87 32 250 220 57
