<?xml version="1.0"?>
<opencv_storage>
<ImageFile>"241.jpg"</ImageFile>
<Features type_id="opencv-matrix">
  <rows>163</rows>
  <cols>64</cols>
  <dt>u</dt>
  <data>
    124 239 247 254 211 207 111 79 175 68 11 191 159 239 255 252 251 179
    121 110 63 223 218 107 127 253 127 125 175 218 126 173 199 103 111
    223 128 247 255 126 39 253 252 243 63 158 125 182 197 164 244 252
    163 119 182 175 248 236 104 45 223 77 187 242 107 206 109 168 255
    255 7 125 173 100 255 156 189 61 126 239 251 245 123 100 252 243 210
    52 93 253 157 61 251 218 95 169 149 100 87 186 194 114 253 126 52
    221 124 63 85 158 244 36 157 164 157 12 242 29 150 93 56 246 121 189
    91 207 44 250 58 222 253 170 39 253 151 57 255 214 222 158 253 60
    127 222 255 247 99 248 244 119 211 245 253 253 117 252 127 210 255
    233 207 108 195 190 223 120 249 120 124 221 124 47 85 181 117 111
    191 172 153 13 242 29 222 93 56 246 123 189 91 223 108 250 124 253
    117 184 18 173 45 105 237 110 250 185 253 173 220 222 251 85 227 96
    188 92 200 41 93 221 35 189 91 220 124 173 82 70 125 187 4 252 181
    124 36 198 253 43 95 22 124 183 135 164 48 180 98 29 47 13 200 174
    107 249 95 79 41 182 173 253 255 252 119 255 253 95 189 221 237 249
    127 251 254 237 179 253 255 127 247 125 242 115 119 239 227 183 127
    121 124 233 255 114 214 250 247 125 251 253 255 255 251 127 253 23
    247 111 157 191 158 93 248 61 159 93 57 246 119 191 219 255 175 251
    250 221 254 252 119 127 95 103 191 196 255 158 31 252 254 254 255
    213 127 103 62 255 240 51 95 255 183 61 115 222 126 169 210 37 87
    251 194 122 249 124 114 221 60 47 213 30 245 110 157 172 26 5 248 29
    157 73 16 246 123 189 89 87 32 250 62 236 109 235 223 93 211 141 255
    68 31 60 61 126 255 252 251 246 89 116 87 242 159 52 127 197 12 25
    247 219 95 187 164 110 71 222 202 83 221 126 178 221 84 28 84 158
    228 4 159 45 151 12 186 21 135 123 56 244 104 60 89 206 62 249 120
    15 117 140 202 79 15 237 175 68 139 23 93 108 251 228 255 245 67 100
    126 171 146 52 94 253 188 24 178 158 127 173 64 37 71 159 194 114
    205 94 53 85 28 175 77 238 236 60 141 36 80 12 226 31 148 73 152 244
    97 189 94 79 32 240 65 206 25 186 192 158 39 65 41 103 41 138 146
    167 252 15 139 107 188 45 142 213 26 105 83 213 31 55 43 162 26 1
    130 211 219 1 161 204 126 42 36 170 104 241 55 216 116 177 84 201 48
    124 7 225 103 190 25 204 64 37 199 241 89 162 103 14 113 190 200 78
    7 69 47 100 43 11 29 111 254 212 235 49 33 100 14 169 26 40 95 221
    61 45 163 170 27 5 16 231 103 155 32 224 255 78 37 208 44 227 77 216
    124 180 197 164 80 52 131 86 38 171 152 108 0 37 92 69 49 178 199
    255 239 252 118 62 94 19 59 119 45 202 206 241 100 155 129 237 60
    239 14 253 48 115 231 215 147 255 253 63 22 49 146 247 210 203 202
    125 250 243 118 191 169 125 191 30 245 47 213 155 0 95 201 245 187
    174 25 223 113 63 125 241 221 187 250 217 218 127 39 91 220 135 219
    187 61 249 62 246 110 250 245 146 62 255 15 175 229 63 235 79 231
    123 199 251 254 118 242 191 108 247 251 119 250 245 219 222 249 127
    158 126 191 126 237 235 86 199 252 31 183 207 211 247 121 127 125
    124 147 185 93 235 223 125 104 179 248 254 249 186 192 189 244 245
    143 10 170 137 155 106 239 111 78 255 195 58 246 212 109 69 173 230
    223 219 101 37 53 190 242 124 254 62 219 70 127 245 131 91 187 110
    41 247 245 93 89 77 79 207 223 199 186 99 195 71 149 251 85 124 248
    58 39 114 169 29 232 251 206 115 204 168 163 205 175 109 101 108 160
    242 207 127 23 243 253 6 42 72 218 83 220 170 101 176 249 181 111
    190 187 183 244 179 246 79 170 181 5 242 193 255 143 13 78 220 23
    135 92 119 101 60 141 170 135 97 168 240 160 244 248 185 226 207 194
    113 3 169 9 169 235 139 253 45 111 221 195 127 23 162 77 71 163 214
    255 186 107 36 125 189 232 32 121 60 106 182 223 113 27 243 185 200
    44 115 213 31 24 72 23 209 151 165 242 115 193 110 45 230 124 168 57
    189 39 92 173 127 232 248 221 59 180 231 195 252 199 97 249 114 122
    52 85 229 141 183 121 92 121 193 221 68 214 170 193 248 177 248 126
    223 58 165 244 115 246 111 154 172 24 12 226 29 223 29 56 246 51 188
    218 210 108 248 85 102 247 57 216 230 47 230 65 110 120 152 68 231
    159 218 235 72 171 102 235 201 110 153 222 205 175 189 139 12 56 79
    113 135 93 187 28 180 53 126 46 66 185 171 127 152 95 150 90 172 108
    242 99 94 5 109 204 236 1 240 92 70 113 180 186 249 254 255 55 227
    221 190 126 235 249 249 47 207 116 255 125 190 118 211 247 47 245
    127 177 127 243 255 91 247 230 247 239 253 254 181 255 45 250 253
    123 78 247 235 223 113 191 127 232 250 90 195 252 173 124 85 159 179
    247 251 191 251 136 46 207 237 219 126 40 90 124 14 123 187 173 237
    126 247 110 187 165 138 184 155 207 249 111 155 229 203 226 215 111
    97 173 102 183 146 96 100 123 215 242 243 210 191 234 117 186 215
    231 107 249 235 110 87 252 69 115 236 151 247 175 190 121 112 211
    221 90 217 154 255 35 217 250 164 27 186 127 156 180 246 109 250 247
    147 24 203 142 189 199 59 233 78 226 94 87 99 191 126 243 148 125
    113 119 255 250 243 146 223 237 124 182 159 195 63 223 203 62 231
    252 29 191 237 211 243 187 255 93 58 147 183 29 255 221 124 56 184
    126 116 121 61 108 217 204 113 206 171 229 204 169 105 229 105 98
    243 237 43 166 246 109 5 249 109 247 80 212 168 109 187 176 245 254
    158 187 55 244 147 215 79 154 245 47 118 96 221 155 13 23 223 27 206
    88 118 103 253 255 253 254 253 55 255 125 199 63 255 255 252 95 174
    254 255 189 251 122 255 191 223 246 59 247 247 247 255 125 255 254
    231 199 217 255 111 255 255 250 123 122 191 239 121 191 223 247 255
    255 250 254 223 239 245 247 254 255 159 255 255 191 249 219 166 132
    202 166 225 232 244 162 241 56 189 234 207 194 85 219 169 201 205
    239 43 252 5 46 216 79 127 29 230 220 7 35 214 215 163 93 41 116 185
    237 36 125 20 58 183 221 32 127 241 184 205 24 33 209 223 140 73 22
    216 23 165 218 87 32 254 12 170 159 193 248 253 242 241 216 189 78
    85 211 84 217 224 11 205 253 43 212 45 78 219 43 127 21 166 68 75 51
    94 103 3 125 48 84 251 237 54 113 52 226 54 237 166 61 227 185 253
    47 247 253 29 156 72 84 202 58 173 64 31 97 254 20 174 147 69 248
    255 227 251 216 189 86 93 195 84 217 168 107 205 253 43 212 45 238
    219 43 222 20 166 68 67 51 94 231 35 125 48 84 251 237 54 209 52 195
    54 237 166 57 227 171 61 109 245 245 31 142 72 68 218 50 237 64 7 39
    254 117 53 177 180 16 38 57 126 192 198 209 48 97 192 147 18 114 44
    67 71 55 173 64 135 156 170 230 205 66 188 96 169 206 4 68 190 136
    40 193 93 40 72 181 203 240 49 131 110 154 174 9 75 112 28 92 81 32
    178 83 187 56 214 233 106 60 188 255 171 223 255 243 125 255 116 214
    125 253 126 255 252 251 215 123 98 245 87 223 125 255 253 124 63 255
    223 223 239 133 236 71 190 214 243 237 126 121 221 76 39 85 180 245
    231 191 172 155 141 242 29 156 89 120 246 251 185 219 223 46 254 147
    113 147 116 52 98 121 106 194 132 245 213 71 209 132 58 102 196 38
    111 6 172 160 19 142 155 227 201 82 42 114 57 242 36 52 154 74 124
    201 213 211 200 185 79 232 20 225 110 137 165 83 135 120 30 150 73
    16 242 49 219 88 22 32 251 7 62 73 244 60 186 56 82 96 115 35 66 194
    83 224 17 0 237 44 233 197 100 16 219 199 214 177 255 22 46 33 83 83
    20 215 170 72 120 233 87 100 92 56 173 241 0 246 111 152 173 16 7
    240 29 158 73 16 243 19 149 88 83 100 250 56 58 92 202 59 153 58 121
    95 186 214 53 61 54 233 194 242 146 73 104 213 112 129 245 233 8 224
    13 78 201 189 122 248 36 85 186 87 122 129 116 210 223 89 30 80 167
    192 79 159 45 29 5 250 29 159 73 16 242 59 188 89 14 34 241 251 244
    248 63 63 224 219 156 214 235 221 254 175 14 6 127 127 247 54 211
    171 163 231 108 164 223 243 127 83 59 231 111 215 172 157 255 250
    125 233 119 112 200 111 105 215 17 245 63 155 190 26 7 232 180 252
    97 152 179 187 251 188 151 176 182 216 235 159 117 232 251 250 240
