<?xml version="1.0"?>
<opencv_storage>
<ImageFile>"242.jpg"</ImageFile>
<Features type_id="opencv-matrix">
  <rows>193</rows>
  <cols>64</cols>
  <dt>u</dt>
  <data>
    187 221 126 218 63 125 213 155 255 86 63 206 63 126 124 253 253 246
    126 186 118 126 145 119 243 247 119 122 255 251 222 241 158 110 211
    212 255 91 250 121 254 223 255 125 212 246 245 111 247 191 151 77
    254 5 219 93 59 247 126 63 243 249 143 219 254 189 246 245 122 239
    125 71 63 253 78 253 95 254 182 254 251 245 121 103 253 141 247 51
    95 239 186 63 91 222 126 235 215 37 87 187 82 116 233 252 80 92 56
    47 221 20 245 110 153 172 24 5 240 29 156 73 16 242 51 189 88 87 32
    250 255 189 254 180 126 255 125 71 63 253 95 253 31 254 182 254 251
    245 121 103 253 133 247 51 95 239 184 63 91 220 126 235 215 37 87
    186 82 116 233 124 112 92 56 47 221 20 245 111 153 172 24 5 240 29
    156 73 16 242 51 189 88 87 32 250 217 12 214 247 32 102 248 182 28
    253 100 219 134 187 146 142 111 203 253 107 125 143 239 59 27 107
    182 242 121 193 242 239 247 51 48 112 55 157 240 252 88 126 187 182
    235 17 91 233 249 200 127 177 212 30 184 204 119 253 55 221 222 119
    1 255 44 174 239 169 223 125 163 253 189 126 222 63 89 126 255 237
    137 124 251 96 253 211 222 176 127 253 28 161 253 223 63 203 221 64
    215 234 87 115 237 60 252 29 94 54 85 183 247 225 191 172 159 13 211
    29 156 89 60 228 47 189 218 223 46 250 191 62 247 163 255 181 163
    249 254 255 210 115 239 91 179 85 250 245 99 98 253 39 219 125 206
    250 253 47 214 28 115 255 215 44 87 190 82 120 233 116 120 92 56 14
    213 5 209 111 153 172 24 5 240 29 156 73 16 242 51 189 88 87 32 250
    124 251 255 221 114 127 251 255 253 252 254 189 95 254 251 238 251
    213 123 111 127 253 230 183 125 239 182 61 127 223 126 187 247 103
    119 251 86 127 253 116 246 93 253 62 223 166 117 238 157 173 222 133
    250 31 159 77 80 246 123 253 91 79 35 250 199 22 210 117 253 160 171
    72 58 59 128 123 134 75 130 17 98 197 189 3 200 45 202 121 6 218 250
    111 210 41 33 111 87 167 28 59 112 253 37 247 65 68 74 74 201 8 217
    19 216 244 24 37 228 178 156 107 16 186 179 159 220 87 48 255 215
    154 195 165 255 162 155 136 158 127 18 95 139 75 3 93 104 215 60 34
    200 135 138 120 46 218 186 111 214 43 51 127 87 161 93 123 118 245
    237 119 193 76 74 30 201 12 217 17 221 220 24 37 245 247 156 235 80
    252 179 61 220 23 48 254 255 254 109 207 255 189 223 152 255 127 189
    250 175 127 228 125 243 247 62 177 253 119 187 124 102 247 249 63
    255 123 95 127 151 237 222 223 250 121 249 255 119 223 107 189 213
    90 252 21 149 191 16 13 236 181 223 255 120 246 246 63 254 223 62
    189 124 175 255 221 114 95 223 255 255 252 94 157 95 252 251 238 251
    213 251 47 222 253 246 183 127 255 182 63 127 219 126 255 247 39 117
    251 214 127 255 124 240 93 253 62 221 166 245 238 157 173 223 141
    242 29 159 77 80 246 123 253 91 79 35 250 7 134 64 32 61 186 130 88
    32 24 2 113 128 19 128 1 96 197 5 0 193 32 128 115 68 152 1 7 22 8 1
    73 150 32 92 186 112 56 169 52 225 20 58 143 192 0 208 79 152 180 24
    4 240 21 159 9 16 210 50 157 72 87 36 251 187 253 124 111 255 253
    223 185 255 93 253 251 255 127 244 221 255 247 126 255 117 126 179
    118 247 255 245 251 255 127 255 191 222 109 222 222 254 121 249 253
    91 223 255 191 213 119 255 111 173 191 155 15 248 183 223 93 56 247
    247 191 251 223 174 219 5 51 81 116 56 154 34 72 130 16 130 113 64
    83 128 17 106 197 128 0 197 41 64 83 4 146 128 77 22 40 1 72 151 16
    212 186 48 56 195 85 224 20 26 197 225 0 245 79 144 164 8 0 240 29
    159 73 16 114 19 143 88 87 37 250 211 157 138 118 103 130 218 6 22
    129 21 234 186 202 38 31 44 155 56 215 135 47 195 99 34 91 242 127
    82 53 134 99 151 191 48 147 243 77 250 117 112 185 189 105 217 29
    247 111 221 238 24 197 245 100 184 203 83 183 115 183 56 113 145 202
    252 125 255 253 50 127 253 255 221 253 222 189 127 188 251 238 251
    220 251 111 62 223 230 183 223 239 182 189 123 223 126 191 233 39
    117 255 214 127 221 124 250 93 255 62 223 191 109 246 191 172 255
    157 248 63 149 93 248 252 107 251 95 70 43 246 250 254 247 255 254
    253 255 253 255 253 126 253 191 127 255 252 251 213 249 43 254 45
    238 127 111 223 55 55 127 91 127 255 247 231 125 123 246 255 255 119
    243 127 235 126 223 22 217 243 157 188 94 165 244 183 157 111 80 254
    242 239 219 95 51 255 227 222 66 103 223 232 199 137 62 121 168 107
    174 111 102 189 231 183 61 146 204 143 191 124 102 223 123 35 223 83
    107 55 251 239 94 81 115 245 253 182 71 94 74 223 217 91 252 145 204
    221 80 37 221 231 141 235 81 252 244 46 214 95 146 61 217 223 247
    252 102 127 124 243 107 245 125 203 222 241 94 186 253 203 126 239
    62 237 96 179 219 127 183 254 109 55 254 189 210 119 113 93 207 109
    250 235 63 191 185 127 255 190 255 46 143 129 71 207 248 127 19 77
    109 247 81 255 113 102 195 255 248 255 255 220 102 127 94 179 123
    252 125 139 94 241 94 186 245 203 124 239 190 237 97 187 219 127 247
    254 105 247 254 255 211 127 113 125 223 111 242 235 254 255 249 127
    255 190 247 111 143 195 79 207 248 127 27 205 79 247 91 243 115 114
    195 239 68 34 145 1 200 130 34 77 192 34 130 52 224 6 139 2 74 9 131
    68 201 33 75 197 148 64 88 133 0 140 1 66 13 132 65 175 24 136 37 74
    40 16 0 128 69 233 35 67 58 108 9 32 183 93 88 211 70 106 151 177 8
    3 112 66 211 12 146 151 201 66 26 199 22 235 33 139 2 202 131 62 111
    215 49 103 72 135 238 58 78 203 186 107 211 9 50 111 241 37 21 251
    82 116 229 118 112 72 56 30 217 28 193 253 153 172 88 5 240 30 156
    73 144 240 49 189 92 86 32 251 227 220 70 231 223 224 199 137 62 121
    40 111 174 111 102 189 227 247 61 54 76 143 191 124 102 223 123 47
    223 27 43 55 243 231 94 83 115 245 253 182 87 94 74 219 217 91 252
    145 205 221 80 37 221 230 140 235 216 188 164 46 214 93 146 188 80
    21 159 149 224 197 27 253 134 229 5 28 151 241 147 22 239 215 32 103
    142 165 230 35 76 219 181 110 80 10 18 43 215 36 85 186 82 120 233
    84 112 88 56 47 209 28 241 47 153 172 24 5 240 29 156 73 16 242 51
    189 88 87 32 250 40 132 237 136 38 253 179 117 53 244 86 193 221 56
    62 70 252 253 97 97 244 113 210 242 89 123 181 254 120 212 119 235
    223 36 87 186 210 120 233 124 112 93 60 47 213 52 247 111 153 172
    152 13 240 29 156 73 16 242 51 189 90 87 40 250 93 58 247 245 252
    231 233 254 216 188 210 117 79 213 155 224 235 204 251 106 245 13
    238 187 239 107 54 151 252 71 115 255 127 99 125 185 125 183 253 53
    221 116 219 182 109 163 235 243 168 117 111 243 241 254 156 77 230
    238 143 203 202 7 37 246 248 5 239 179 23 231 185 255 196 239 241
    148 127 168 49 102 234 212 103 103 120 131 231 183 28 171 164 142 83
    148 48 187 248 44 84 186 82 112 193 252 216 72 56 14 208 53 195 110
    153 172 24 5 240 29 156 73 16 242 51 188 88 86 32 251 242 221 255
    223 255 221 223 205 175 231 63 216 159 237 254 254 255 213 60 103
    142 171 246 61 95 207 191 63 211 155 119 59 247 37 85 219 66 119 235
    246 50 94 56 47 215 30 253 55 153 172 18 5 240 29 149 75 144 242 49
    189 92 86 34 250 220 249 255 157 50 111 249 255 159 230 255 156 95
    228 251 254 255 220 99 99 252 165 230 179 223 235 244 206 65 142 254
    251 247 36 85 190 82 122 233 124 242 92 60 46 213 54 225 110 153 172
    24 5 240 29 156 73 16 242 51 189 88 86 34 251 126 52 247 181 222 167
    35 255 230 109 208 55 255 234 179 86 250 213 99 98 249 167 203 127
    222 234 244 175 210 156 115 239 215 44 85 190 82 120 225 124 120 92
    24 14 213 53 225 111 153 172 24 5 240 29 156 73 16 242 51 189 88 87
    32 250 252 249 255 253 50 127 249 255 221 222 255 189 127 190 255
    238 187 220 251 111 61 251 246 183 253 239 183 177 125 215 126 187
    232 36 103 254 215 127 217 125 250 253 247 62 255 183 103 110 191
    173 255 223 250 29 157 92 244 246 123 251 127 158 43 254 51 212 24
    138 207 142 151 13 247 96 28 77 189 127 36 21 255 183 0 176 192 35
