<?xml version="1.0"?>
<opencv_storage>
<ImageFile>"243.jpg"</ImageFile>
<Features type_id="opencv-matrix">
  <rows>310</rows>
  <cols>64</cols>
  <dt>u</dt>
  <data>
    251 222 255 207 255 253 223 153 255 255 61 202 191 125 126 125 255
    247 126 123 252 119 219 124 245 255 255 63 255 123 255 255 215 237
    223 95 210 249 248 127 118 94 107 191 213 120 253 63 157 159 24 13
    252 189 156 111 56 246 243 189 254 223 58 254 251 222 126 207 255
    253 223 145 255 255 45 202 191 125 126 253 255 247 60 251 252 119 27
    124 247 247 255 127 255 123 255 55 215 237 223 95 218 253 252 127
    119 95 106 191 213 218 252 53 157 221 24 45 252 165 159 239 112 254
    242 189 246 223 58 191 56 255 253 223 62 255 255 53 255 244 223 253
    253 126 127 252 255 179 98 243 247 127 83 247 249 127 247 254 109
    247 255 231 207 124 71 190 223 122 250 125 125 93 245 239 245 119
    247 111 189 238 137 75 242 29 24 85 63 247 87 191 251 255 237 222 63
    246 109 170 55 125 149 13 183 86 254 176 61 62 125 245 217 246 67
    248 241 114 148 54 125 181 101 89 127 218 125 249 160 108 199 174
    250 114 137 120 190 223 60 173 84 215 244 76 155 173 158 12 250 29
    207 93 56 242 43 188 91 218 106 249 56 245 253 158 54 31 93 127 247
    84 125 177 125 123 188 94 247 246 98 100 116 112 208 247 221 169 229
    93 123 248 220 233 150 100 87 190 198 88 209 125 54 223 61 39 244
    180 245 78 147 164 137 15 242 29 159 93 56 242 123 189 123 199 46
    251 220 171 255 253 98 127 248 247 29 251 110 159 87 244 251 234 155
    153 249 111 62 253 230 155 251 111 146 246 109 199 62 255 255 19 101
    97 213 255 254 124 250 61 245 118 255 191 123 250 223 136 239 255
    211 127 157 222 199 255 123 239 95 125 219 254 220 171 255 253 98
    127 248 231 29 249 126 157 87 244 251 238 155 153 249 111 126 253
    230 187 91 111 146 246 109 199 62 255 255 19 101 97 215 255 254 124
    250 61 245 118 255 191 127 234 223 168 239 255 211 127 157 222 199
    255 123 255 95 125 219 254 241 31 210 247 249 182 174 208 14 111 99
    114 166 203 208 85 226 213 61 102 207 175 131 127 78 222 187 47 210
    14 51 123 83 39 84 187 82 120 229 214 112 92 56 15 193 12 209 95 153
    172 24 5 240 29 156 73 16 242 51 189 88 87 32 248 92 173 255 252 50
    127 124 119 49 254 221 149 95 180 191 206 153 217 251 111 181 125
    198 179 221 107 182 212 105 213 62 235 223 16 101 170 223 124 248
    125 120 189 255 39 255 53 119 110 191 168 171 223 240 93 156 92 94
    255 123 249 123 119 105 250 60 182 125 138 63 181 181 125 247 254
    222 53 125 62 185 101 242 244 67 96 241 114 211 116 93 168 164 25
    126 217 125 235 229 100 215 186 214 122 129 124 246 95 94 14 84 134
    192 77 155 44 152 13 242 29 157 89 16 242 59 188 90 222 42 241 236
    239 231 253 250 111 253 255 253 253 238 255 95 254 251 238 179 220
    255 111 127 141 190 190 127 239 175 179 237 223 62 191 248 103 126
    251 215 247 253 188 219 127 220 62 206 175 75 176 141 37 126 253 219
    127 135 76 208 252 105 254 95 78 35 189 58 220 188 250 47 253 92 7
    255 254 89 136 61 44 61 223 221 186 99 219 181 115 83 127 209 119
    247 254 107 247 253 226 143 152 195 36 251 72 248 107 108 95 119 233
    215 117 183 111 191 202 136 79 246 13 120 85 63 243 215 245 179 251
    200 78 76 35 145 241 232 254 42 112 200 54 67 22 193 84 153 34 74
    205 201 102 204 37 66 211 136 218 188 236 64 130 51 202 87 21 85 171
    81 56 237 68 104 84 48 39 229 12 183 111 154 172 8 3 241 93 156 65
    68 250 19 181 72 87 96 250 252 255 255 125 254 191 126 241 121 255
    105 218 206 241 246 75 160 221 127 111 191 253 114 249 203 95 191
    254 253 21 191 166 211 119 212 251 219 125 245 247 126 126 249 63
    251 63 223 23 157 141 24 103 97 255 159 207 89 255 113 159 92 118 51
    251 253 57 247 247 215 103 233 254 212 237 248 255 111 206 147 255
    251 245 127 103 127 143 239 63 14 239 247 171 211 95 114 191 123 39
    53 255 86 117 125 244 91 64 182 62 207 57 109 180 205 172 94 149 248
    190 132 65 216 188 97 155 92 6 161 186 254 248 243 247 223 98 203
    201 206 171 249 122 255 202 210 124 243 151 63 87 111 143 175 124
    142 223 255 47 211 191 242 190 98 175 76 223 90 117 237 214 75 72 48
    91 203 31 184 181 205 173 80 133 232 182 132 227 208 252 49 61 92 84
    48 188 255 252 255 191 255 167 223 188 255 255 248 251 255 235 183
    93 243 247 123 114 249 215 255 125 254 235 238 127 251 249 253 239
    247 237 158 255 254 117 181 255 126 78 127 143 215 27 217 95 159 172
    26 1 224 189 157 93 216 182 251 184 222 214 58 245 46 238 109 136 50
    95 149 67 53 84 62 212 29 63 252 236 201 244 101 104 17 80 144 115
    125 245 13 25 127 218 30 249 148 100 91 202 66 90 153 60 55 159 124
    53 84 150 116 236 133 53 135 12 186 5 131 28 56 196 42 172 83 223 46
    250 85 52 245 20 220 167 83 116 194 37 133 52 196 201 130 67 98 229
    91 97 187 47 74 207 140 42 236 207 64 13 193 110 223 47 36 191 10
    185 103 95 216 128 8 134 193 120 169 43 177 100 9 70 113 120 28 67
    120 62 179 155 248 22 38 255 199 254 205 109 252 186 159 72 43 127
    41 250 142 123 196 89 227 229 60 45 205 69 42 121 102 215 59 63 191
    43 43 111 215 229 220 219 98 253 189 183 103 222 106 125 217 26 252
    145 196 245 16 36 109 247 143 175 88 252 176 28 220 85 50 189 253 57
    247 247 215 103 249 254 212 253 248 191 111 207 147 239 251 245 127
    103 127 143 231 63 14 239 247 171 219 95 114 191 123 39 53 255 86
    117 125 252 91 108 186 62 207 57 109 246 205 172 94 145 240 190 148
    65 208 188 97 155 222 70 161 186 196 42 179 241 216 214 171 201 136
    255 234 126 211 192 211 96 227 205 63 70 206 141 142 89 30 223 63
    175 130 142 51 158 99 167 77 187 80 189 237 222 96 100 96 190 207 14
    153 177 221 141 24 177 211 255 140 227 192 124 17 189 76 87 49 180
    226 139 210 214 121 194 65 79 102 241 37 209 167 251 134 31 106 199
    41 103 198 45 227 119 78 219 179 47 18 8 0 111 151 39 84 186 82 24
    251 116 112 124 184 231 217 16 245 239 217 172 24 81 240 29 156 73
    17 242 115 191 88 117 161 250 37 182 117 34 61 182 165 123 244 92
    202 113 109 31 145 69 251 228 71 112 241 2 17 247 212 253 101 143 94
    30 97 251 205 44 79 190 90 56 169 124 125 84 50 175 196 97 180 111
    184 188 24 9 240 29 156 65 48 242 55 157 90 215 44 250 238 46 170
    213 255 215 219 193 158 255 131 127 211 204 251 125 249 245 58 7 221
    175 222 88 63 222 191 111 214 255 119 127 103 173 79 127 210 255 239
    126 112 92 96 62 205 76 185 49 157 204 24 37 245 255 156 227 80 254
    241 61 222 23 48 254 252 59 255 117 54 247 127 247 249 191 241 187
    207 193 146 75 185 205 251 111 255 253 118 159 141 123 247 247 105
    245 246 238 95 89 166 239 253 189 241 117 124 108 243 255 255 225
    183 123 190 254 175 251 227 253 94 92 206 191 215 211 255 243 237
    246 237 173 247 117 48 103 241 254 240 189 228 249 99 251 131 203
    139 109 251 111 255 175 126 191 71 235 151 183 123 77 34 207 223 3
    55 187 53 188 125 124 124 108 186 231 255 113 119 234 121 172 126
    209 209 62 156 76 190 254 103 159 218 119 165 250 238 190 235 253
    254 215 219 193 158 255 131 127 211 78 251 125 250 245 58 66 221 175
    94 92 55 222 191 47 214 255 119 119 103 173 95 127 242 255 237 118
    113 92 96 254 221 92 185 49 157 236 24 37 245 255 156 227 80 252 241
    61 222 95 48 246 135 210 24 101 254 144 154 0 42 187 3 202 142 81 96
    17 164 199 60 243 205 101 10 120 229 214 251 127 86 47 183 118 215
    244 221 11 122 249 232 115 96 92 105 109 245 28 253 59 153 223 24 39
    244 245 156 107 16 211 178 189 240 83 112 190 135 218 8 101 255 152
    154 0 58 187 3 202 142 81 96 17 164 215 60 243 205 117 74 121 229
    214 251 127 86 47 183 118 215 244 221 11 122 249 232 115 96 92 105
    109 245 28 253 59 153 222 24 39 244 245 220 107 16 211 178 189 240
    83 112 254 70 42 163 177 200 198 139 201 204 43 147 54 209 196 153
    112 66 1 59 70 207 37 138 73 30 212 191 47 130 143 51 94 71 133 79
    155 0 253 237 94 32 64 64 40 197 12 189 51 159 172 16 33 227 93 156
