<?xml version="1.0"?>
<opencv_storage>
<ImageFile>"244.jpg"</ImageFile>
<Features type_id="opencv-matrix">
  <rows>154</rows>
  <cols>64</cols>
  <dt>u</dt>
  <data>
    58 220 255 138 63 255 213 63 255 254 222 253 61 62 127 252 255 246
    115 51 244 83 255 119 249 253 117 63 127 219 127 235 205 108 71 190
    222 123 249 124 120 221 119 175 213 54 245 111 191 172 155 13 242 29
    156 93 56 242 127 189 219 223 42 254 126 101 109 188 55 157 95 73
    237 230 253 184 253 238 252 254 179 245 70 99 191 114 208 55 93 223
    167 61 83 254 125 249 194 44 71 186 194 122 241 124 50 223 117 233
    214 22 229 111 159 172 144 13 234 29 189 93 24 242 123 185 91 214 42
    186 251 223 254 255 255 253 255 240 125 253 125 219 191 253 126 253
    255 215 253 111 126 223 175 124 111 255 191 190 255 119 254 191 243
    231 188 121 247 247 252 247 223 223 251 126 251 143 219 181 205 157
    95 181 217 191 159 239 217 252 121 223 215 31 23 189 41 223 238 203
    119 255 135 121 239 213 172 234 191 63 253 205 219 245 123 253 55 87
    91 245 113 117 93 60 61 222 94 145 206 79 235 159 192 25 255 60 61
    63 120 183 23 249 124 167 180 153 161 56 179 229 234 150 120 204 112
    103 243 217 188 90 120 184 239 201 190 221 215 245 255 254 222 157
    93 188 123 238 253 240 250 186 253 211 255 189 249 117 252 116 109
    223 223 255 205 120 195 108 222 115 254 121 124 29 231 62 21 182 117
    100 191 200 207 207 178 253 152 95 254 231 238 125 251 137 110 246
    217 8 150 247 203 227 227 254 28 253 86 79 147 248 3 42 111 221 249
    103 236 141 238 57 10 251 186 166 216 67 51 255 223 163 49 113 119
    229 125 118 121 116 234 62 205 29 123 241 221 204 91 181 213 254 156
    203 83 252 167 191 220 7 17 254 187 222 124 238 255 189 223 24 255
    125 252 251 175 123 100 93 247 247 124 185 244 118 153 124 231 255
    113 127 255 115 199 255 159 236 218 116 255 89 248 127 127 223 107
    253 213 81 254 111 166 215 153 14 236 165 203 253 62 247 246 191 242
    223 188 30 252 237 219 223 249 199 255 239 222 237 109 255 179 238
    179 238 235 215 125 103 223 175 231 63 91 207 191 47 211 139 50 127
    231 39 53 251 83 125 237 254 114 92 48 47 223 28 253 191 157 172 26
    21 241 127 156 203 80 254 49 189 92 87 49 250 205 140 198 117 233
    224 250 244 56 249 224 111 206 233 131 41 233 169 189 247 253 141
    126 248 98 127 59 246 205 71 163 183 255 243 29 97 119 181 253 188
    121 44 122 190 217 113 219 241 189 204 24 117 213 254 156 233 87 221
    183 189 222 119 145 238 60 139 255 249 58 255 241 247 189 252 94 149
    95 252 251 238 251 220 227 106 244 119 222 183 91 127 148 150 121
    215 127 235 207 34 71 184 215 122 249 124 120 29 118 38 213 183 247
    239 189 172 159 13 242 29 156 89 54 242 123 189 91 95 44 250 251 17
    202 247 255 178 91 138 134 35 177 114 191 202 34 87 244 215 37 215
    78 191 195 127 14 219 243 111 210 58 246 43 83 46 148 191 90 124 251
    87 112 72 188 73 209 28 241 63 153 172 24 5 240 29 156 73 16 178 49
    191 92 23 160 250 248 223 255 253 126 191 255 117 253 255 215 223
    223 253 126 206 190 221 255 107 254 127 242 255 253 106 182 254 125
    213 125 239 223 125 190 125 215 255 248 255 219 255 251 62 251 167
    219 127 191 189 159 207 248 189 159 93 117 255 123 223 251 159 47
    255 211 29 154 119 65 66 88 142 82 161 21 251 38 203 134 26 111 131
    60 215 15 175 231 39 103 203 242 47 83 41 130 102 151 167 52 247 51
    13 247 246 80 248 169 225 171 24 253 174 221 166 123 213 245 114 176
    235 81 255 241 123 24 53 145 202 243 31 231 214 54 183 89 51 38 245
    19 66 143 249 50 87 188 247 100 239 222 45 210 115 79 251 183 126 82
    56 116 105 215 52 86 186 218 120 250 85 116 92 57 47 225 4 245 111
    152 174 24 7 240 29 156 73 17 243 51 191 120 87 32 250 211 25 154 87
    207 66 90 134 58 161 53 203 142 195 38 27 125 227 60 151 79 141 103
    35 130 75 251 110 211 25 194 39 211 47 54 247 91 5 230 246 80 202 40
    111 153 88 249 190 221 172 90 149 245 122 148 203 81 253 49 63 92
    116 144 235 254 248 239 247 255 179 251 248 220 255 244 251 239 219
    146 93 242 213 255 123 255 47 239 127 174 234 227 183 94 121 101 255
    255 175 190 255 254 253 247 247 219 110 227 94 219 49 217 91 190 255
    24 193 252 188 157 113 84 182 247 223 254 86 181 253 255 255 125 254
    255 191 223 91 255 127 255 251 239 127 252 253 243 245 127 107 247
    127 176 127 111 255 167 63 127 123 117 255 211 229 222 187 242 125
    249 247 118 223 251 127 213 22 245 111 156 189 28 5 232 189 159 77
    16 246 115 191 218 95 44 190 252 187 247 229 248 255 251 248 216 157
    222 127 199 85 219 232 255 205 255 110 252 45 142 221 175 127 127
    254 236 199 247 190 95 99 109 253 221 191 253 117 253 93 243 54 237
    171 191 247 174 157 237 243 249 255 159 73 103 220 215 207 246 47
    165 254 252 171 255 253 114 127 249 255 221 252 222 191 95 246 251
    238 155 221 251 111 125 253 230 147 255 239 150 213 109 223 126 251
    239 83 103 235 255 255 253 124 250 61 247 54 255 167 99 234 191 173
    239 255 211 95 157 92 230 238 127 251 255 142 107 246 254 48 121 182
    62 37 123 253 214 238 241 55 117 202 146 118 242 212 23 99 72 168
    164 62 172 138 182 11 211 105 119 255 113 36 28 251 86 117 1 245 82
    202 149 14 194 20 193 93 139 172 90 5 232 30 156 73 144 178 57 152
    92 22 34 181 255 254 255 239 255 255 223 216 255 127 252 251 255 255
    254 253 243 247 63 127 239 223 191 125 239 255 123 127 255 127 255
    255 241 231 188 223 242 247 253 247 215 223 234 127 219 158 220 149
    205 181 86 165 232 183 135 111 208 252 232 30 223 93 54 189 247 189
    218 126 117 98 88 206 215 171 213 248 38 202 134 94 127 151 56 95
    143 175 231 47 167 219 242 127 83 41 230 110 151 183 52 255 166 61
    255 119 112 234 169 105 187 25 53 255 223 162 122 215 233 114 244
    230 209 191 253 219 61 53 147 223 47 254 239 105 255 253 247 121 189
    255 222 251 255 61 125 77 217 253 255 251 245 119 218 253 117 255 93
    183 124 87 127 255 223 232 223 36 255 249 253 63 125 93 122 175 213
    241 119 115 190 255 153 13 247 181 222 93 62 214 247 191 243 223 236
    222 174 242 105 247 254 244 155 217 252 255 51 95 205 75 241 117 226
    213 5 99 196 32 174 122 76 223 183 47 214 11 51 127 247 164 93 186
    82 120 233 246 112 92 56 15 209 20 241 127 153 172 24 5 240 29 156
    73 16 242 51 189 88 87 32 248 191 246 99 231 254 244 155 217 254 255
    114 127 207 74 240 117 226 213 5 99 205 32 174 120 78 223 183 47 214
    11 51 127 119 164 93 187 82 112 233 246 81 92 26 14 209 20 249 127
    153 172 24 5 240 29 156 73 16 242 51 189 88 87 32 184 29 166 247 9
    152 245 162 245 216 189 214 221 208 49 155 66 234 205 203 107 249 1
    206 217 201 120 28 166 76 77 51 222 253 0 101 186 20 187 109 52 249
    84 122 38 85 164 91 243 187 44 41 37 240 29 28 72 70 250 3 233 88 87
    96 254 250 250 227 231 254 230 175 203 220 255 122 127 227 206 211
    253 235 213 63 111 77 143 175 125 47 223 63 47 215 75 50 191 113 167
    124 251 118 245 237 246 81 68 98 62 207 14 88 177 205 173 92 181 217
    190 140 235 208 252 33 61 92 85 48 180 251 254 247 247 255 253 255
    248 254 253 250 251 239 251 250 253 247 247 127 127 253 143 191 124
    239 255 127 191 222 91 247 191 247 239 94 255 118 253 253 247 121 92
    234 63 221 15 253 181 173 189 28 165 248 191 141 107 80 252 245 63
    222 95 48 190 255 254 255 255 255 255 223 219 255 253 189 251 255
    251 254 253 251 247 63 127 79 207 191 61 239 223 127 127 255 127 254
    63 240 239 124 223 242 247 255 247 211 222 234 127 219 158 216 149
    205 213 86 181 77 247 135 239 208 252 232 62 221 92 18 189 203 31
    214 116 45 50 248 215 48 251 227 67 142 241 34 31 172 255 165 251
    230 47 115 123 71 91 243 246 88 100 167 230 223 48 86 176 243 120
    248 245 124 124 59 239 241 69 243 111 185 174 24 71 240 29 156 73 23
    243 119 191 122 119 161 250 143 206 34 229 255 240 171 217 60 249
    170 75 130 88 98 173 233 253 189 107 236 142 190 120 103 223 57 99
    220 71 51 119 247 177 126 121 115 245 237 182 209 28 122 63 201 71
