<?xml version="1.0"?>
<opencv_storage>
<ImageFile>"245.jpg"</ImageFile>
<Features type_id="opencv-matrix">
  <rows>341</rows>
  <cols>64</cols>
  <dt>u</dt>
  <data>
    191 222 124 239 255 125 159 137 63 95 191 250 191 127 124 253 245
    247 60 241 117 114 177 124 117 223 249 123 255 123 255 59 242 236
    222 222 242 113 249 245 119 223 122 189 212 22 244 93 141 191 20 13
    248 21 159 105 16 246 50 188 94 223 40 184 167 221 236 223 55 156 95
    9 175 199 61 250 191 123 244 95 251 247 36 127 143 119 243 103 93
    215 183 63 51 186 92 41 150 108 86 158 194 121 251 255 38 219 44 105
    149 92 245 47 145 172 16 13 114 17 180 127 24 246 112 61 89 213 58
    251 43 214 108 239 255 189 223 25 61 127 40 235 188 107 108 77 137
    245 61 179 253 119 27 120 117 255 59 55 127 123 63 71 215 236 223 49
    243 249 249 55 119 127 110 45 213 85 255 51 156 223 24 13 231 165
    159 45 26 246 246 191 210 223 42 187 173 239 231 237 242 255 165 243
    253 221 238 251 255 61 251 237 235 253 239 111 117 13 191 245 123
    127 61 182 253 214 58 191 254 103 127 186 87 122 253 60 255 87 122
    62 77 167 90 229 173 173 92 13 242 31 143 77 22 244 39 189 91 79 32
    250 251 143 247 255 243 207 243 207 255 213 94 255 191 254 251 254
    251 213 57 103 94 175 246 119 95 223 190 45 211 154 122 59 215 39 85
    187 82 122 253 124 240 92 56 46 221 30 245 238 157 172 24 5 240 29
    156 73 16 246 51 189 88 87 32 250 47 212 108 173 191 253 191 121 189
    255 222 221 157 60 124 229 241 253 67 113 244 114 210 112 93 252 165
    63 120 211 127 235 215 44 87 186 210 122 233 124 122 93 124 47 212
    23 245 111 153 172 24 13 240 29 156 73 16 242 51 189 90 215 42 250
    205 237 239 249 234 255 242 215 57 255 46 207 218 240 127 235 137
    249 185 175 254 253 94 251 127 107 159 246 109 87 62 99 215 19 211
    105 250 255 254 120 242 61 250 119 253 30 247 235 221 204 8 223 241
    125 153 202 87 223 115 191 219 241 219 251 248 237 255 255 34 223
    122 227 121 243 127 218 255 179 222 234 183 131 252 111 191 221 231
    191 249 127 255 190 111 231 190 254 251 213 101 127 223 255 254 255
    250 255 233 119 187 191 127 187 207 203 231 255 221 127 183 254 213
    255 249 255 255 116 219 191 205 141 239 249 234 255 242 215 57 255
    110 207 222 240 127 239 141 249 249 239 254 125 94 243 127 107 158
    246 109 215 62 227 215 19 211 33 255 127 254 120 242 61 254 103 221
    30 247 235 221 236 8 223 243 125 153 219 119 223 115 191 91 249 219
    251 205 141 238 249 106 255 242 199 61 255 206 207 222 252 123 239
    132 249 187 103 246 125 82 115 127 106 154 246 120 215 63 227 247 19
    83 169 242 123 252 120 242 61 124 102 245 31 247 111 157 172 24 13
    241 125 157 73 19 254 115 191 91 127 59 250 251 253 255 95 255 221
    219 185 255 213 223 255 191 126 255 252 247 183 122 255 255 127 211
    119 249 254 245 127 127 251 223 174 143 109 69 222 222 91 251 127
    251 221 253 255 245 127 189 47 191 174 153 143 242 157 221 215 112
    247 255 255 251 223 174 223 217 186 147 119 248 226 250 246 88 185
    230 221 226 209 131 169 46 205 191 79 237 13 111 221 171 75 254 166
    79 69 163 254 255 163 124 117 119 183 252 245 217 124 243 86 235 43
    155 243 253 222 126 243 245 254 156 227 215 255 183 239 248 55 145
    255 177 222 119 207 250 205 135 240 47 213 46 203 159 125 252 253
    255 247 61 47 214 76 190 112 127 255 57 126 191 26 91 63 180 103 113
    154 82 113 255 254 119 95 104 183 205 154 124 165 141 181 213 45 250
    31 135 79 56 244 96 45 210 77 36 250 251 157 239 245 255 245 219 248
    188 255 241 91 239 73 50 125 249 253 127 123 254 47 254 127 46 255
    183 63 222 119 119 255 119 239 158 127 222 253 255 247 89 108 235
    127 219 41 249 51 157 220 24 69 249 191 156 97 209 246 243 159 254
    63 177 190 62 178 113 231 255 188 159 120 222 127 211 123 237 91 216
    85 242 247 79 121 245 38 139 124 173 254 127 63 94 123 117 255 71
    237 222 159 246 249 233 119 237 92 99 191 199 128 252 23 170 189 152
    1 226 181 159 113 64 242 178 191 250 223 60 190 208 9 155 215 32 66
    248 175 19 232 85 149 18 194 131 26 62 131 184 79 142 173 230 139
    139 203 242 78 64 169 182 111 247 55 53 243 23 108 242 116 80 108
    177 110 171 28 193 239 217 170 123 215 240 94 188 203 81 251 115 251
    89 52 145 255 255 253 255 221 246 159 95 251 255 247 125 218 223 249
    182 94 243 213 126 103 94 255 242 55 95 255 183 63 211 155 118 43
    211 37 84 251 210 125 243 252 114 222 185 47 221 28 245 111 157 172
    24 5 240 29 156 73 16 246 115 189 88 86 32 250 134 205 140 215 35
    221 216 1 59 241 7 206 158 114 108 159 140 187 36 187 150 124 114 99
    113 86 211 126 40 243 159 99 143 16 67 32 211 74 250 104 208 61 108
    229 177 84 247 111 153 202 56 79 246 13 249 76 27 211 118 181 19 123
    137 202 233 207 230 251 201 109 101 255 173 253 74 143 147 253 255
    175 139 125 237 106 126 175 190 59 83 255 19 34 253 66 58 159 219 71
    115 121 17 230 253 44 255 119 250 246 109 243 111 179 12 1 124 188
    211 159 143 12 57 236 97 175 198 71 131 250 120 61 255 212 38 95 93
    119 215 246 223 148 95 244 58 254 189 139 114 255 183 253 119 151
    217 98 230 222 105 245 222 232 239 62 35 172 222 46 210 249 90 189
    245 238 191 118 167 110 191 170 171 203 242 29 24 85 127 243 91 251
    123 176 203 238 45 206 101 232 19 125 165 95 189 220 46 157 29 61
    253 237 131 116 129 104 244 112 156 114 125 173 1 17 127 74 57 91
    244 102 117 186 82 114 157 180 247 127 94 54 84 150 84 226 141 45 94
    4 219 29 143 12 24 228 43 188 91 78 34 249 4 8 155 149 8 71 176 246
    16 188 6 197 19 128 27 170 12 72 225 3 212 5 110 195 9 43 148 198 64
    129 51 79 231 16 113 32 21 200 232 104 240 60 48 38 249 48 177 107
    153 168 56 17 244 29 28 64 23 210 51 189 64 87 1 250 187 204 90 171
    139 220 213 137 63 225 45 250 190 122 237 252 239 147 37 115 196 52
    219 120 117 223 113 43 119 251 23 127 135 228 93 18 115 217 233 126
    99 95 108 97 213 20 253 35 217 236 25 13 244 5 188 105 16 242 178
    173 216 95 48 222 57 220 254 207 234 223 211 177 127 253 30 207 159
    125 127 252 255 215 248 43 212 117 219 123 249 118 188 126 127 211
    223 127 215 100 81 48 214 91 248 120 245 93 106 46 213 22 245 111
    157 172 25 13 244 29 156 77 56 246 50 189 210 95 42 254 237 206 231
    233 216 127 167 215 57 255 42 139 159 189 255 239 203 253 185 109
    252 197 126 185 91 253 25 166 253 67 59 87 209 195 87 59 81 244 45
    54 118 86 106 183 95 158 116 241 157 109 60 52 215 127 143 142 208
    236 35 172 222 87 24 242 163 204 218 139 139 220 149 1 47 197 45 218
    190 123 174 124 235 243 32 35 135 117 219 97 125 215 17 63 55 59 83
    111 151 228 85 154 114 217 251 126 103 93 108 97 149 20 253 39 209
    172 25 13 244 5 188 107 56 242 50 173 88 93 32 250 70 2 2 245 232
    208 170 193 12 177 3 86 145 80 153 0 8 25 9 66 206 37 202 88 12 218
    152 39 0 139 51 94 87 176 85 42 80 248 233 6 96 52 32 14 197 12 185
    59 25 172 24 5 245 93 156 73 0 98 51 189 72 23 32 254 239 140 238
    174 111 63 183 159 53 252 110 195 30 191 47 239 225 189 249 243 244
    215 218 123 81 105 152 150 120 81 127 231 223 40 87 48 247 122 233
    124 124 93 126 47 213 119 247 105 189 172 24 13 246 29 157 73 62 246
    183 189 218 215 40 250 252 186 179 117 252 247 250 241 216 191 210
    95 199 68 219 248 255 203 255 207 253 47 47 220 191 127 255 239 198
    247 247 254 103 185 77 125 255 189 236 119 121 92 243 254 239 109
    187 119 175 223 28 227 240 255 156 225 198 255 215 239 254 127 113
    182 231 216 170 39 255 178 219 136 158 59 149 122 171 74 98 93 120
    183 62 151 204 151 154 108 38 214 251 111 214 123 103 62 79 189 158
    95 250 61 239 119 81 204 102 89 209 89 188 49 245 159 24 1 205 243
    220 243 80 52 180 63 190 157 184 190 195 6 0 167 207 192 130 137 46
    97 19 110 184 43 35 21 238 151 1 208 200 131 195 112 68 216 248 47
    210 10 35 43 213 36 85 186 82 120 233 116 224 92 24 14 209 20 240 45
    153 172 24 5 240 29 156 73 16 242 51 189 88 87 32 250 235 222 108
