<?xml version="1.0"?>
<opencv_storage>
<ImageFile>"246.jpg"</ImageFile>
<Features type_id="opencv-matrix">
  <rows>48</rows>
  <cols>64</cols>
  <dt>u</dt>
  <data>
    254 57 255 255 119 63 125 255 255 253 253 187 255 250 182 222 251
    213 123 111 191 255 227 63 255 235 246 191 123 249 126 239 211 39 52
    255 214 125 247 117 122 255 253 127 223 29 205 239 221 164 31 213
    250 63 159 77 88 254 123 255 95 30 179 255 252 57 247 245 112 39 125
    255 212 189 209 179 247 194 146 90 250 205 251 111 191 175 195 159
    159 250 246 191 74 237 118 238 67 47 36 255 159 189 247 125 120 108
    243 255 235 61 143 255 255 174 185 243 241 126 60 85 68 254 115 219
    255 55 177 254 252 57 247 247 114 103 125 255 220 189 209 187 247
    234 147 94 251 221 251 111 191 175 231 159 159 251 246 191 74 253
    118 238 67 175 36 255 223 189 247 127 120 108 243 127 239 61 143 255
    255 174 249 211 241 62 188 85 68 254 115 219 255 55 177 254 124 253
    255 252 50 127 249 255 221 252 223 245 95 244 255 238 251 221 251
    107 247 125 228 247 253 239 182 223 109 223 126 235 231 54 101 190
    214 126 249 125 250 125 253 102 255 55 247 111 159 172 187 223 240
    29 157 93 84 242 123 255 123 127 171 255 124 189 255 252 50 127 249
    255 253 252 255 245 95 252 251 238 251 221 251 111 247 125 196 243
    253 239 182 223 109 223 126 251 247 118 117 190 214 126 249 125 250
    125 253 110 255 183 247 111 159 172 191 223 240 29 157 93 84 246 123
    255 123 95 171 254 252 237 239 252 54 127 117 127 245 220 252 181 95
    188 190 238 155 221 251 111 117 255 244 183 125 107 148 148 121 212
    126 233 222 56 55 250 223 120 209 125 122 191 191 39 253 55 231 110
    191 172 175 223 243 29 158 92 124 246 127 255 123 222 47 251 255 252
    239 247 255 191 223 25 253 127 253 251 191 110 244 93 242 245 127
    123 253 127 155 125 119 254 255 63 254 123 125 255 199 237 158 255
    246 253 253 255 91 207 239 253 211 93 253 91 253 255 24 13 239 181
    159 125 120 182 247 191 255 223 190 191 191 254 125 175 255 253 159
    249 255 255 252 249 253 63 253 253 255 247 63 249 245 114 191 124
    237 253 121 127 127 95 255 255 245 236 221 158 90 113 233 119 119 95
    122 63 213 151 244 125 153 189 30 5 248 157 159 77 16 246 179 188
    218 95 34 191 190 254 127 175 255 253 159 153 255 255 252 249 253 63
    253 253 255 215 63 249 245 82 191 124 237 221 121 127 127 95 255 255
    213 236 223 190 250 113 233 119 119 95 122 63 213 151 244 125 153
    189 30 5 248 157 159 77 16 246 179 188 218 95 42 191 255 252 239 253
    255 191 255 249 189 127 252 251 255 127 246 253 243 245 127 115 252
    127 186 124 111 255 191 63 255 91 127 255 247 239 222 251 210 253
    253 247 127 223 122 63 213 31 253 19 157 189 26 5 249 191 159 77 88
    246 243 191 222 223 58 188 251 222 254 255 255 255 255 121 189 255
    254 255 191 127 236 253 251 253 255 251 253 127 219 127 103 127 123
    183 126 87 255 255 223 235 223 53 247 251 253 117 125 221 122 63 213
    247 255 115 188 255 24 13 254 189 223 77 126 246 247 191 219 223 172
    254 51 54 85 38 159 32 3 88 226 36 209 50 237 59 130 81 114 246 3
    112 225 162 131 116 140 168 224 11 210 8 225 107 215 44 84 190 90 56
    33 92 124 72 24 15 192 17 192 77 153 172 24 5 240 28 156 73 16 242
    51 156 88 86 32 248 55 54 85 38 157 32 35 92 226 36 209 50 236 27
    130 83 114 230 3 112 233 162 195 52 140 168 224 11 210 8 225 105 213
    44 84 190 82 48 33 84 124 64 24 15 192 17 192 77 152 172 24 5 240 28
    156 73 16 242 51 156 88 86 32 248 56 189 255 220 58 127 113 247 247
    252 254 149 95 252 191 238 255 212 99 99 245 251 229 183 255 107 180
    90 121 221 255 239 255 36 85 254 86 114 249 124 250 221 125 46 220
    54 229 110 153 172 223 13 240 29 157 73 56 242 59 189 91 86 34 250
    58 221 252 222 38 223 93 51 255 212 95 149 61 254 125 254 255 178 98
    251 183 126 209 247 249 127 247 252 107 246 222 232 207 126 99 180
    223 90 250 121 120 221 245 239 245 245 247 111 187 170 137 207 242
    29 154 93 63 243 123 251 123 251 237 218 58 189 255 186 34 95 213 39
    255 244 94 215 223 254 191 254 255 215 97 99 244 117 211 247 221 255
    180 251 106 218 255 235 215 36 85 190 222 122 233 124 112 93 60 47
    213 20 245 111 155 172 153 13 240 29 156 73 16 242 51 189 90 87 40
    250 253 223 255 245 254 255 255 243 61 255 109 219 223 249 246 207
    255 221 255 111 254 253 254 251 255 127 191 254 125 87 119 255 215
    103 116 123 215 253 253 247 122 126 251 63 251 61 255 179 157 173 28
    245 249 255 158 77 81 254 115 191 223 119 1 254 186 173 239 250 62
    95 209 167 117 254 118 243 63 242 254 220 251 212 97 243 215 252 245
    119 95 159 183 11 251 219 63 235 199 46 87 186 255 112 249 116 240
    125 252 111 213 20 245 111 153 172 24 13 240 29 156 73 16 242 115
    189 90 87 40 250 58 221 252 222 39 221 221 51 255 212 95 215 189 126
    124 94 255 179 98 187 246 126 209 247 249 118 247 252 110 243 223
    233 143 124 67 180 223 72 250 121 124 221 245 239 245 117 247 111
    187 170 137 79 242 13 218 93 63 243 127 251 243 251 237 218 59 213
    125 142 55 29 29 25 247 70 61 240 61 63 124 87 247 246 68 49 208 114
    209 102 253 181 229 89 123 248 221 105 212 108 214 190 202 120 129
    253 118 223 61 45 212 22 244 78 147 172 152 13 250 29 159 93 56 242
    59 188 91 223 42 251 122 51 245 246 127 39 15 27 230 126 242 115 111
    202 176 85 242 247 103 247 245 47 145 119 142 218 231 143 82 28 241
    235 87 46 86 190 90 120 225 244 120 76 48 15 193 69 245 79 152 172
    24 5 240 28 156 73 16 242 51 189 88 87 32 250 122 51 245 246 127 39
    15 59 230 124 242 113 111 202 176 85 242 247 103 243 245 47 145 119
    142 250 231 143 82 24 241 235 87 46 86 190 90 120 225 244 88 68 50
    15 193 37 245 79 152 172 24 5 240 28 156 73 16 242 51 189 88 87 32
    250 118 51 113 182 48 130 43 105 198 168 211 55 241 2 153 82 114 197
    66 76 137 173 192 198 140 152 244 141 2 168 53 236 83 37 101 190 28
    56 129 85 32 64 177 42 39 132 129 111 154 164 185 131 50 24 60 73 64
    114 27 217 105 7 32 118 185 190 119 103 255 245 251 252 254 253 214
    127 237 91 203 245 255 255 255 250 245 107 191 252 227 127 247 255
    255 87 231 255 255 233 221 116 255 179 249 117 253 93 219 158 229
    225 251 127 184 255 223 75 244 191 158 73 118 247 247 143 250 223
    164 222 183 246 119 39 255 180 155 216 254 191 147 127 239 91 226 85
    242 231 47 243 253 39 59 124 230 254 253 123 222 31 227 255 223 236
    94 158 218 57 233 247 93 92 58 190 209 113 248 53 152 189 24 1 240
    157 156 97 16 242 179 189 252 87 32 250 196 107 239 216 50 159 93
    115 173 199 173 186 219 177 252 78 137 85 126 111 31 213 208 163 93
    119 159 61 33 158 30 9 218 22 247 139 192 124 247 87 54 187 189 39
    191 60 117 174 22 173 161 223 19 121 151 30 104 238 81 127 121 212
    109 250 183 254 127 39 255 244 155 216 254 255 131 127 239 91 240
    117 242 231 47 115 253 38 59 124 231 254 125 127 222 31 227 255 215
    236 94 158 218 57 233 255 89 92 58 191 209 113 248 53 153 189 24 1
    240 157 156 97 16 242 51 189 248 87 32 250 228 239 239 220 50 159 93
    115 173 199 173 250 219 177 252 78 137 85 126 111 31 125 80 227 93
    119 151 61 33 158 30 9 218 86 247 138 200 124 251 31 54 187 189 39
    191 60 117 174 23 173 161 223 19 121 151 30 104 238 80 127 121 253
    109 250 126 181 125 252 191 189 127 125 245 127 253 185 253 106 180
    87 178 253 67 115 255 59 210 127 92 170 230 191 91 245 125 239 207
    60 86 190 211 120 241 255 122 223 247 111 244 53 199 79 153 174 24
    15 242 29 157 89 16 242 115 191 250 86 170 253 186 154 138 247 175
    248 217 153 158 185 86 79 175 94 114 21 60 215 228 155 236 46 203
    126 35 222 243 50 222 115 103 254 143 184 219 52 255 201 232 99 105
    93 227 125 197 69 189 123 184 218 153 3 244 133 220 121 23 243 247
    191 242 31 132 94 51 52 125 2 223 148 27 124 230 46 145 52 237 11
    131 85 254 247 2 176 217 99 211 100 204 176 252 111 18 28 193 107 93
    44 149 190 90 56 41 117 112 72 8 143 213 112 244 77 153 172 24 5 176
