<?xml version="1.0"?>
<opencv_storage>
<ImageFile>"247.jpg"</ImageFile>
<Features type_id="opencv-matrix">
  <rows>125</rows>
  <cols>64</cols>
  <dt>u</dt>
  <data>
    60 173 255 237 58 223 241 239 255 212 223 253 125 126 191 252 251
    213 115 107 245 125 215 119 125 235 160 31 111 223 127 239 247 100
    85 154 210 122 249 124 243 93 124 38 213 22 245 111 153 172 155 13
    240 29 156 77 48 242 123 189 91 95 42 250 47 245 108 238 63 191 223
    25 255 95 189 248 189 122 228 245 176 247 22 177 245 114 177 118 117
    182 225 31 127 123 93 105 135 236 158 246 250 123 251 253 214 223
    111 201 208 87 245 79 181 191 154 13 234 181 255 85 56 182 254 191
    187 223 190 217 252 189 255 253 50 119 253 255 221 252 252 189 95
    182 191 238 251 221 251 111 117 213 230 183 255 239 188 181 105 223
    126 235 237 1 117 255 222 126 249 124 122 93 247 54 255 183 119 238
    191 172 239 223 242 29 156 92 236 254 123 249 91 223 107 254 124 255
    255 223 126 255 213 255 255 253 126 253 255 254 251 252 251 213 251
    43 247 127 223 127 127 255 183 63 127 219 127 255 247 103 119 255
    214 127 255 124 115 93 250 126 221 134 221 239 157 173 223 141 242
    29 157 77 80 246 123 191 219 79 35 254 183 54 113 101 253 178 163
    216 220 61 214 115 227 91 194 85 114 229 47 83 229 47 154 86 6 186
    253 175 214 58 99 255 143 173 214 190 114 56 233 245 201 92 18 159
    193 97 185 79 168 191 24 1 240 191 156 65 48 178 183 191 248 87 36
    88 252 253 255 253 50 119 253 255 221 254 253 185 95 190 159 238 251
    213 123 111 63 221 230 183 255 255 191 189 123 219 126 187 231 37 53
    255 214 125 253 125 122 95 253 63 255 188 85 238 223 172 255 157 250
    63 148 93 192 254 121 251 95 93 43 254 44 172 239 168 10 127 177 119
    253 252 222 221 95 60 255 238 217 120 227 233 245 87 126 247 125 125
    28 150 109 215 63 239 205 72 67 40 255 250 233 60 124 157 118 167 85
    247 119 233 191 236 175 140 242 29 24 28 62 198 111 253 219 219 110
    222 124 127 247 223 114 119 253 255 255 252 250 179 127 254 251 238
    243 213 251 111 255 175 213 191 95 239 183 63 123 217 126 255 243 39
    117 187 214 124 247 124 118 127 249 126 223 190 209 239 157 173 92
    213 242 63 157 77 80 254 115 255 91 70 161 254 250 221 254 255 239
    255 219 179 127 255 125 207 191 252 118 253 253 215 125 255 244 127
    243 127 251 127 255 126 127 211 255 255 215 45 86 255 219 123 248
    245 218 223 121 63 209 54 247 111 157 173 26 5 248 29 156 73 16 247
    51 189 90 95 34 251 250 253 254 223 35 223 216 175 127 249 31 189
    191 254 127 254 255 147 112 187 221 189 247 39 249 119 243 127 107
    251 223 123 239 44 101 246 223 91 251 124 114 221 253 46 149 22 245
    111 157 174 27 13 252 29 156 73 16 243 123 189 91 87 42 250 208 17
    154 87 32 130 90 167 66 171 33 138 146 194 3 26 108 131 32 199 207
    173 67 203 193 91 243 238 64 36 163 98 223 52 68 181 91 12 226 96
    112 76 49 47 243 20 147 127 153 234 24 71 244 29 24 201 23 243 19
    181 88 115 96 234 60 212 109 236 55 125 253 123 181 222 253 209 93
    60 253 230 251 220 71 105 52 114 180 50 125 189 165 25 127 223 61
    249 240 100 60 250 210 114 153 244 243 223 125 62 214 150 212 108
    137 173 86 5 248 29 135 77 144 242 43 252 89 30 34 185 250 249 255
    253 254 127 223 255 223 255 255 255 255 252 255 254 251 213 126 111
    190 253 230 63 255 239 247 63 255 251 126 255 231 111 119 255 222
    119 251 247 114 93 245 126 223 30 253 63 159 173 223 207 250 63 149
    93 208 246 121 251 223 95 42 254 187 252 125 239 255 253 219 153 255
    255 222 255 189 126 255 245 247 247 31 123 253 115 191 124 237 222
    122 63 223 123 255 255 247 237 223 127 254 251 253 247 219 221 79 60
    215 135 248 49 189 255 30 37 254 183 159 109 208 246 191 190 223 159
    58 181 252 253 247 223 118 47 127 251 255 253 253 187 255 254 246 78
    251 213 127 111 127 175 195 55 95 255 183 63 83 216 118 189 210 39
    116 251 82 124 247 124 112 127 189 111 223 28 221 239 141 164 24 149
    240 62 157 73 80 254 115 191 89 87 33 250 59 244 127 127 63 177 217
    56 214 191 245 249 239 91 5 94 126 215 118 187 255 126 195 255 173
    187 227 255 126 127 229 255 223 188 180 126 254 249 250 127 248 222
    235 111 243 49 209 111 187 238 27 199 252 29 252 85 118 243 255 219
    251 183 172 255 218 217 218 247 211 98 120 142 78 161 245 254 182
    202 230 250 107 147 61 223 15 175 239 63 39 223 243 43 211 43 166 54
    147 167 53 219 3 125 255 214 115 232 252 121 219 29 127 182 205 230
    118 245 221 182 180 239 209 252 225 123 29 53 145 171 252 253 255
    255 114 127 255 255 221 253 255 191 127 190 255 238 251 213 127 111
    63 157 231 183 127 239 191 189 251 223 126 187 242 39 117 251 214
    127 221 252 250 223 253 62 255 159 109 188 143 173 127 149 249 63
    149 77 208 252 105 253 95 78 35 251 179 244 127 119 63 176 217 60
    210 191 213 249 238 91 0 86 126 198 54 219 191 42 231 255 173 187
    247 255 91 61 229 255 223 188 180 254 222 57 242 255 216 222 235 239
    243 49 147 111 187 238 27 195 252 29 252 69 52 243 255 219 250 183
    164 255 215 156 194 7 255 194 154 128 42 161 53 234 174 203 34 61
    108 179 60 151 201 135 235 105 130 211 249 111 146 59 195 39 215 173
    84 255 90 93 237 246 112 88 40 47 217 28 253 53 157 238 24 5 245 251
    156 235 80 255 176 61 92 85 48 250 242 220 218 207 255 223 218 133
    63 255 63 223 191 126 127 252 253 215 60 191 220 135 255 120 123 215
    251 127 215 187 255 63 231 173 93 127 210 127 239 246 211 94 105 62
    223 30 253 53 157 205 30 5 252 255 157 235 208 246 56 61 92 85 50
    255 191 212 125 244 255 191 223 88 191 127 223 127 159 124 116 117
    244 245 30 114 246 127 176 122 110 254 227 95 254 123 125 239 215
    229 158 251 242 115 249 247 211 223 95 79 209 22 245 79 157 181 26 5
    234 189 159 73 24 182 115 191 218 31 38 249 39 196 108 174 254 148
    31 5 51 111 41 200 156 111 180 125 226 246 0 224 201 112 147 104 92
    128 168 63 251 57 125 99 245 228 28 186 114 112 41 252 118 202 28 9
    212 20 244 95 153 172 24 5 224 24 156 73 24 246 51 156 88 86 34 249
    253 57 255 117 112 99 123 254 240 157 229 251 111 187 150 203 251
    253 255 111 61 143 231 182 141 123 255 191 217 12 114 169 221 37 52
    255 86 125 237 253 120 220 59 63 251 57 127 108 157 172 126 149 241
    62 156 77 208 252 49 253 93 87 32 251 141 206 207 233 42 95 244 231
    57 252 110 221 18 54 239 236 139 152 185 43 196 29 238 115 123 207
    17 163 109 195 59 127 183 98 113 240 119 218 233 188 243 63 122 54
    221 150 119 235 153 172 127 29 213 29 157 76 22 208 47 173 91 95 35
    255 242 222 218 207 255 222 222 129 63 95 58 203 159 255 126 253 245
    215 60 191 78 143 191 120 251 215 127 127 159 251 222 55 246 239 126
    85 242 247 255 183 243 222 106 255 159 158 252 181 197 213 86 181
    205 231 175 239 209 220 224 46 214 93 18 189 120 13 175 220 98 95 91
    247 191 230 87 134 221 252 59 238 253 221 115 102 118 247 210 243 89
    106 180 124 96 146 126 233 199 60 67 174 218 106 248 120 248 93 189
    47 213 52 245 111 155 172 153 13 240 29 156 89 17 242 123 189 88 87
    40 250 243 220 222 71 239 215 219 176 62 255 55 78 174 251 99 189
    125 247 60 191 206 143 175 109 171 247 255 110 150 27 211 63 247 173
    29 95 90 125 239 254 241 92 104 62 153 8 217 181 221 205 30 165 253
    235 156 235 80 124 176 61 220 21 16 190 248 141 254 223 98 95 88 183
    63 245 87 142 159 254 127 238 253 243 97 231 127 255 247 179 219 127
    180 126 97 210 254 163 207 36 71 190 211 90 248 124 240 93 61 47 213
    52 247 111 157 172 152 13 242 29 152 89 16 243 115 189 91 119 40 250
    243 220 246 207 239 207 223 153 191 253 62 207 191 238 127 253 255
    247 124 55 220 143 191 108 251 255 127 110 215 219 255 63 229 237
    127 95 210 247 239 254 211 94 104 190 159 30 252 181 205 205 86 181
    253 239 141 235 208 252 240 60 222 93 18 189 211 150 14 135 239 148
    154 144 62 255 18 75 140 41 35 21 108 247 61 178 200 71 139 120 106
    220 185 126 222 19 243 119 87 237 89 49 115 233 172 98 112 92 106 31
