<?xml version="1.0"?>
<opencv_storage>
<ImageFile>"248.jpg"</ImageFile>
<Features type_id="opencv-matrix">
  <rows>166</rows>
  <cols>64</cols>
  <dt>u</dt>
  <data>
    58 189 254 222 35 223 213 47 127 244 93 253 63 254 63 254 253 179
    240 187 183 127 215 247 249 119 208 254 109 251 222 239 159 218 227
    36 255 219 250 121 120 189 239 101 189 181 247 111 255 234 171 223
    246 29 248 93 63 247 255 255 251 249 207 222 42 222 236 203 47 253
    215 25 127 254 12 232 189 62 125 221 223 179 104 187 245 119 219 127
    113 119 113 62 127 211 223 227 159 236 203 52 243 89 250 123 124 223
    110 45 149 245 119 111 189 218 152 13 246 5 250 221 59 247 254 183
    243 251 172 90 42 222 236 203 39 253 215 25 127 223 140 232 189 62
    125 221 223 179 104 187 180 119 219 119 113 119 113 62 127 243 223
    227 143 236 203 20 243 89 250 41 125 221 110 173 151 245 119 111 189
    218 152 13 246 133 250 221 59 247 254 183 243 251 172 90 232 207 239
    217 34 95 225 247 189 213 110 223 31 253 255 238 139 221 249 111 62
    255 254 179 123 111 23 52 125 210 62 155 230 71 119 250 208 251 253
    188 247 125 248 182 125 190 121 226 157 173 255 189 219 31 141 92 81
    236 107 237 91 95 43 251 60 189 255 252 50 255 253 127 189 252 222
    221 95 252 255 238 187 252 251 107 244 125 246 243 127 255 150 247
    125 215 126 239 215 82 247 234 214 251 249 125 112 189 255 39 253
    150 245 111 159 172 191 223 242 29 156 92 60 246 123 255 219 223 47
    254 200 203 230 221 226 93 224 199 45 213 46 205 31 244 255 238 235
    208 125 111 14 141 174 51 127 207 51 40 253 203 58 63 240 103 127
    219 66 119 255 182 183 127 120 62 95 158 125 182 141 37 118 52 219
    31 135 76 144 236 41 61 93 76 3 177 60 189 255 220 50 255 241 119
    121 220 78 221 95 244 255 238 251 220 251 107 244 125 118 243 255
    127 148 246 109 215 126 239 215 80 117 170 214 250 249 124 113 157
    255 39 253 180 245 111 159 172 175 223 242 29 156 93 60 214 123 237
    91 95 109 254 235 220 76 203 39 157 223 137 63 255 61 234 190 59 102
    95 149 183 60 185 188 247 115 124 113 247 249 63 127 123 223 51 159
    236 154 97 251 89 250 251 118 223 110 61 151 94 244 61 149 219 26 13
    252 165 255 255 58 247 244 61 247 219 190 155 197 137 155 117 96 82
    250 230 24 191 101 203 194 209 130 10 169 201 61 111 206 173 230 155
    79 91 187 238 65 7 50 107 215 55 117 251 82 125 237 116 112 124 184
    63 251 28 243 239 153 172 24 213 241 125 156 203 81 254 51 189 92
    119 17 251 252 223 254 253 251 127 251 255 189 253 254 223 159 248
    251 238 235 221 127 111 126 143 230 59 127 255 187 62 221 67 54 191
    251 39 117 251 86 127 253 244 242 124 249 126 223 31 249 183 205 173
    94 181 217 127 157 207 209 252 113 191 93 87 145 251 255 254 127 231
    255 255 223 249 255 127 250 251 255 127 254 253 251 247 127 127 253
    223 187 124 239 255 127 127 255 95 255 191 87 237 222 255 254 247
    253 247 93 221 106 63 223 143 252 181 205 157 30 165 235 247 143 239
    208 252 241 159 223 159 56 190 212 41 147 181 72 66 106 230 64 169
    80 19 194 192 147 10 46 73 185 71 206 173 70 147 138 91 158 230 64
    132 50 74 215 19 65 169 29 44 236 100 112 60 177 39 249 28 179 239
    27 172 9 211 241 92 28 203 71 250 19 177 88 119 81 234 252 237 255
    253 114 127 253 255 221 253 254 255 127 254 255 238 251 221 255 111
    63 159 254 191 127 239 191 183 255 223 126 191 235 103 117 251 214
    247 255 254 251 127 251 246 255 191 91 176 205 173 255 253 217 255
    181 206 240 252 105 127 223 108 155 191 220 57 147 245 64 99 248 231
    80 185 86 23 211 192 147 90 125 203 249 103 78 173 198 211 138 91
    182 230 192 198 182 174 87 51 49 177 61 108 126 68 120 37 183 103
    237 4 187 239 255 172 169 243 242 94 24 201 71 251 19 251 72 53 209
    238 198 43 3 65 232 146 142 193 74 155 51 66 194 80 83 16 0 197 44
    14 78 165 2 88 14 215 191 47 134 42 19 26 82 132 92 139 88 124 239
    66 96 84 32 125 197 140 148 21 154 173 16 5 17 81 143 107 0 112 16
    29 76 21 112 186 255 252 255 255 255 247 255 249 255 255 252 255 255
    238 246 253 251 245 127 111 127 223 191 125 255 255 127 63 255 127
    126 191 247 239 63 223 246 245 253 247 123 221 239 127 223 31 253
    181 205 189 94 181 249 247 156 239 216 252 241 63 223 93 187 190 212
    41 147 213 72 194 98 231 80 185 82 23 210 192 147 10 110 73 249 7
    206 173 66 131 138 91 158 230 64 132 178 202 87 19 65 161 61 44 110
    100 112 36 177 71 233 28 179 239 95 172 137 211 241 92 24 203 71 251
    19 177 72 117 81 238 250 249 223 223 250 95 222 231 91 251 125 223
    254 246 255 250 255 211 61 111 15 141 231 191 239 223 251 127 195
    139 246 62 243 37 117 255 90 127 253 246 114 94 185 63 223 30 253
    189 141 173 94 133 248 31 149 75 208 244 49 189 92 87 50 187 248 253
    255 255 254 255 255 255 255 253 255 223 255 252 255 254 255 215 127
    111 62 223 182 63 255 255 255 127 255 219 254 191 243 103 125 255
    214 119 255 255 211 223 249 126 255 158 253 182 205 173 86 181 248
    191 151 111 208 252 121 127 223 76 51 189 199 7 128 144 197 138 6 2
    34 67 3 66 130 129 32 3 72 101 37 197 10 133 18 97 70 214 185 47 146
    8 0 1 82 36 86 154 64 120 37 70 68 64 56 139 193 72 244 141 16 164
    16 4 96 24 158 11 16 114 49 181 72 87 32 122 252 255 255 247 254 127
    251 255 253 253 255 255 255 254 251 254 251 213 127 111 127 223 255
    63 127 255 191 191 255 219 126 191 243 103 125 255 215 247 253 255
    255 125 255 126 223 175 251 181 205 173 95 253 219 191 157 239 208
    252 121 255 223 31 49 190 199 7 128 16 192 146 2 2 34 35 3 66 130
    193 0 3 64 97 37 197 10 133 18 65 70 146 185 110 144 8 32 0 82 38 84
    171 64 44 37 64 100 64 56 137 193 72 244 133 16 172 16 4 96 24 142 9
    16 112 17 149 72 87 32 122 199 7 128 16 192 130 4 2 32 35 35 2 130
    193 2 3 72 65 37 197 10 133 10 1 66 147 185 46 128 8 32 0 82 38 84
    171 0 44 37 66 100 64 56 137 193 72 53 149 16 172 16 0 96 24 140 9
    16 112 17 181 72 83 32 106 255 188 255 243 255 246 219 201 238 239
    209 126 239 235 179 93 250 213 63 119 111 143 239 125 206 223 255 47
    210 31 114 191 215 47 85 255 82 125 237 118 112 92 56 63 217 28 249
    181 157 172 24 5 241 191 156 107 80 252 49 189 92 87 48 250 249 254
    247 247 255 103 235 248 236 253 250 251 255 251 243 255 251 213 127
    103 126 143 175 60 79 255 191 47 211 27 114 191 243 39 117 255 82
    117 237 246 120 92 56 63 217 60 249 181 141 172 88 181 241 191 156
    235 80 252 49 189 92 87 48 250 122 49 255 150 118 135 91 47 214 162
    213 50 255 226 18 86 254 147 114 215 187 183 195 199 152 106 244 221
    66 184 244 232 207 44 6 190 219 56 192 93 88 73 181 42 241 61 129
    111 159 174 153 3 240 24 28 81 88 243 51 249 56 23 32 234 93 13 163
    149 64 71 241 231 144 228 86 21 83 196 147 34 43 93 241 103 84 173
    230 131 26 235 148 132 64 128 50 79 71 39 53 186 20 104 201 92 112
    52 181 38 237 4 225 238 27 172 123 149 241 30 28 64 64 106 59 249 72
    7 33 254 232 206 110 253 238 253 255 241 61 255 126 223 159 252 127
    236 233 221 125 107 252 140 190 56 127 255 191 42 221 87 59 255 241
    167 125 123 83 247 237 246 243 94 104 62 223 158 222 177 141 205 86
    165 221 255 133 105 208 252 41 188 220 86 2 189 211 218 130 87 236
    194 206 130 106 187 59 203 142 199 66 185 237 199 61 247 78 141 47
    89 199 223 251 111 211 11 162 54 243 47 85 251 90 53 237 246 114 92
    56 63 221 26 253 181 217 172 24 1 241 127 156 203 80 252 49 61 92 85
    48 250 82 18 147 147 204 130 2 0 66 35 19 6 130 194 2 16 124 195 33
    212 200 133 66 65 142 218 248 111 130 8 160 8 87 37 84 191 24 40 5
    68 68 64 16 11 193 12 161 79 152 172 24 1 242 24 28 75 0 50 19 177 8
    23 32 106 203 222 110 237 255 253 255 209 61 255 122 203 142 253 124
    237 225 221 61 107 236 140 174 56 111 223 59 35 223 83 51 127 241
    227 124 121 115 247 237 246 243 94 106 63 223 158 252 177 205 205 86
    37 221 255 143 105 144 244 161 188 220 86 50 189 171 222 102 237 255
    253 215 153 189 221 190 203 143 93 124 253 225 253 63 187 228 14 190
