<?xml version="1.0"?>
<opencv_storage>
<ImageFile>"249.jpg"</ImageFile>
<Features type_id="opencv-matrix">
  <rows>209</rows>
  <cols>64</cols>
  <dt>u</dt>
  <data>
    108 238 238 233 254 255 247 53 253 253 254 253 221 127 255 236 153
    185 251 251 245 119 95 255 249 127 29 247 109 215 255 231 207 91 199
    164 255 219 253 60 127 189 255 183 213 247 247 99 191 255 143 79 247
    109 219 220 126 223 255 239 251 251 236 222 252 254 255 253 238 255
    253 247 127 255 110 203 223 244 126 255 253 255 253 43 252 221 126
    185 255 127 255 246 237 247 255 247 227 211 255 101 255 255 252 243
    254 223 235 125 255 151 127 243 255 217 190 255 238 255 191 253 215
    221 255 239 247 251 91 190 57 254 247 237 62 253 165 127 253 252 254
    249 125 61 253 237 251 244 235 107 244 84 220 255 125 253 53 191 127
    91 127 255 213 100 127 186 214 122 249 124 127 95 122 175 93 183 116
    239 137 189 92 13 242 29 159 77 56 246 99 189 219 79 40 254 61 190
    245 172 126 255 167 127 253 92 254 253 125 61 254 237 251 245 123
    108 244 67 254 125 125 237 60 63 127 95 127 239 213 101 125 187 214
    114 253 124 119 93 122 47 93 150 245 111 157 180 92 12 242 29 158 77
    24 246 35 189 91 79 34 250 253 254 127 237 255 127 255 249 253 255
    254 251 255 127 255 237 187 253 255 123 245 255 254 254 245 127 255
    247 253 87 255 255 239 249 223 255 255 255 249 125 127 223 251 191
    247 247 255 121 190 255 158 207 250 191 223 93 254 255 255 255 255
    223 238 190 45 238 237 105 248 255 167 125 189 93 206 255 223 127
    254 237 139 253 251 105 245 119 90 245 119 255 29 183 125 91 123 203
    143 66 215 186 245 251 253 60 125 189 122 167 213 113 245 99 189 188
    137 44 241 29 158 13 60 222 119 173 218 223 45 218 45 238 237 104
    251 255 183 89 189 93 206 253 223 127 252 237 139 253 235 41 245 119
    218 119 117 255 29 183 125 91 127 207 223 64 223 162 247 248 249 60
    125 61 122 167 213 113 245 107 185 188 152 13 243 21 158 29 60 214
    247 173 218 223 44 218 123 255 110 255 119 191 95 57 255 223 253 187
    255 253 125 95 255 247 103 247 253 119 211 119 221 127 245 189 122
    222 252 185 218 44 71 190 218 120 249 124 124 95 56 175 213 117 247
    111 153 172 24 13 240 29 156 73 24 246 115 189 90 215 40 250 123 255
    124 255 183 189 95 57 255 223 253 184 253 253 125 95 255 247 99 247
    253 119 211 119 221 127 245 125 123 222 252 185 218 44 71 190 218
    120 249 125 124 95 60 175 213 117 247 111 153 172 24 13 242 29 156
    77 24 246 115 189 122 215 40 250 57 254 125 239 63 253 255 120 253
    253 254 249 255 61 252 253 251 245 127 107 244 126 219 125 109 255
    167 63 127 91 125 255 215 101 125 186 214 121 249 125 127 223 122 47
    223 151 252 127 141 181 28 5 248 157 159 77 24 246 59 189 219 95 32
    190 251 253 255 254 119 111 125 255 255 255 253 255 127 236 254 254
    251 212 119 103 126 159 245 63 95 239 183 27 219 223 126 251 240 37
    85 251 82 118 249 252 82 222 60 63 223 22 229 108 157 172 94 5 248
    31 149 73 144 242 49 189 92 86 34 187 221 221 254 221 34 223 220 39
    63 213 125 205 30 252 124 254 189 251 252 175 182 125 244 243 251
    127 243 126 109 247 222 243 214 115 115 100 223 79 250 249 114 191
    253 103 191 22 247 110 223 202 171 223 248 77 184 223 127 223 123
    255 115 249 139 234 127 252 253 168 119 255 63 127 253 94 222 188
    125 60 253 255 251 245 123 108 48 83 210 117 125 253 61 61 127 222
    126 169 196 101 127 155 194 121 237 124 56 221 60 175 87 156 116 108
    157 164 30 12 234 61 150 77 216 246 43 189 91 79 40 242 251 185 239
    87 255 179 219 184 254 181 245 251 239 249 18 125 244 247 126 255
    254 111 227 247 174 234 247 127 254 125 215 175 223 125 148 255 222
    57 250 253 216 93 187 95 209 57 249 47 189 174 153 67 240 189 156 71
    121 247 115 159 248 151 180 223 254 185 255 223 114 95 95 175 223
    244 127 189 127 246 255 254 255 147 122 191 63 253 231 151 249 107
    246 253 107 249 222 238 175 61 101 247 255 95 250 125 250 223 245
    126 191 191 231 110 255 174 239 223 242 63 57 223 111 255 127 251
    123 44 251 223 250 185 251 255 62 103 216 183 90 185 255 255 127 198
    155 250 127 130 114 219 255 173 231 159 187 127 247 251 195 255 247
    254 239 45 37 255 223 117 251 125 121 92 241 126 255 53 187 111 187
    238 79 199 240 31 28 65 198 243 127 251 127 55 160 254 191 182 115
    39 255 224 187 248 220 255 210 127 237 79 131 117 122 253 223 82 249
    35 175 124 166 250 120 167 222 119 227 255 111 233 157 117 255 179
    237 119 89 68 67 158 193 33 186 113 184 254 24 33 244 182 156 97 86
    180 183 159 254 31 52 252 59 22 247 167 63 231 137 255 166 255 81 85
    31 169 179 127 254 246 33 99 240 7 246 119 78 187 188 47 82 26 115
    123 245 36 85 186 82 120 233 116 80 92 56 14 209 20 241 111 153 172
    24 5 240 29 156 73 16 242 51 189 88 87 32 250 250 217 155 119 174
    224 216 166 218 185 85 207 174 199 19 58 127 131 124 219 238 173 103
    159 187 127 247 254 75 243 231 246 239 191 33 117 255 141 250 127
    121 124 231 234 255 113 187 63 253 202 90 211 244 174 60 229 95 183
    247 251 191 117 145 238 60 173 255 253 58 127 248 247 249 252 198
    215 223 244 251 234 251 217 227 107 245 61 87 247 223 106 182 158
    104 197 190 234 223 36 71 190 95 122 249 124 248 93 120 46 221 119
    247 111 185 172 24 7 240 29 157 73 22 242 51 189 91 87 32 250 250
    217 147 119 238 224 216 166 218 185 85 207 174 194 19 58 125 131 124
    219 238 173 103 159 187 127 247 254 75 243 231 246 239 191 33 117
    255 141 250 127 121 108 231 234 255 121 187 63 253 202 90 211 244
    174 60 229 95 183 247 251 191 117 145 238 230 237 235 208 51 31 85
    139 167 192 15 242 155 190 254 95 128 53 60 127 23 223 80 99 87 214
    151 89 34 186 30 8 130 30 230 202 194 94 223 252 68 191 188 113 191
    94 117 238 213 175 160 220 91 95 255 158 56 252 112 127 125 253 255
    218 122 137 255 222 34 95 93 39 87 230 85 148 31 230 63 222 255 210
    112 235 150 253 231 35 253 211 182 93 67 249 254 233 215 36 5 250
    202 122 243 126 48 219 245 47 151 28 229 110 159 172 155 133 242 29
    148 93 24 242 123 249 89 95 42 250 59 22 198 135 31 229 136 183 38
    255 16 69 158 43 51 117 252 246 97 225 209 7 247 113 72 57 188 110
    80 26 243 99 213 36 85 186 83 120 233 116 112 92 56 47 209 20 240
    109 153 172 24 5 240 29 156 73 16 242 51 189 88 87 32 250 236 142
    231 235 249 255 227 255 189 253 70 223 147 190 251 236 203 221 249
    107 252 15 254 121 123 255 24 38 125 195 59 223 215 227 125 113 119
    255 253 54 241 125 106 54 95 132 125 243 221 172 124 181 213 127 156
    204 80 252 163 173 219 95 17 254 220 57 211 245 49 98 120 238 80 184
    208 177 119 194 131 218 251 156 177 71 239 173 231 27 143 203 242
    207 83 37 162 239 95 39 52 251 55 124 241 116 89 76 177 110 235 21
    203 238 217 166 91 213 240 30 156 73 192 242 55 251 92 38 161 255 63
    253 253 254 55 255 95 121 255 85 253 250 255 127 252 95 251 247 123
    127 183 127 211 119 253 255 245 255 127 223 254 169 207 108 199 190
    202 121 249 125 126 223 247 175 213 113 245 111 191 190 153 9 250 29
    222 85 56 246 123 191 251 223 172 218 252 57 247 223 120 71 248 247
    90 237 253 191 119 230 147 250 255 194 243 103 127 173 231 158 159
    107 246 235 195 143 246 254 231 39 37 255 22 245 233 252 123 92 177
    62 239 60 139 110 153 172 94 215 240 30 148 73 208 251 49 249 92 102
    35 254 201 12 179 245 200 226 234 230 24 253 194 7 194 197 3 34 111
    233 187 67 236 173 110 155 142 123 178 230 200 71 35 231 87 179 57
    113 53 229 124 110 121 100 250 238 239 1 251 243 253 200 120 245 245
    126 156 225 215 252 247 175 198 39 145 246 221 234 223 233 250 249
    226 204 121 251 238 255 246 182 235 248 235 221 185 106 237 213 238
    56 239 205 59 167 239 79 63 255 245 195 125 115 117 247 253 54 247
    93 106 54 127 159 126 177 205 93 126 181 223 247 173 239 214 236 173
    108 223 79 51 180 94 49 121 148 50 151 91 97 194 135 241 242 213 98
    144 82 246 215 102 103 143 53 194 215 140 154 231 253 66 172 244 40
