<?xml version="1.0"?>
<opencv_storage>
<ImageFile>"250.jpg"</ImageFile>
<Features type_id="opencv-matrix">
  <rows>81</rows>
  <cols>64</cols>
  <dt>u</dt>
  <data>
    61 246 117 78 190 189 183 120 251 60 142 125 237 127 252 241 246 230
    198 176 245 114 25 252 224 60 101 219 252 95 221 247 223 232 223 182
    254 146 185 127 223 95 75 135 244 227 246 79 168 255 141 79 246 141
    219 93 62 215 150 166 250 219 110 92 58 208 125 143 238 221 155 41
    255 103 31 94 189 124 125 244 247 215 80 98 220 114 147 124 253 212
    253 127 118 251 223 251 199 172 87 158 218 123 232 127 48 93 69 44
    213 158 244 63 159 173 144 13 250 29 156 89 16 242 59 189 120 95 42
    254 56 153 253 158 39 221 217 125 223 196 151 148 125 60 63 214 255
    214 66 243 212 51 199 183 217 33 244 88 83 220 223 105 223 44 85 190
    218 122 201 124 240 93 53 47 212 52 245 110 155 172 155 5 242 29 156
    73 16 242 59 189 89 87 34 250 179 246 125 71 255 181 219 120 254 61
    245 127 237 91 192 117 246 247 94 242 253 103 155 124 238 186 237
    127 254 31 229 127 255 237 220 159 218 59 249 255 223 92 75 142 209
    107 216 23 168 191 24 5 248 189 156 65 48 182 178 159 248 223 38 253
    58 180 120 246 191 157 219 9 255 123 215 119 189 106 188 84 246 183
    2 243 229 119 211 127 245 154 226 127 90 249 253 239 135 172 70 190
    250 122 233 127 208 221 101 73 209 21 245 111 153 174 152 15 242 21
    221 89 16 243 247 189 250 95 40 255 41 55 117 48 29 181 171 120 212
    254 194 53 225 73 145 71 234 252 195 98 240 34 218 255 12 186 166
    135 82 4 113 235 79 38 213 186 80 56 105 116 120 68 58 174 198 97
    161 111 152 172 24 1 240 29 156 65 16 178 51 159 88 215 32 242 215
    27 147 247 81 98 104 206 2 171 3 23 130 194 131 27 106 71 185 79 14
    141 230 3 14 219 178 45 18 40 34 11 87 39 53 187 48 124 87 68 64 96
    184 106 171 12 65 254 88 172 56 213 241 122 188 202 193 56 49 91 76
    53 145 250 230 205 203 219 219 223 215 201 175 231 15 254 155 238
    254 237 203 213 60 103 206 183 218 99 95 215 187 47 146 11 19 59 215
    39 85 155 82 121 239 118 112 124 40 109 213 28 245 183 157 172 24 5
    241 29 156 75 16 254 48 61 88 85 48 250 230 205 235 155 219 159 215
    137 175 231 15 222 155 126 254 76 203 213 61 103 206 55 218 99 95
    214 189 47 210 155 19 43 215 39 85 155 82 121 239 126 112 92 56 47
    213 28 245 39 157 172 24 5 241 29 156 75 16 242 51 189 88 87 48 250
    214 59 147 244 48 98 248 198 82 186 65 209 67 192 147 26 127 206 160
    75 134 173 102 155 143 219 178 207 66 33 182 110 87 179 53 185 61
    252 250 117 96 108 179 107 171 4 113 239 217 168 110 215 240 94 60
    76 149 251 83 223 93 53 209 254 226 205 203 219 217 222 215 201 191
    235 46 254 179 238 254 253 203 213 61 103 78 189 250 107 111 215 187
    47 211 11 50 59 215 7 85 251 82 125 239 118 114 124 40 125 221 30
    253 183 221 172 24 53 209 61 156 235 16 252 49 61 92 85 49 250 234
    207 202 251 211 94 199 203 63 219 44 250 187 254 238 255 203 213 61
    111 14 157 254 123 111 215 59 47 215 75 58 59 210 167 124 219 114
    125 255 182 115 254 120 125 31 30 125 181 205 173 54 52 217 183 175
    238 80 252 32 63 93 93 51 187 220 43 247 245 112 115 232 255 208 187
    210 179 211 128 147 74 170 137 251 79 175 141 238 159 207 75 190 167
    64 133 34 206 255 7 101 187 21 188 237 118 120 124 177 46 251 61 19
    235 255 172 57 211 241 125 156 72 68 254 19 249 120 87 81 254 211 20
    24 22 173 128 26 1 2 35 17 66 132 1 4 18 126 215 4 225 136 162 131
    104 204 146 253 111 18 40 209 104 83 36 20 190 66 104 160 82 80 202
    41 9 145 28 240 29 145 172 16 5 96 24 156 73 16 114 51 189 88 87 32
    187 211 20 24 22 173 128 26 1 66 35 17 66 172 1 4 18 118 215 4 225
    138 162 163 108 204 146 245 111 18 40 209 104 83 36 20 190 66 104
    160 211 80 202 41 9 145 28 244 31 145 172 16 5 96 24 156 73 16 114
    51 189 88 87 32 251 225 221 223 251 81 94 231 203 127 219 44 218 191
    251 230 255 235 215 189 111 14 205 255 59 111 223 59 47 255 11 58 59
    242 71 124 219 82 253 127 246 119 254 184 127 27 30 125 180 205 61
    118 180 217 183 167 238 217 252 96 111 93 92 147 187 227 4 65 134
    221 130 3 8 198 97 17 114 161 75 128 85 98 85 4 100 200 7 131 100 14
    152 168 15 146 8 17 41 82 37 20 186 66 112 1 214 64 64 24 11 193 28
    200 13 145 164 16 5 112 24 156 73 16 114 51 188 88 22 32 248 197 237
    222 217 232 219 246 197 59 251 12 238 150 247 239 250 235 155 189
    167 79 221 127 120 215 87 251 111 233 15 154 51 215 147 85 235 18
    255 255 126 242 30 104 117 253 30 255 181 221 236 56 117 245 127 153
    235 82 253 49 61 92 113 115 235 253 255 255 253 126 191 255 251 253
    255 253 251 207 249 254 95 255 253 255 107 254 125 210 255 239 255
    247 255 124 119 247 255 223 115 253 191 215 253 250 119 124 126 251
    127 255 53 255 127 191 191 56 215 240 189 158 77 85 254 115 255 251
    255 173 254 253 255 255 253 254 191 255 123 253 255 253 251 207 249
    254 95 255 253 255 107 254 125 210 255 239 255 247 255 124 119 119
    239 223 115 253 191 215 253 251 117 124 126 251 127 255 53 255 127
    189 190 24 215 240 189 158 77 85 254 115 191 251 127 165 254 60 183
    125 252 62 189 253 123 245 254 223 245 125 126 253 86 242 252 67 251
    245 114 209 255 253 62 230 155 126 223 253 235 223 108 199 190 222
    122 249 125 252 93 255 47 214 183 247 111 187 174 153 79 242 29 159
    93 60 243 115 255 251 223 106 254 60 183 125 252 62 189 253 121 245
    254 223 245 125 126 253 118 242 252 67 251 245 122 209 255 253 62
    230 155 126 223 253 235 223 108 199 190 223 122 249 125 252 93 255
    47 244 183 247 111 187 174 153 79 242 29 159 93 60 243 127 255 251
    223 106 254 61 182 245 171 254 247 167 124 244 92 214 117 125 63 187
    197 251 244 203 104 241 67 223 244 252 233 108 183 126 220 113 239
    221 108 87 190 126 112 169 124 125 85 26 174 85 161 244 109 185 172
    157 13 240 29 158 73 52 246 55 156 218 215 36 250 71 5 144 54 17 162
    34 78 0 32 193 49 32 203 129 19 106 13 1 68 233 35 195 51 4 136 160
    141 82 4 33 97 215 36 20 186 19 56 1 84 120 64 56 139 193 17 195 79
    25 172 24 5 240 28 156 73 16 178 51 189 24 86 32 235 108 39 243 49
    16 50 35 239 192 162 194 54 225 134 139 66 138 13 195 70 59 165 82
    214 20 232 148 133 64 140 35 202 79 6 71 170 16 184 69 92 44 96 48
    164 101 225 3 107 58 172 40 83 211 29 92 80 4 234 19 177 8 215 105
    114 221 221 146 117 249 226 250 248 24 185 237 255 162 203 195 59 45
    139 191 215 111 175 239 88 39 95 251 239 209 39 227 183 251 179 61
    117 55 173 252 247 89 108 187 250 235 25 187 177 237 206 122 247 221
    254 188 225 211 189 181 251 188 119 145 174 12 134 108 184 15 245
    161 117 181 252 84 133 25 125 61 103 192 220 67 98 244 34 212 115 93
    168 132 0 121 80 57 235 247 32 87 186 83 122 201 116 218 92 24 14 84
    150 225 111 153 44 24 5 240 29 156 73 16 242 59 189 88 87 34 251 124
    49 255 252 16 39 125 127 192 166 213 176 117 224 145 82 250 196 67
    111 55 172 196 151 157 170 166 141 66 140 112 232 98 6 36 190 6 124
    81 92 56 226 181 102 110 181 1 238 155 44 123 211 96 28 52 85 128
    242 107 219 89 6 225 243 235 222 238 233 255 253 223 153 61 127 188
    203 142 249 102 237 225 253 61 251 252 213 190 120 103 255 59 58 253
    87 123 55 247 231 222 123 83 119 253 247 215 222 122 63 217 31 254
    145 157 157 30 4 201 255 143 109 152 244 33 190 222 95 6 185 250 153
    222 223 103 95 221 191 191 253 31 207 159 252 127 254 255 215 120 47
    94 191 230 115 123 255 183 62 123 211 94 111 215 39 115 241 214 95
    254 124 112 93 253 127 157 28 245 239 221 168 26 133 240 31 156 207
    81 246 123 191 89 93 1 250 124 51 255 252 58 183 251 118 208 190 209
    149 213 224 145 82 254 205 195 99 246 125 66 223 157 42 230 222 72
    196 245 234 223 26 71 190 223 56 248 125 248 92 177 110 241 117 163
    111 187 174 136 67 240 29 28 89 21 243 83 191 122 119 225 251 62 186
    251 255 186 253 255 237 223 255 91 253 191 110 251 254 187 215 248
    43 222 125 206 123 253 223 178 63 95 251 127 255 231 215 255 51 247
