<?xml version="1.0"?>
<opencv_storage>
<ImageFile>"251.jpg"</ImageFile>
<Features type_id="opencv-matrix">
  <rows>244</rows>
  <cols>64</cols>
  <dt>u</dt>
  <data>
    45 70 100 136 217 189 39 80 45 68 42 6 153 125 253 101 194 124 65 96
    112 96 24 112 84 172 0 0 248 6 57 17 240 102 87 186 64 114 5 172 182
    23 24 134 84 210 228 64 8 37 16 12 82 29 143 9 56 224 35 188 72 198
    38 177 133 6 196 5 221 160 162 120 16 57 192 115 162 75 130 1 98 77
    133 64 201 5 138 120 6 136 152 7 208 9 33 79 93 37 20 186 80 176 33
    214 81 64 26 14 201 1 200 81 8 36 88 5 240 26 156 73 16 50 183 156
    72 7 32 249 65 16 144 38 217 160 42 124 0 41 192 115 162 67 130 1
    106 13 129 80 200 45 139 121 2 154 250 15 210 0 33 79 95 37 28 187
    17 244 1 86 81 64 24 10 201 5 203 95 8 36 88 4 96 26 156 73 16 178
    183 153 8 7 32 120 133 4 128 5 221 160 170 124 16 41 128 115 162 75
    130 1 98 69 133 64 201 5 170 120 6 136 168 7 208 13 33 79 93 37 28
    186 16 176 33 214 81 64 26 14 201 1 200 81 8 36 88 5 240 26 156 73
    16 50 183 156 8 7 32 121 193 21 146 117 221 162 251 122 16 57 192 67
    130 201 130 1 98 77 189 102 232 45 170 123 14 154 178 166 218 5 33
    111 87 35 28 185 55 181 117 245 81 96 154 78 201 1 203 219 24 164 24
    5 241 190 156 73 19 186 55 159 72 23 161 249 59 246 125 170 255 191
    39 121 247 84 222 51 189 63 253 85 243 247 75 100 240 115 145 116 92
    252 105 61 126 90 125 233 215 100 215 190 210 120 169 116 116 93 90
    47 85 148 244 79 156 173 24 12 242 29 159 73 56 246 51 189 90 223 44
    250 123 150 117 170 255 191 7 121 231 116 222 51 189 127 252 85 246
    247 75 100 244 119 145 118 92 252 233 61 126 90 125 233 215 100 215
    190 82 120 253 116 116 93 26 47 85 148 244 79 156 172 24 12 242 29
    159 73 56 246 51 189 90 87 44 248 29 18 208 33 221 160 162 124 16
    185 194 117 160 91 129 1 98 77 129 66 225 37 202 121 44 136 8 135 92
    1 33 79 95 131 156 48 53 248 45 23 209 68 26 6 97 129 219 83 24 124
    25 37 244 188 156 73 6 10 183 139 200 7 37 86 82 49 155 215 62 130
    218 166 82 186 87 85 222 66 19 82 116 195 16 155 135 45 199 203 136
    138 226 207 66 41 181 110 119 189 52 183 127 120 226 87 208 72 161
    78 131 4 129 111 155 174 9 199 244 24 60 73 69 115 19 219 120 55 96
    255 29 50 215 101 253 162 163 124 16 189 198 117 224 91 131 1 106
    205 153 98 224 45 206 249 46 170 8 135 124 65 33 111 95 227 157 48
    117 249 109 53 89 4 90 6 233 129 219 67 56 124 25 53 245 188 156 65
    102 154 183 143 200 7 37 222 13 18 212 4 49 161 184 122 16 184 192
    243 224 9 128 3 42 77 129 11 225 45 202 251 1 58 208 134 92 69 33 79
    95 16 60 176 21 248 41 53 81 4 59 38 227 33 83 107 24 182 56 53 240
    28 156 76 6 154 183 201 8 23 37 94 59 188 253 172 62 253 177 119 253
    252 222 253 125 60 127 252 255 248 227 240 245 115 223 255 253 125
    244 255 111 215 255 239 141 232 67 60 255 250 233 124 125 93 127 47
    213 55 247 111 185 236 137 13 242 29 152 77 62 242 255 189 219 95 46
    222 62 188 254 236 63 253 241 119 125 252 222 253 125 63 255 252 255
    250 227 251 245 119 223 255 253 127 244 255 127 215 255 239 159 232
    71 190 255 250 249 124 125 93 127 47 213 181 247 111 185 236 137 13
    242 29 152 93 62 243 255 189 219 223 46 222 86 49 147 246 52 2 88 6
    66 162 17 18 66 194 2 18 100 199 48 135 138 173 194 3 140 130 226 77
    2 40 128 104 23 183 52 187 110 108 66 87 0 104 161 72 171 12 129 79
    83 172 25 199 32 24 60 107 65 51 51 91 88 52 177 247 175 239 239 248
    54 127 125 95 245 222 253 248 95 255 252 239 155 252 103 111 55 246
    244 55 93 255 151 177 127 222 126 153 210 108 199 250 218 124 249
    125 126 255 60 189 214 246 245 110 155 173 158 13 202 29 159 28 184
    246 115 189 127 223 106 186 29 147 12 117 53 177 242 120 16 153 214
    115 160 83 129 1 34 205 129 219 231 45 195 243 40 58 82 134 124 69
    161 111 95 114 184 144 87 88 123 53 81 36 187 102 225 1 211 111 26
    254 57 69 240 172 216 72 71 147 183 203 0 63 165 94 197 52 228 32 29
    34 33 94 176 62 224 97 98 137 134 3 106 108 167 65 225 7 121 63 70
    59 61 167 82 4 33 68 93 46 148 186 17 48 37 116 120 64 58 143 65 113
    55 199 56 164 24 0 224 28 140 1 16 176 39 157 88 87 36 250 131 18 1
    163 253 176 170 184 64 187 82 83 160 1 2 1 0 77 5 209 200 5 202 88
    12 152 56 167 214 33 33 95 85 164 156 49 127 232 40 3 192 64 75 8
    193 5 210 81 26 220 24 5 245 180 156 105 4 178 151 152 64 23 36 126
    3 18 1 167 253 160 170 8 0 187 80 67 128 0 3 17 102 207 1 65 200 5
    202 88 12 152 184 39 22 33 33 79 85 165 188 49 117 232 32 71 65 64
    10 8 195 4 200 89 24 216 24 5 100 176 188 105 0 50 179 156 68 23 48
    118 54 33 179 23 1 128 137 111 198 162 147 52 241 198 147 82 122 2
    66 82 139 39 199 71 156 144 244 13 2 152 65 74 79 44 69 190 24 40 67
    92 40 64 21 138 197 112 129 111 155 174 153 1 178 24 92 81 0 114 19
    177 40 23 32 106 70 35 195 176 16 2 8 71 0 130 3 52 81 194 179 83
    106 84 1 70 3 165 198 19 14 136 178 9 18 12 48 72 87 36 21 186 66
    124 65 84 0 64 16 10 194 12 193 78 25 44 24 5 112 24 148 73 144 114
    49 157 72 22 32 242 118 33 147 22 1 130 8 111 198 162 147 52 113 194
    147 82 122 2 66 82 195 39 199 135 156 128 244 13 2 136 129 74 79 44
    69 190 24 40 67 92 32 64 21 138 197 100 129 111 155 174 24 3 178 24
    92 81 0 114 19 177 40 7 96 98 124 45 247 212 34 207 125 103 135 196
    95 148 87 244 187 238 187 216 98 111 54 61 214 179 223 238 166 220
    96 220 126 169 198 54 103 186 146 122 219 92 16 61 181 38 237 52 229
    110 157 172 185 223 242 29 156 93 1 242 115 249 89 87 41 250 69 37
    208 86 17 2 65 110 130 0 129 52 32 203 130 66 98 20 2 70 7 175 192
    39 2 130 162 13 18 8 0 40 90 38 4 186 0 56 67 92 16 96 24 6 136 120
    129 78 17 36 24 4 48 24 148 67 16 114 51 189 8 4 161 248 108 174 239
    249 250 191 227 255 189 253 214 253 223 254 251 204 210 221 251 110
    253 95 222 253 127 234 12 183 124 221 60 239 247 99 87 187 86 255
    253 116 252 119 90 22 93 175 91 227 189 44 157 189 243 125 159 95 80
    254 123 189 219 95 58 255 72 14 167 217 200 127 167 247 169 252 74 5
    81 245 251 166 139 76 203 106 252 137 94 186 91 109 28 134 237 194
    59 222 245 3 97 40 21 226 252 40 253 53 88 182 109 166 111 225 184 8
    109 61 211 95 157 8 5 204 3 173 194 71 1 246 166 2 65 162 223 160 7
    8 164 101 128 114 169 10 178 69 66 117 1 48 192 7 154 100 6 144 24
    35 146 24 17 73 23 172 150 154 98 120 37 22 100 65 6 9 65 68 244 193
    16 52 152 0 67 144 142 57 24 32 50 156 8 87 52 120 192 12 130 155
    201 74 134 135 57 241 46 143 146 180 107 174 141 25 57 167 76 133
    238 32 83 73 24 34 161 129 27 71 149 35 81 96 83 66 236 34 240 53 40
    55 93 30 127 225 153 200 24 5 213 95 153 202 19 232 33 53 64 81 16
    202 166 2 65 162 223 160 7 8 164 101 128 114 169 10 178 69 66 117 1
    48 192 7 154 96 6 144 24 35 178 8 17 73 23 164 150 186 96 120 37 22
    100 65 6 9 65 68 244 193 16 52 152 0 67 144 140 57 24 32 50 156 8 87
    52 122 50 3 8 130 34 20 18 33 70 4 23 6 61 48 17 16 118 210 0 228 0
    32 129 100 8 144 164 8 50 136 145 56 176 36 16 154 66 88 0 64 144 81
    25 14 192 4 192 76 147 44 17 5 48 24 156 73 16 114 50 156 88 22 32
    249 205 191 247 117 252 183 253 250 189 253 196 251 207 249 146 79
    168 237 255 111 255 111 250 251 47 127 151 246 124 71 118 191 223
    115 190 125 213 189 254 61 125 61 251 247 235 105 255 243 124 219
    169 251 209 254 158 204 119 223 247 207 251 255 149 254 59 85 124
    158 55 63 31 31 247 102 189 176 61 59 52 87 246 246 7 241 240 114
    241 54 220 170 224 93 115 24 253 105 210 44 22 190 194 120 129 253
    210 219 28 15 208 22 229 78 153 164 24 5 96 29 159 73 24 242 51 188
    88 86 34 249 250 221 154 255 119 79 92 175 95 235 125 254 63 206 126
    254 255 215 60 159 14 157 231 47 239 215 251 127 83 123 254 41 135
    191 181 255 238 109 254 119 114 253 229 121 191 28 253 190 215 170
    123 215 235 255 180 239 209 191 121 123 61 125 147 254 206 109 218
    60 107 90 124 203 43 163 173 170 178 230 238 251 227 155 53 215 143
