<?xml version="1.0"?>
<opencv_storage>
<ImageFile>"252.jpg"</ImageFile>
<Features type_id="opencv-matrix">
  <rows>23</rows>
  <cols>64</cols>
  <dt>u</dt>
  <data>
    68 35 130 17 64 194 162 163 0 162 2 38 192 194 131 2 8 41 225 215 91
    165 82 195 16 119 149 228 0 134 2 146 79 26 67 160 25 8 109 8 104 32
    52 161 229 113 179 107 58 238 168 115 215 88 88 208 7 11 23 177 40
    243 233 74 68 35 131 17 200 194 162 129 0 163 130 38 192 198 131 2 8
    41 227 215 217 165 90 194 16 118 157 166 0 134 3 194 79 26 67 160 25
    136 109 8 108 32 52 161 229 113 183 107 58 238 168 107 215 89 88 144
    6 11 151 177 40 243 233 74 68 35 131 17 0 130 162 160 0 162 2 38 192
    194 131 2 8 9 227 214 201 165 66 194 16 80 149 164 0 134 3 194 79 24
    67 160 25 8 105 8 104 32 52 161 101 113 183 107 58 238 169 67 215 88
    88 144 6 35 23 177 40 243 233 74 4 2 129 161 200 224 162 212 0 24 66
    5 64 5 155 161 74 76 129 96 192 1 14 152 14 136 8 128 132 0 33 78
    117 3 121 40 52 226 13 4 129 36 26 6 72 134 72 208 8 20 126 48 145
    94 132 8 132 72 11 140 64 6 34 240 143 206 206 77 234 89 220 135 57
    251 44 203 30 247 110 233 141 218 61 171 77 208 36 56 99 95 187 114
    237 71 191 114 241 112 92 97 83 119 248 240 210 159 120 63 214 150
    214 120 157 237 30 5 220 93 159 77 146 215 59 188 93 123 2 185 69 35
    129 16 200 130 34 0 192 34 131 38 192 194 3 2 8 41 3 214 201 165 66
    195 144 80 156 236 0 132 131 64 15 24 67 174 25 8 105 72 104 16 48
    129 197 113 163 111 56 174 8 3 240 25 88 81 6 51 19 177 40 211 96 74
    197 202 14 73 232 216 174 192 57 187 40 202 138 113 111 41 137 105
    173 227 204 229 10 248 67 95 27 246 205 7 51 19 215 80 93 41 83 249
    236 34 118 62 56 63 213 20 255 49 153 205 24 37 213 93 156 72 19 213
    51 181 84 83 96 187 200 2 130 49 200 114 162 224 72 187 194 7 210
    225 147 32 10 9 235 70 232 133 79 216 30 92 157 166 192 134 35 210
    95 2 65 41 21 168 109 40 120 116 48 166 117 97 179 241 59 204 24 49
    209 93 24 89 70 232 19 181 76 83 65 234 203 206 142 221 234 223 222
    131 59 251 45 202 158 241 102 169 237 219 61 239 76 213 54 121 99 95
    187 126 221 7 182 51 247 48 92 105 83 117 232 240 114 94 56 63 213
    22 247 125 153 141 28 5 248 93 157 73 17 247 51 189 92 87 0 187 92
    32 177 177 16 226 34 105 192 162 195 54 241 134 147 66 90 9 195 66
    185 165 75 198 156 120 220 205 0 142 163 202 79 20 71 174 21 168 105
    78 40 0 53 160 101 97 39 111 58 238 169 75 242 28 88 80 46 43 151
    241 40 147 105 70 124 33 51 179 0 199 170 225 196 174 211 54 241 6
    155 98 90 11 195 70 249 183 199 198 152 116 252 172 0 198 247 154 79
    12 69 174 157 40 201 72 40 68 53 160 101 37 163 111 187 174 137 11
    242 29 92 81 70 35 23 241 42 147 104 98 64 3 145 19 1 130 34 105 192
    162 195 6 224 196 3 2 78 11 195 214 216 167 67 198 144 112 208 172 0
    134 131 128 79 12 67 172 25 8 104 72 40 0 52 161 101 113 167 111 58
    174 137 11 242 24 88 81 6 35 23 177 40 211 104 74 201 206 206 205
    234 221 222 129 57 255 44 207 158 253 110 173 237 217 61 239 76 197
    166 56 107 95 185 114 253 71 63 55 241 113 85 113 83 119 232 244 242
    222 120 63 221 22 254 117 157 141 30 5 248 95 159 73 146 246 51 188
    92 87 2 185 76 33 145 48 0 162 34 105 192 162 194 54 240 6 131 2 10
    9 195 68 249 37 67 198 144 120 220 197 0 134 163 192 79 16 71 174 29
    8 77 76 44 0 52 161 101 113 39 111 58 174 169 75 243 92 88 80 46 43
    23 241 40 147 105 66 7 54 1 2 29 128 7 8 226 2 128 32 96 3 132 17 64
    38 2 144 193 34 16 198 132 128 68 73 2 56 193 64 12 12 134 142 40 8
    1 8 36 0 16 129 64 112 164 79 48 54 136 10 32 0 88 17 44 2 22 144 40
    211 108 64 207 206 78 73 234 217 222 129 57 251 44 203 158 117 108
    233 205 217 61 171 205 208 44 120 99 95 185 118 253 71 191 119 241
    112 28 97 83 119 249 240 210 158 120 63 209 150 246 121 153 237 30 5
    252 93 143 77 146 215 59 156 92 83 34 185 68 32 129 17 128 192 162
    225 0 162 66 38 208 2 139 2 8 9 195 194 217 165 66 192 16 16 156 132
    0 134 3 130 79 16 67 160 29 136 73 8 40 32 20 128 101 97 163 107 58
    238 169 99 151 89 88 144 6 43 23 177 40 179 105 66 9 130 135 33 200
    179 162 240 56 59 194 71 192 81 139 1 138 77 235 98 224 37 74 217 70
    120 25 166 204 71 35 198 223 130 217 32 53 232 109 32 125 52 122 7
    85 165 243 227 56 220 8 52 213 93 152 8 22 200 151 165 194 83 101
    254 175 222 108 41 255 189 167 88 189 87 172 250 175 59 228 93 195
    253 63 121 241 87 154 116 119 245 89 55 255 123 95 227 143 204 222
    206 227 217 189 191 111 159 110 181 213 91 116 161 254 191 144 44
    223 229 239 53 56 156 246 172 155 219 60 91 68 34 129 17 200 194 162
    225 0 162 66 38 208 6 131 2 8 9 195 70 217 165 66 192 16 112 156 164
    0 134 3 130 79 16 67 160 21 136 109 8 40 32 52 162 101 97 183 107 58
    238 169 99 151 89 88 144 6 11 23 177 40 243 105 66 1 7 4 128 6 133 2
    49 36 68 17 4 24 41 49 7 100 218 65 224 208 34 192 114 72 40 164 72
    80 0 49 97 214 36 81 184 83 104 0 96 112 88 24 15 208 20 225 79 153
    172 24 5 240 29 156 73 16 242 51 188 88 87 32 250 226 5 130 23 203
    66 134 143 98 225 61 98 186 243 34 62 111 147 32 215 203 173 247 35
    86 223 217 47 130 26 130 98 151 37 81 186 90 88 105 118 96 88 56 171
    221 28 245 111 153 172 24 5 240 24 152 75 16 242 51 189 88 87 32 218
    195 145 130 22 85 66 134 142 226 129 161 226 34 194 38 25 111 39 32
    215 3 167 103 71 70 215 249 47 147 42 130 32 151 44 87 158 18 8 107
    116 96 72 56 43 213 88 181 110 153 172 24 5 240 24 20 67 16 178 49
    189 24 85 32 74</data></Features>
</opencv_storage>
