<?xml version="1.0"?>
<opencv_storage>
<ImageFile>"253.jpg"</ImageFile>
<Features type_id="opencv-matrix">
  <rows>330</rows>
  <cols>64</cols>
  <dt>u</dt>
  <data>
    127 254 255 253 255 255 255 125 255 255 255 254 255 255 255 254 251
    245 123 123 255 127 219 127 255 255 255 255 127 255 255 239 215 237
    215 255 214 255 253 127 126 221 239 255 247 191 253 63 159 238 159
    143 242 189 159 127 120 254 251 255 251 223 58 254 252 252 239 221
    126 247 223 253 253 255 255 219 223 252 251 206 187 213 123 107 254
    125 222 255 125 255 183 63 127 221 127 255 215 108 87 251 222 253
    249 127 112 95 239 47 215 52 213 123 159 172 152 13 242 29 157 93 80
    246 115 255 219 223 40 254 186 205 236 255 239 223 219 9 63 227 31
    238 191 110 124 252 253 179 52 243 214 127 211 111 117 215 243 63
    123 251 255 235 135 236 95 154 251 123 250 126 112 221 108 105 213
    28 245 47 157 174 24 13 254 5 156 125 24 246 115 189 91 95 56 250
    250 253 109 138 215 31 87 9 239 71 61 250 191 175 246 125 243 247 52
    244 11 213 179 100 254 213 121 61 179 187 222 41 144 236 150 223 74
    117 55 246 38 203 108 105 21 30 244 148 215 172 146 12 42 49 165 255
    24 180 40 60 93 220 58 185 237 253 255 253 54 127 253 223 57 255 45
    203 223 179 254 255 239 255 189 111 190 221 126 187 247 223 187 255
    125 115 126 119 215 211 255 107 243 253 255 119 118 126 250 253 191
    92 125 187 221 168 62 247 253 255 188 238 221 254 113 255 223 117
    219 251 234 205 238 223 239 223 223 177 61 253 94 207 159 255 127
    238 185 249 121 175 252 125 218 123 123 127 155 54 125 211 63 255
    215 99 119 113 215 123 255 124 117 125 254 63 221 148 253 107 157
    172 152 13 247 93 156 207 91 246 123 189 219 127 42 250 250 253 255
    255 255 255 251 255 255 255 213 251 255 251 246 223 251 213 126 127
    255 127 247 127 255 255 247 191 127 123 127 239 215 239 191 255 222
    125 251 119 123 255 251 127 251 61 253 127 255 190 30 199 248 189
    158 93 88 254 251 255 255 95 187 255 252 254 255 253 254 255 255 255
    253 253 214 251 255 249 255 204 251 253 255 47 252 127 254 255 255
    255 255 183 127 211 127 255 223 235 255 117 255 255 255 127 255 127
    235 127 255 191 253 243 255 253 159 255 255 255 159 223 119 254 255
    239 251 223 159 255 115 186 243 215 61 144 155 88 222 191 179 251
    239 75 145 87 242 231 35 83 205 47 203 127 205 218 231 47 82 25 97
    111 215 44 86 190 90 56 233 118 240 92 48 175 209 80 145 111 153 172
    24 1 240 29 156 65 16 242 51 189 88 87 32 250 61 188 253 252 62 255
    245 127 189 252 206 253 221 127 191 205 187 253 227 35 245 125 218
    243 125 255 148 183 124 221 127 239 223 80 215 186 182 250 249 125
    125 61 255 167 245 49 245 107 188 188 137 15 242 29 156 93 60 182
    255 175 219 223 45 222 65 207 149 216 64 14 38 87 35 68 44 137 4 241
    46 45 133 107 160 36 86 109 82 227 82 103 129 116 41 0 8 1 159 83
    209 32 129 200 246 169 102 63 58 231 181 18 245 78 16 130 41 126 149
    105 91 142 63 143 86 39 18 240 207 73 250 186 206 247 255 187 250
    187 252 187 215 255 255 210 114 89 48 223 127 255 237 223 235 127
    167 218 255 183 222 119 183 254 223 173 214 119 127 127 253 247 216
    93 243 126 217 109 251 251 255 255 152 135 253 253 222 251 86 255
    183 159 121 63 180 255 7 213 84 56 13 42 39 30 35 96 168 160 12 105
    36 53 229 62 5 240 226 96 56 35 64 171 224 94 57 0 233 65 153 98 82
    168 1 64 17 232 70 138 24 131 80 83 231 78 144 36 88 4 96 28 195 9
    185 178 39 180 24 214 166 73 220 89 221 220 114 63 126 87 47 99 45
    138 159 241 190 255 247 223 120 101 14 221 82 51 207 207 251 124 241
    168 254 169 211 21 86 251 130 124 244 245 118 223 61 55 253 30 229
    47 213 164 56 22 99 125 159 207 88 255 49 189 93 84 17 251 252 252
    255 253 126 255 121 255 253 255 252 189 223 253 255 254 251 253 251
    111 253 221 126 191 223 107 254 255 105 213 254 239 255 59 119 255
    223 255 245 253 250 223 251 62 255 183 235 255 189 236 94 223 240
    255 157 93 214 254 255 255 255 86 43 255 122 242 108 173 254 253 190
    177 125 127 219 47 253 108 125 117 245 251 75 242 253 119 19 252 214
    124 255 254 234 247 255 243 207 248 207 37 255 114 248 105 124 93 87
    45 213 247 247 95 190 206 152 15 226 189 88 89 62 247 215 181 254
    251 106 36 234 222 100 166 255 111 15 145 253 127 218 111 189 109
    126 117 245 187 79 240 245 255 25 124 214 126 127 243 254 215 255
    214 75 233 79 53 251 50 253 108 77 93 86 159 197 117 254 81 172 229
    152 8 230 63 142 89 62 245 215 181 254 223 40 56 249 186 255 85 254
    245 251 240 254 189 246 251 239 121 114 237 252 253 255 187 253 47
    127 255 175 123 247 246 124 87 247 247 255 123 126 125 254 189 248
    245 217 92 251 191 249 97 219 127 189 255 24 195 240 191 156 77 119
    247 247 191 250 127 165 255 239 196 236 254 255 157 95 1 61 111 57
    202 159 235 52 95 129 245 52 243 143 117 211 123 85 215 163 63 91
    125 53 99 211 244 158 171 202 125 242 251 118 238 109 105 247 28 245
    59 157 174 24 7 98 29 253 125 24 247 115 189 125 211 56 186 250 125
    255 191 250 39 126 199 107 227 105 186 254 227 182 90 247 211 56 231
    15 221 119 43 222 203 251 255 227 189 244 227 243 181 22 255 155 125
    180 247 118 74 253 121 255 30 199 29 221 174 24 215 114 127 21 239
    216 191 113 57 92 116 81 233 196 41 146 23 64 67 242 231 80 161 36
    139 82 194 131 170 107 11 185 71 79 141 103 131 147 75 157 238 193
    134 162 34 207 39 97 251 19 4 237 124 120 28 48 39 253 125 183 236
    221 172 74 213 241 126 24 195 82 252 49 185 24 117 17 234 80 19 16
    214 96 50 34 114 66 16 67 2 0 210 128 19 126 203 172 78 7 45 1 211
    138 94 241 204 4 6 128 32 90 23 81 190 65 24 194 69 32 16 177 7 237
    140 183 110 136 167 33 83 240 124 154 201 1 123 19 151 88 103 165 90
    204 33 171 149 202 197 250 229 140 175 193 30 211 224 179 66 234 81
    115 99 223 173 230 139 28 91 182 46 64 143 51 58 71 38 5 187 18 125
    233 126 112 72 52 46 211 60 169 55 153 172 24 5 240 29 156 73 16 242
    51 185 88 87 32 250 197 43 207 241 112 50 226 250 48 187 96 211 194
    241 130 10 2 205 189 111 76 205 226 243 15 223 155 167 220 2 34 27
    242 3 84 251 117 124 117 180 116 116 186 63 219 13 83 225 93 173 56
    213 209 127 156 206 84 252 49 31 76 85 17 250 255 254 239 253 255
    191 223 216 191 127 184 251 255 123 246 93 241 245 63 115 253 119
    186 124 127 255 251 63 255 95 127 255 215 237 222 255 210 125 253
    255 118 94 106 63 213 30 221 19 157 173 24 5 240 189 157 109 24 246
    179 189 222 223 58 255 175 222 108 238 255 63 95 25 189 127 189 250
    175 123 252 253 179 247 61 121 244 118 176 126 101 255 243 63 255
    123 127 251 210 236 222 255 243 125 249 245 126 223 122 61 215 87
    244 127 156 191 20 13 234 189 223 93 16 246 247 191 255 223 44 187
    58 253 109 252 38 253 125 99 229 238 217 158 221 172 125 94 253 249
    99 235 191 118 209 255 221 255 183 253 106 246 255 232 194 60 199
    190 202 120 248 121 60 221 245 237 215 116 247 111 191 172 152 75
    226 29 60 93 24 243 123 249 123 219 104 178 250 57 255 244 54 119
    124 247 214 174 213 144 95 224 19 90 255 223 115 231 190 189 231 159
    143 123 247 254 67 245 246 234 211 60 21 191 222 124 224 117 120 72
    181 47 255 60 231 111 159 172 26 199 240 29 28 89 80 243 51 249 121
    86 96 250 251 254 119 231 255 189 167 249 254 93 250 127 175 127 248
    245 242 247 95 100 124 78 155 124 254 254 109 63 254 90 123 191 242
    111 94 191 214 115 189 244 223 86 90 158 200 227 220 149 172 53 84
    44 250 191 143 105 112 244 115 190 222 78 38 184 199 214 92 233 253
    190 127 80 59 119 45 202 142 121 100 61 197 255 60 105 236 229 58
    120 101 247 169 126 253 35 107 103 211 213 152 75 66 249 180 251 118
    158 106 189 241 26 244 17 148 221 16 36 109 253 223 175 56 222 177
    158 212 210 62 185 253 222 255 253 254 255 255 249 191 255 255 219
    223 253 255 253 255 221 255 111 254 253 254 121 111 255 187 127 255
    127 127 191 247 231 125 123 246 255 253 247 247 223 235 127 255 158
