<?xml version="1.0"?>
<opencv_storage>
<ImageFile>"254.jpg"</ImageFile>
<Features type_id="opencv-matrix">
  <rows>282</rows>
  <cols>64</cols>
  <dt>u</dt>
  <data>
    61 172 255 237 250 255 247 124 253 253 206 253 221 61 255 236 155
    253 251 107 244 123 222 253 125 127 28 182 109 215 127 239 223 67
    109 121 214 251 253 60 125 189 255 167 117 179 127 99 191 252 239
    189 243 253 158 84 126 206 255 237 219 207 47 222 252 236 239 221
    106 223 219 231 125 253 254 221 95 252 127 238 185 185 123 239 252
    253 246 179 125 111 156 182 109 223 127 239 255 45 103 250 222 123
    249 252 242 93 125 63 221 54 245 111 157 172 159 13 240 29 157 77
    116 246 123 189 91 95 42 250 236 205 239 221 234 223 219 231 189 253
    222 223 223 252 127 238 169 153 250 47 252 255 246 243 123 111 156
    54 105 223 31 239 223 57 99 249 214 123 254 124 242 189 237 62 253
    62 253 107 189 172 155 13 243 125 156 207 119 254 123 189 251 95 58
    254 255 255 238 253 55 189 125 90 253 255 253 250 239 251 244 95 179
    245 126 251 191 126 241 127 117 255 243 191 127 127 126 185 218 124
    222 223 202 125 251 255 126 255 251 253 247 121 247 63 222 191 16 79
    232 189 255 93 56 183 247 255 251 255 173 187 255 220 238 237 255
    255 223 152 191 127 253 251 175 249 118 253 245 255 61 251 254 223
    190 121 111 255 123 127 255 115 127 255 247 239 188 91 246 119 253
    247 215 223 251 127 219 31 252 149 205 181 86 133 232 183 143 109
    216 244 249 159 223 223 54 189 253 247 117 223 255 61 223 217 239
    127 169 250 255 123 246 125 242 245 102 103 127 171 179 118 92 239
    247 59 211 26 127 59 231 36 86 190 210 120 249 253 118 94 56 159 241
    82 253 31 153 172 24 13 242 31 157 65 48 242 113 189 222 214 42 249
    156 57 91 213 182 181 251 249 218 191 87 119 215 82 217 114 242 213
    71 107 207 44 194 210 173 154 183 175 86 11 55 186 247 36 85 186 86
    123 233 245 208 92 177 14 241 6 241 111 155 173 25 7 248 29 156 73
    16 242 51 191 88 23 32 251 254 249 255 255 54 255 253 255 255 255
    221 189 127 254 255 254 251 214 250 111 63 249 231 191 255 255 247
    255 127 255 254 191 245 229 191 255 254 247 251 119 63 221 255 124
    255 158 253 62 223 191 255 255 250 183 180 125 204 254 121 251 255
    207 127 182 60 57 251 215 54 185 219 121 222 243 215 254 241 82 217
    98 242 213 64 107 143 61 194 215 45 154 162 47 82 11 55 59 247 36 85
    186 82 123 233 117 208 92 177 14 209 22 241 111 155 172 25 5 240 29
    156 73 16 242 51 189 88 23 32 251 237 253 238 223 255 255 211 255
    253 245 254 191 191 255 255 239 235 245 123 103 253 167 247 55 127
    239 189 63 251 95 122 59 247 37 85 250 82 123 237 252 242 95 56 62
    213 30 241 111 157 172 26 5 248 29 157 73 16 246 59 189 88 86 34 251
    98 205 235 218 34 159 93 11 231 198 37 216 155 234 180 78 139 117
    112 111 150 127 208 103 93 215 151 61 19 184 28 73 135 6 71 154 194
    124 251 62 50 123 52 233 151 92 245 111 213 172 152 13 115 25 188 30
    24 242 114 189 89 213 41 251 221 251 255 85 254 251 251 248 122 191
    247 255 254 123 203 248 253 223 254 191 255 125 231 254 175 127 243
    255 252 127 247 255 223 249 221 255 222 253 250 119 249 93 235 127
    245 175 251 63 191 255 13 231 252 253 222 255 119 223 247 255 255
    187 245 254 221 251 255 213 254 251 219 240 122 191 247 254 254 123
    254 248 253 215 126 191 255 125 163 254 175 119 247 255 253 127 247
    187 223 91 221 207 222 253 250 127 248 221 235 125 245 47 255 63 191
    255 141 231 248 253 218 255 119 223 246 127 253 251 253 222 60 191
    253 232 22 255 165 123 245 222 222 181 125 62 185 71 251 244 99 106
    245 118 208 119 125 253 37 157 126 94 124 233 215 102 127 186 82 120
    249 116 60 93 126 47 87 180 117 111 153 172 24 5 242 29 156 77 24
    242 59 189 91 79 40 242 191 244 109 234 255 189 95 24 191 127 252
    251 175 123 100 221 241 247 31 241 252 115 186 124 100 239 105 63
    255 121 125 239 189 236 158 255 255 113 181 255 95 223 94 29 208 83
    220 85 188 183 30 12 110 181 223 125 56 182 247 190 219 222 62 157
    252 235 255 221 50 127 251 247 221 252 126 159 95 254 251 238 251
    221 251 111 62 253 238 191 249 239 182 182 109 219 126 255 243 39
    117 251 215 255 253 124 250 125 247 54 255 174 73 254 159 173 255
    255 251 63 157 92 212 252 107 255 223 14 35 247 60 191 109 232 54
    255 165 123 245 222 222 181 125 63 253 71 251 220 99 106 245 118 208
    119 125 252 37 157 126 222 125 233 215 102 127 186 86 120 249 116
    124 93 126 47 87 181 117 111 153 172 24 13 242 29 156 77 24 242 59
    189 91 79 40 242 118 41 203 147 23 217 89 123 206 227 151 182 243
    194 153 98 226 213 33 67 143 37 194 71 13 146 162 45 82 10 50 41 215
    38 85 186 82 120 235 84 240 92 176 47 209 20 241 111 155 172 24 5
    240 29 156 73 16 242 51 185 88 87 32 251 254 248 251 247 255 198 219
    205 222 239 191 255 191 202 243 252 251 215 62 103 207 175 231 125
    175 223 255 111 211 59 247 127 103 45 125 255 82 125 233 246 113 92
    49 47 207 28 249 63 137 172 90 5 248 31 156 73 144 242 49 189 92 23
    32 186 141 150 44 97 191 177 186 241 60 187 194 111 200 89 97 37 192
    253 199 211 253 38 90 248 5 62 179 226 92 87 35 246 111 56 223 40
    127 57 233 117 248 92 50 174 209 97 179 123 184 252 24 1 240 157 156
    65 22 242 183 189 218 83 32 250 212 57 147 213 96 199 120 231 194
    161 81 148 211 192 147 90 126 131 122 79 31 173 231 151 155 74 246
    76 64 140 182 42 111 39 36 191 82 124 199 84 144 72 177 14 171 60
    137 174 157 172 56 215 112 24 148 75 81 250 49 221 120 52 1 251 253
    253 255 223 114 79 124 231 123 245 109 191 222 246 191 250 255 211
    56 111 31 173 231 179 219 79 247 127 65 143 246 111 215 39 117 255
    210 125 251 124 114 95 185 127 191 30 245 111 157 172 58 215 240 31
    156 79 80 254 113 253 93 117 35 251 102 41 203 146 23 147 81 107 198
    226 151 182 179 130 177 74 202 85 33 103 143 53 194 103 13 146 176
    45 82 10 16 105 215 38 85 186 82 120 235 84 176 88 52 47 147 20 113
    111 155 172 24 5 240 29 156 72 16 242 51 185 88 87 32 250 126 255
    239 253 54 189 93 89 255 255 249 250 255 218 244 95 179 245 110 123
    191 126 83 255 221 247 247 191 94 255 116 186 195 110 223 191 218
    125 251 119 124 111 243 237 215 244 245 63 158 191 24 79 234 189 158
    93 16 246 115 159 123 223 233 178 69 39 198 19 89 226 162 222 112
    248 130 117 226 223 131 97 235 229 33 102 193 37 71 115 70 203 152
    39 82 14 35 67 215 36 85 186 82 120 105 116 112 84 56 46 197 16 241
    111 153 172 24 5 240 28 156 73 16 242 51 189 88 87 32 250 250 57 155
    118 102 99 90 182 82 161 213 186 254 192 22 90 125 131 122 215 191
    189 227 135 139 123 246 254 99 245 214 234 143 63 161 125 223 77 242
    123 120 217 245 105 187 61 183 111 255 234 139 223 244 120 120 215
    111 191 247 251 57 241 221 206 251 144 142 155 47 119 219 190 244
    190 116 138 175 200 51 15 93 247 113 243 252 247 207 126 73 255 181
    62 90 83 119 235 223 44 145 52 95 72 232 121 120 92 123 47 213 48
    245 111 187 172 24 5 244 29 156 81 16 178 51 189 216 215 40 254 43
    196 108 187 175 189 251 1 61 255 5 202 157 105 60 87 228 253 1 243
    252 119 210 122 85 218 161 62 122 145 61 227 215 44 87 186 83 121
    232 122 250 94 120 47 213 85 247 111 153 172 24 5 240 29 156 73 24
    242 51 189 88 87 42 251 125 185 223 95 54 243 255 254 211 191 245
    249 110 251 131 90 59 215 186 59 175 125 231 191 173 235 246 255 127
    109 245 111 255 127 188 255 254 253 242 125 122 238 235 110 191 177
    89 127 191 186 127 215 240 188 188 78 247 255 255 219 249 189 227
    247 124 169 255 255 34 95 241 231 223 212 127 156 93 246 251 254 191
    154 250 111 54 249 246 151 249 239 148 217 111 251 94 250 165 20 99
    246 255 83 250 124 186 61 245 116 181 182 245 110 255 168 239 223
    242 29 176 93 101 255 107 249 123 223 107 254 63 212 108 46 63 189
    95 24 191 255 253 234 189 59 108 95 245 255 102 249 245 118 209 126
    245 255 245 123 123 119 253 227 159 248 198 164 255 121 248 121 126
