<?xml version="1.0"?>
<opencv_storage>
<ImageFile>"255.jpg"</ImageFile>
<Features type_id="opencv-matrix">
  <rows>226</rows>
  <cols>64</cols>
  <dt>u</dt>
  <data>
    251 221 108 239 255 190 223 136 191 95 61 251 191 123 100 125 241
    247 60 191 78 127 179 124 103 215 251 63 255 123 95 63 146 237 158
    219 242 121 251 247 87 223 107 125 209 30 252 31 197 191 16 5 236
    167 159 239 88 246 112 63 220 223 182 185 115 245 93 158 126 143 31
    36 231 100 61 184 61 123 180 94 246 243 0 244 223 97 243 39 216 163
    228 95 35 152 221 105 211 44 68 190 202 80 177 254 118 219 57 15 208
    30 229 78 145 164 24 5 112 29 151 73 24 242 51 188 88 86 34 249 254
    251 255 127 250 127 253 235 255 159 255 255 127 246 254 248 251 151
    127 127 127 223 165 191 255 255 255 187 239 223 254 190 250 111 111
    255 94 119 253 252 251 223 249 63 223 255 253 252 237 173 86 213 248
    31 135 77 208 244 121 189 125 94 34 185 254 251 255 127 246 127 221
    251 255 159 255 255 127 246 254 252 251 215 127 127 127 223 181 191
    255 255 247 187 239 223 254 190 250 111 110 255 222 119 253 252 219
    223 249 63 223 255 253 252 237 173 86 197 248 31 135 77 208 244 105
    189 127 94 34 185 57 190 255 73 46 255 245 247 253 252 222 221 95 61
    127 238 253 249 251 171 245 87 223 255 249 125 29 246 109 215 255
    239 221 120 227 100 255 187 252 56 125 29 251 183 213 243 119 235
    191 248 175 203 246 93 154 92 126 215 255 237 243 251 76 222 186 218
    239 237 254 125 217 244 63 255 125 219 223 57 126 253 253 245 125
    235 244 213 246 120 111 255 189 59 255 95 127 251 245 100 87 250 90
    123 249 245 246 95 120 63 213 22 245 109 157 173 30 5 248 29 157 77
    16 246 51 189 93 95 34 251 252 253 255 253 54 127 249 255 221 252
    255 189 127 252 255 254 251 220 123 111 125 251 247 183 253 239 247
    185 123 215 254 187 234 44 103 254 223 127 249 125 250 221 247 62
    255 183 247 110 191 172 223 207 250 31 157 93 244 246 123 255 123
    222 42 251 252 253 255 253 54 127 249 255 221 220 255 189 127 252
    255 254 251 220 123 111 127 251 247 182 253 239 246 185 123 215 254
    187 234 44 117 254 223 123 217 125 250 221 247 62 215 183 231 110
    191 172 223 207 250 29 157 93 244 242 123 251 123 94 42 251 250 253
    251 247 119 95 223 171 222 223 125 251 191 218 246 252 255 215 126
    127 119 191 181 119 191 255 247 63 215 251 246 187 226 45 76 255 222
    125 235 253 114 94 177 255 223 30 181 127 159 173 26 133 248 31 156
    65 80 242 113 189 126 87 40 186 77 34 199 113 252 178 34 120 40 59
    194 55 202 243 130 65 200 205 59 102 233 37 202 249 78 90 152 167
    216 12 33 206 95 39 85 187 82 56 101 118 124 84 26 15 209 9 231 211
    28 172 24 5 241 125 156 73 80 254 51 157 72 87 48 250 248 13 247 223
    35 79 83 255 255 244 62 157 63 252 255 238 255 212 112 39 94 171 247
    54 89 239 182 24 251 218 30 111 247 39 119 250 210 114 219 252 242
    93 188 62 221 54 237 110 157 172 222 13 242 31 156 73 16 242 123 61
    91 70 35 250 191 254 111 237 255 125 221 248 189 223 254 251 255 125
    254 253 225 245 63 123 116 214 180 124 111 255 187 59 255 95 119 191
    246 108 93 251 90 119 249 245 123 94 122 63 221 151 252 125 141 189
    28 5 248 159 159 73 16 246 51 189 92 95 32 184 250 251 251 223 246
    95 221 171 222 223 121 251 191 218 214 252 255 215 126 127 119 175
    165 118 191 255 247 107 215 186 246 187 226 45 77 255 222 125 235
    253 114 94 177 191 223 58 181 125 139 173 24 129 248 31 156 81 80
    242 113 61 124 87 32 186 109 46 237 153 254 191 47 112 236 127 130
    58 221 123 187 69 194 245 91 96 253 117 91 253 78 104 188 183 88 93
    57 207 215 37 215 187 82 250 165 118 244 92 72 15 213 236 193 83 157
    236 24 5 243 61 159 75 16 254 51 189 216 215 40 254 212 250 215 95
    248 58 38 241 107 49 123 123 238 247 222 248 247 195 45 232 205 205
    11 252 203 95 253 255 174 15 227 118 211 229 85 191 73 184 253 246
    103 94 40 55 221 142 254 133 136 229 5 195 244 63 139 203 70 253 17
    181 92 119 112 252 187 254 125 239 255 189 255 56 253 253 252 251
    239 123 236 221 255 255 255 187 245 119 155 252 225 127 121 247 127
    119 247 255 223 233 222 85 255 249 249 55 127 223 235 63 245 177 255
    115 190 223 141 47 252 165 223 253 126 223 246 207 243 223 188 222
    68 35 130 17 200 146 170 128 8 163 3 42 130 195 131 1 8 11 185 198
    201 133 67 209 2 82 152 230 128 4 162 2 95 17 85 163 17 152 237 64
    96 32 56 133 241 73 147 19 28 204 8 51 245 125 88 235 70 127 19 181
    72 115 113 106 212 250 87 95 248 26 38 240 107 49 43 251 238 247 222
    185 247 195 45 232 205 205 11 220 203 95 253 255 174 15 227 118 211
    229 84 191 73 184 253 246 102 94 40 55 221 142 254 133 136 229 4 115
    244 63 139 203 70 253 17 181 92 115 96 252 131 150 6 97 237 176 130
    144 58 251 2 79 142 89 96 49 100 239 45 99 204 37 26 120 68 218 57
    110 222 3 35 119 215 161 95 57 114 185 237 102 245 92 42 159 209 64
    248 115 152 221 24 5 244 189 156 105 16 242 51 157 80 87 32 251 126
    189 253 254 255 191 91 127 247 118 213 190 255 251 190 95 250 215
    123 116 253 247 195 119 238 250 252 61 122 89 126 233 215 108 149
    254 198 121 249 117 248 223 127 15 209 180 245 111 159 172 25 5 240
    29 158 77 24 246 59 157 88 23 38 251 253 57 247 245 112 103 249 254
    220 189 198 183 67 216 147 202 234 221 251 111 127 141 230 159 15
    235 182 135 88 69 50 239 127 39 53 251 20 255 213 116 217 116 179 54
    235 45 75 254 253 172 126 245 241 126 156 68 212 252 115 223 95 7 1
    254 82 50 81 182 248 130 46 96 66 40 83 55 228 71 137 16 126 195 0
    192 201 173 11 200 140 220 248 223 130 46 227 110 83 165 117 63 45
    184 232 71 37 64 9 11 237 140 239 31 136 230 9 67 164 30 28 105 70
    115 147 177 88 7 48 102 187 48 115 183 223 226 219 154 214 173 242
    117 175 74 128 117 251 247 39 83 225 47 173 127 166 223 243 47 82 59
    99 127 103 173 29 190 114 120 105 215 113 68 54 43 193 17 177 111
    137 172 24 5 240 28 156 65 16 178 51 187 152 23 32 250 58 216 171
    138 39 95 221 15 215 246 29 140 61 62 63 222 221 214 96 187 148 83
    247 39 249 213 245 126 123 243 223 234 133 156 195 36 255 72 232 123
    112 223 101 41 151 148 117 110 191 170 159 15 182 13 244 92 185 243
    122 249 115 219 78 222 190 253 255 239 255 125 221 251 255 221 252
    251 255 255 254 253 251 245 127 123 119 222 191 124 255 255 119 59
    255 123 118 191 247 239 62 223 246 117 249 247 123 223 255 127 223
    151 253 181 205 181 214 141 248 183 143 109 248 244 249 95 223 93
    190 191 68 18 16 0 72 146 34 64 34 34 2 6 192 5 137 19 102 203 129
    96 128 36 8 64 140 84 57 108 0 14 131 64 83 4 209 138 0 168 45 66 36
    0 56 33 101 136 116 37 144 44 48 32 176 89 8 73 0 88 19 165 72 19 97
    98 252 43 247 245 112 103 249 254 220 189 198 151 83 216 147 202 235
    221 251 111 126 141 230 191 15 107 182 166 88 197 54 239 127 39 53
    251 86 255 253 116 217 116 179 54 235 45 75 254 253 172 127 245 241
    62 156 76 212 252 115 223 95 7 1 254 84 50 17 182 248 130 46 64 66
    32 3 55 196 71 137 16 126 195 0 64 201 173 11 200 140 92 248 237 130
    46 227 102 19 165 85 190 8 184 225 71 37 64 9 3 101 140 238 15 136
    228 0 99 164 26 24 73 4 123 19 177 88 7 32 102 252 173 255 221 50
    127 249 255 221 252 254 157 95 180 255 238 187 220 251 111 62 221
    230 183 127 239 150 178 109 219 62 235 255 103 101 250 214 127 251
    124 122 125 253 54 191 182 117 238 191 172 239 223 210 31 156 92 252
    246 107 251 91 93 43 254 254 189 255 222 255 63 81 127 255 116 213
    186 255 250 190 92 250 213 123 102 247 247 211 119 255 250 244 63
    242 217 126 233 215 36 85 254 82 120 233 116 240 223 56 63 213 148
    245 111 153 172 25 13 240 29 159 73 16 242 59 189 88 87 34 251 205
    202 78 201 236 127 190 240 57 159 46 203 142 113 126 169 137 221 189
    111 76 197 46 248 107 95 61 114 253 7 50 51 242 80 221 233 83 117
    237 176 118 30 58 63 213 150 246 241 153 141 28 5 217 95 143 73 18
    212 51 189 84 87 0 184 77 142 238 169 200 255 163 215 61 254 202 140
