<?xml version="1.0"?>
<opencv_storage>
<ImageFile>"256.jpg"</ImageFile>
<Features type_id="opencv-matrix">
  <rows>94</rows>
  <cols>64</cols>
  <dt>u</dt>
  <data>
    59 246 108 239 190 189 159 17 127 95 253 250 237 121 124 85 244 247
    109 249 245 116 147 124 237 254 241 127 126 127 253 187 215 108 223
    158 218 121 249 117 116 94 58 47 213 148 244 127 152 189 24 5 240
    157 159 77 24 246 51 189 88 223 44 250 235 220 238 237 239 253 223
    145 61 127 60 207 159 109 118 237 237 253 61 227 252 87 190 120 126
    255 59 126 253 87 127 127 215 229 95 89 210 245 253 118 119 94 104
    63 221 28 253 49 157 221 24 37 253 255 156 107 88 244 51 189 214 95
    50 190 235 220 238 173 255 253 223 145 61 127 61 203 159 109 126 237
    237 253 61 242 252 87 186 120 126 255 63 62 255 87 127 127 215 237
    95 91 210 245 253 126 119 94 104 63 221 28 253 49 157 220 24 5 245
    255 156 107 24 246 179 189 222 95 58 255 37 69 236 152 2 29 93 71 39
    70 45 128 27 233 180 110 131 48 32 97 22 118 240 35 92 163 134 24 33
    156 28 1 210 22 66 138 128 104 146 216 54 187 60 161 180 86 229 14
    17 172 16 12 34 25 151 28 57 98 112 60 73 212 43 249 139 207 135 141
    39 111 137 191 172 213 49 207 27 185 118 175 236 252 101 243 116 135
    246 242 91 171 181 106 209 18 50 123 255 44 86 186 91 120 233 252
    210 94 56 175 208 54 241 109 153 172 24 5 240 29 156 73 16 242 51
    189 88 87 34 251 114 153 154 214 39 131 92 7 87 130 21 192 63 202 52
    94 62 147 112 159 134 63 195 103 185 211 246 94 82 249 212 104 135
    62 34 180 255 72 242 121 112 251 181 105 179 20 181 111 211 170 153
    199 240 9 248 215 25 179 123 251 57 49 129 202 122 25 154 222 38 83
    88 39 87 130 85 128 63 224 54 90 127 147 112 223 6 253 231 135 153
    67 246 92 67 240 212 104 223 62 161 180 223 76 242 121 112 251 181
    109 187 52 181 110 223 170 187 215 240 25 120 221 17 243 115 251 121
    241 201 235 248 235 239 221 54 127 253 247 253 253 126 155 223 252
    251 238 251 221 127 111 62 223 230 183 91 127 183 178 253 215 62 191
    251 39 117 251 215 127 245 252 250 127 253 62 223 190 95 244 157 173
    223 157 219 31 157 76 208 244 105 255 95 94 35 250 7 3 4 2 133 136
    130 16 40 3 2 70 136 3 32 1 72 107 33 244 193 36 66 224 64 92 177
    108 16 10 163 1 222 36 85 170 91 72 233 100 116 20 56 47 213 80 246
    111 152 172 24 5 240 29 156 73 16 242 51 181 88 83 32 234 255 254
    127 237 254 127 255 217 253 223 255 254 255 127 254 253 251 245 63
    111 127 213 190 124 111 223 59 187 223 127 126 191 214 229 223 219
    242 255 253 183 115 222 122 125 223 30 252 177 205 189 22 181 217
    247 143 111 208 252 112 47 223 221 58 190 250 221 190 223 39 207 221
    183 63 253 125 207 159 252 126 254 253 215 124 239 30 189 231 59 251
    127 243 126 125 243 254 191 243 119 48 125 215 127 250 255 83 255
    253 127 191 30 253 63 205 131 94 215 248 31 151 77 209 247 121 255
    117 60 131 190 251 220 236 207 239 223 219 9 63 245 23 206 191 127
    126 93 253 179 60 179 244 119 211 116 113 247 249 127 126 251 223 99
    151 124 83 182 243 89 248 121 116 93 121 173 213 84 245 111 157 174
    153 13 244 13 152 221 56 247 115 189 250 223 44 218 254 253 255 255
    55 111 125 255 255 253 253 187 191 250 255 222 251 213 123 111 63
    191 231 55 95 255 243 59 251 219 126 175 215 39 117 255 214 125 255
    116 114 95 253 127 159 28 125 190 221 172 127 157 242 63 181 77 216
    244 121 127 95 93 161 254 3 22 4 163 237 176 138 24 40 219 2 71 140
    121 1 1 236 221 33 243 192 37 194 113 68 222 177 46 82 2 35 51 215
    36 85 184 83 120 233 100 112 92 56 47 213 20 245 111 153 172 24 5
    240 29 156 73 16 242 51 189 88 87 32 250 231 245 125 140 246 30 31
    197 226 71 169 26 93 33 246 245 227 244 6 100 10 160 52 32 220 133
    189 89 211 60 122 57 240 36 22 219 74 112 129 212 146 202 24 31 208
    30 192 28 153 173 22 5 104 31 149 73 144 242 49 60 92 86 34 185 59
    22 252 134 47 245 157 124 183 254 127 69 157 61 51 118 255 214 33 99
    240 114 194 115 77 191 181 58 122 82 127 107 215 36 85 186 82 120
    233 116 112 93 56 47 212 20 245 111 153 172 24 5 240 29 156 73 16
    242 51 189 88 87 32 250 34 198 44 139 207 157 130 129 46 126 58 6
    157 60 121 37 196 241 65 176 208 82 153 104 92 132 44 10 190 219 25
    87 241 236 91 56 90 114 169 234 150 85 72 12 84 198 192 65 153 109
    16 4 182 29 141 89 16 96 58 188 210 218 42 176 40 1 45 144 38 149 31
    49 132 70 19 2 145 72 49 6 20 125 66 196 58 114 144 194 24 52 133
    104 16 146 53 137 74 28 195 170 202 104 192 73 48 1 53 175 212 36
    180 46 27 172 144 11 114 29 220 81 32 114 51 185 104 147 104 250 252
    125 255 255 246 111 125 255 255 253 255 191 255 254 251 254 251 213
    123 111 126 159 246 63 95 239 190 63 251 217 126 191 243 39 53 251
    214 127 247 244 114 223 253 126 223 30 205 182 221 172 94 149 250 63
    157 79 208 252 121 255 95 28 51 250 77 7 204 132 103 159 30 49 63 94
    63 130 156 61 60 70 229 223 97 229 88 7 194 113 73 124 173 124 80 16
    60 41 212 36 85 186 83 120 137 116 112 92 56 47 213 20 244 108 153
    172 24 5 240 29 157 73 16 242 51 188 88 87 32 250 248 235 255 223
    242 255 251 255 93 253 254 159 255 244 251 238 251 213 123 111 62
    189 239 191 127 239 187 190 111 199 62 191 251 39 117 251 86 255 255
    246 243 127 253 126 95 143 73 182 207 173 255 245 251 127 151 207
    209 252 105 255 93 44 147 183 252 222 247 233 217 125 161 255 189
    252 238 157 87 188 251 236 251 220 251 106 124 136 174 57 127 237 41
    171 255 195 122 255 241 71 125 251 21 247 253 254 191 85 90 54 78
    135 74 244 205 45 127 180 218 159 135 77 208 252 41 236 223 78 3 181
    252 125 255 221 114 111 253 255 191 253 127 159 95 254 251 254 251
    213 121 111 30 189 230 59 127 239 182 63 251 217 126 191 243 39 117
    251 82 127 247 244 242 223 253 62 223 30 77 190 157 172 94 149 248
    31 149 77 208 252 121 255 93 4 35 250 56 50 247 172 54 103 33 254
    212 220 218 53 109 189 155 246 251 212 67 104 112 200 197 183 157
    168 236 153 127 220 120 237 120 109 117 190 222 118 17 125 253 69
    147 158 78 163 72 236 170 53 223 136 242 30 159 93 236 244 107 216
    223 134 46 244 3 4 140 146 7 5 8 55 38 230 49 0 24 41 51 7 108 250
    65 241 208 34 209 115 72 41 160 72 80 16 177 97 223 36 83 184 83 104
    232 96 112 92 56 47 212 20 247 111 153 172 24 5 240 29 156 73 16 242
    51 189 88 87 32 250 237 255 247 245 254 119 253 246 189 253 110 223
    223 255 243 239 235 253 255 111 127 205 190 184 79 255 191 187 253
    79 122 191 243 103 117 251 82 119 253 252 87 124 250 62 223 30 217
    181 141 173 94 181 217 191 140 77 208 252 97 191 92 87 33 186 7 6 0
    130 137 136 2 1 34 74 34 7 144 34 105 33 100 42 5 208 192 32 16 192
    80 28 169 72 128 130 163 81 216 48 83 160 91 72 137 104 240 28 24 15
    212 22 246 109 153 172 24 5 240 29 156 73 18 242 51 180 88 83 32 232
    249 158 255 207 255 247 223 253 190 255 94 95 159 125 187 125 251
    245 123 102 252 87 222 125 126 238 60 63 254 91 119 255 247 101 93
    251 86 117 253 116 117 93 90 62 221 148 253 247 157 172 24 5 240 61
    156 73 16 246 51 189 218 95 32 250 56 157 253 175 62 253 177 125 253
    220 86 85 221 124 251 212 254 212 67 98 244 114 198 119 77 184 180
    24 122 82 127 235 215 36 85 186 82 122 201 116 240 93 24 14 213 20
    241 111 153 172 24 5 240 29 157 73 16 242 51 189 88 87 34 251 7 6 0
    130 136 152 10 1 32 74 35 6 144 34 105 33 68 42 1 208 193 32 17 192
    80 20 161 72 0 134 161 81 218 48 87 162 89 72 137 104 224 28 24 15
    212 20 246 77 153 172 24 5 242 29 152 73 18 243 19 180 88 83 32 104
    252 42 227 145 248 151 171 241 204 255 83 90 211 192 155 64 234 213
    123 102 76 133 194 220 15 218 191 47 194 142 50 154 87 37 93 187 80
    125 237 86 240 84 48 62 199 12 217 181 157 172 24 37 209 31 156 75
    64 248 49 189 92 87 32 242 235 207 230 245 238 255 223 211 44 127 43
    206 159 237 118 109 237 253 61 103 126 141 186 121 95 223 191 46 212
    23 50 63 215 39 94 251 82 125 253 246 80 92 56 63 217 28 253 183 157
