<?xml version="1.0"?>
<opencv_storage>
<ImageFile>"257.jpg"</ImageFile>
<Features type_id="opencv-matrix">
  <rows>123</rows>
  <cols>64</cols>
  <dt>u</dt>
  <data>
    255 253 255 127 247 255 223 121 255 213 253 250 255 127 252 221 251
    183 126 127 55 127 243 247 245 255 245 255 127 255 222 169 158 109
    231 222 202 121 251 127 127 223 253 245 189 127 253 47 255 191 135
    207 250 181 243 127 120 247 248 255 251 255 255 219 251 254 125 255
    255 191 95 121 255 127 253 187 253 127 254 255 247 247 127 115 253
    247 219 124 221 239 233 127 251 91 255 239 251 237 215 191 218 121
    241 255 126 95 127 63 213 63 245 111 157 172 152 13 242 189 159 93
    56 246 179 189 219 222 44 252 251 254 125 255 255 191 95 121 255 127
    255 187 253 255 254 255 247 247 127 122 253 247 155 124 223 239 249
    63 255 91 255 239 219 108 215 190 222 121 249 255 126 223 127 63 213
    183 245 111 157 173 156 13 242 61 159 93 56 246 179 189 219 222 44
    252 44 175 255 249 50 253 245 127 189 220 206 253 93 126 255 238 219
    252 227 107 245 127 94 243 125 127 21 247 109 223 127 235 207 82 199
    174 214 250 249 60 124 61 254 39 245 245 119 111 191 172 169 77 242
    29 156 92 62 210 127 175 251 223 109 250 58 253 255 255 63 253 255
    189 255 253 223 255 191 126 255 222 255 247 122 123 255 127 211 127
    253 255 247 127 127 251 255 239 207 236 119 254 247 123 249 127 120
    221 255 111 245 53 253 111 189 174 155 15 242 29 156 93 56 246 255
    255 251 223 172 254 58 253 254 255 63 253 221 189 255 253 223 255
    191 254 255 222 255 247 114 123 255 127 215 127 253 255 247 127 127
    251 255 239 207 236 103 254 247 123 251 127 120 93 255 111 245 53
    245 111 191 174 155 15 246 29 156 93 56 247 255 255 251 223 172 254
    44 207 239 201 34 221 165 107 189 214 46 142 221 180 253 238 203 213
    235 109 20 84 210 241 125 213 21 52 109 218 30 153 214 70 67 170 208
    123 253 56 246 189 124 53 21 150 116 230 159 173 188 60 251 29 143
    28 24 228 107 173 91 223 105 250 246 249 251 223 127 246 219 255 223
    191 245 249 239 218 151 222 255 199 122 31 191 47 239 223 253 235
    247 127 87 185 231 254 239 175 175 255 222 189 255 127 250 126 227
    239 187 56 145 127 255 254 187 219 244 189 188 215 113 255 251 251
    251 245 191 255 45 244 252 30 55 181 125 54 113 254 165 232 60 59
    164 79 226 186 33 251 241 113 83 247 209 43 224 254 121 93 253 99
    223 36 148 190 219 120 241 253 126 95 56 47 240 117 211 111 153 174
    24 7 240 29 220 77 24 243 51 189 88 211 106 251 59 253 255 222 63
    223 217 63 255 197 149 252 191 126 182 221 255 183 122 59 183 127
    243 103 245 243 246 127 127 249 223 239 143 236 39 158 202 121 251
    127 81 223 237 239 157 120 245 111 181 190 155 79 242 21 220 87 56
    246 250 191 251 221 174 223 41 246 255 11 127 183 187 29 251 254 132
    237 252 59 175 77 234 179 3 243 245 119 87 247 209 106 232 191 111
    93 253 99 223 44 71 190 219 120 233 124 254 95 56 46 213 117 211 111
    153 172 24 13 240 29 220 73 48 242 55 189 90 215 42 251 186 254 127
    247 255 253 215 217 255 125 222 127 191 126 251 253 243 213 29 98
    222 190 190 124 110 222 51 43 255 91 127 63 247 103 92 219 82 119
    253 246 211 223 92 30 201 142 217 151 141 45 86 5 250 31 143 73 16
    244 57 189 92 15 34 185 252 253 254 255 255 255 250 181 125 255 126
    253 191 126 253 254 255 219 125 247 253 117 247 247 249 127 233 254
    121 215 255 251 255 44 85 254 91 123 233 252 250 95 124 47 213 55
    247 111 157 172 26 5 248 29 157 73 16 242 59 189 89 87 34 251 248
    221 126 255 126 255 254 181 63 255 127 221 159 254 125 254 255 219
    125 239 253 243 247 183 249 127 253 254 121 215 255 251 251 44 87
    254 211 123 233 252 250 95 121 47 213 55 247 111 157 172 26 5 248 29
    157 73 16 242 51 189 89 87 34 251 60 189 255 253 55 253 251 125 253
    255 222 189 253 126 249 238 251 221 219 107 253 127 215 255 253 110
    230 191 95 223 125 251 255 44 87 190 214 123 249 125 250 92 123 46
    215 183 247 127 185 172 24 5 240 29 157 73 20 242 63 189 91 87 34
    250 252 254 255 245 254 255 251 245 61 255 254 255 223 252 251 236
    185 221 255 235 253 125 254 251 255 127 247 246 253 215 255 255 255
    219 255 101 255 255 252 63 253 61 255 127 255 167 255 243 191 223
    175 255 223 255 152 252 127 223 247 239 247 251 221 254 220 188 222
    243 250 223 246 133 59 249 78 255 158 246 254 248 251 155 189 239
    207 221 127 121 251 95 250 255 237 207 255 231 215 163 87 247 115
    223 253 118 80 29 236 118 221 31 255 183 221 236 30 245 247 255 152
    235 82 253 241 189 221 121 179 238 250 241 120 119 255 183 219 25
    254 27 245 122 191 90 54 93 118 183 126 151 255 127 147 118 182 242
    255 127 222 249 229 170 207 109 142 247 255 57 250 253 88 223 211
    205 209 125 145 95 191 190 152 11 248 165 220 243 112 247 247 159
    186 191 188 217 124 189 255 222 54 127 125 255 255 220 255 181 127
    190 255 254 251 214 250 111 55 223 245 183 253 239 246 221 107 254
    254 233 207 109 103 254 222 126 251 125 126 221 255 63 191 182 117
    238 255 174 255 223 242 29 189 93 252 247 123 251 123 221 41 250 62
    135 241 252 42 156 221 71 39 246 3 208 93 112 188 86 252 212 32 99
    198 41 210 115 93 139 162 95 82 188 53 107 215 52 84 186 210 120 233
    116 112 94 56 111 212 20 213 111 153 172 24 5 240 29 157 73 16 242
    51 189 88 87 32 250 242 153 154 95 39 194 88 15 87 163 21 250 190
    194 6 26 61 147 48 159 143 191 227 71 177 83 242 127 67 249 198 98
    143 190 161 117 255 77 250 121 112 235 229 105 187 29 181 111 247
    234 155 199 244 9 120 243 83 179 246 123 57 241 217 207 253 223 238
    253 254 125 255 245 61 255 127 219 223 253 254 237 235 221 125 107
    125 165 166 50 79 255 183 59 221 31 63 251 247 36 84 250 82 115 233
    244 210 94 56 63 209 22 215 111 153 173 28 5 240 29 157 73 16 242 51
    189 92 87 34 249 255 254 111 253 254 255 127 241 61 127 253 219 223
    253 252 253 227 221 63 111 237 241 166 56 111 223 173 63 255 95 127
    127 243 101 84 251 82 115 253 247 114 222 120 63 213 158 252 29 157
    173 30 5 248 61 159 73 16 246 51 188 92 86 34 185 220 33 177 181 0
    231 58 113 0 167 195 118 210 194 146 66 120 137 99 71 253 165 66 211
    152 122 181 238 64 134 179 226 207 52 69 190 19 56 233 124 120 92 48
    175 241 53 183 111 153 172 24 3 240 29 28 65 16 242 51 189 88 87 32
    250 253 254 254 253 254 253 253 241 61 253 126 223 223 255 254 237
    227 221 125 99 253 133 182 113 95 255 189 59 217 95 59 187 243 36 85
    250 82 115 233 244 242 94 56 63 213 22 247 109 153 173 24 5 240 29
    157 73 16 242 51 189 88 86 34 249 92 37 181 181 32 231 186 113 0 231
    65 82 210 66 146 66 124 139 99 199 249 37 66 211 152 123 181 238 64
    134 243 227 207 52 69 190 27 120 233 124 120 92 48 175 245 53 183
    111 153 172 24 3 240 29 28 65 16 243 51 189 88 87 32 234 71 34 163
    32 217 226 166 78 128 58 170 97 194 128 131 33 225 173 35 80 225 7
    74 89 70 201 172 175 66 4 33 198 69 44 71 186 88 56 169 116 104 84
    48 175 213 81 183 111 153 172 24 1 240 29 156 65 16 242 19 188 88 87
    32 120 199 35 208 22 217 130 14 64 66 9 33 51 160 195 130 17 98 199
    33 102 79 173 131 114 78 222 179 45 146 8 34 33 86 38 85 186 82 48
    225 84 112 72 24 143 197 16 245 79 153 172 24 1 240 28 156 73 16 242
    51 189 88 87 32 248 244 57 211 119 240 130 251 234 202 171 195 190
    247 194 131 90 114 131 186 79 143 173 67 207 159 218 254 255 66 171
    230 190 79 151 37 255 148 189 255 95 152 104 165 226 171 57 169 183
    223 174 41 243 245 250 60 227 68 127 217 107 61 37 241 102 59 220
    238 252 39 255 221 63 61 250 213 220 31 188 109 222 157 159 112 187
    180 117 194 123 121 247 209 118 125 243 223 235 159 240 241 32 255
    75 250 121 112 189 239 109 183 21 247 107 223 250 187 143 246 29 248
    92 59 215 255 251 243 251 142 222 30 151 249 244 63 246 248 79 55
    250 135 213 221 113 176 87 254 215 32 107 198 45 210 123 205 154 242
    95 82 41 181 111 215 52 85 186 210 120 233 117 240 92 57 111 243 20
