<?xml version="1.0"?>
<opencv_storage>
<ImageFile>"258.jpg"</ImageFile>
<Features type_id="opencv-matrix">
  <rows>34</rows>
  <cols>64</cols>
  <dt>u</dt>
  <data>
    189 190 255 207 254 255 209 127 255 245 222 255 255 62 254 252 251
    245 123 107 244 87 210 117 127 255 188 63 127 219 95 239 215 100 87
    186 214 123 249 124 245 93 126 47 213 22 245 111 157 172 153 13 242
    29 156 77 56 246 51 189 91 95 44 250 120 61 255 188 34 111 125 183
    247 252 94 149 93 172 59 254 253 218 99 226 117 147 245 183 219 105
    244 216 105 213 254 235 233 40 71 252 223 114 193 124 122 93 61 46
    220 55 231 108 185 172 219 15 240 29 156 73 62 242 59 185 123 70 42
    250 123 158 236 237 255 191 255 120 189 125 254 111 175 125 126 125
    245 253 251 242 252 127 218 125 103 238 107 182 254 119 127 239 223
    233 219 53 247 251 252 255 127 221 107 175 213 243 255 115 188 222
    152 13 247 245 158 237 127 254 247 191 242 223 188 220 93 33 255 116
    48 99 243 246 208 188 196 181 81 241 147 66 42 9 227 67 245 175 198
    151 153 43 148 198 104 197 35 238 255 24 37 180 23 184 225 124 120
    61 179 166 241 113 131 107 185 174 169 75 240 28 24 64 54 243 55 249
    122 118 37 207 92 32 158 52 40 99 250 246 16 184 214 181 80 208 131
    34 45 137 225 67 245 169 198 147 137 107 208 198 72 69 167 238 255
    48 81 176 119 248 232 117 120 29 59 38 245 53 163 111 185 174 9 7
    240 29 152 73 22 243 55 189 122 87 36 222 92 32 158 180 40 99 248
    246 16 184 214 149 82 208 131 226 45 136 225 67 229 161 230 147 137
    43 240 198 73 69 183 239 255 48 85 176 119 120 232 116 248 28 59 38
    241 53 227 111 185 174 25 7 240 29 152 73 22 243 55 189 90 87 32 251
    254 221 238 253 255 255 222 135 63 255 125 222 159 254 126 255 233
    221 60 255 207 223 238 59 111 207 187 127 223 127 62 127 247 191 93
    251 218 119 255 247 210 255 237 126 223 30 253 191 221 173 30 133
    249 255 157 235 208 246 121 191 93 92 50 255 252 56 255 245 62 247
    249 254 213 255 242 241 111 200 147 95 251 221 251 107 253 61 238
    191 175 235 247 183 90 77 119 239 87 37 188 255 246 253 249 117 120
    76 251 47 251 37 211 127 191 188 62 151 224 189 156 77 212 182 55
    223 223 23 33 246 76 33 147 176 0 195 32 103 16 160 196 21 80 224
    147 2 234 9 163 66 192 45 198 147 28 138 148 132 64 132 51 202 215
    38 5 186 21 104 105 124 120 84 52 38 69 21 163 111 25 172 25 5 240
    28 28 73 16 242 51 185 72 71 32 250 76 32 147 177 8 226 162 103 16
    168 198 21 208 192 131 2 106 9 163 66 200 45 206 211 12 138 144 134
    64 132 35 206 215 34 85 186 21 104 105 116 120 84 48 34 69 21 163
    111 25 172 25 5 240 28 28 73 20 242 51 185 72 71 32 234 44 162 109
    97 56 245 163 124 248 190 194 117 193 55 153 192 138 236 195 42 245
    112 78 221 61 168 4 135 108 205 49 222 125 200 207 170 124 186 233
    62 253 52 98 166 118 225 19 107 58 125 173 107 242 21 156 84 38 194
    151 205 234 223 108 246 232 76 239 185 202 103 167 253 253 252 78 31
    217 236 251 236 203 93 211 98 252 145 158 56 94 236 28 130 219 195
    59 223 241 39 87 251 86 243 109 124 82 85 92 62 85 150 108 241 157
    44 90 4 211 31 140 73 152 224 43 188 94 70 34 240 188 250 255 229
    254 253 251 249 220 255 210 255 239 81 219 249 250 205 255 123 253
    125 207 253 175 127 115 247 254 119 247 255 223 251 255 117 255 253
    253 55 253 124 243 255 255 161 251 115 190 255 141 227 252 247 158
    125 70 223 215 207 255 255 253 190 235 246 100 11 223 127 135 153
    239 117 190 123 189 63 238 229 195 181 95 180 121 211 153 100 80 245
    89 35 191 91 75 87 168 237 215 246 242 81 45 190 103 87 78 191 85
    251 252 1 164 61 148 12 159 175 207 179 56 180 164 60 158 223 60 88
    76 33 135 144 0 71 32 103 16 232 70 21 81 228 147 66 202 25 225 99
    208 37 194 211 24 10 144 132 64 132 49 75 223 6 85 186 16 120 105
    124 112 84 52 38 197 20 225 111 25 172 24 5 240 28 156 73 16 242 51
    185 72 87 32 250 50 213 120 158 39 157 95 9 231 71 61 202 189 106 52
    92 247 247 36 183 22 118 209 103 252 215 245 125 51 186 212 41 134
    44 6 158 202 88 250 127 50 219 45 233 149 92 245 46 145 174 144 13
    50 25 148 91 56 115 112 61 121 221 42 251 123 221 238 223 55 159 223
    59 191 215 149 234 191 127 124 95 157 247 126 191 182 127 211 247
    241 119 215 124 124 250 220 41 142 126 195 142 202 89 250 121 116
    191 189 237 181 120 245 47 151 186 137 79 242 61 218 223 57 247 114
    255 123 249 237 218 63 253 124 222 63 221 93 25 255 101 159 254 191
    126 252 223 255 183 118 187 191 126 211 103 245 247 241 127 122 255
    223 231 159 252 199 190 202 91 251 127 116 221 237 101 181 116 245
    111 183 238 137 79 254 29 250 95 56 247 254 191 187 249 237 222 58
    240 61 174 46 61 28 35 87 126 93 148 93 52 61 80 189 218 64 184 240
    112 81 223 249 20 228 218 110 247 253 238 135 216 203 36 255 202 168
    107 124 223 103 41 246 181 246 111 179 250 137 79 166 5 122 93 46
    211 159 249 243 219 106 230 246 101 125 156 114 31 95 101 231 71 185
    152 93 225 180 94 251 213 126 101 27 241 176 38 220 215 191 61 131
    188 124 41 210 37 6 155 202 112 131 222 50 202 61 47 215 28 229 30
    149 164 18 4 104 25 151 75 216 246 49 189 92 86 56 185 62 247 124
    138 55 189 29 25 231 70 189 184 253 62 189 87 251 246 66 240 179 114
    209 118 212 181 229 57 114 190 253 161 206 44 215 158 202 120 233
    125 60 91 52 173 212 244 244 110 155 174 144 13 242 29 220 89 24 243
    59 189 121 211 104 250 251 93 254 254 127 63 93 155 119 124 124 179
    63 255 118 127 246 247 125 243 244 255 185 63 82 238 227 27 251 89
    253 255 251 47 22 254 211 114 241 244 82 223 94 31 216 23 197 79 157
    173 26 5 248 31 159 73 24 246 123 191 90 86 34 249 55 253 124 222
    191 221 95 25 255 101 159 254 191 127 252 95 255 183 102 179 223 126
    211 103 245 246 243 127 58 255 223 111 155 238 199 190 234 89 251
    127 116 221 239 233 181 116 245 111 183 246 137 79 190 157 250 127
    56 183 246 191 187 249 173 94 63 54 121 166 191 176 155 24 246 126
    147 118 173 75 160 85 242 247 2 114 225 119 211 127 132 146 240 63
    94 121 245 111 87 172 223 190 250 120 233 87 96 76 75 9 245 69 245
    79 154 190 24 7 240 21 220 89 16 50 183 191 248 151 44 254 63 253
    252 254 63 253 253 63 255 252 223 253 125 126 252 252 255 186 227
    251 247 126 211 255 241 127 246 219 127 247 255 231 207 248 199 180
    255 251 248 125 121 221 255 239 244 115 247 111 187 254 155 79 254
    29 219 85 63 243 255 255 187 251 175 206 205 237 222 253 242 127 252
    195 57 223 109 218 222 247 254 235 139 217 189 111 47 221 54 178 127
    95 187 249 237 102 190 177 242 83 60 203 211 127 223 181 243 191 185
    119 255 159 127 180 205 137 118 247 217 255 167 238 219 221 105 111
    93 120 147 187 248 57 255 247 127 39 125 255 212 255 248 185 63 202
    147 126 242 215 251 107 255 175 239 63 159 235 230 159 91 217 117
    239 111 175 52 247 247 253 247 247 90 110 247 238 235 53 139 251 255
    238 126 209 228 190 156 197 213 190 247 219 255 54 179 247 127 182
    253 251 255 253 211 77 254 125 222 61 253 126 187 244 251 183 27 114
    253 115 159 124 222 203 248 63 251 219 255 239 151 175 87 190 114
    243 253 126 116 93 76 15 213 149 253 119 157 172 24 13 242 29 156
    105 16 246 179 189 218 87 48 252 63 54 125 172 191 189 31 89 230 102
    147 48 253 121 188 85 240 245 2 240 225 114 211 119 196 128 228 93
    82 60 253 233 215 60 214 190 202 122 129 87 180 90 25 13 212 212 229
    79 153 174 24 7 98 29 223 89 16 243 51 189 120 215 40 251 65 134 4 3
    237 176 170 49 56 123 2 79 136 89 9 5 12 235 185 178 220 39 154 249
    66 126 57 102 92 67 33 87 95 177 217 33 119 137 236 34 117 92 74 143
    213 97 251 115 184 220 24 37 245 237 156 235 23 223 183 181 210 83
    32 254 12 33 229 180 0 167 41 119 132 108 194 21 81 96 145 66 170 93
    195 98 240 37 192 211 28 168 132 132 64 132 49 200 71 36 69 186 16
    120 65 92 120 64 20 14 197 52 195 79 25 172 24 5 240 28 156 73 0 242
    51 185 72 87 32 250 187 255 125 255 247 189 247 249 255 93 252 251
