<?xml version="1.0"?>
<opencv_storage>
<ImageFile>"26.jpg"</ImageFile>
<Features type_id="opencv-matrix">
  <rows>175</rows>
  <cols>64</cols>
  <dt>u</dt>
  <data>
    51 213 84 142 39 77 29 1 39 68 61 132 60 47 108 245 247 246 4 240
    150 114 145 98 121 133 225 25 51 58 221 113 176 100 113 154 194 74
    218 252 55 223 60 43 148 22 244 110 129 164 16 13 170 13 149 77 24
    242 58 188 89 78 34 185 45 54 245 113 220 179 163 124 240 62 194 53
    236 89 129 1 226 237 195 114 241 103 91 255 132 42 102 134 88 69 97
    239 127 42 212 60 93 184 101 116 92 68 90 142 65 225 195 67 184 124
    24 1 240 60 156 65 54 178 151 159 218 215 36 124 13 54 100 33 221
    177 163 124 240 62 194 53 236 89 129 1 98 237 195 242 241 35 75 255
    4 40 100 134 88 69 97 199 127 42 212 60 117 184 33 116 92 68 26 142
    64 225 195 67 56 124 24 1 240 28 156 65 54 178 151 149 202 215 36
    124 35 4 9 138 2 132 133 1 33 198 31 4 24 46 57 38 131 16 0 32 128
    112 208 98 89 132 0 1 2 152 25 73 164 4 85 154 18 74 9 24 32 80 28
    168 20 20 68 107 19 44 24 13 176 25 156 8 24 98 58 184 72 87 40 242
    35 4 105 138 2 132 133 1 33 198 31 4 25 46 57 102 131 16 0 32 144
    112 208 98 89 132 128 1 34 152 25 73 164 36 81 154 82 74 137 24 32
    81 60 168 20 20 116 106 19 172 25 13 176 25 156 8 24 98 58 184 72
    199 40 242 4 6 109 128 60 181 129 113 164 94 130 64 201 25 145 5 0
    108 67 32 208 98 24 240 8 48 5 0 20 28 33 90 93 8 222 170 80 56 41 0
    244 20 26 143 80 224 208 75 26 189 24 0 240 29 142 25 16 66 51 156
    72 215 108 249 88 16 152 2 75 131 131 124 198 170 210 54 245 8 19 80
    126 147 67 210 193 39 195 199 136 56 252 76 66 140 241 234 95 44 69
    190 26 40 105 92 120 68 20 10 213 116 161 111 155 172 24 1 240 29 28
    81 16 178 51 185 24 23 32 234 4 34 109 136 60 149 129 113 164 94 34
    16 73 59 153 5 0 108 67 32 208 114 152 243 8 48 5 0 28 8 17 73 85 0
    215 170 80 56 41 16 180 20 24 143 80 224 208 75 26 172 24 0 176 29
    158 24 16 66 51 156 72 211 104 241 147 213 8 6 39 0 217 10 6 1 53 66
    174 73 68 21 52 230 36 145 2 46 177 102 36 150 243 91 150 58 194 49
    130 60 24 222 202 8 202 209 81 200 57 201 128 80 180 110 193 179 16
    3 104 2 184 65 49 19 48 63 52 53 132 139 107 7 44 186 39 63 23 27 37
    98 151 2 189 60 44 71 132 253 65 240 240 118 209 115 80 56 128 28
    112 84 61 225 219 36 210 186 195 122 128 112 112 223 28 47 212 21
    231 79 153 172 24 12 242 29 223 9 16 242 51 189 88 86 44 250 58 185
    255 254 38 223 221 39 87 252 93 149 95 246 63 222 189 218 112 187
    246 125 199 243 249 239 242 254 107 241 254 235 199 58 117 180 255
    120 250 125 112 253 247 111 191 20 247 111 159 170 139 207 242 29
    188 93 87 243 127 251 123 127 169 254 3 68 8 2 7 192 24 8 2 2 5 196
    32 14 36 51 10 18 4 209 128 34 225 98 36 148 129 9 18 42 1 65 144 36
    145 154 2 72 8 146 0 200 60 41 144 20 228 110 17 174 16 5 168 0 244
    0 16 50 50 184 8 19 32 234 3 4 8 6 7 192 24 8 2 2 21 68 32 14 32 51
    10 18 4 145 128 34 225 96 32 148 128 11 18 42 3 97 144 36 17 154 2
    72 72 208 80 200 28 41 144 20 228 110 17 174 18 5 248 0 244 1 24 51
    50 184 8 23 32 234 14 4 104 160 31 157 128 75 36 74 146 36 89 36 57
    101 128 92 3 240 193 114 144 115 84 128 128 1 80 220 57 64 213 44
    215 170 90 122 137 116 240 85 28 8 84 86 228 79 153 172 24 5 242 29
    157 89 16 226 51 188 72 87 40 248 44 143 238 217 59 253 241 247 61
    252 78 213 29 125 251 231 235 252 193 107 244 119 222 115 89 110 148
    2 120 195 59 251 247 38 87 186 83 122 233 116 240 93 56 46 212 22
    245 111 153 172 24 5 240 29 157 73 16 242 51 189 90 87 32 250 4 32
    133 0 0 161 32 118 16 168 68 5 64 33 129 2 8 72 129 96 192 36 64 211
    8 8 128 128 64 4 33 72 223 0 17 168 21 40 1 96 112 4 56 39 68 53 227
    111 27 172 9 5 240 28 24 72 6 226 19 177 72 87 96 234 236 206 239
    253 255 255 255 253 189 255 255 155 159 188 255 239 171 221 123 111
    252 215 246 49 127 253 189 63 255 91 63 187 245 100 87 250 82 123
    249 116 118 95 124 63 213 150 213 109 157 173 30 5 250 29 157 77 16
    246 59 189 89 95 34 250 253 141 255 221 98 215 255 247 61 213 93 223
    223 252 191 78 251 249 121 111 118 45 214 243 123 127 182 60 109 214
    126 169 223 39 117 187 210 125 223 124 112 125 184 110 221 60 245
    110 157 172 24 77 241 93 156 75 81 254 115 191 88 119 163 250 37 39
    113 152 16 12 37 75 227 68 41 176 81 167 188 71 139 100 160 97 3 64
    80 35 93 149 129 25 34 40 24 9 144 4 119 154 128 248 131 28 36 122
    60 161 54 20 116 110 16 164 48 60 34 25 55 12 24 106 18 172 73 68 41
    242 43 230 108 171 223 253 135 29 237 119 138 110 185 63 255 229 203
    116 67 112 249 82 27 124 84 245 29 35 191 219 59 199 197 236 199 186
    82 115 45 62 108 85 74 189 84 246 124 145 184 45 156 12 214 157 206
    57 56 224 163 188 202 223 46 120 68 1 146 84 0 67 96 247 16 184 64
    21 18 192 131 2 106 200 129 67 198 173 228 147 10 10 162 12 64 0 48
    110 255 38 116 186 17 112 65 116 208 100 144 14 200 20 131 238 153
    44 88 5 240 28 156 73 17 242 51 189 88 102 33 251 246 221 113 182
    215 14 95 203 134 69 57 122 191 202 246 93 243 215 60 102 14 173 160
    34 78 223 187 45 211 42 58 57 146 39 20 219 66 117 199 214 2 202 28
    91 217 30 237 156 197 164 80 4 104 62 133 107 208 244 49 61 92 84 50
    185 190 185 255 244 55 119 249 255 212 158 245 241 127 154 178 222
    251 212 127 95 117 247 229 183 173 251 247 185 95 221 118 248 206 44
    166 254 222 124 233 245 248 221 183 63 211 117 145 110 191 174 159
    131 248 29 220 85 20 242 127 255 123 159 172 251 236 206 111 253 255
    255 191 253 189 255 127 159 157 188 251 239 139 221 125 107 252 211
    246 48 77 253 153 55 253 83 63 251 241 36 85 250 82 123 233 244 118
    95 120 62 213 134 212 105 157 173 30 5 219 29 159 76 16 230 59 188
    89 86 34 250 3 205 44 216 131 157 85 65 175 100 47 138 153 253 124
    175 129 116 36 34 158 246 144 99 93 151 133 48 49 186 29 25 130 82
    83 8 194 74 242 138 182 191 108 225 148 22 245 43 17 137 144 12 26
    25 135 12 57 66 120 61 65 220 11 248 37 38 81 138 0 20 164 69 99 78
    42 4 84 39 185 113 227 226 129 96 193 112 21 34 212 132 32 9 2 12
    185 81 112 4 95 186 16 114 1 220 38 66 24 8 84 214 68 76 153 44 16 4
    34 25 133 73 152 98 3 164 88 66 98 176 253 141 255 213 98 223 255
    247 61 213 95 223 223 253 251 238 187 217 120 111 54 45 246 243 123
    127 183 188 105 214 126 169 222 55 117 251 211 127 218 124 112 125
    185 103 253 60 247 110 157 172 25 223 241 93 156 207 113 255 115 191
    89 119 161 250 45 182 109 169 190 253 175 120 253 127 202 253 205 61
    253 229 139 252 195 104 253 112 218 252 77 253 21 179 124 87 127 207
    221 192 223 48 245 249 249 53 124 92 122 175 84 161 246 115 184 253
    28 45 246 157 158 28 62 166 183 175 202 223 44 246 4 6 100 128 31
    189 128 91 164 90 130 100 1 88 169 69 128 124 3 96 208 34 88 115 68
    136 0 3 16 28 57 66 199 32 215 170 82 122 9 52 208 20 26 142 80 84
    225 75 24 44 24 4 240 29 157 9 16 226 51 188 72 87 32 248 118 157
    255 213 254 215 219 113 175 239 19 222 159 111 178 86 250 213 56 103
    222 47 210 107 93 214 182 63 82 26 127 107 215 37 85 187 210 120 251
    118 80 92 56 47 213 28 245 111 153 172 24 5 240 29 156 75 16 242 51
    189 88 87 32 250 14 32 41 160 23 32 29 14 196 2 209 48 121 0 20 66 8
    40 67 209 161 114 65 6 4 144 132 129 66 180 37 200 68 44 135 170 11
    40 1 25 40 192 53 41 214 113 166 110 19 174 24 2 98 24 116 16 8 163
    27 209 41 147 104 98 19 53 89 22 34 128 24 7 114 64 5 4 52 102 164
    81 230 210 0 98 192 32 65 67 204 138 224 73 66 40 149 96 215 36 85
    186 82 120 201 116 112 92 56 43 212 20 245 111 153 172 24 5 240 29
    156 73 16 242 51 189 88 87 32 250 211 213 8 158 239 138 94 1 31 97
    21 78 188 76 36 21 116 147 20 144 206 59 147 98 240 86 243 126 146
    115 207 101 135 188 17 68 235 73 234 99 96 157 77 105 149 28 247 15
    149 194 24 7 174 65 248 235 27 19 190 49 49 59 146 74 51 20 16 38 63
    160 24 8 82 56 84 113 44 74 0 17 118 146 1 144 225 34 193 94 128 138
