<?xml version="1.0"?>
<opencv_storage>
<ImageFile>"260.jpg"</ImageFile>
<Features type_id="opencv-matrix">
  <rows>48</rows>
  <cols>64</cols>
  <dt>u</dt>
  <data>
    124 255 255 253 126 255 251 255 253 252 254 189 127 254 249 238 251
    221 251 111 247 125 196 191 127 239 166 159 127 223 127 255 247 103
    117 251 214 127 253 117 250 95 251 62 223 135 209 111 157 173 94 133
    250 61 159 77 208 246 123 191 91 79 35 247 124 191 255 253 50 127
    249 247 255 252 199 255 223 254 187 254 251 223 251 111 247 125 214
    247 223 106 246 255 104 237 254 239 255 115 103 191 215 126 251 125
    252 125 255 102 255 55 243 111 189 174 169 223 242 29 157 77 125 255
    115 255 123 127 163 250 252 187 255 253 50 127 249 247 255 252 199
    255 223 246 187 254 255 223 250 111 247 125 214 247 255 106 246 255
    108 237 254 239 223 115 103 190 215 254 251 125 252 125 255 102 255
    55 243 111 189 174 169 223 242 29 157 77 127 255 115 255 123 127 163
    250 252 254 255 253 254 255 255 247 253 253 254 191 223 252 251 238
    251 221 251 110 253 223 222 189 127 111 190 191 253 215 126 255 255
    103 117 251 87 247 253 116 254 93 250 62 95 175 203 245 157 173 94
    181 243 255 159 77 208 252 107 189 223 78 34 244 185 222 255 253 191
    125 253 255 189 253 254 159 223 253 127 238 255 252 103 106 124 222
    182 61 127 191 183 186 255 211 126 191 241 100 85 250 215 119 249
    252 254 95 122 62 220 183 253 253 137 173 94 5 248 31 157 77 144 240
    59 189 94 86 34 248 127 125 253 190 87 111 119 127 245 92 254 53 61
    254 253 253 243 212 27 100 117 139 165 55 110 233 232 13 251 88 124
    233 240 37 21 251 86 114 133 244 211 223 30 14 76 159 196 204 141 36
    94 4 248 63 135 73 208 246 43 188 88 6 34 241 125 61 246 87 81 195
    234 126 66 171 209 116 246 234 131 90 251 215 115 103 223 47 199 247
    206 107 242 111 82 12 242 43 223 39 85 191 82 124 255 116 112 76 184
    47 221 60 245 239 153 172 24 5 240 29 156 73 16 242 51 191 88 119
    161 250 187 222 255 253 191 253 125 249 189 127 253 219 223 249 118
    253 255 252 103 105 124 214 178 124 95 255 181 250 255 83 126 187
    210 100 86 254 211 117 249 252 126 222 56 63 212 23 252 61 153 173
    28 5 248 31 159 73 16 242 51 189 94 87 32 185 92 34 167 149 232 247
    171 245 220 255 210 23 209 68 155 66 234 221 67 98 220 37 198 216 28
    248 188 174 64 132 51 234 71 36 85 187 82 120 233 116 120 92 48 46
    197 36 241 111 153 172 24 5 240 29 156 73 16 242 51 189 88 87 32 250
    125 57 246 215 209 195 250 254 70 171 209 118 246 234 131 90 250 215
    123 103 223 47 195 247 206 107 242 47 82 12 242 43 223 39 85 191 82
    124 255 116 112 124 184 111 221 60 245 239 153 172 24 69 240 29 156
    73 16 242 115 191 88 119 161 250 125 53 255 184 80 103 99 254 212
    196 212 53 85 202 147 70 251 220 67 102 119 169 196 183 156 171 180
    141 81 12 112 233 239 38 21 186 18 112 69 124 120 80 152 134 85 49
    67 238 153 44 91 5 240 28 156 65 16 242 43 185 88 6 33 250 79 39 96
    49 221 162 42 64 32 35 195 54 224 67 129 65 96 169 3 214 235 39 19
    210 70 90 249 237 192 6 163 146 75 44 71 187 91 56 233 84 104 64 16
    143 213 121 163 79 153 172 24 1 240 29 156 65 16 242 19 181 24 87 32
    106 77 55 114 49 221 162 42 208 96 43 195 54 224 195 129 65 226 169
    39 214 239 165 19 215 198 126 251 175 194 6 227 178 75 44 87 191 91
    56 237 84 120 72 48 143 213 121 183 111 153 172 24 1 240 29 156 65
    16 242 19 181 88 87 32 122 28 59 247 244 56 35 249 118 210 188 215
    53 127 247 153 114 246 203 194 107 247 45 65 215 141 42 230 223 104
    229 245 238 223 50 101 182 189 250 250 125 221 125 243 102 233 165
    227 111 187 238 169 211 242 28 24 77 111 243 87 251 251 39 229 222
    194 10 195 195 221 130 131 200 142 101 18 95 163 207 210 92 98 213
    61 38 206 141 138 105 46 214 59 47 150 11 19 31 87 231 92 91 82 247
    111 22 193 112 200 90 73 12 249 145 196 21 16 180 149 226 140 235 64
    124 176 47 204 5 16 188 255 180 255 175 255 247 191 253 255 127 220
    127 189 62 187 245 251 247 91 96 249 211 255 124 110 237 248 63 251
    91 127 239 245 37 85 255 82 113 169 116 120 93 90 46 213 21 252 125
    157 172 24 5 240 29 156 73 16 246 51 188 218 87 34 248 58 177 253
    119 63 181 217 57 223 191 213 253 255 90 52 92 246 183 102 219 247
    127 211 255 181 58 230 255 126 255 229 238 207 252 175 182 255 57
    250 127 89 221 247 239 243 113 183 111 187 254 137 75 244 149 248 85
    55 179 247 251 187 187 236 222 58 181 253 119 63 181 217 57 223 191
    213 253 255 90 52 93 246 183 118 219 247 127 211 255 181 186 230 255
    126 255 229 238 207 252 142 182 255 57 250 127 89 221 247 237 243
    113 183 111 187 254 153 75 252 149 252 85 54 179 247 251 187 187 236
    222 175 213 108 252 55 127 125 123 181 68 253 128 95 249 116 239 233
    252 103 115 118 226 180 51 93 191 165 152 113 22 124 249 242 44 86
    186 195 112 209 252 218 222 56 47 208 23 231 110 153 173 18 5 248 29
    149 73 16 242 51 189 88 86 34 249 59 254 108 239 255 189 223 57 255
    93 220 251 189 127 124 221 182 247 222 184 253 119 155 124 241 252
    125 183 255 123 255 175 223 237 223 117 255 91 248 61 255 223 107
    191 213 243 254 115 189 223 157 47 255 165 223 255 126 247 254 191
    243 223 62 223 125 34 245 176 88 39 43 126 196 166 195 54 209 168
    147 66 250 205 67 100 249 167 194 215 156 120 188 140 64 132 115 235
    79 4 69 190 17 56 97 92 120 64 48 143 213 49 163 111 155 172 24 1
    240 29 156 65 0 242 51 185 88 87 32 250 175 221 109 252 55 125 125
    251 181 84 253 210 95 249 116 239 225 252 103 119 118 238 176 50 95
    191 183 153 243 22 126 185 210 44 86 250 211 120 209 253 122 222 56
    47 208 23 247 110 153 173 18 5 248 29 157 73 16 242 51 189 88 86 34
    249 191 255 125 236 255 191 223 88 255 95 189 251 239 123 252 253
    243 245 63 109 197 102 160 116 109 223 45 63 127 27 113 57 214 108
    92 159 82 121 249 245 247 222 56 63 213 22 244 111 153 189 28 5 248
    29 159 73 16 246 51 189 88 87 34 185 125 34 245 176 80 39 43 126 196
    166 195 54 209 136 147 66 250 205 67 100 249 167 194 214 156 120 188
    140 64 132 113 235 79 4 69 190 17 56 65 92 120 64 48 142 213 49 163
    111 155 172 24 1 240 29 156 65 0 242 51 185 88 87 32 250 249 173 247
    223 122 111 241 255 253 252 78 213 95 253 251 236 251 253 251 35 244
    47 254 247 123 239 150 150 125 211 126 239 239 99 99 176 183 242 255
    124 221 125 255 166 237 54 253 239 189 164 203 221 242 31 156 77 127
    254 119 175 219 79 39 254 251 221 255 255 247 255 223 253 255 247
    253 254 255 253 255 254 255 213 127 111 62 255 183 63 127 255 255 63
    247 63 126 187 242 101 93 223 210 119 253 247 242 222 249 62 223 158
    253 62 157 173 86 133 248 191 149 79 208 254 121 191 93 95 50 187
    124 60 255 243 126 183 123 127 216 255 210 187 255 194 146 90 250
    221 123 111 253 173 203 223 143 250 254 175 74 93 241 238 215 39 84
    191 95 125 229 118 120 92 251 47 219 61 227 255 159 172 24 197 241
    61 156 73 84 254 51 253 90 87 48 254 187 245 125 222 63 63 95 27 247
    85 189 250 191 122 116 93 246 247 118 179 245 118 209 118 245 247
    225 63 127 123 221 233 143 108 150 190 250 88 251 253 118 223 127
    237 209 80 245 111 189 190 152 15 250 29 223 85 56 183 119 191 251
    223 174 219 191 255 109 238 255 191 223 25 255 95 189 250 175 123
    244 253 243 247 61 125 196 102 176 117 109 223 233 63 127 26 113 57
    214 109 92 155 90 121 249 245 247 222 56 47 209 30 244 79 137 173 16
    5 248 29 159 73 16 246 51 189 88 87 34 185 253 191 247 117 62 183
    249 250 255 189 215 251 239 249 145 95 246 255 255 107 247 111 214
    255 255 122 230 254 124 245 245 255 255 123 102 181 255 191 250 253
    221 125 251 254 235 225 219 111 189 255 173 219 240 189 159 77 119
    255 247 223 251 255 165 254 255 252 255 239 255 253 253 249 255 125
    252 251 255 255 254 253 243 247 127 127 125 223 183 125 255 255 251
    191 255 91 254 191 247 109 158 255 214 119 249 245 255 223 127 63
    221 151 252 117 141 181 94 141 248 191 159 77 248 246 123 159 223 95
