<?xml version="1.0"?>
<opencv_storage>
<ImageFile>"261.jpg"</ImageFile>
<Features type_id="opencv-matrix">
  <rows>232</rows>
  <cols>64</cols>
  <dt>u</dt>
  <data>
    44 254 255 253 186 253 247 113 253 253 238 249 221 125 253 205 251
    253 235 107 245 125 94 251 253 127 55 246 109 215 127 255 223 66 87
    186 214 249 249 126 125 125 122 167 245 181 255 107 189 172 152 109
    242 29 157 93 52 246 115 175 219 95 41 254 254 253 254 252 119 127
    253 255 253 251 255 255 127 252 238 255 253 253 123 255 119 255 247
    183 247 111 243 255 121 119 254 235 223 59 119 255 255 127 249 245
    250 221 255 127 223 55 247 110 189 174 30 207 242 61 157 77 86 247
    127 255 123 127 170 250 254 254 255 239 255 255 255 249 253 255 252
    251 255 127 255 253 251 253 255 123 253 95 255 125 247 255 127 183
    255 127 255 255 223 239 255 119 255 253 253 119 127 94 235 255 223
    255 127 177 237 223 94 189 253 247 254 255 222 252 247 239 255 223
    186 191 253 254 255 233 255 255 247 248 253 255 254 255 239 255 255
    253 251 253 255 111 253 223 190 253 239 255 127 183 255 87 127 255
    255 235 253 127 247 247 253 55 127 255 235 127 95 175 127 177 238
    221 255 253 223 247 143 255 254 220 237 239 223 255 159 182 120 190
    253 168 22 255 39 127 253 220 222 189 125 60 191 254 255 253 235 108
    244 87 211 247 221 253 124 253 123 214 255 233 221 108 215 190 223
    122 237 124 124 221 126 47 85 181 119 111 191 172 153 12 242 29 158
    93 60 246 59 189 91 223 44 250 47 246 109 237 255 189 251 88 253 255
    212 249 253 123 252 93 242 253 219 123 253 119 219 125 109 250 40
    183 127 93 125 239 215 229 223 59 247 251 249 119 255 95 106 47 209
    149 251 115 189 253 24 5 244 189 159 77 60 246 183 157 218 223 38
    255 59 190 253 223 63 253 223 125 255 245 191 248 253 124 127 255
    255 247 106 251 245 115 219 255 253 247 245 127 127 223 223 239 207
    108 199 190 218 121 249 127 124 93 105 175 213 118 245 111 155 172
    153 13 242 29 157 93 48 242 243 189 251 223 44 254 10 223 142 221 46
    181 220 179 61 255 61 203 158 252 63 15 141 255 120 171 214 125 210
    123 105 127 179 118 125 117 189 103 215 112 219 32 247 109 250 97
    114 63 251 111 247 20 215 107 153 218 24 7 244 77 157 77 19 211 115
    191 83 123 9 250 43 239 236 222 55 221 93 15 231 230 57 160 61 238
    125 223 155 116 98 251 183 126 81 103 85 247 183 61 59 250 95 193
    199 126 199 190 202 120 250 123 44 125 253 233 183 244 245 111 155
    174 152 79 178 29 252 84 57 227 123 191 251 251 233 242 254 252 255
    255 255 255 255 255 125 255 252 251 191 254 255 254 251 213 253 111
    255 221 239 61 127 223 251 191 255 219 127 255 243 231 53 251 247
    255 253 246 114 255 255 126 223 159 95 179 205 237 94 181 253 255
    159 239 208 252 249 223 223 30 179 191 60 190 255 245 62 253 253 127
    253 253 222 253 255 252 251 222 251 221 251 107 245 125 218 255 253
    110 246 247 108 213 255 239 207 120 117 190 255 251 249 125 93 93
    251 62 255 167 255 111 191 238 141 207 242 29 159 93 102 246 247 255
    251 95 47 254 111 174 254 232 218 223 199 71 47 71 142 254 223 254
    254 221 219 241 59 103 183 85 91 123 119 215 29 47 127 223 94 99 151
    199 95 155 66 253 255 62 117 221 108 101 93 92 117 163 213 172 152
    156 243 117 158 255 120 222 114 173 219 221 57 250 108 45 238 252 34
    183 117 119 53 244 252 145 95 253 191 78 153 120 227 235 247 127 214
    179 89 107 132 150 105 213 124 235 207 58 99 168 223 120 241 124 126
    63 255 167 213 53 215 107 187 236 137 205 242 29 153 92 63 243 115
    255 251 242 45 254 253 255 255 217 255 255 247 255 253 223 204 255
    239 255 255 237 251 245 255 111 127 223 254 253 255 255 127 191 255
    95 126 191 239 103 254 223 214 255 253 253 95 255 250 190 223 251 93
    183 188 189 254 253 249 191 143 95 248 252 105 239 223 221 191 255
    239 188 255 169 219 207 231 207 111 229 143 254 255 254 255 253 251
    245 59 103 191 93 127 105 247 223 121 47 247 223 94 231 135 231 95
    155 130 253 255 126 37 93 108 97 93 92 125 183 221 172 152 188 243
    245 148 251 120 252 224 173 219 221 25 250 250 221 88 255 255 216
    222 137 63 227 55 250 190 106 110 221 255 147 60 151 143 127 243 106
    245 215 243 127 87 251 215 51 151 244 223 215 243 89 250 119 224 223
    237 105 181 31 245 63 215 238 24 5 254 5 253 251 24 247 246 63 25
    123 184 74 108 141 238 248 42 183 117 119 53 244 252 145 95 253 183
    78 153 120 227 235 245 127 222 179 89 107 132 150 105 213 125 239
    207 58 66 168 215 120 241 124 126 63 255 167 213 53 215 107 187 236
    137 205 242 29 153 92 63 243 119 251 251 243 173 206 253 254 254 239
    254 255 255 241 125 253 254 255 255 255 255 253 255 255 253 43 253
    221 191 252 239 127 123 247 255 87 255 255 255 227 252 117 247 247
    253 247 223 223 235 62 221 135 223 241 237 221 94 181 253 247 159
    237 222 252 255 143 223 31 54 191 253 255 247 255 254 127 247 251
    239 245 253 251 255 255 254 252 251 245 127 111 63 239 183 119 255
    255 191 63 255 159 126 191 210 103 117 223 210 119 253 127 119 95
    249 247 221 158 253 167 205 165 215 157 250 191 151 79 112 252 113
    191 217 79 55 250 106 206 229 205 239 223 151 121 189 117 188 203
    157 124 125 205 155 245 123 110 244 119 218 117 127 253 29 54 127
    211 95 207 199 109 83 57 210 120 253 62 117 127 124 191 213 252 253
    107 157 173 157 13 243 61 158 31 120 230 115 189 219 207 44 250 47
    238 109 169 223 253 135 189 253 222 254 188 125 61 127 229 217 252
    91 252 113 82 159 180 125 125 29 177 255 215 123 187 252 108 223 234
    95 115 173 56 190 85 122 61 85 231 118 228 191 61 158 12 219 157 207
    93 190 228 47 188 219 219 110 240 47 246 109 169 222 253 167 121 237
    86 222 52 253 61 249 229 209 253 75 244 241 114 25 244 92 244 12 141
    254 222 121 155 248 76 215 170 90 114 13 120 190 85 90 140 84 231
    230 69 158 61 148 12 250 29 207 89 56 228 43 188 218 218 110 240 235
    223 238 223 255 159 223 145 63 255 61 202 159 123 118 125 229 247 60
    255 252 119 178 115 123 255 179 63 255 91 127 123 215 108 86 250 210
    121 249 253 118 94 56 63 209 22 245 111 153 173 24 5 240 29 159 77
    24 246 51 189 90 215 42 251 190 255 255 255 254 253 251 253 222 253
    215 255 239 94 223 253 255 223 255 251 247 45 247 223 175 127 247
    255 255 127 247 255 207 239 253 255 255 251 249 119 217 221 243 254
    249 167 251 127 189 255 207 207 252 183 158 65 118 247 255 255 251
    127 167 255 5 143 130 81 40 152 162 1 40 187 34 65 128 113 105 1 4
    43 160 131 196 37 82 195 65 18 131 230 0 36 129 82 159 146 67 32 57
    136 234 32 228 60 40 229 241 81 147 107 185 202 8 67 244 77 89 72 23
    211 151 165 32 115 193 74 242 253 235 247 191 212 219 141 222 239
    181 250 171 74 150 222 171 213 62 251 143 47 231 126 45 223 183 63
    87 59 55 111 215 173 61 219 218 125 235 119 112 220 169 125 151 28
    253 63 153 174 26 5 248 29 188 107 16 242 49 189 124 87 48 254 60
    250 127 253 62 255 249 127 253 254 254 189 125 124 253 239 243 252
    219 107 245 120 220 191 125 239 166 151 127 215 125 255 251 102 95
    250 119 251 249 244 250 223 126 62 214 183 227 107 189 173 30 5 250
    29 159 93 148 242 63 188 219 94 34 181 60 254 252 8 38 253 181 55
    255 214 223 236 253 61 125 207 253 187 99 249 181 87 83 245 241 125
    253 252 109 215 255 224 207 120 195 140 219 24 248 121 60 157 117
    175 213 241 183 111 191 250 137 75 242 13 90 85 62 215 223 245 179
    251 108 74 127 158 252 203 255 191 223 49 63 127 214 127 189 126 61
    93 244 247 91 178 245 119 219 125 110 250 122 127 126 93 253 111 215
    237 220 63 118 251 253 119 208 223 74 14 209 132 209 83 159 252 24 5
    244 189 159 75 82 246 191 159 218 223 42 247 189 254 119 201 184 253
    229 249 253 253 236 251 223 63 255 237 251 252 239 43 253 108 254
    252 253 255 21 179 253 95 91 255 223 194 127 126 244 249 253 62 127
    31 106 183 93 178 125 177 168 221 237 60 246 151 143 109 62 220 230
    239 219 223 45 254 221 254 238 237 254 255 246 241 57 253 254 223
