<?xml version="1.0"?>
<opencv_storage>
<ImageFile>"264.jpg"</ImageFile>
<Features type_id="opencv-matrix">
  <rows>34</rows>
  <cols>64</cols>
  <dt>u</dt>
  <data>
    191 254 125 239 191 61 221 153 255 95 189 250 175 123 244 93 247 247
    60 187 247 126 177 126 247 247 243 123 255 123 223 127 150 236 222
    214 250 121 251 255 119 223 107 253 245 82 244 127 228 191 144 15
    236 165 255 125 56 183 246 63 255 223 190 191 191 255 125 238 191 60
    221 152 255 95 189 250 175 123 228 125 247 247 60 187 247 126 177
    126 231 247 243 123 255 123 255 127 150 236 222 222 250 121 251 255
    119 223 107 253 244 83 244 127 196 191 16 15 236 165 255 125 56 183
    246 63 255 223 190 185 252 238 127 253 250 127 243 253 253 252 254
    189 125 252 251 238 251 221 219 110 125 251 191 188 127 237 188 181
    255 215 127 255 249 101 87 251 215 115 253 252 254 93 223 62 85 167
    203 116 191 45 223 13 251 31 157 93 212 252 111 188 223 14 42 244
    252 252 255 253 250 127 255 255 253 253 254 255 255 254 251 254 251
    221 127 111 125 159 239 188 255 239 255 187 255 223 126 191 251 39
    117 255 214 119 253 252 219 95 253 62 223 63 203 181 141 173 94 181
    248 63 157 77 208 252 121 189 95 94 34 255 252 170 255 233 250 127
    179 255 253 252 254 189 125 252 251 236 251 220 251 110 253 209 254
    188 255 109 28 183 237 215 127 255 253 65 71 249 247 243 253 124 254
    93 223 54 85 167 227 224 191 44 207 189 211 63 157 93 238 236 111
    252 223 206 42 252 62 253 255 255 63 255 253 63 255 255 253 249 255
    126 252 222 255 215 123 251 247 127 211 255 253 255 247 255 127 255
    255 235 207 108 199 254 255 121 249 125 122 223 247 111 215 183 247
    111 191 190 143 207 250 61 223 93 124 247 255 251 251 223 238 222 59
    52 255 86 63 165 217 126 246 252 212 245 191 106 179 87 254 247 99
    51 245 47 203 127 205 170 230 63 90 89 245 111 215 44 85 190 86 120
    233 125 112 92 123 47 213 52 241 111 153 172 24 5 240 29 156 73 16
    242 51 189 218 87 32 254 236 41 247 245 80 103 123 255 221 237 197
    191 83 224 147 202 171 93 251 111 63 141 230 159 31 235 190 167 65
    141 50 175 223 39 53 251 22 125 253 124 120 108 177 110 255 61 107
    254 221 172 122 245 209 126 156 76 208 252 113 251 93 119 177 250 67
    3 0 146 221 130 2 72 2 34 17 4 160 65 1 17 226 213 1 100 192 33 195
    114 76 136 168 13 82 8 33 105 215 36 85 186 82 120 1 84 112 80 24 15
    209 20 225 79 153 172 24 5 240 29 156 73 16 242 51 189 88 87 32 250
    126 56 235 163 223 231 219 175 222 171 212 255 255 138 179 94 250
    183 123 215 249 23 223 77 182 232 252 175 82 249 231 238 141 173 7
    255 254 61 237 126 88 93 103 168 217 125 169 245 255 174 155 137 244
    61 124 243 116 182 255 249 187 159 186 223 255 185 247 183 255 229
    187 252 238 239 251 254 255 239 179 125 251 245 103 119 125 167 231
    116 207 255 253 171 210 30 115 187 215 44 87 255 90 121 233 116 120
    92 56 63 213 29 253 61 153 172 24 5 240 31 156 73 16 242 49 189 92
    87 32 250 45 215 109 204 55 189 189 121 181 222 237 194 221 57 125
    101 144 252 71 251 244 114 80 242 113 62 165 208 124 214 125 241 254
    120 223 170 219 120 216 121 254 95 59 175 244 247 215 111 185 175 24
    15 242 29 223 93 48 243 115 189 123 223 106 251 125 63 247 220 54
    239 125 127 245 252 255 181 127 252 253 238 243 244 227 107 253 63
    244 183 223 171 166 159 121 221 124 239 251 44 103 190 214 126 241
    253 254 95 255 46 254 55 229 111 185 172 222 143 242 29 157 77 60
    242 115 255 123 86 35 251 237 255 239 121 254 247 251 254 248 191
    244 251 239 249 219 233 139 237 255 255 245 127 111 255 111 127 151
    182 253 87 118 255 223 111 221 255 222 53 253 61 120 124 251 191 221
    113 247 235 191 188 15 199 241 189 220 89 118 246 247 191 250 255
    237 254 247 53 84 23 255 162 83 24 226 1 181 122 174 91 128 85 118
    231 31 214 75 47 131 116 134 170 232 111 242 28 192 33 254 45 20 158
    74 57 197 213 209 90 24 143 193 89 201 15 153 166 16 5 112 60 156 75
    48 242 51 189 88 86 36 217 255 253 247 183 255 229 187 253 254 237
    255 255 255 239 243 253 251 213 127 119 125 175 231 116 207 255 253
    171 211 30 243 191 247 45 85 255 90 121 233 116 120 92 56 63 213 29
    253 53 153 172 24 5 240 31 156 73 16 240 49 189 92 87 32 250 248 41
    247 215 216 199 235 255 206 239 64 159 247 234 147 238 235 213 123
    111 30 141 238 189 31 235 190 47 211 139 50 63 119 39 117 251 82 245
    127 126 112 104 184 62 207 60 73 180 221 172 126 181 209 254 148 203
    208 252 33 125 92 85 49 254 255 63 247 183 223 231 171 253 238 237
    210 127 255 235 179 125 251 215 123 119 125 143 231 117 206 255 253
    175 210 30 242 187 215 45 85 191 90 125 237 116 120 92 56 47 221 29
    249 183 153 172 24 5 240 31 156 73 16 242 51 189 88 87 32 250 63 213
    108 220 55 189 93 57 183 86 181 242 189 120 116 87 180 247 70 243
    247 118 209 119 213 182 231 127 114 126 245 233 207 60 214 190 218
    120 250 125 114 95 61 175 244 116 245 111 153 174 152 15 240 29 220
    89 48 243 115 191 122 215 44 251 115 221 244 222 127 15 85 11 247
    100 21 115 191 255 180 93 246 247 36 50 214 47 145 103 222 246 243
    31 58 57 213 109 151 46 86 190 194 88 251 126 112 223 44 111 221 20
    245 79 145 164 24 13 176 25 158 75 56 114 114 191 88 85 36 250 19 21
    136 22 39 128 24 2 22 170 21 192 188 10 32 23 124 243 32 211 196 39
    195 99 193 146 224 127 82 56 245 99 215 60 84 190 218 120 232 117
    112 92 57 47 209 84 181 111 153 174 24 7 240 29 156 65 16 243 51 189
    120 87 32 250 203 207 142 253 239 253 253 182 61 255 125 203 158 253
    127 175 173 220 125 239 126 207 174 57 107 127 183 114 253 83 62 191
    242 115 120 121 83 119 252 178 243 254 248 127 223 158 223 176 205
    137 86 181 217 255 135 236 209 212 105 63 85 124 2 185 251 55 103
    183 255 229 187 249 236 239 209 127 255 105 179 119 251 245 103 119
    120 167 246 116 76 255 181 187 210 18 119 187 215 44 87 190 82 120
    233 117 120 92 56 47 213 53 245 109 153 172 24 5 240 29 156 73 16
    242 51 189 88 87 32 250 111 165 237 248 95 191 127 95 245 126 212
    241 127 111 180 79 130 117 91 123 182 127 218 127 124 234 6 151 127
    89 125 205 199 239 190 187 230 126 117 191 223 235 222 201 211 29
    101 203 94 52 154 12 99 180 191 28 248 166 123 223 203 159 191 247
    54 49 237 212 54 149 89 123 198 198 149 240 125 106 176 86 178 212
    66 115 151 126 208 231 156 178 230 25 114 188 84 233 198 60 134 158
    202 120 211 93 48 233 181 111 178 52 181 110 147 174 153 75 112 25
    156 85 56 50 115 251 121 151 173 250 248 23 52 244 110 183 127 115
    180 127 210 67 207 121 16 5 244 255 255 251 246 127 144 251 154 122
    247 246 124 213 245 239 79 123 218 37 223 168 240 105 220 44 243 143
    225 97 211 79 190 219 153 75 226 253 159 85 103 215 215 151 242 179
    205 254 187 223 111 238 247 125 221 219 253 93 252 251 111 121 244
    253 243 244 63 127 118 94 181 118 111 255 115 59 255 123 126 189 240
    111 190 218 230 117 249 181 255 223 250 127 216 151 252 220 205 181
    86 156 200 183 135 77 184 244 104 14 215 221 46 185 41 5 237 152 30
    253 81 127 245 244 214 149 93 124 185 198 235 212 67 99 244 50 208
    247 93 170 132 6 120 221 61 235 215 36 85 186 82 122 233 124 112 93
    60 46 212 52 229 111 153 172 24 5 240 29 156 73 16 242 51 189 88 87
    32 250 108 239 109 249 58 255 255 121 189 255 234 217 219 125 252
    239 131 93 127 107 254 127 250 123 109 239 7 183 93 67 57 223 247
    102 124 187 83 127 253 182 254 254 248 47 214 135 119 243 29 173 30
    4 233 29 143 12 144 230 99 191 73 94 35 178 247 54 113 151 255 150
    11 201 238 103 147 114 237 75 178 85 246 247 30 244 201 167 147 116
    206 218 249 111 146 28 243 43 87 45 86 191 90 120 229 86 64 72 24 15
    209 28 241 29 153 172 24 5 240 61 156 75 16 246 51 189 88 87 48 248
    58 157 254 254 47 223 219 39 127 244 85 221 191 126 62 94 253 215
    112 243 214 63 211 119 253 203 228 127 123 249 245 235 215 44 87 190
    218 120 248 125 112 93 253 47 213 20 245 111 153 172 153 13 240 29
