<?xml version="1.0"?>
<opencv_storage>
<ImageFile>"266.jpg"</ImageFile>
<Features type_id="opencv-matrix">
  <rows>167</rows>
  <cols>64</cols>
  <dt>u</dt>
  <data>
    120 237 239 249 34 253 253 255 221 254 223 156 93 180 255 238 251
    220 115 107 190 209 246 187 125 237 182 184 107 215 62 171 229 38
    117 250 214 127 249 126 186 221 245 46 87 150 101 190 159 168 255
    141 250 29 181 92 144 226 107 249 91 15 42 246 120 237 255 249 50
    253 253 239 221 254 223 156 95 180 255 238 251 212 115 107 190 209
    246 191 125 237 182 189 107 223 62 171 229 38 119 250 214 127 249
    126 178 221 245 46 31 150 101 190 159 168 255 141 250 29 181 92 144
    242 107 249 91 14 42 246 171 221 108 222 55 189 221 17 63 255 61 203
    159 121 124 239 165 246 52 235 246 126 240 123 121 255 163 58 127 83
    125 107 215 102 182 248 211 121 250 253 118 255 126 127 214 22 245
    111 157 173 30 13 250 29 159 77 57 246 123 191 219 223 42 251 187
    222 254 253 255 253 255 57 255 253 222 255 255 125 124 221 253 255
    255 251 245 127 219 255 241 127 247 254 125 247 255 231 223 248 223
    52 255 251 248 127 125 221 255 239 245 117 255 111 189 255 153 79
    254 189 219 93 63 247 247 191 243 251 173 222 255 250 107 231 255
    188 251 152 252 255 243 251 175 91 242 93 250 221 61 123 236 37 170
    124 111 223 251 191 222 123 119 255 215 229 220 219 247 253 237 119
    121 92 123 125 209 13 253 51 156 191 24 5 253 181 158 105 80 246 179
    159 220 95 52 190 254 250 107 231 255 188 251 152 252 255 243 251
    175 91 240 93 178 221 61 123 236 45 138 120 111 223 187 191 222 115
    119 255 215 229 222 219 247 253 237 55 121 92 123 125 209 13 253 51
    156 189 24 5 253 181 158 105 80 246 179 159 220 95 52 190 62 253 253
    253 62 253 221 53 255 252 223 253 253 126 125 252 253 186 226 187
    245 123 87 247 253 127 231 255 109 247 255 230 143 248 199 164 255
    91 248 125 124 157 247 239 245 245 183 111 191 254 143 79 246 29 90
    93 63 215 223 255 251 251 238 222 252 189 255 253 254 255 251 255
    253 253 222 255 255 252 251 238 251 221 251 111 252 191 246 127 127
    235 190 183 127 211 126 239 231 103 119 251 247 127 253 125 249 125
    255 62 253 63 255 239 189 172 159 157 241 63 156 77 116 254 115 255
    219 95 49 254 139 202 10 163 237 240 170 128 56 251 66 79 138 81 65
    49 108 221 189 34 196 5 138 120 102 223 57 39 222 67 35 119 87 225
    93 49 119 249 237 54 97 84 106 61 213 5 254 113 153 221 24 5 245 133
    140 105 18 208 183 189 212 87 48 190 187 212 108 111 255 189 255 56
    189 255 252 251 189 57 108 77 245 255 127 249 253 118 147 124 113
    127 253 182 127 87 255 247 223 108 223 244 255 121 248 125 126 223
    127 191 213 113 254 127 191 255 153 13 248 189 219 85 58 247 255 191
    251 219 174 223 173 238 255 249 50 119 165 255 241 252 236 155 95
    189 251 238 227 220 235 107 116 208 252 178 95 237 149 145 253 69 58
    251 245 98 117 250 87 114 177 252 126 95 58 54 92 135 83 236 153 173
    95 29 208 31 159 77 52 244 43 156 95 86 34 249 138 202 10 163 237
    248 162 129 56 123 98 79 130 81 107 33 77 221 189 146 196 5 138 120
    103 223 57 166 222 67 35 87 215 225 221 49 119 249 237 34 97 84 106
    61 213 5 254 113 153 221 24 37 245 165 140 105 22 208 183 173 214 95
    48 190 255 254 255 245 255 191 219 217 255 255 214 255 255 251 246
    93 246 247 63 127 253 95 154 125 239 254 251 127 254 127 255 191 215
    237 222 255 242 127 253 119 213 92 106 63 217 28 253 183 221 189 24
    37 248 255 157 239 80 254 243 191 222 95 50 191 252 173 239 252 38
    127 125 119 245 252 253 209 95 248 54 206 189 185 251 255 247 255
    241 183 219 107 247 214 105 212 254 233 223 59 102 188 223 124 248
    125 122 255 191 47 253 53 247 111 191 174 137 223 242 29 152 93 127
    247 119 255 123 247 137 251 13 174 101 33 252 249 163 112 56 28 198
    103 192 29 201 1 74 237 203 8 241 5 74 209 33 56 28 166 124 71 35
    199 221 64 217 32 117 186 173 36 253 21 26 134 69 225 186 97 184 125
    137 41 241 189 154 65 38 202 151 165 194 139 100 94 44 135 108 200 2
    221 133 69 45 198 11 204 217 61 125 199 137 124 97 107 150 112 90
    114 125 245 21 48 53 150 31 65 215 70 219 138 194 120 249 42 52 61
    124 173 23 148 117 43 25 184 184 12 147 21 182 28 25 194 122 173 65
    223 40 242 40 207 109 216 38 221 221 85 173 198 141 200 217 60 124
    207 137 124 99 107 182 114 210 115 125 247 151 48 125 214 63 201 215
    86 219 138 194 120 250 58 52 189 124 45 151 148 117 43 155 168 184
    13 242 29 158 28 57 194 123 189 83 223 40 250 13 146 4 33 253 248
    162 240 56 57 194 79 192 81 73 33 72 237 139 144 228 37 10 216 98
    124 25 230 220 71 35 214 223 208 217 32 117 146 237 35 237 20 74 151
    69 225 190 113 184 221 8 33 245 229 218 65 6 194 151 165 194 91 100
    94 187 214 124 143 255 157 155 153 255 127 23 238 189 127 125 85 246
    247 92 178 220 115 147 124 245 246 249 63 254 123 223 63 215 236 223
    191 218 123 233 127 244 93 106 61 213 84 252 53 157 159 24 13 244
    189 156 123 48 246 178 189 250 223 44 250 248 187 187 215 54 247 216
    247 222 159 83 222 195 128 147 90 62 197 126 111 158 61 231 223 173
    154 182 190 70 255 54 186 103 60 254 191 222 125 234 245 216 76 179
    62 187 36 145 127 187 170 56 195 240 29 188 89 84 243 115 223 125 87
    96 251 250 29 158 158 38 79 92 167 23 238 29 156 31 164 63 222 253
    210 112 237 24 209 231 33 249 193 254 92 67 249 254 41 213 52 53 255
    202 111 128 113 50 203 61 43 191 28 101 124 151 168 126 135 32 25
    180 207 216 243 57 120 93 20 10 227 34 199 4 218 35 159 7 1 39 68 41
    136 157 123 61 29 253 243 96 38 214 126 208 99 80 215 179 124 49 152
    20 33 198 38 83 170 194 72 250 104 52 31 60 175 213 212 245 110 145
    172 152 13 178 29 156 73 25 242 115 189 88 87 40 250 55 190 243 134
    53 198 153 79 214 220 177 241 39 139 132 95 235 212 33 107 133 15
    225 127 109 155 179 47 86 9 48 111 215 36 124 186 82 124 233 116 113
    92 56 47 219 20 245 111 153 172 24 5 240 29 156 73 16 242 51 189 88
    87 32 250 250 57 219 246 118 67 92 174 214 137 117 243 63 194 54 90
    125 215 114 215 79 175 231 7 142 203 246 127 83 248 246 168 215 45
    38 254 223 124 234 117 120 73 181 107 217 116 181 110 253 174 154
    199 240 24 156 73 16 243 51 187 121 85 32 250 61 191 190 119 45 181
    248 178 208 189 214 241 230 91 1 12 52 171 230 155 247 111 247 223
    185 42 230 214 108 245 229 246 239 218 168 36 255 152 250 249 217 60
    243 230 240 97 147 107 187 250 169 203 244 13 216 85 55 211 247 199
    242 179 237 207 242 205 238 223 247 95 95 143 255 229 61 250 191 251
    246 254 251 247 60 247 15 255 247 38 127 199 191 63 243 187 94 41
    178 175 6 255 194 85 247 254 114 251 237 121 153 30 253 190 213 172
    215 205 89 59 181 255 121 252 113 63 125 116 187 249 187 222 108 111
    255 189 255 24 253 127 252 235 173 123 108 93 245 255 255 185 245
    118 155 124 241 255 121 247 255 115 239 247 159 232 219 116 255 217
    248 123 127 223 107 189 213 241 246 123 190 223 152 15 254 165 219
    125 62 215 247 191 242 219 236 94 250 250 255 103 255 187 251 184
    222 187 254 255 239 83 218 249 246 199 255 155 253 47 139 253 235
    126 255 255 222 119 231 254 223 233 205 117 255 191 253 247 249 92
    227 255 249 107 191 55 190 223 153 227 252 231 159 251 86 255 247
    191 254 127 180 190 1 6 151 103 217 162 163 248 88 185 194 87 160 89
    137 1 106 197 137 34 196 45 142 121 14 154 56 38 222 3 33 95 119 167
    85 56 116 250 237 116 209 84 26 14 73 129 217 67 153 44 24 5 240 28
    156 73 16 242 183 189 72 7 32 254 167 38 64 2 221 128 131 8 166 81
    34 99 161 91 128 5 98 101 5 16 193 38 27 100 66 148 25 39 150 10 1 5
    22 167 94 146 112 16 45 4 101 80 10 131 65 64 252 193 0 52 24 0 245
    128 142 163 48 48 6 132 8 87 36 88 60 238 231 205 50 221 156 181 123
    253 95 157 93 183 251 238 249 208 104 235 221 208 231 185 217 125
    181 250 109 223 191 255 245 116 117 186 222 123 249 116 246 93 121
    62 222 134 255 109 155 173 95 143 242 31 159 77 134 243 59 253 91 79
