<?xml version="1.0"?>
<opencv_storage>
<ImageFile>"267.jpg"</ImageFile>
<Features type_id="opencv-matrix">
  <rows>407</rows>
  <cols>64</cols>
  <dt>u</dt>
  <data>
    252 253 255 221 50 127 253 247 189 252 255 221 95 252 255 238 255
    252 251 107 247 127 246 183 253 111 183 254 109 215 254 255 239 122
    103 254 214 123 249 124 250 159 253 55 255 183 247 110 191 172 255
    223 250 29 157 93 124 246 123 255 251 255 43 254 124 237 255 221 34
    95 253 247 191 244 255 157 95 252 255 238 253 152 251 111 247 127
    246 183 249 111 182 254 109 223 254 251 239 122 103 254 214 123 251
    124 250 157 253 54 253 182 247 110 191 172 239 207 250 29 157 93 125
    247 123 253 251 255 43 254 235 254 111 251 255 253 223 201 255 255
    188 250 255 121 124 255 219 245 127 59 254 247 63 124 117 247 63 55
    127 255 127 255 243 239 207 127 250 255 255 190 254 255 106 125 151
    254 124 51 239 221 22 109 207 181 239 254 212 252 254 63 255 223 250
    183 255 220 109 253 254 159 95 129 175 231 61 218 159 235 118 95 241
    245 60 107 158 247 242 122 93 215 191 127 251 59 127 107 211 236 214
    219 194 121 243 255 118 218 104 125 211 28 245 63 157 172 16 5 104
    29 157 79 24 246 113 189 220 215 58 251 63 156 238 253 127 255 251
    183 61 252 94 221 31 124 63 237 249 253 113 243 245 119 214 115 125
    239 176 119 125 215 127 235 215 32 87 186 215 122 249 124 112 93 126
    47 213 23 247 111 157 172 24 13 240 29 156 73 16 242 51 189 91 95 40
    250 251 221 238 247 255 143 95 137 255 101 191 250 191 238 118 253
    247 183 60 247 127 191 179 126 247 255 251 63 211 251 254 191 195
    173 86 255 218 127 255 255 210 223 253 127 217 31 253 63 221 174 24
    13 248 191 157 227 80 246 113 63 223 93 186 249 255 255 254 253 127
    255 223 187 255 255 213 255 255 253 126 223 253 255 126 251 247 127
    211 255 255 127 247 255 127 247 255 239 207 124 215 190 223 121 250
    125 124 95 255 255 213 117 247 111 189 254 152 79 242 189 158 93 63
    247 247 191 251 255 174 254 40 204 254 255 43 207 241 103 189 245
    110 205 159 125 255 236 251 177 227 99 244 127 255 119 127 239 20 54
    111 211 95 239 135 102 99 186 211 218 249 124 255 93 124 167 221 118
    247 111 185 172 153 13 240 29 153 77 56 242 115 189 219 95 43 250
    254 57 251 247 55 195 89 175 214 161 213 242 247 202 146 94 122 151
    118 87 31 175 231 7 159 219 246 111 66 184 246 170 207 47 36 255 218
    125 243 125 88 89 181 107 187 61 177 111 223 174 153 207 240 28 60
    67 80 243 115 251 57 53 177 218 104 223 124 218 227 95 119 73 191
    118 46 138 157 188 127 223 255 247 121 108 60 215 218 48 121 245 189
    60 255 211 94 169 210 71 83 251 195 91 253 120 182 223 124 55 85 158
    116 165 149 129 150 44 171 63 143 223 120 252 121 61 95 207 58 243
    106 207 92 251 227 221 7 129 47 116 47 138 157 190 127 223 255 247
    121 108 28 215 146 48 89 221 189 60 255 210 94 169 146 101 83 251 67
    91 245 120 182 223 124 63 85 158 124 180 149 133 148 44 186 31 143
    255 24 228 57 61 93 79 58 242 243 181 248 87 255 146 95 136 254 35
    181 250 174 203 6 95 116 247 62 215 207 175 243 126 132 211 251 127
    210 61 231 38 199 189 150 255 202 57 226 247 112 202 33 205 209 88
    153 31 157 174 24 3 112 185 220 227 80 247 177 159 124 87 176 251
    127 244 124 186 223 159 86 67 119 102 173 112 62 110 164 93 242 247
    53 240 195 117 25 123 230 198 233 95 115 29 253 99 211 164 150 187
    66 112 37 246 114 219 92 9 213 28 245 79 157 172 24 4 104 29 156 73
    24 246 51 189 88 86 50 249 125 254 255 168 255 191 183 122 253 125
    252 251 239 127 188 77 251 253 251 117 245 87 219 119 127 255 121
    183 127 95 127 235 223 109 213 190 246 120 253 125 126 223 122 175
    213 49 247 239 190 188 153 12 242 189 158 93 126 182 119 191 218 223
    44 222 155 222 206 99 255 184 219 184 188 191 254 251 175 91 66 125
    0 221 63 187 236 119 234 124 47 223 63 183 254 115 119 254 247 233
    220 85 127 57 253 179 251 124 235 125 209 39 251 51 190 223 29 133
    253 229 223 239 86 214 182 223 246 223 52 255 179 250 79 103 255 176
    223 184 216 187 248 251 174 91 66 25 34 199 61 187 237 111 171 124
    171 255 123 183 222 123 227 127 223 237 220 117 127 61 249 183 121
    78 235 191 211 33 223 115 186 223 24 131 253 167 222 233 86 247 182
    223 246 87 180 190 254 254 255 255 255 255 255 253 255 253 254 251
    255 255 254 252 251 215 127 111 255 207 191 60 255 239 255 191 255
    219 255 255 247 239 126 255 215 247 253 255 223 223 251 62 221 175
    223 181 141 189 222 173 248 191 159 109 208 252 249 191 223 95 50
    189 110 109 233 254 34 79 85 75 167 68 15 180 19 254 252 222 139 16
    36 111 23 124 208 35 95 215 135 29 35 250 28 73 130 22 103 138 162
    90 211 92 32 189 181 225 189 158 101 238 197 165 179 220 58 21 167
    28 56 98 123 253 75 76 59 250 143 222 238 97 255 249 219 152 188 191
    254 251 143 88 102 253 1 253 63 251 236 119 238 124 47 255 29 55 255
    119 119 255 183 249 220 65 127 121 253 179 251 61 235 125 209 71 255
    49 255 221 29 133 221 229 255 253 114 214 182 159 247 223 60 255 12
    239 254 201 34 223 246 119 61 214 70 204 223 116 253 204 139 249 251
    107 183 117 94 243 121 127 21 246 109 199 63 195 223 82 91 138 208
    250 253 56 117 61 124 39 245 180 119 235 159 236 168 93 243 93 152
    92 63 206 122 173 83 251 105 250 107 220 236 138 223 203 71 25 127
    97 134 174 189 190 238 221 251 55 57 52 158 87 219 101 119 244 88 61
    127 91 95 45 159 231 243 219 98 219 255 54 53 221 110 97 29 157 125
    179 213 22 153 60 175 165 235 191 120 172 254 63 155 205 190 90 158
    50 89 164 60 56 58 64 52 59 83 114 141 19 148 83 114 223 37 105 225
    100 192 122 141 158 241 251 86 43 183 235 151 180 213 186 115 120
    233 119 96 92 59 45 241 5 247 111 154 172 24 5 240 29 158 73 16 242
    51 189 88 87 32 250 242 153 251 215 55 213 217 173 222 231 53 250
    191 202 18 94 254 215 54 59 142 63 226 111 189 211 247 127 82 187
    215 111 199 188 53 254 210 125 234 127 112 220 225 111 179 28 177 63
    155 174 26 7 240 29 188 67 16 242 114 255 249 21 32 255 12 6 108 128
    10 125 164 115 53 222 238 5 89 53 249 229 131 120 199 104 244 112 28
    178 93 44 5 128 108 198 57 211 248 66 87 170 80 114 129 188 254 53
    88 6 84 230 66 74 153 45 28 12 242 29 143 12 16 226 35 188 75 94 40
    248 24 185 191 253 34 243 248 119 83 184 212 213 86 176 27 218 253
    138 227 203 245 61 231 211 169 123 246 254 73 229 247 238 223 56 33
    52 255 248 232 117 120 29 243 39 247 53 179 111 187 234 171 199 240
    29 152 77 23 243 63 249 123 119 97 254 189 254 118 79 255 253 231
    216 255 125 174 251 175 123 252 253 255 247 255 41 245 78 59 252 243
    127 125 127 255 95 219 247 223 227 94 87 246 213 253 191 127 223 106
    183 221 235 252 145 172 213 214 60 255 231 139 239 126 220 230 15
    214 221 53 156 60 248 223 159 50 205 121 255 127 252 71 157 87 182
    255 250 251 214 240 43 140 157 238 187 237 219 176 155 107 203 31
    239 213 36 119 250 86 251 233 118 208 221 109 38 191 22 109 111 157
    172 239 23 242 31 188 77 20 242 59 253 89 79 34 255 242 157 187 215
    55 213 217 173 222 231 21 218 191 202 18 94 126 215 116 59 158 63
    226 111 189 211 247 127 82 187 215 111 199 188 53 254 210 121 234
    127 112 220 225 111 179 28 185 63 155 174 26 7 240 29 188 67 16 242
    114 255 249 21 32 254 24 185 191 125 34 243 248 119 81 184 212 213
    86 176 27 218 191 138 227 203 245 61 231 215 185 123 244 246 109 231
    247 238 223 56 97 180 255 120 232 125 120 29 243 39 247 53 183 111
    187 234 171 207 240 29 152 77 23 243 63 249 123 119 225 222 60 239
    125 136 18 221 37 109 219 214 94 188 81 54 253 234 203 196 129 45 21
    80 64 192 253 148 12 129 47 202 28 9 148 68 245 170 44 122 137 52
    182 159 61 36 54 150 100 100 151 45 175 174 178 29 47 28 4 226 10
    232 91 95 106 243 118 253 253 223 218 207 95 105 239 103 63 188 159
    238 252 254 251 213 122 39 158 127 218 111 95 215 191 63 51 219 95
    111 199 39 87 155 194 127 255 126 182 221 236 239 151 30 253 63 149
