<?xml version="1.0"?>
<opencv_storage>
<ImageFile>"268.jpg"</ImageFile>
<Features type_id="opencv-matrix">
  <rows>26</rows>
  <cols>64</cols>
  <dt>u</dt>
  <data>
    126 253 255 223 254 255 219 53 255 247 95 220 223 126 255 254 255
    215 120 111 159 125 215 247 249 247 190 127 127 251 223 235 215 109
    215 255 222 123 251 119 246 223 253 63 245 190 245 47 159 173 159 15
    250 189 159 95 120 246 123 255 123 223 46 255 124 171 255 221 114
    255 251 247 253 254 223 157 93 244 251 238 187 221 251 111 190 249
    214 187 253 239 182 254 109 223 127 255 247 119 119 251 222 255 249
    126 250 125 245 62 247 174 225 127 159 173 191 207 242 29 157 93 212
    254 123 255 91 78 107 246 47 228 109 221 127 191 223 57 253 255 253
    251 253 121 124 77 128 253 122 251 244 115 210 246 125 255 133 182
    125 127 125 235 223 124 215 186 222 121 248 125 126 223 123 175 245
    117 245 107 189 174 152 15 240 29 159 93 56 247 119 189 251 223 46
    251 199 39 195 151 221 198 139 78 164 237 1 115 131 203 178 71 106
    245 37 99 207 47 234 123 14 219 183 47 82 8 51 111 215 39 84 187 82
    120 233 118 112 76 56 47 201 20 253 111 153 172 24 5 240 28 156 73
    16 242 51 189 88 87 32 250 122 185 255 255 254 231 219 247 255 239
    85 191 255 238 179 94 254 215 122 103 255 189 199 191 223 234 246
    255 75 253 255 239 247 47 53 255 218 127 243 127 88 95 253 110 251
    60 201 63 157 174 26 199 240 61 156 77 88 247 123 191 121 119 163
    255 227 158 211 131 221 132 139 201 238 111 2 127 175 75 242 85 226
    215 60 34 200 7 139 108 78 214 59 47 150 11 19 127 87 167 93 27 82
    253 111 86 97 64 72 27 201 12 252 145 204 204 16 37 245 178 140 235
    80 124 176 61 220 85 48 190 126 54 247 183 223 167 35 121 236 125
    210 59 255 235 179 84 250 213 123 102 249 7 203 125 78 250 188 175
    210 28 115 239 215 37 85 187 82 120 237 118 120 92 56 15 209 29 241
    79 153 172 24 5 240 29 156 73 16 242 51 189 88 87 32 250 204 33 231
    148 80 71 101 111 132 228 197 50 83 234 178 78 235 85 99 103 11 175
    194 51 94 219 148 45 82 140 50 105 215 39 53 186 18 120 97 92 112
    104 60 47 205 28 229 111 25 172 24 5 240 28 156 73 16 242 51 189 88
    87 32 250 69 5 147 214 89 135 91 111 134 229 3 20 147 202 146 70 106
    213 33 103 142 175 194 35 14 202 182 47 82 8 48 107 211 39 85 187 82
    120 227 86 112 120 56 47 193 28 229 111 153 172 24 5 240 28 156 73
    16 242 51 189 88 86 33 250 255 254 255 239 255 255 255 218 255 125
    252 251 175 255 246 253 243 247 63 127 255 223 187 125 239 255 123
    255 255 123 246 239 151 239 220 223 247 245 253 247 127 223 235 125
    221 31 253 181 237 183 159 188 237 247 143 239 120 252 245 191 255
    221 190 157 124 171 239 253 50 127 253 255 221 254 222 189 91 246
    191 238 155 220 251 107 247 125 214 179 125 111 150 149 109 223 62
    235 207 82 231 170 214 254 251 61 120 61 247 102 255 181 119 107 191
    172 175 223 243 29 156 92 102 238 127 235 251 255 235 246 251 244
    125 175 255 191 159 121 255 127 252 251 255 127 244 125 243 213 63
    99 253 103 147 124 237 255 253 63 222 95 119 255 215 36 85 190 82
    121 233 244 114 94 120 47 213 20 245 111 153 172 24 5 240 29 156 73
    16 242 51 189 88 87 32 250 191 254 127 239 255 253 191 249 253 255
    254 255 255 63 249 253 243 245 127 107 253 83 191 124 111 253 253
    191 255 91 127 255 245 228 95 191 119 115 233 246 254 94 122 62 213
    135 216 125 153 173 28 5 248 29 159 73 16 246 51 188 218 87 34 252
    56 157 255 252 38 255 253 119 255 254 213 205 95 252 63 222 189 250
    226 251 246 127 87 247 249 127 246 254 109 247 255 235 207 88 227 36
    255 120 250 121 120 189 247 111 247 245 247 111 191 234 175 207 242
    29 248 93 63 211 255 255 243 251 205 222 124 169 239 253 50 127 253
    255 221 254 222 181 91 246 187 238 155 220 251 107 183 125 230 179
    125 111 150 149 109 223 62 235 207 82 231 234 214 254 251 61 120 61
    247 102 255 183 119 234 191 172 175 223 243 29 156 92 244 238 123
    251 251 255 235 254 64 1 130 146 73 66 0 103 22 56 6 21 18 242 147
    64 106 80 129 34 196 47 207 35 74 138 132 7 18 136 17 110 215 38 85
    186 82 114 65 116 208 84 24 14 65 20 193 207 153 44 24 4 240 28 156
    73 16 114 35 189 88 87 32 249 60 171 239 252 50 255 253 119 253 254
    222 189 95 244 191 238 153 220 227 107 247 125 86 191 253 127 150
    246 109 215 127 235 207 90 231 172 255 252 248 125 124 61 247 103
    247 181 247 107 191 234 175 223 242 29 156 92 63 195 95 255 251 251
    237 254 0 0 130 146 9 67 0 103 22 184 6 21 16 242 147 66 234 80 129
    34 192 35 205 35 74 136 132 6 18 136 17 78 247 38 85 186 86 114 65
    116 208 84 24 14 64 20 65 207 153 44 24 4 240 28 156 73 16 114 35
    189 88 86 32 249 5 6 197 146 25 71 33 127 20 252 6 21 17 186 153 102
    234 84 193 34 208 32 204 179 8 168 128 0 80 72 49 75 253 38 85 186
    86 122 1 116 208 84 24 14 64 4 65 111 153 44 24 4 240 29 156 73 16
    242 35 188 72 70 32 250 127 53 237 146 95 143 75 127 230 102 147 54
    255 238 178 87 242 213 35 103 223 175 211 55 94 202 166 15 82 28 113
    105 211 38 85 187 66 120 229 84 112 88 56 47 213 28 229 111 153 172
    24 5 240 29 156 73 16 242 51 189 88 86 32 250 19 5 154 151 0 198 216
    39 66 230 21 196 146 226 19 18 127 3 32 195 134 45 195 195 152 83
    246 110 2 170 211 99 199 52 1 190 26 72 234 90 112 88 37 171 181 20
    181 111 153 168 24 7 240 25 28 65 25 115 51 185 24 119 32 234 67 22
    135 163 207 166 139 25 180 127 18 71 141 105 49 5 100 255 33 242 196
    39 154 123 74 218 184 110 208 17 49 111 87 44 83 49 91 104 236 96
    112 92 24 142 213 20 241 79 153 140 24 5 244 29 156 73 17 242 51 189
    80 87 0 250 253 190 247 247 254 247 255 255 253 253 214 251 255 251
    179 79 251 213 123 111 253 143 202 125 79 255 191 47 222 91 115 239
    215 39 85 187 86 253 253 118 112 92 122 63 221 28 253 247 157 172 24
    5 241 63 156 75 80 254 51 189 216 87 48 254 243 156 211 135 255 196
    155 137 254 255 19 127 191 110 243 125 255 215 60 51 204 7 207 109
    111 215 249 47 150 59 115 127 215 165 93 59 114 253 237 118 113 92
    104 47 213 28 253 49 157 236 24 5 244 149 156 235 16 242 178 189 220
    87 48 254 255 190 255 183 255 247 191 249 254 255 210 127 255 255
    179 93 251 245 127 103 253 135 219 125 94 255 253 63 218 95 115 255
    215 37 87 191 82 125 237 118 120 92 120 63 221 28 253 53 157 172 24
    5 240 61 156 73 80 246 51 189 220 87 32 250 56 53 253 222 62 183 91
    127 247 252 215 181 125 124 185 86 254 214 67 99 244 115 211 247 221
    170 228 95 122 221 245 235 215 44 85 190 210 120 233 125 112 93 61
    47 213 52 229 111 153 172 24 5 240 29 156 73 16 242 51 189 90 87 32
    250</data></Features>
</opencv_storage>
