<?xml version="1.0"?>
<opencv_storage>
<ImageFile>"269.jpg"</ImageFile>
<Features type_id="opencv-matrix">
  <rows>3</rows>
  <cols>64</cols>
  <dt>u</dt>
  <data>
    254 189 251 255 127 255 219 239 223 255 215 255 255 238 254 254 251
    215 122 127 191 63 243 127 255 223 247 127 83 251 254 239 199 175
    119 255 254 125 251 127 120 221 245 111 255 29 245 127 223 174 24
    207 242 61 188 93 80 246 115 255 251 95 185 254 126 189 255 254 127
    223 219 111 255 245 223 255 255 254 254 254 251 215 122 111 247 63
    211 119 255 222 246 63 114 251 255 239 151 175 119 190 210 122 251
    127 112 93 253 111 253 30 245 111 221 172 153 205 242 29 156 73 80
    246 115 191 121 95 177 254 254 189 255 247 126 255 223 239 255 245
    223 255 255 254 254 254 255 215 122 111 183 127 243 127 255 223 247
    127 122 251 254 239 215 175 119 255 218 127 251 127 120 221 253 111
    255 28 245 111 221 174 153 207 242 29 188 93 88 246 115 255 251 95
    185 254</data></Features>
</opencv_storage>
