<?xml version="1.0"?>
<opencv_storage>
<ImageFile>"271.jpg"</ImageFile>
<Features type_id="opencv-matrix">
  <rows>50</rows>
  <cols>64</cols>
  <dt>u</dt>
  <data>
    63 246 124 171 255 188 159 25 238 127 185 122 173 127 236 117 246
    247 14 240 249 114 155 124 196 244 233 127 254 59 253 127 215 236
    222 190 218 123 169 247 118 94 74 141 212 82 244 29 152 191 24 13
    224 157 223 121 24 246 179 188 218 215 46 185 62 184 255 252 54 127
    253 119 223 254 95 212 95 180 63 254 189 218 114 235 181 85 247 159
    253 119 244 223 109 247 254 234 199 216 231 46 222 254 248 123 120
    221 247 45 183 180 247 111 255 234 175 219 242 29 120 93 110 243 123
    249 251 217 72 254 127 60 255 191 255 183 31 125 254 119 213 58 191
    254 182 95 242 245 123 102 253 215 211 53 94 234 252 63 210 25 116
    171 215 37 84 191 82 121 229 124 112 94 24 15 213 28 229 79 157 172
    24 5 240 29 156 73 16 246 51 189 88 86 34 250 198 201 207 215 255
    213 219 249 158 239 51 218 155 234 243 110 235 213 61 103 78 143 238
    121 79 223 191 47 210 11 50 63 215 39 93 251 82 125 255 118 112 124
    232 127 223 28 253 181 221 140 24 245 209 255 156 235 81 252 113 63
    92 117 145 186 251 60 254 247 255 183 95 253 254 103 213 62 191 254
    182 95 250 213 123 102 255 135 211 61 78 234 188 63 210 29 118 171
    215 37 85 255 82 125 229 118 80 92 24 15 221 28 237 23 157 172 24 5
    240 61 156 73 16 246 51 189 88 86 34 250 255 255 255 255 255 125 221
    251 255 253 253 251 255 255 254 253 251 213 62 111 63 206 175 61 111
    255 63 59 255 127 126 191 242 231 124 91 214 247 255 183 211 255 235
    127 155 158 92 176 205 213 86 245 205 247 167 239 209 252 232 79 221
    108 147 189 205 205 239 213 251 213 219 249 158 239 59 218 155 234
    243 238 235 213 61 103 30 143 238 121 95 223 191 47 209 11 50 63 243
    39 93 251 82 125 255 246 112 124 248 127 223 28 253 183 221 140 24
    245 217 255 156 235 209 252 113 63 92 117 145 186 253 61 214 55 95
    99 98 182 64 161 213 119 246 194 130 90 255 139 123 215 127 141 99
    151 194 123 250 239 194 4 226 226 223 47 69 191 91 60 237 124 120 88
    56 47 221 125 183 239 221 172 24 149 241 126 28 193 80 254 51 189 24
    119 48 234 123 22 236 160 255 183 31 29 166 103 85 26 157 57 54 85
    244 245 25 116 248 71 210 113 78 232 168 63 114 25 113 235 215 44 86
    186 82 120 161 118 80 90 24 15 209 28 229 77 153 172 24 5 240 29 156
    73 16 246 51 188 88 86 34 249 114 237 153 158 2 206 93 11 199 70 29
    144 23 230 116 94 191 19 52 101 6 61 208 7 221 215 183 93 3 186 92
    40 130 60 39 159 138 76 210 90 32 235 181 105 191 28 181 46 215 162
    177 206 42 1 52 187 89 51 120 121 57 85 89 170 191 254 125 239 255
    189 223 152 255 127 253 251 175 123 236 253 243 247 62 57 253 86 187
    124 231 255 121 63 255 123 255 191 151 237 222 215 254 113 189 247
    127 223 107 189 213 91 252 21 172 191 20 13 236 167 207 239 120 246
    180 62 254 223 60 189 251 222 110 167 255 247 155 153 190 127 211 95
    191 108 123 117 252 245 63 114 252 151 158 124 46 254 191 63 222 91
    119 255 87 173 95 123 210 117 237 119 112 92 74 30 213 28 248 53 157
    173 24 5 240 189 156 105 80 246 51 189 222 95 48 190 68 35 17 16 0
    130 34 101 192 162 195 52 112 2 153 2 66 9 67 68 241 33 67 135 152
    40 140 140 0 132 33 200 79 4 69 170 17 40 1 76 40 64 20 130 101 97
    131 78 26 44 137 1 50 24 88 81 0 34 19 177 8 2 96 66 69 13 138 209
    32 146 216 2 49 235 1 196 130 193 32 11 8 41 184 143 134 45 66 203
    65 82 147 102 0 39 0 67 87 18 249 33 17 204 250 35 112 44 168 101
    179 28 119 235 81 202 56 119 149 73 120 142 23 75 82 167 65 113 209
    234 191 254 125 239 255 189 159 152 255 127 253 251 175 123 236 253
    243 247 62 185 253 118 187 124 231 255 121 63 255 123 255 191 159
    237 222 215 255 121 185 247 127 223 107 189 213 211 252 21 172 191
    148 13 252 167 223 255 120 246 182 62 254 223 60 157 116 33 145 54 0
    130 42 111 194 160 211 52 113 6 153 82 122 11 194 68 147 33 67 135
    152 8 228 205 0 172 193 200 15 28 69 190 141 8 1 76 40 0 149 130 101
    97 131 110 59 46 169 75 50 24 88 81 68 43 31 241 40 2 233 66 58 184
    239 136 38 127 28 55 215 230 223 148 95 180 63 254 157 218 98 249
    181 87 87 151 253 117 244 220 105 247 222 234 141 24 195 172 222 78
    232 121 56 157 117 45 183 244 55 110 255 234 175 139 178 29 112 92
    46 243 91 249 123 217 76 206 251 254 255 169 222 255 135 249 254 127
    248 90 255 189 255 221 255 213 63 100 120 197 191 125 206 221 125 47
    215 31 114 63 213 37 93 255 82 117 173 118 114 94 88 31 221 28 252
    149 157 172 24 5 240 191 141 75 80 244 49 188 92 87 50 249 2 5 8 138
    3 154 6 3 38 64 21 0 24 54 45 20 68 18 0 144 193 48 129 99 80 0 0 76
    34 168 153 65 148 48 16 128 98 66 2 72 130 147 12 0 20 150 196 78 17
    44 153 12 52 1 219 139 18 67 58 180 0 82 34 201 244 42 179 177 216
    130 162 233 204 163 195 62 243 198 155 66 122 137 123 70 253 135 202
    221 154 122 252 175 128 140 35 142 79 37 71 191 17 184 237 94 104 84
    48 174 197 57 171 181 157 172 24 33 241 125 28 195 64 250 19 177 88
    87 48 126 120 22 179 179 201 134 35 109 198 99 211 6 247 236 19 22
    246 149 35 68 232 135 195 85 222 200 252 172 194 128 98 170 71 36 69
    190 82 40 37 76 120 80 16 143 213 29 165 77 153 172 24 1 240 29 156
    65 16 242 51 189 88 87 32 250 76 34 229 176 88 167 35 113 132 102
    193 54 209 96 147 66 226 221 67 100 241 37 194 211 92 40 188 140 64
    132 49 200 223 36 69 186 83 120 1 92 120 64 16 14 213 53 227 79 153
    172 24 5 240 29 156 73 16 242 51 189 88 87 32 250 69 207 14 249 200
    190 230 80 41 255 42 202 130 113 109 9 128 105 189 107 206 125 26
    123 67 86 3 230 60 7 57 83 215 210 219 1 17 205 126 34 228 54 106
    101 119 202 119 179 92 89 48 116 215 229 203 190 27 207 211 135 192
    243 221 170 251 61 214 119 215 99 86 167 94 225 85 251 190 234 38 94
    255 147 57 247 127 143 231 55 218 127 251 111 211 154 242 169 223 47
    69 255 91 124 237 124 120 92 56 47 221 61 255 238 221 172 24 133 241
    127 156 203 80 254 49 189 88 87 48 250 77 6 228 41 217 254 35 221
    188 124 202 37 0 63 171 165 203 124 139 96 249 195 30 56 86 233 28
    133 249 69 43 199 45 131 71 33 49 178 37 46 172 20 90 150 69 227 106
    208 60 76 94 40 215 255 132 168 190 236 143 164 206 198 62 80 191
    254 125 239 255 189 223 152 255 127 189 251 175 123 230 253 243 247
    62 57 253 215 187 124 231 255 121 59 255 123 119 191 151 237 222 223
    250 113 189 247 119 223 107 61 209 91 252 21 140 183 20 13 236 167
    143 239 120 244 180 62 254 223 60 189 99 23 194 18 87 2 3 14 230 64
    20 51 174 251 34 85 106 247 33 246 193 47 211 119 66 202 184 13 82
    24 32 105 215 47 84 186 82 120 69 116 112 84 24 15 193 84 229 207
    153 172 24 4 240 28 156 73 16 242 51 189 88 87 32 250 251 158 110
    167 255 245 155 153 190 127 210 95 191 72 123 85 252 245 127 114 248
    7 154 124 110 252 253 47 214 91 115 255 87 173 95 63 82 125 237 118
    112 92 72 31 213 12 252 53 157 173 24 5 240 189 156 105 16 246 51
    189 220 87 48 190 251 29 214 119 215 71 82 167 70 229 85 251 190 234
    34 94 255 147 57 247 127 143 227 55 218 123 255 47 210 152 242 41
    223 47 68 191 91 124 237 124 120 92 56 47 217 61 247 238 157 172 24
    133 241 124 156 203 80 254 51 189 88 87 48 250 116 33 177 18 0 131
    34 101 194 160 195 52 113 130 153 66 122 3 195 70 153 35 195 135 152
    40 236 141 0 140 161 200 79 4 69 190 21 40 1 76 40 64 21 130 101 37
    131 79 27 44 169 11 50 24 24 81 0 42 19 241 40 6 97 66 207 207 206
    247 251 255 254 131 56 249 110 219 158 243 230 239 235 219 61 231
    111 141 239 121 75 223 187 175 211 3 50 183 243 39 85 251 83 125 237
    244 114 92 56 63 221 31 255 181 157 172 24 5 241 127 156 203 80 252
    49 189 92 87 48 250 205 207 206 255 254 255 254 183 60 253 110 219
    158 255 255 239 235 223 61 231 77 141 239 121 75 95 187 47 209 3 50
    55 247 39 85 251 83 125 237 244 114 92 56 63 221 30 255 181 157 172
    24 5 241 127 156 203 80 252 51 189 92 87 48 250 225 13 198 215 17 66
