<?xml version="1.0"?>
<opencv_storage>
<ImageFile>"275.jpg"</ImageFile>
<Features type_id="opencv-matrix">
  <rows>355</rows>
  <cols>64</cols>
  <dt>u</dt>
  <data>
    127 254 117 249 219 239 103 73 45 103 235 60 221 111 237 253 227 253
    25 100 254 125 154 121 126 204 107 237 215 19 121 191 227 199 221
    155 129 243 253 126 39 220 220 233 85 159 238 19 140 21 16 44 235
    245 143 235 88 142 251 174 218 206 59 180 56 247 109 138 246 61 7
    121 237 84 126 22 93 127 253 229 243 244 67 100 116 242 144 246 88
    252 181 24 252 218 127 169 216 108 87 190 210 114 137 124 126 93 24
    63 212 166 244 76 153 173 156 13 242 29 159 89 56 242 51 188 90 94
    40 248 254 253 255 247 119 127 125 255 253 253 253 251 255 254 182
    222 251 213 127 111 127 255 247 55 127 255 183 191 123 219 126 171
    215 37 54 255 210 125 249 245 122 223 253 63 223 21 253 127 157 172
    26 5 248 31 156 77 24 246 115 191 95 95 32 250 247 186 210 103 252
    246 251 176 220 191 82 127 163 91 219 28 122 171 255 146 253 47 159
    221 187 126 127 167 206 251 227 246 111 235 79 117 255 189 239 63
    233 124 227 254 237 233 155 179 252 223 24 243 213 231 156 243 70
    221 214 167 246 255 177 126 108 174 255 249 122 127 241 255 189 252
    206 157 93 252 251 236 219 220 251 106 244 117 222 187 127 237 20
    151 109 223 63 255 247 66 87 250 246 242 253 124 254 125 94 54 85
    166 117 235 191 44 159 29 242 29 156 93 60 230 107 189 219 95 43 254
    108 236 239 249 122 127 247 255 189 254 254 189 95 188 255 238 203
    221 251 106 244 209 238 51 127 237 189 167 125 207 63 251 245 38 85
    250 86 115 253 116 122 93 126 62 85 151 117 239 159 172 30 5 248 29
    156 77 16 244 43 189 91 94 34 250 252 59 255 245 254 127 251 251 255
    253 254 127 255 254 251 252 242 213 127 102 253 157 135 119 95 238
    187 47 218 223 126 255 243 37 85 251 82 127 237 244 208 93 88 30 221
    30 233 111 157 172 24 5 242 31 157 73 16 246 51 189 88 86 32 248 187
    255 124 223 63 189 223 25 255 223 61 250 191 123 124 93 247 247 108
    187 247 126 211 119 249 247 247 127 126 123 247 235 215 124 223 182
    255 89 250 125 116 223 251 109 245 20 245 111 155 191 24 15 240 13
    158 93 48 247 114 191 123 223 172 250 251 220 255 255 255 255 219
    253 255 255 255 255 255 252 255 253 255 247 127 123 252 255 183 124
    239 255 251 127 223 91 255 255 247 109 93 255 214 119 249 245 211
    223 123 62 223 22 253 127 141 189 94 5 248 191 157 73 144 246 59 191
    223 95 34 191 254 57 251 247 118 39 123 254 222 175 209 187 247 194
    146 90 122 215 123 111 47 157 227 159 143 218 254 175 210 233 246
    174 83 47 52 255 94 125 245 119 216 72 245 94 219 61 137 191 223 172
    24 211 240 62 156 211 64 254 49 219 125 23 49 255 19 85 188 156 38
    15 92 39 35 100 61 128 28 225 52 30 253 242 96 225 18 240 113 163
    216 35 228 88 33 148 220 97 210 60 18 44 202 72 194 232 50 155 60 47
    148 20 229 78 145 168 16 15 112 25 16 73 25 243 51 189 80 82 10 235
    77 51 80 117 248 226 250 116 8 43 193 124 192 67 128 97 106 205 31
    103 239 41 174 27 12 218 170 239 80 15 33 191 83 55 29 155 1 245 237
    87 89 104 152 78 227 9 235 51 136 188 80 37 225 252 148 105 208 190
    51 143 88 55 49 182 120 255 255 255 118 127 255 255 253 220 94 189
    127 254 255 238 251 213 123 110 116 123 247 183 127 255 183 189 127
    219 126 191 247 103 117 251 215 115 253 116 251 95 251 62 221 182
    253 110 157 173 95 13 250 31 159 77 80 246 123 189 91 79 34 250 62
    253 254 253 63 255 252 111 125 251 222 253 255 254 255 254 251 155
    251 219 245 127 215 127 245 127 243 247 127 247 255 238 207 120 103
    182 255 123 249 125 120 221 247 111 247 53 247 111 191 238 155 207
    242 29 216 93 54 247 255 255 251 251 169 222 56 205 253 202 66 207
    215 39 175 68 31 204 159 126 126 236 255 179 112 103 22 127 210 227
    123 247 21 60 37 154 94 169 134 103 67 154 195 75 254 26 53 189 252
    167 21 62 117 174 151 128 131 140 178 5 146 223 121 214 120 233 81
    221 13 218 252 253 255 253 118 127 127 251 253 255 253 187 223 254
    255 238 187 221 127 111 127 253 228 183 255 255 183 191 123 223 126
    187 210 37 53 255 214 127 241 125 122 223 253 63 255 63 245 111 159
    173 26 199 248 29 157 93 88 246 123 255 123 86 43 251 33 6 101 136
    200 69 7 93 227 102 168 0 93 45 189 69 203 116 67 96 208 240 24 160
    92 245 45 40 163 154 89 73 192 4 87 154 0 96 37 74 36 64 28 175 84
    144 116 4 144 44 16 12 34 25 4 73 8 224 9 188 88 198 104 240 44 239
    109 216 50 95 85 119 239 214 175 156 93 181 253 238 219 240 98 110
    23 112 85 183 221 117 181 153 109 222 94 160 210 76 71 158 202 122
    219 124 190 95 60 63 22 246 117 110 157 173 134 79 178 29 151 93 56
    230 91 189 123 207 106 242 252 252 255 215 127 119 251 255 255 253
    253 255 255 250 242 254 251 213 127 111 253 143 231 55 223 255 253
    63 219 223 118 255 255 37 116 254 82 121 233 244 88 93 120 63 217 53
    241 111 157 172 26 5 240 31 156 73 16 242 51 189 88 87 32 250 124
    255 255 255 254 255 251 255 253 253 254 191 255 255 255 252 243 223
    251 122 255 255 199 255 255 235 246 191 255 223 255 255 255 111 85
    255 223 255 249 125 255 95 255 126 253 183 219 111 191 174 159 207
    242 63 157 93 108 246 255 255 251 79 171 253 252 253 255 247 127 119
    251 255 255 253 215 255 255 250 242 254 251 213 127 111 125 159 247
    183 223 255 255 191 251 223 246 255 255 37 116 255 210 125 249 253
    88 93 121 62 217 53 241 111 157 172 30 5 240 31 156 73 16 246 51 189
    91 87 32 250 41 142 236 200 46 253 161 53 61 252 86 205 157 61 125
    133 137 120 227 171 244 118 90 251 121 124 4 182 108 215 61 199 207
    120 67 32 255 202 248 40 124 61 122 167 213 241 247 107 185 232 137
    9 246 13 152 28 63 195 247 181 243 219 108 222 253 189 255 247 255
    127 251 255 253 253 214 255 255 254 178 127 250 213 127 103 125 175
    243 119 95 234 246 191 250 95 118 235 215 37 84 254 83 123 249 244
    88 93 56 63 217 53 247 111 157 172 24 5 240 31 156 73 16 246 51 189
    88 87 32 250 60 255 247 252 58 255 241 115 253 220 214 213 95 245
    249 236 242 221 235 106 244 125 212 247 255 250 164 158 108 215 124
    255 247 100 117 190 215 122 249 124 223 93 217 38 253 167 243 111
    157 173 137 13 242 29 157 77 52 246 115 189 91 79 34 251 254 44 237
    189 127 63 127 237 253 255 215 187 253 190 190 206 235 221 123 109
    253 243 226 60 93 217 184 191 251 221 63 239 213 37 84 251 210 123
    165 116 248 223 125 63 215 29 229 109 157 172 26 5 243 63 159 77 80
    246 59 189 93 87 50 251 124 49 251 116 16 34 112 110 208 160 213 53
    100 194 131 82 122 139 163 71 163 45 195 151 156 10 246 205 66 172
    224 232 143 6 37 190 61 56 81 92 104 65 181 224 229 49 35 111 251
    174 169 219 240 28 120 65 110 187 95 211 56 35 229 74 125 63 247 247
    255 191 251 123 252 124 214 55 255 255 249 125 242 245 123 102 245
    47 147 119 222 234 238 159 250 91 124 255 247 47 87 191 214 118 253
    124 220 93 90 14 201 39 193 79 157 172 24 5 242 61 157 73 80 246 115
    189 90 86 34 248 255 253 254 255 255 239 255 251 255 255 253 255 255
    206 254 255 251 223 127 127 255 191 243 127 255 255 251 255 223 127
    254 255 207 239 61 255 247 255 253 247 123 223 255 127 255 31 255
    191 237 254 26 255 233 255 157 239 216 191 255 255 255 127 187 190
    100 207 239 217 234 223 211 65 191 245 15 206 155 124 255 236 139 49
    248 47 222 127 210 99 125 246 148 54 44 219 31 75 151 70 67 170 210
    91 255 60 240 61 236 103 181 30 245 107 157 172 153 13 243 29 157 94
    49 254 114 189 91 221 43 250 251 92 45 169 206 63 47 217 189 127 122
    138 221 168 127 255 247 253 125 100 120 208 188 56 93 253 189 42 211
    211 127 255 96 165 222 121 210 117 165 250 242 78 124 191 87 158 196
    21 141 141 22 5 75 255 141 83 208 252 41 60 222 214 56 177 40 143
    174 216 42 223 240 119 61 252 78 197 81 116 61 238 157 153 219 171
    244 127 222 243 121 106 4 214 109 213 157 230 239 82 99 32 247 202
    248 40 251 61 247 38 117 183 119 107 191 232 175 93 247 77 153 92 55
