<?xml version="1.0"?>
<opencv_storage>
<ImageFile>"276.jpg"</ImageFile>
<Features type_id="opencv-matrix">
  <rows>403</rows>
  <cols>64</cols>
  <dt>u</dt>
  <data>
    125 190 247 120 95 127 163 255 253 252 206 181 125 127 187 237 251
    252 235 98 245 123 223 191 215 105 116 135 123 95 123 239 221 110 87
    190 119 242 253 124 252 93 122 166 85 243 119 235 184 172 220 13 242
    29 156 77 62 246 231 189 218 199 46 254 45 190 247 232 31 127 161
    127 253 252 206 181 125 127 239 237 251 252 227 122 245 115 223 191
    85 109 80 151 127 95 123 239 221 102 87 186 119 242 253 124 252 93
    126 39 85 247 119 235 184 172 156 13 242 29 156 77 62 246 231 189
    219 207 46 222 62 191 237 252 55 253 253 127 189 212 215 240 125 60
    252 222 251 244 99 107 180 118 208 119 93 255 181 57 123 218 127 233
    215 44 87 190 210 120 249 124 124 93 125 47 213 52 245 111 155 172
    153 13 242 29 156 93 56 242 115 189 91 223 40 250 60 191 255 252 55
    253 245 123 253 212 215 252 255 60 252 206 251 252 99 107 244 118
    210 119 125 255 181 187 126 218 126 235 223 108 87 190 210 122 249
    125 124 93 125 47 213 53 245 111 155 172 153 13 242 29 156 93 56 242
    115 189 91 223 44 250 47 252 239 173 190 253 255 253 253 255 214 255
    253 60 251 205 171 253 251 107 253 119 223 125 125 253 189 183 127
    87 127 255 215 236 95 251 247 251 233 127 120 93 127 47 215 53 255
    123 189 172 24 5 240 157 156 77 16 246 59 189 219 223 40 254 124 173
    239 218 50 95 85 127 215 212 223 180 127 190 191 238 251 212 115 111
    23 87 213 183 217 245 148 29 107 218 94 233 207 44 103 190 222 122
    217 124 48 221 181 47 149 180 117 238 159 172 139 141 242 29 156 93
    56 242 123 249 91 221 42 250 236 12 239 177 223 245 235 253 188 255
    210 63 203 200 187 101 137 125 123 98 252 151 222 124 46 251 30 167
    216 87 51 223 103 171 223 123 87 253 109 54 120 100 114 190 87 37
    123 177 61 44 24 5 209 191 156 80 144 164 171 189 206 151 40 182 40
    22 124 138 58 29 1 113 55 124 14 21 29 124 249 229 242 244 193 32
    212 114 145 242 89 32 164 24 56 220 93 107 255 36 87 186 82 122 129
    124 244 93 24 14 84 166 224 79 153 172 152 13 242 29 157 73 16 242
    51 188 90 86 42 248 63 214 125 228 191 189 255 89 189 95 254 235 237
    125 124 85 181 253 207 123 244 122 146 122 229 254 227 246 124 119
    125 239 223 248 223 52 255 121 248 117 125 221 123 47 245 7 247 111
    184 191 24 15 240 149 159 77 54 211 247 191 242 223 172 254 248 251
    255 255 118 119 255 255 255 252 255 189 127 254 251 254 251 213 123
    111 253 255 231 55 221 239 183 63 123 219 126 251 247 36 85 254 214
    122 249 116 242 93 121 62 213 150 209 111 157 172 30 5 242 29 157 73
    16 242 51 189 91 86 34 250 56 21 116 150 3 13 37 111 199 68 223 53
    61 110 188 86 247 146 67 96 241 58 209 39 220 168 224 73 82 216 252
    233 74 36 69 190 130 98 129 92 16 209 21 43 68 52 229 78 145 36 217
    12 98 28 157 73 8 114 123 184 27 6 34 224 248 187 255 255 118 119
    249 255 255 252 254 181 127 254 251 254 251 213 123 111 244 191 231
    55 95 239 180 31 123 219 126 251 247 36 85 250 214 122 249 116 242
    93 121 62 213 150 209 110 157 172 30 5 240 29 157 73 16 242 51 189
    91 87 32 250 45 50 101 33 29 177 165 120 244 190 194 113 233 27 137
    65 202 236 195 104 241 102 91 253 4 56 20 167 92 69 33 207 95 106
    223 186 117 184 41 52 125 68 122 175 69 225 82 227 56 124 24 0 240
    29 140 65 22 226 151 157 202 151 36 118 250 253 255 223 127 127 221
    255 255 253 254 255 191 254 251 254 251 215 123 103 253 175 247 119
    223 239 245 63 251 219 126 255 247 37 85 254 210 122 249 116 242 93
    120 63 221 22 245 111 157 172 24 5 240 31 157 73 16 242 51 189 90 87
    32 250 29 146 52 229 172 181 187 240 60 255 194 79 204 121 25 5 188
    253 195 98 244 96 138 248 40 62 181 242 92 71 247 247 95 208 223 32
    245 248 232 33 125 28 123 14 245 161 219 123 184 220 24 35 244 157
    156 73 22 211 183 165 210 219 32 254 167 188 194 35 223 160 131 152
    252 63 146 127 171 75 163 77 74 117 63 16 233 7 155 124 38 248 57 35
    222 27 35 95 85 239 221 219 114 181 45 54 65 68 74 24 73 88 56 145
    120 60 24 36 213 166 140 227 16 180 164 61 204 221 48 188 44 174 239
    136 18 221 161 127 181 222 214 212 89 60 185 196 203 116 99 104 244
    82 222 243 125 169 4 1 125 220 57 203 197 102 87 186 86 122 233 60
    116 85 60 47 84 180 117 238 155 44 153 12 242 29 156 92 56 226 35
    189 91 223 40 250 60 190 255 232 62 127 176 247 245 254 222 181 125
    55 187 238 251 220 227 107 245 115 255 183 217 105 180 146 109 215
    63 234 253 104 71 180 255 122 233 116 252 93 122 46 212 183 115 111
    187 172 159 13 242 29 156 93 22 242 63 189 91 95 42 250 61 246 125
    206 62 253 181 125 255 84 254 241 125 127 253 212 255 246 194 32 245
    114 145 246 249 125 229 251 111 219 221 239 159 108 71 182 222 80
    249 125 125 93 123 167 244 178 245 111 185 174 137 15 242 29 155 77
    62 242 127 189 250 223 44 222 59 181 125 222 58 141 221 39 247 84
    221 49 125 127 189 84 255 178 66 178 245 122 209 247 220 190 228 89
    106 252 221 233 135 108 71 190 222 88 248 125 116 93 61 175 244 48
    245 111 185 174 137 15 242 29 152 73 60 243 123 189 122 223 40 218
    60 178 239 229 190 181 187 121 252 255 210 251 253 49 185 65 226 221
    227 107 245 101 202 249 77 58 177 182 92 69 49 255 223 32 93 186 87
    248 233 116 248 92 122 47 209 53 211 107 185 172 24 5 240 29 156 73
    22 242 55 189 218 87 32 255 188 249 255 253 55 127 249 255 223 248
    255 253 127 254 255 254 255 158 251 251 247 127 231 255 255 111 246
    255 111 255 254 238 239 127 109 254 255 127 249 125 123 221 247 127
    255 183 183 111 255 254 207 223 250 31 216 93 238 247 255 251 251
    239 239 222 20 51 85 146 52 177 44 114 230 58 192 49 101 83 144 83
    114 214 195 97 193 36 193 247 140 26 228 73 82 140 241 232 87 36 86
    190 80 120 1 116 84 64 18 15 192 36 193 79 152 172 24 1 240 28 158
    73 16 242 51 157 88 87 32 250 115 20 210 23 223 128 147 12 118 229
    21 117 174 203 34 85 110 247 32 179 205 47 203 111 66 130 240 47 18
    25 209 111 215 44 85 182 82 88 235 118 80 92 8 14 209 20 241 111 153
    172 24 5 244 24 156 73 16 114 51 189 88 87 32 250 120 31 255 221 126
    119 245 255 245 252 222 149 95 252 187 110 251 213 107 98 244 181
    212 55 95 234 164 30 122 208 62 251 247 36 85 186 82 122 233 116 112
    93 56 46 213 148 193 111 153 172 24 5 240 29 156 73 16 242 51 189 90
    86 32 250 253 187 247 245 246 247 251 248 252 221 246 255 239 251
    219 110 250 221 255 111 125 15 199 245 175 127 255 255 124 78 246
    187 255 101 117 255 214 125 253 125 125 93 187 62 237 169 219 119
    189 191 157 247 241 255 156 77 100 254 119 223 122 23 37 250 124 63
    255 218 126 119 245 255 245 252 222 181 127 254 187 238 251 213 99
    98 245 183 212 183 95 239 180 143 122 216 127 251 247 36 87 186 86
    120 225 116 120 93 56 46 213 52 193 111 153 172 24 5 240 29 156 73
    16 242 51 189 90 86 32 250 189 254 255 105 255 253 231 253 253 255
    222 127 255 127 251 237 251 253 251 250 245 119 31 253 247 110 126
    247 253 223 255 247 239 107 207 191 254 183 253 125 255 93 90 190
    213 227 255 243 188 253 140 77 242 189 223 85 62 244 215 191 250 251
    238 92 45 134 116 168 25 253 165 93 61 254 194 181 141 63 233 197
    203 252 195 104 241 82 218 121 69 253 8 39 124 78 57 199 221 66 215
    170 113 250 45 52 124 85 122 167 85 197 118 227 152 60 60 44 242 29
    142 12 48 226 39 172 202 207 44 242 124 171 255 221 250 223 243 117
    255 212 215 188 221 118 251 228 251 213 91 102 255 125 199 247 221
    234 180 189 98 220 95 171 215 39 71 190 90 123 221 124 176 93 220 38
    213 190 225 111 157 172 137 13 242 29 157 73 112 246 123 189 88 95
    34 250 20 51 85 146 52 177 40 114 198 26 192 49 101 83 144 83 114
    198 67 96 193 36 193 247 140 154 228 73 82 12 241 232 87 36 86 190
    80 120 1 116 112 64 50 15 208 36 193 79 152 172 24 1 240 28 156 73
    16 242 51 157 88 87 32 250 205 14 230 49 217 228 163 220 172 111 202
