<?xml version="1.0"?>
<opencv_storage>
<ImageFile>"277.jpg"</ImageFile>
<Features type_id="opencv-matrix">
  <rows>410</rows>
  <cols>64</cols>
  <dt>u</dt>
  <data>
    109 190 247 40 95 111 163 254 253 252 206 181 125 127 175 237 251
    253 235 98 245 99 223 191 87 109 124 151 123 95 123 239 221 107 87
    190 119 242 253 124 125 93 94 166 85 243 119 235 188 44 220 13 242
    29 156 77 62 246 167 189 218 199 38 222 45 190 247 40 95 127 163 255
    253 252 206 181 125 127 239 237 235 252 235 114 245 83 223 191 87
    109 88 151 127 95 123 239 221 102 87 190 119 242 253 124 124 93 122
    167 85 243 119 235 184 172 220 12 242 29 156 77 62 244 167 189 218
    199 46 222 45 246 109 169 191 253 167 120 253 126 206 255 237 61 253
    229 203 252 203 104 241 114 152 252 109 253 29 179 125 87 123 223
    221 64 215 186 119 250 233 61 124 93 122 191 85 163 246 97 184 189
    156 12 242 157 142 93 54 230 63 188 218 223 44 250 47 254 239 173
    190 253 191 249 253 255 222 255 221 61 255 205 139 253 251 107 245
    87 218 125 125 253 189 183 95 87 127 255 215 232 223 187 247 251 233
    119 120 92 122 63 215 181 247 121 185 188 24 5 240 157 156 77 20 246
    59 189 219 223 40 254 61 254 125 229 62 189 177 121 253 221 214 255
    255 125 252 69 242 253 231 107 245 118 210 247 125 254 181 183 124
    215 127 235 223 108 215 190 214 122 249 125 125 93 122 47 213 53 247
    111 185 188 153 13 242 29 158 93 60 242 119 189 219 223 44 250 124
    41 239 154 50 95 85 127 215 196 95 180 127 190 191 238 251 213 115
    111 21 215 213 183 219 229 188 29 99 216 94 232 204 44 71 190 222
    122 201 124 48 221 181 47 213 62 101 238 159 172 139 141 242 29 148
    93 120 242 123 249 91 85 42 250 61 191 255 236 54 253 241 123 253
    212 215 252 255 61 253 207 251 252 99 107 244 118 210 247 125 255
    149 191 126 222 127 235 223 108 215 190 210 122 249 125 124 93 125
    39 213 53 245 111 155 172 153 13 242 29 156 93 56 242 115 189 91 223
    44 250 61 191 255 248 55 253 181 127 253 212 215 252 255 60 253 206
    251 252 99 107 244 118 210 247 93 255 149 187 126 222 127 235 223
    100 87 186 210 120 249 124 124 93 125 39 213 53 245 111 155 172 153
    13 242 29 156 93 56 242 115 189 91 223 44 250 248 187 255 255 54 119
    255 255 255 252 127 189 127 254 251 254 251 213 123 111 245 191 231
    55 221 239 180 63 123 218 127 251 247 36 87 190 214 122 249 124 242
    93 125 46 213 22 209 111 157 172 28 5 242 29 157 73 16 242 51 189 91
    86 32 250 56 23 117 152 58 29 13 115 247 126 130 17 93 120 253 68
    246 244 67 96 212 114 145 119 92 184 164 24 90 220 125 105 210 36 86
    190 82 122 129 124 244 94 24 15 208 52 192 79 153 172 24 5 242 29
    157 73 16 242 51 189 88 86 32 249 120 187 255 255 118 119 249 255
    255 252 127 181 127 254 251 254 251 213 123 111 244 189 231 55 223
    239 180 31 123 218 126 251 247 36 85 190 214 122 249 116 242 93 121
    62 213 150 209 111 157 172 28 5 242 29 157 73 16 242 51 189 91 87 32
    250 237 14 239 241 223 245 235 252 188 255 218 95 203 204 251 237
    137 125 123 98 252 215 222 120 47 255 31 166 220 87 51 223 103 171
    223 123 87 253 109 54 120 100 122 62 87 165 91 177 60 60 24 37 209
    255 140 80 208 228 163 191 206 151 40 182 57 247 125 222 62 221 93
    125 247 84 125 177 125 127 253 212 255 246 194 34 245 122 209 246
    217 127 229 89 111 250 221 233 207 108 71 182 222 80 249 125 126 223
    255 167 244 240 245 111 185 174 137 15 242 29 155 93 62 243 127 189
    251 223 44 218 250 189 255 223 127 111 217 255 255 253 255 255 63
    254 251 254 251 215 115 99 245 175 247 55 95 239 241 63 91 219 126
    251 247 36 85 254 82 122 233 124 240 93 60 46 221 22 245 111 153 172
    24 5 240 29 156 73 16 242 51 189 88 87 32 250 59 181 125 222 50 157
    93 39 247 84 61 177 125 127 189 84 255 178 66 178 245 122 209 247
    217 63 229 89 107 252 221 233 143 124 71 182 222 88 250 125 124 95
    189 167 244 112 245 111 185 174 137 15 242 29 152 93 62 243 123 189
    122 215 40 218 253 187 247 245 246 247 251 250 252 157 254 255 239
    251 211 106 242 221 255 111 125 141 199 245 175 127 255 255 252 78
    246 187 254 101 117 255 214 125 253 245 125 92 187 62 233 169 219
    247 172 191 29 247 241 254 156 77 100 254 119 223 122 87 53 250 45
    50 101 32 157 181 161 120 244 62 194 117 233 31 185 69 202 236 195
    96 241 70 91 253 4 56 20 135 126 69 33 207 93 202 223 186 117 184 41
    52 125 68 90 142 69 225 114 227 56 124 24 0 240 29 140 73 54 226 135
    141 202 151 36 118 255 252 255 239 255 255 223 152 255 127 253 251
    175 123 246 253 243 247 62 63 253 223 187 124 239 255 123 63 255 123
    255 255 247 237 158 223 254 245 253 247 223 223 235 125 217 31 252
    53 237 247 22 173 237 183 159 239 120 252 244 31 255 221 62 189 13
    162 239 225 190 177 187 120 120 187 194 251 205 49 169 65 234 221
    227 107 245 101 202 249 77 58 177 166 92 69 49 255 223 32 93 184 87
    248 233 116 248 92 122 47 213 37 211 107 185 172 24 5 240 29 156 73
    22 242 183 189 90 87 32 254 45 54 229 32 28 245 161 126 244 60 194
    53 109 31 185 69 234 236 195 96 241 66 91 255 14 56 52 131 126 77
    113 207 93 106 223 190 117 178 41 116 125 84 90 142 69 225 115 195
    184 60 24 0 242 29 140 65 54 242 135 157 202 199 36 246 60 190 239
    168 54 127 177 127 245 254 222 245 125 63 191 239 251 252 227 107
    245 115 255 183 125 105 180 151 125 85 127 235 221 104 215 178 119
    122 233 116 124 93 122 47 213 181 119 111 185 172 158 13 242 29 156
    93 54 242 47 189 91 223 46 250 118 48 113 34 223 160 11 8 198 3 147
    50 229 66 128 81 118 167 7 212 201 38 1 84 134 152 232 205 210 188
    225 168 66 44 70 190 74 48 1 212 72 64 16 137 192 81 164 79 153 164
    16 0 96 28 156 65 16 242 51 188 24 86 32 120 253 254 255 89 254 255
    243 253 253 255 222 255 255 127 255 237 251 253 255 59 245 127 127
    255 247 127 119 183 253 223 255 254 207 106 207 191 222 191 253 125
    254 93 254 190 213 243 247 247 190 253 140 75 242 189 223 93 126 246
    215 191 251 223 238 254 61 247 109 172 55 61 189 121 245 94 255 118
    125 127 252 101 242 244 71 112 117 114 144 246 93 188 165 153 126
    222 125 185 254 44 86 190 218 122 137 252 222 95 24 15 212 55 244 78
    153 172 152 13 242 29 157 89 48 242 51 188 90 215 42 249 185 223 158
    239 175 189 254 49 63 223 125 203 142 121 124 29 253 255 253 251 244
    119 211 251 225 127 243 254 125 115 247 243 223 120 219 36 255 105
    248 97 127 94 251 63 247 245 247 127 187 219 24 71 252 141 223 93 23
    215 247 191 243 251 204 250 248 255 255 255 242 125 253 255 253 253
    127 255 255 254 255 238 251 212 127 111 62 223 239 63 127 255 183 59
    255 219 126 191 242 103 125 251 214 247 255 246 251 255 253 126 255
    142 89 176 205 141 118 245 219 191 135 108 209 252 105 95 223 44 147
    183 188 249 255 253 54 253 253 255 223 221 221 253 127 190 255 254
    251 222 115 251 183 95 247 247 253 111 246 251 127 255 254 234 207
    108 175 254 222 127 249 125 123 221 247 62 255 183 183 111 191 190
    143 207 250 157 220 85 126 243 255 251 251 255 238 222 125 191 255
    249 242 255 163 253 253 220 222 189 253 126 187 228 251 253 203 110
    253 115 215 247 221 104 172 149 125 220 127 171 255 110 71 190 87
    114 221 124 252 93 26 38 85 167 231 110 189 44 141 13 242 29 157 73
    52 246 59 189 91 79 46 250 252 254 255 217 254 255 255 253 255 255
    222 255 255 126 255 253 251 245 251 42 245 119 95 254 255 254 254
    191 255 223 255 254 239 76 207 255 222 251 249 125 254 93 231 190
    213 231 181 127 190 189 141 203 242 189 159 93 108 246 215 191 255
    223 110 254 60 180 253 142 54 127 61 127 247 254 214 181 125 62 191
    214 251 214 195 104 245 115 211 183 253 168 244 217 123 221 253 235
    221 44 87 190 214 122 233 117 248 221 127 46 212 180 229 111 185 172
    26 13 240 29 157 73 16 242 59 189 91 87 42 250 205 14 231 177 217
    228 163 220 173 239 202 15 131 237 171 45 131 125 187 98 252 143 222
    120 70 232 26 34 216 3 59 223 119 163 93 123 16 247 109 30 92 100 88
