<?xml version="1.0"?>
<opencv_storage>
<ImageFile>"280.jpg"</ImageFile>
<Features type_id="opencv-matrix">
  <rows>322</rows>
  <cols>64</cols>
  <dt>u</dt>
  <data>
    109 47 247 168 82 79 39 79 229 68 142 52 93 190 191 254 235 245 59
    100 97 85 208 55 95 221 156 13 114 138 58 73 149 37 87 186 0 112 205
    92 36 85 60 35 85 28 245 236 157 172 24 12 243 29 148 73 24 254 35
    189 88 71 48 250 45 190 239 169 62 253 191 253 253 255 218 255 221
    61 187 239 203 253 227 107 245 119 222 253 125 253 180 183 92 87 63
    239 223 96 223 186 247 250 233 116 120 92 122 47 215 53 247 123 185
    172 24 5 240 29 156 77 22 242 183 189 218 87 40 254 45 174 111 233
    62 253 163 249 253 254 194 253 205 61 249 229 203 252 235 106 245
    112 222 252 109 125 29 179 124 87 59 223 221 96 223 186 119 250 233
    52 252 92 122 190 85 167 246 105 184 189 28 5 240 29 156 77 22 242
    55 189 218 223 44 254 127 53 117 158 255 175 87 125 230 68 215 52
    253 127 188 85 250 245 67 100 255 43 147 118 220 250 228 29 114 28
    125 41 215 44 85 190 194 114 209 92 52 221 28 15 213 52 229 79 153
    164 24 13 240 29 156 73 56 242 51 189 88 87 32 248 126 51 241 246
    252 162 123 107 194 40 211 115 229 66 144 80 242 199 2 98 199 45 131
    95 142 138 226 159 210 44 245 238 87 37 20 191 90 120 195 213 209 72
    145 78 233 4 201 79 137 166 24 71 112 28 156 73 16 242 51 159 88 7
    33 249 54 51 113 246 252 162 123 73 194 104 211 49 229 66 144 80 242
    199 2 66 199 45 129 95 142 138 226 207 210 44 245 110 87 37 20 190
    82 112 195 85 193 72 145 74 224 4 193 79 153 164 24 71 96 28 156 73
    16 242 51 159 88 6 33 241 243 28 146 19 207 192 129 138 238 163 17
    74 174 203 34 29 125 247 37 215 72 135 211 101 194 223 249 110 146
    26 226 35 215 44 87 191 90 44 109 86 112 88 56 171 221 88 189 181
    153 172 24 1 240 29 156 65 16 240 49 189 92 87 32 250 63 253 253 254
    55 191 125 123 247 212 213 249 127 251 180 95 251 244 99 123 247 126
    209 119 221 255 231 189 123 126 116 233 215 44 85 190 210 120 249
    125 120 223 189 47 213 53 245 111 153 174 24 13 240 29 156 77 24 242
    115 191 123 87 32 250 63 189 255 182 55 127 221 127 247 220 255 241
    63 126 186 95 251 215 99 99 245 39 209 119 221 255 245 31 82 88 247
    235 215 36 85 190 82 120 233 116 112 93 56 47 213 20 245 111 153 172
    24 5 240 29 156 73 16 242 51 189 88 87 32 250 12 162 239 161 60 181
    169 117 252 254 194 241 201 49 153 67 202 221 227 107 245 37 202 251
    77 40 164 167 92 69 49 238 223 32 85 186 87 248 233 116 248 92 122
    46 213 165 211 107 185 172 24 5 240 29 156 73 22 242 55 189 90 87 32
    254 51 53 220 54 55 128 25 42 210 0 213 113 172 123 4 82 118 130 0
    211 225 38 193 119 128 138 224 93 114 56 197 105 159 44 4 190 219 24
    224 125 112 88 57 15 208 17 245 79 153 174 25 7 240 28 152 73 56 243
    55 153 56 87 36 218 63 245 253 254 55 189 125 123 247 212 245 249
    127 123 180 95 251 244 99 123 247 126 209 119 221 191 247 191 123
    126 244 233 215 44 119 190 210 120 249 125 120 223 189 47 213 53 245
    111 153 174 24 13 240 29 156 77 56 242 115 191 123 87 40 250 120 159
    239 254 55 119 249 255 245 252 222 149 127 252 59 238 255 213 99 103
    244 55 197 55 95 239 164 28 123 82 62 251 247 36 85 186 82 122 233
    116 112 93 56 46 213 22 245 111 153 172 24 5 240 29 156 73 16 242 51
    189 88 87 32 250 21 33 24 20 0 129 24 100 66 2 1 52 80 66 129 82 108
    10 2 194 195 32 67 131 152 0 228 205 0 140 161 96 79 28 5 174 10 40
    1 92 16 64 20 10 224 116 131 78 25 172 8 7 48 24 24 65 16 115 19 145
    56 18 96 226 120 157 239 254 55 119 249 255 245 252 254 149 127 252
    59 238 251 213 99 103 244 39 213 55 95 239 164 28 123 210 54 235 247
    36 85 186 82 122 233 116 112 93 56 46 213 22 245 111 153 172 24 5
    240 29 156 73 16 242 51 189 88 87 32 250 63 245 253 142 55 189 157
    122 247 214 149 248 253 59 180 93 250 246 99 113 241 118 209 119 245
    189 245 57 123 92 252 233 223 108 215 190 218 120 233 125 124 95 56
    175 212 113 245 111 153 172 24 13 240 29 156 93 56 242 51 189 122
    215 46 251 119 48 81 135 221 160 15 120 194 111 145 58 229 10 128 83
    114 215 4 101 139 165 195 108 140 144 250 47 18 8 241 45 83 37 156
    159 66 121 33 87 16 74 8 15 195 24 200 21 144 164 16 5 96 184 156 67
    16 50 49 153 92 87 32 179 248 221 238 213 238 215 223 247 63 253 95
    207 159 252 115 238 239 213 125 111 94 141 254 57 95 255 187 46 211
    23 50 63 215 39 85 251 82 125 253 118 112 92 120 63 221 28 253 181
    157 140 30 133 241 255 156 203 80 252 49 189 92 85 16 250 60 48 113
    52 24 37 41 127 194 46 193 52 117 66 147 114 242 196 67 98 241 160
    197 158 156 168 228 137 194 140 113 234 101 36 5 190 16 50 1 92 152
    64 16 142 64 36 129 78 153 44 88 1 112 28 148 65 144 242 35 152 88 6
    34 241 124 49 241 246 120 166 251 110 198 36 211 53 101 66 145 80
    114 215 3 98 231 41 193 119 140 138 230 205 82 40 245 239 87 39 21
    190 16 120 211 87 17 72 145 66 225 4 193 79 153 164 25 69 112 28 156
    73 0 242 51 155 88 7 33 250 62 241 253 158 54 127 221 127 247 212
    253 240 125 59 190 222 251 214 98 251 53 114 245 183 253 171 228 89
    123 220 252 233 221 108 7 190 222 120 217 125 122 223 61 47 212 52
    245 110 187 174 159 15 240 29 157 93 56 242 59 249 123 223 46 251 61
    55 117 180 29 101 35 124 244 92 194 53 109 79 161 117 242 244 195 98
    241 42 129 118 140 168 224 137 90 76 113 233 95 36 149 190 86 112 73
    117 92 68 26 14 68 1 227 78 152 52 24 5 240 28 156 73 24 178 51 159
    88 6 36 240 40 6 237 252 46 253 177 119 181 252 214 133 93 61 57 134
    142 220 195 106 244 112 214 243 93 40 132 146 120 213 61 239 223 32
    81 56 87 122 232 96 252 93 90 46 212 181 227 107 153 168 24 13 242
    29 157 77 20 226 59 189 90 87 34 250 5 34 147 0 72 66 160 230 0 140
    2 5 64 133 131 160 106 72 129 32 64 129 108 131 14 136 8 192 128 8 0
    79 117 3 49 176 52 162 5 4 129 0 24 2 72 128 64 192 24 36 111 48 144
    90 4 65 134 72 11 0 72 4 33 224 61 55 117 182 29 165 163 124 244 92
    194 53 109 79 161 117 242 244 195 98 241 42 145 118 140 168 224 137
    90 76 113 233 127 36 21 190 86 112 73 117 93 68 26 142 68 33 225 78
    152 52 24 5 240 28 156 65 24 178 51 159 90 7 36 240 72 3 134 48 200
    163 34 115 32 32 66 3 130 225 3 1 224 201 33 102 192 5 66 243 74 74
    172 172 64 4 48 96 223 37 85 186 83 120 237 116 120 84 24 15 213 61
    247 79 153 172 24 5 240 29 156 73 16 242 51 189 88 87 32 250 45 174
    108 169 157 253 163 92 189 255 198 125 237 61 233 229 203 253 203
    104 245 115 222 121 101 253 8 167 124 71 57 207 221 192 223 32 117
    250 237 52 252 85 122 167 85 227 119 99 184 252 28 44 247 157 222 92
    62 198 167 173 202 223 44 94 61 182 109 137 190 245 131 249 254 252
    222 53 125 61 249 229 243 244 195 34 245 114 156 252 93 172 164 19
    126 223 123 255 253 100 87 186 86 114 233 124 244 93 90 14 84 166
    240 109 153 173 28 5 242 29 156 73 16 242 51 188 90 87 34 248 69 6
    196 130 217 6 35 244 36 124 2 21 0 15 147 101 66 116 129 32 193 129
    142 48 74 168 8 1 144 8 49 75 117 36 85 186 16 114 5 84 208 68 24
    142 64 0 64 193 24 44 24 4 240 28 140 73 16 96 35 156 72 70 32 248
    62 53 125 158 54 5 93 105 198 102 61 48 125 106 180 86 242 212 2 98
    7 186 129 38 220 138 166 25 82 184 125 105 242 36 20 190 194 112 131
    220 18 202 29 15 208 22 193 78 153 172 16 5 96 28 149 73 16 242 57
    185 88 86 34 249 57 191 255 254 62 247 241 127 245 252 214 245 127
    255 187 236 251 213 99 106 244 127 214 247 95 250 180 159 126 219
    119 235 215 38 85 186 86 122 249 124 124 93 58 46 213 165 245 111
    153 172 24 5 240 29 156 73 16 242 51 189 90 87 32 250 139 146 45 41
    175 241 163 188 188 191 214 77 205 25 59 165 108 252 195 176 240 2
    238 248 40 169 60 226 221 83 115 255 253 168 91 52 127 96 168 96 248
    92 90 30 208 229 210 105 185 204 28 5 244 29 156 73 22 242 183 188
    210 87 32 255 62 117 125 158 54 5 93 105 198 102 61 48 125 106 180
    86 242 212 2 98 7 170 129 38 220 138 166 25 82 184 125 105 242 36 20
