<?xml version="1.0"?>
<opencv_storage>
<ImageFile>"282.jpg"</ImageFile>
<Features type_id="opencv-matrix">
  <rows>364</rows>
  <cols>64</cols>
  <dt>u</dt>
  <data>
    40 5 237 184 6 189 117 119 53 110 124 128 89 172 60 102 129 124 65
    105 180 112 208 179 93 44 132 144 121 212 61 201 211 32 211 168 195
    104 208 104 126 191 60 47 86 22 103 106 27 160 24 12 226 29 159 28
    25 226 123 189 91 214 42 250 250 252 255 215 255 247 223 255 255 245
    255 255 191 254 251 255 251 247 127 103 127 143 255 125 95 255 251
    47 211 155 114 191 215 39 87 255 82 125 253 118 112 92 120 63 221 28
    253 181 157 172 24 5 240 63 156 75 80 244 49 189 92 87 48 250 119 48
    208 23 223 130 27 12 198 35 17 50 175 202 130 86 246 215 33 213 201
    39 195 117 204 202 248 111 82 24 225 43 215 45 84 191 90 120 225 84
    112 72 56 15 209 28 165 79 153 172 24 5 240 28 156 65 16 242 51 189
    88 87 32 250 243 21 187 23 223 130 27 136 238 99 145 46 175 201 34
    23 254 247 59 215 202 135 211 117 198 218 248 111 210 24 226 43 215
    45 87 191 90 120 237 86 112 72 56 143 209 88 245 63 153 172 24 5 240
    29 156 75 16 242 51 189 88 87 32 250 249 222 239 213 238 247 255 245
    61 255 126 207 223 253 114 238 255 213 127 111 126 141 254 121 127
    255 191 46 215 23 114 191 247 39 85 251 82 125 253 246 114 92 120 63
    221 30 253 181 157 140 30 133 241 255 156 203 80 252 49 189 92 87 16
    250 54 240 121 139 186 157 31 73 207 103 61 184 253 102 189 84 243
    215 2 96 139 113 211 100 220 196 229 125 2 184 221 43 135 164 71 158
    202 121 235 94 34 91 101 41 148 28 245 31 147 172 144 13 50 25 148
    123 24 114 56 57 88 95 106 248 76 7 231 177 216 167 34 115 160 124
    194 3 195 241 179 1 226 221 107 102 248 5 82 243 74 122 188 174 208
    4 48 234 223 37 87 187 83 120 237 116 120 84 24 15 209 125 243 79
    153 172 24 5 240 29 156 73 16 242 51 189 88 87 32 250 118 49 80 54
    87 130 3 10 198 0 145 48 37 74 164 81 114 183 7 212 65 38 129 87 134
    154 224 77 82 168 224 168 2 44 6 190 66 56 1 84 72 64 16 11 192 85
    165 78 153 164 24 0 96 28 156 65 16 242 51 189 24 86 32 248 192 0
    130 147 200 130 2 133 2 35 1 2 146 224 51 2 108 145 49 70 202 133
    194 65 90 202 188 46 192 128 51 34 199 37 69 187 82 104 101 74 112
    72 48 15 213 28 161 47 153 172 24 5 240 29 156 67 16 242 51 189 88
    87 32 250 49 23 245 158 34 157 21 123 247 116 6 145 93 121 188 70
    246 214 192 32 212 36 208 247 217 40 164 24 120 216 93 105 223 36 85
    190 82 122 225 124 244 93 56 39 212 52 245 111 153 172 25 13 240 29
    157 73 16 242 51 189 90 87 32 250 64 0 130 147 200 131 10 37 2 35 1
    2 146 224 51 2 108 145 97 70 200 165 194 193 90 74 188 46 192 128 51
    34 223 37 69 187 82 104 101 74 112 72 48 15 213 60 161 15 153 172 24
    5 240 29 156 73 16 242 51 189 88 87 32 250 68 0 173 145 200 135 10
    117 6 103 17 2 209 224 19 2 232 209 67 102 216 37 194 209 92 74 188
    46 64 140 49 42 215 36 85 187 82 120 225 84 112 72 48 15 209 60 225
    111 153 172 24 5 240 29 156 73 16 242 51 189 88 87 32 250 45 50 101
    33 157 177 163 120 244 62 194 117 233 31 153 69 202 236 195 96 241
    98 27 252 4 184 4 131 126 69 33 223 93 232 223 186 117 186 41 52 125
    84 90 142 68 225 82 67 56 125 24 0 240 157 142 73 22 226 135 141 202
    199 36 118 63 53 125 142 55 237 23 124 231 68 151 52 125 127 188 85
    251 244 67 116 113 114 145 54 220 188 228 29 114 24 92 41 216 44 87
    190 194 114 129 92 52 221 28 15 212 52 228 78 153 164 153 12 242 29
    158 73 56 242 59 189 88 215 38 248 55 49 113 38 23 160 1 8 230 0 149
    112 173 75 164 85 118 247 7 240 193 38 129 119 132 154 225 77 82 56
    225 105 150 44 20 158 74 56 1 84 64 192 24 11 192 81 244 79 152 164
    24 4 96 24 158 73 16 178 51 157 88 87 36 248 20 33 152 20 0 3 24 102
    66 2 129 52 80 66 129 66 116 10 66 194 147 32 65 135 152 32 228 200
    0 140 192 96 79 28 5 174 8 40 65 92 24 0 21 10 224 116 131 78 25 174
    8 71 112 24 24 65 18 51 19 177 40 50 96 234 61 54 117 96 157 245 161
    124 244 60 194 53 109 95 185 69 250 252 195 98 241 34 219 255 12 168
    100 131 126 93 113 207 95 110 215 190 117 178 105 116 221 84 90 142
    68 225 227 75 184 60 24 0 242 29 156 65 38 178 151 159 218 199 36
    124 248 141 255 223 34 87 241 255 183 252 86 133 31 252 59 238 255
    212 113 111 84 185 230 51 89 235 180 24 121 208 62 235 247 36 113
    248 86 122 248 124 240 93 56 62 221 22 209 110 153 172 95 5 240 29
    157 73 16 242 51 189 91 87 32 250 231 62 231 147 223 231 131 223 238
    253 130 59 239 251 179 79 234 213 59 103 77 135 219 117 78 219 184
    47 210 8 50 43 215 39 85 187 82 124 237 116 112 92 56 47 221 28 249
    245 153 172 24 5 241 61 156 75 16 244 51 189 88 87 32 250 126 49 241
    246 58 162 123 110 214 36 215 53 117 194 145 82 242 215 2 98 199 45
    193 119 140 138 230 221 82 168 245 239 87 39 53 190 22 120 211 85 80
    72 149 74 225 20 225 79 153 166 25 71 240 28 156 73 0 242 115 187
    120 7 161 250 126 49 241 246 126 163 123 110 214 236 215 53 245 194
    145 82 242 215 66 98 231 45 195 127 140 138 226 223 82 169 245 239
    87 39 53 190 214 120 243 85 88 72 149 74 233 21 225 111 153 166 25
    71 240 28 156 73 64 242 115 187 120 7 161 254 13 6 228 41 59 253 163
    125 189 254 194 5 217 61 187 229 137 124 195 98 244 115 222 249 85
    40 4 150 124 85 57 199 223 64 215 32 117 250 233 40 252 53 90 166 84
    231 243 107 56 108 24 13 243 29 156 8 62 194 191 189 202 199 44 246
    77 13 239 216 34 127 113 246 37 196 239 134 83 252 251 238 137 121
    251 111 54 253 84 179 93 111 150 148 97 198 62 129 250 18 227 234 16
    122 222 56 186 61 188 38 245 255 103 234 31 168 171 93 211 93 145 28
    57 206 121 255 73 242 207 218 154 146 9 133 175 241 155 188 220 187
    208 77 225 16 19 160 124 220 195 146 248 34 238 156 8 41 180 162 221
    81 51 254 237 40 81 52 127 48 168 96 248 92 114 14 208 53 147 105
    185 140 28 1 240 29 156 65 22 242 183 188 90 87 32 255 63 245 109
    252 55 189 125 123 245 220 245 249 125 123 180 95 251 244 103 123
    247 126 209 119 125 191 231 187 123 126 117 233 215 108 85 190 210
    120 249 125 120 223 189 47 212 53 245 111 153 174 24 13 240 29 156
    77 56 242 115 191 123 215 40 250 231 36 80 35 217 130 6 137 106 97
    10 62 176 102 160 117 226 179 21 84 73 131 27 36 70 200 104 45 146 8
    9 52 48 165 84 155 2 114 5 214 2 66 28 8 65 94 200 149 129 36 16 4
    48 18 133 235 16 120 33 60 24 70 50 120 45 254 239 125 255 253 255
    120 253 255 238 255 239 127 237 237 131 253 251 123 253 127 218 255
    103 127 23 183 124 87 127 207 223 235 223 191 247 251 253 53 253 125
    122 191 213 227 255 115 188 255 28 13 243 189 223 77 62 246 247 191
    251 223 172 222 63 245 125 254 55 189 253 123 247 212 245 249 253
    123 180 95 251 244 103 123 247 126 209 119 253 191 231 59 123 126
    117 233 215 108 85 190 210 120 249 125 124 223 185 47 212 53 245 111
    153 174 24 13 240 29 156 77 56 242 115 191 123 215 40 250 238 62 231
    147 223 167 131 223 236 253 130 59 239 219 179 79 234 213 59 102 205
    135 203 117 78 218 184 47 210 12 50 43 215 39 85 187 82 124 237 116
    112 92 56 47 221 28 249 229 153 172 24 5 240 61 156 73 16 244 51 189
    88 87 32 250 102 36 80 163 219 130 6 137 110 97 10 62 176 110 163
    117 226 19 17 84 73 129 155 36 70 192 104 45 146 8 9 33 176 165 84
    155 2 114 5 214 130 82 12 8 65 30 200 149 133 36 16 4 49 26 133 235
    16 120 33 60 24 70 50 249 77 46 239 33 89 243 161 254 184 190 198 53
    194 185 171 203 139 125 187 105 249 215 206 185 7 105 28 166 120 69
    35 207 93 131 213 41 53 191 45 62 252 53 122 38 79 225 83 225 127
    108 57 180 213 253 220 4 118 204 175 237 203 147 68 222 72 0 165 145
    200 167 34 117 0 230 209 22 209 160 147 2 202 89 67 100 248 165 194
    145 28 104 188 172 64 132 49 203 95 36 85 187 18 120 101 94 56 64 16
    14 213 61 227 47 25 172 24 5 241 28 156 73 16 242 51 185 72 86 32
    250 56 150 127 139 186 213 129 253 255 252 30 21 29 63 251 228 251
    244 193 42 212 114 222 252 121 173 52 18 253 219 91 255 245 100 87
