<?xml version="1.0"?>
<opencv_storage>
<ImageFile>"283.jpg"</ImageFile>
<Features type_id="opencv-matrix">
  <rows>356</rows>
  <cols>64</cols>
  <dt>u</dt>
  <data>
    60 255 253 184 50 253 53 127 253 212 215 184 125 60 252 206 251 244
    99 107 181 118 210 247 221 255 181 185 123 222 126 233 215 36 71 190
    210 120 249 124 124 93 124 47 213 53 245 111 153 172 153 13 242 29
    156 93 56 242 115 189 91 223 40 250 61 255 253 252 50 253 245 127
    253 212 215 188 253 60 253 206 251 252 99 107 245 118 210 247 221
    255 181 189 125 222 126 233 223 100 87 190 210 122 249 124 124 93
    124 39 213 181 245 111 153 172 153 13 242 29 158 93 56 242 115 189
    91 223 44 250 45 5 109 184 22 253 37 119 181 254 254 149 89 45 60
    231 129 124 67 105 240 112 208 179 93 173 133 144 120 214 61 201 208
    32 215 170 215 120 241 124 126 253 62 47 86 55 103 106 27 172 24 12
    226 29 158 28 24 226 59 188 75 214 40 250 175 254 239 237 190 253
    191 241 189 255 218 255 223 61 255 237 235 253 251 107 245 87 222
    124 125 255 189 183 95 87 63 255 215 224 223 59 247 251 233 119 120
    92 122 63 215 151 247 121 185 252 24 5 240 157 156 77 22 242 183 189
    218 95 40 254 58 148 124 142 63 77 221 57 247 252 63 53 61 126 121
    244 247 214 64 50 212 114 145 102 249 164 224 89 122 219 221 127 247
    108 85 190 214 122 233 124 114 93 77 46 212 150 229 111 153 172 153
    13 178 29 156 73 24 242 59 188 91 78 42 248 45 254 109 233 191 253
    167 249 189 255 206 255 205 61 253 237 203 253 239 104 245 84 152
    248 109 125 25 179 253 87 59 223 221 64 223 176 119 250 233 53 125
    93 122 191 213 167 246 97 184 189 28 13 240 157 143 77 54 246 183
    173 218 223 44 254 173 254 111 169 191 253 183 249 189 255 206 255
    237 61 253 205 203 253 255 105 245 86 154 248 101 253 25 179 125 87
    127 255 221 96 223 240 119 251 233 53 125 93 122 63 213 167 246 97
    184 189 28 13 248 189 143 77 54 246 183 189 218 223 44 254 60 54 117
    138 62 189 165 121 247 124 250 53 125 127 249 116 242 246 195 32 241
    114 153 254 220 172 228 153 126 217 125 255 239 108 71 190 244 242
    177 252 254 85 83 142 68 226 192 79 186 45 153 9 242 29 159 85 44
    242 127 188 250 206 42 244 45 46 245 168 25 253 165 92 173 124 194
    53 69 61 233 197 235 252 131 96 241 64 222 121 69 253 8 133 124 78
    57 207 85 66 87 186 16 242 45 52 109 84 26 167 69 129 118 227 152 60
    60 52 242 29 142 73 48 224 35 173 202 71 36 114 37 175 237 136 17
    223 165 127 165 68 134 244 89 61 253 205 203 124 99 96 150 116 208
    115 125 245 17 5 52 14 24 73 222 70 215 138 64 120 249 60 52 53 56
    167 85 148 117 238 153 172 153 12 242 29 158 28 56 194 34 173 72 223
    44 250 12 162 239 225 188 177 186 249 120 187 194 251 204 49 171 65
    202 205 227 107 245 101 74 249 77 58 176 166 92 69 49 238 223 32 221
    176 119 248 233 116 248 92 122 46 213 37 211 107 185 236 24 5 240 29
    156 73 22 242 183 189 218 87 32 254 13 175 229 136 17 95 37 95 37 68
    134 180 81 125 188 205 203 124 99 96 183 116 216 115 93 253 17 5 112
    14 24 73 151 70 87 138 0 120 105 28 52 53 56 167 85 148 117 238 153
    172 185 12 242 29 158 8 56 226 35 173 72 215 45 250 46 50 113 32 157
    32 33 88 224 58 194 55 101 67 160 81 114 172 195 208 241 34 25 222
    132 40 228 203 202 156 225 192 73 40 198 190 121 48 1 92 204 68 18
    142 64 97 130 77 184 100 136 0 226 28 76 81 6 50 151 148 170 146 96
    0 54 190 125 219 250 159 211 101 239 245 31 124 253 127 249 244 242
    215 90 34 215 113 223 238 253 226 228 127 46 217 221 127 231 236 71
    158 218 250 251 126 180 93 73 174 213 190 209 47 159 172 137 13 178
    29 157 91 56 118 114 189 218 223 106 252 249 221 238 221 254 255 223
    247 61 255 125 219 159 252 127 238 239 213 125 111 94 141 254 57 127
    255 191 46 215 23 50 63 243 39 85 251 82 127 253 246 114 94 120 63
    221 30 253 181 157 173 30 133 249 255 157 203 80 252 49 189 92 87 18
    251 239 190 239 241 255 245 249 248 188 255 210 127 203 204 251 237
    201 253 127 107 252 215 222 124 47 255 63 163 220 87 51 255 103 175
    223 123 87 253 253 55 120 116 114 62 223 165 251 177 191 189 24 133
    217 191 156 81 208 244 251 191 206 159 40 182 237 14 231 241 217 229
    225 252 189 253 202 31 203 237 171 239 139 125 251 99 252 143 254 56
    95 255 26 162 216 7 59 207 95 163 117 123 17 255 125 62 93 116 122
    190 79 1 111 177 24 12 120 52 209 254 140 12 152 236 225 191 206 71
    33 246 185 255 116 214 51 109 181 255 247 252 254 241 125 121 250
    246 255 214 199 43 117 170 245 54 221 175 245 91 255 222 255 255 253
    36 116 190 246 114 249 252 247 95 58 63 204 38 213 108 169 165 94 13
    242 31 159 73 18 242 55 189 90 70 32 250 122 52 253 183 255 183 27
    125 254 119 215 60 189 250 185 86 242 213 91 100 249 119 195 117 76
    232 172 63 114 88 117 235 215 36 85 187 82 122 161 116 240 93 28 14
    213 28 225 79 157 172 24 5 240 29 156 73 16 246 51 189 88 87 32 250
    194 5 130 19 200 130 2 129 2 35 1 2 146 224 2 2 108 131 49 70 202
    133 66 65 90 218 188 46 194 128 34 34 199 37 69 187 82 40 109 92 112
    88 48 143 209 92 181 47 153 172 24 5 240 29 156 67 16 242 51 189 88
    87 32 250 195 5 130 19 200 130 2 129 2 35 1 2 146 224 2 2 108 131 49
    70 202 133 66 65 90 218 188 46 194 128 34 34 199 37 69 187 82 40 109
    76 112 88 48 143 209 92 181 47 153 172 24 5 240 29 156 67 16 242 51
    189 88 87 32 250 125 190 247 123 255 255 227 126 253 252 206 253 109
    127 171 253 251 253 235 98 245 111 223 127 215 235 100 183 127 95
    123 239 223 239 87 190 119 242 253 124 124 93 122 174 213 243 247
    107 184 236 24 13 240 61 156 77 62 246 247 191 218 215 46 254 45 50
    101 33 189 181 161 120 244 190 194 113 237 27 185 69 202 252 195 104
    241 98 219 253 4 184 4 167 126 77 49 223 95 236 223 186 117 184 41
    54 253 84 90 142 68 225 82 67 184 125 24 1 242 29 140 73 52 226 183
    157 202 215 36 254 20 33 17 20 0 128 8 100 66 34 1 20 80 66 145 18
    120 10 2 194 195 32 67 194 136 8 164 201 0 140 161 96 71 52 5 174 8
    40 1 84 32 64 20 10 224 116 131 79 25 172 8 3 112 24 24 65 0 115 19
    177 24 83 96 234 45 50 101 33 188 181 161 120 244 188 194 117 237 31
    185 69 234 252 195 104 241 98 219 253 12 184 20 131 126 77 113 223
    95 228 215 186 117 184 41 54 125 84 90 142 69 225 210 67 184 125 24
    1 242 29 158 73 52 242 183 157 202 215 36 254 120 189 255 222 55 119
    249 255 247 252 220 181 127 254 187 238 251 213 115 103 245 63 245
    55 95 235 164 29 123 216 118 235 247 36 85 186 82 120 233 124 112 93
    56 46 213 20 245 110 153 172 24 5 240 29 156 73 16 242 51 189 88 87
    34 250 5 34 151 33 8 224 160 118 0 190 66 5 64 133 153 2 72 72 131
    106 225 0 78 153 77 8 4 196 64 4 49 199 117 18 117 40 21 186 5 4 172
    36 26 6 70 128 67 227 24 108 124 48 209 92 12 8 134 72 3 132 72 7 97
    242 115 1 136 150 7 2 92 14 70 128 21 144 50 138 6 26 110 19 48 213
    2 133 225 7 8 211 240 13 18 40 148 105 146 36 52 186 3 72 66 84 80
    202 53 41 145 28 165 110 145 166 25 5 112 24 180 195 16 178 51 185
    24 85 32 235 45 238 100 169 63 253 165 93 125 250 234 253 237 63 237
    237 203 252 163 105 245 98 219 125 101 253 49 167 127 79 51 207 223
    228 221 186 119 248 233 54 125 92 122 47 85 149 119 107 152 188 24 5
    240 29 158 73 16 242 183 189 218 95 32 254 120 13 255 252 50 127 121
    255 117 220 215 151 95 188 187 206 235 221 115 111 124 189 198 179
    93 234 178 152 88 68 62 169 210 36 117 250 82 122 193 116 240 93 56
    46 215 20 193 110 153 172 24 5 240 29 157 77 16 242 59 189 89 86 34
    250 121 61 255 222 55 119 125 127 247 252 253 181 127 254 191 254
    251 213 99 103 245 47 229 55 95 235 180 29 123 216 118 235 215 36 85
    186 82 120 233 124 112 93 56 47 213 20 245 110 153 172 24 5 240 29
    156 73 16 242 51 189 88 87 32 250 120 189 255 222 55 119 249 255 247
    220 220 181 63 254 187 238 251 213 115 103 245 63 197 55 95 235 164
    29 123 216 118 235 247 36 85 186 82 122 201 116 114 93 56 46 213 20
    245 110 153 172 24 5 240 29 156 73 16 242 51 189 88 87 34 250 125 63
