<?xml version="1.0"?>
<opencv_storage>
<ImageFile>"284.jpg"</ImageFile>
<Features type_id="opencv-matrix">
  <rows>393</rows>
  <cols>64</cols>
  <dt>u</dt>
  <data>
    178 221 109 222 54 157 93 9 239 71 61 218 191 250 116 94 247 247 36
    103 14 246 144 103 93 215 167 59 51 186 92 41 146 36 86 154 194 88
    243 255 50 219 45 105 148 30 245 47 145 172 16 13 42 25 183 95 24
    242 112 61 89 84 42 251 61 255 117 252 51 125 245 127 189 220 254
    181 93 125 249 230 243 220 195 107 244 104 244 179 93 174 160 217
    125 214 125 251 254 100 117 186 214 122 217 252 223 93 58 46 212 135
    195 110 153 173 93 13 242 29 157 77 16 242 115 189 91 78 34 248 61
    55 247 116 20 103 97 126 212 252 198 53 103 221 147 71 234 252 195
    106 241 46 228 183 14 170 134 129 122 12 112 237 127 39 181 186 20
    54 81 85 93 96 154 134 104 161 67 206 8 52 127 148 240 62 158 69 160
    162 43 223 200 6 39 250 126 50 247 183 255 167 59 124 206 239 211 55
    239 202 147 86 242 213 123 102 249 135 195 125 142 232 254 175 82
    156 113 175 71 45 85 191 82 125 229 87 120 64 17 142 205 41 233 63
    156 172 24 1 240 188 156 65 64 254 51 185 88 23 48 246 72 1 139 145
    0 131 32 110 0 162 195 6 208 128 3 2 8 77 1 71 10 165 194 147 12 136
    144 132 64 4 48 9 87 16 81 168 16 104 64 64 48 32 48 6 225 20 193
    110 25 168 56 5 209 29 28 8 17 226 51 185 72 22 1 250 122 113 249
    190 54 79 95 47 215 230 93 176 61 166 190 222 251 214 82 245 31 179
    229 39 189 195 238 29 67 249 252 232 192 44 4 255 202 119 129 124 50
    203 245 41 151 30 229 110 159 172 211 133 106 29 181 89 216 242 121
    249 125 30 58 243 68 34 179 145 88 198 42 101 194 166 131 20 209 128
    147 66 234 69 3 98 139 165 78 137 140 192 190 175 2 140 49 78 71 132
    85 187 16 252 101 86 32 64 32 14 71 12 1 51 153 172 56 33 240 29 28
    65 0 122 19 185 72 86 96 246 76 1 139 145 0 3 32 230 0 162 67 6 208
    128 3 2 8 73 1 71 10 165 194 147 9 8 144 132 64 0 50 9 87 16 81 168
    17 104 64 0 48 48 48 38 119 20 65 106 25 136 56 5 209 93 28 8 17 226
    51 185 72 87 1 250 200 13 175 245 98 127 121 255 189 245 199 143 219
    248 123 142 173 221 125 111 126 173 246 50 95 223 145 34 209 2 54
    187 211 52 80 248 82 122 224 116 208 124 56 62 209 22 193 108 153
    172 24 5 208 31 157 73 17 242 49 189 92 86 32 250 233 13 175 245 226
    127 121 255 189 245 215 143 223 252 122 206 172 221 123 103 124 173
    226 50 95 250 176 58 208 144 54 171 211 37 85 250 82 123 192 124 208
    93 56 62 217 22 225 109 153 172 24 5 240 31 157 73 16 242 49 189 92
    86 32 250 124 61 255 255 127 127 251 255 253 252 222 183 255 254 251
    254 251 213 123 103 245 247 215 119 95 255 180 63 122 90 126 251 247
    36 85 186 82 122 233 116 240 93 56 46 213 22 245 111 153 172 24 5
    240 29 157 73 16 242 51 189 88 87 32 250 120 30 255 255 255 191 63
    125 255 119 87 26 191 250 187 94 242 213 121 102 252 87 195 117 78
    232 172 63 122 89 125 171 215 37 85 187 82 123 229 116 240 95 24 14
    213 156 193 79 157 172 24 5 240 29 157 73 16 246 51 189 88 87 32 251
    51 49 80 54 17 2 0 10 198 0 21 50 52 74 132 80 118 130 5 212 67 38
    129 71 158 154 228 73 194 168 192 40 130 44 4 190 74 56 1 220 0 194
    16 11 192 80 160 78 145 164 16 0 96 24 156 65 16 114 51 184 24 22 32
    249 63 181 117 142 255 141 23 125 230 68 151 52 253 127 188 85 250
    247 66 116 209 99 147 118 220 248 224 29 114 24 93 41 215 44 85 158
    66 114 201 92 52 93 28 15 213 20 245 79 153 172 24 13 240 29 156 73
    56 242 51 189 88 87 36 248 63 245 125 254 55 189 93 123 247 196 213
    240 125 122 180 95 251 244 102 115 247 118 209 119 221 191 229 29
    122 254 117 233 214 44 87 190 210 120 249 125 120 223 61 47 212 20
    245 111 153 172 24 13 240 29 156 73 24 242 115 189 120 87 40 250 19
    133 174 20 38 65 216 54 18 152 180 193 74 64 0 34 108 128 98 147 212
    40 228 195 137 43 161 66 64 22 128 106 223 56 81 184 94 40 234 240
    112 28 59 47 208 48 177 110 185 172 24 5 240 29 156 65 23 243 55 189
    88 87 32 251 63 245 125 254 55 189 93 123 247 196 213 240 125 122
    180 95 250 246 98 115 247 126 209 119 221 191 231 25 114 188 244 233
    214 44 87 190 218 120 249 125 120 223 61 47 212 20 245 111 153 174
    24 13 240 29 156 73 24 242 115 189 120 87 40 250 56 253 127 254 34
    101 253 103 215 220 92 149 125 236 249 254 255 222 67 106 244 58 213
    183 221 191 230 216 75 214 252 249 226 44 103 190 215 122 217 124
    122 93 245 46 214 183 231 110 155 172 223 13 250 29 156 89 144 242
    123 249 91 78 42 242 255 52 255 191 254 183 95 253 126 127 85 62 255
    239 182 95 250 213 121 100 249 213 195 61 78 232 184 63 218 25 127
    175 215 37 20 251 82 121 165 118 80 222 88 14 209 28 205 29 157 172
    24 5 240 61 156 73 88 246 59 189 88 86 34 251 35 134 77 138 159 157
    135 25 100 86 6 68 169 63 60 69 203 116 1 32 192 112 155 96 64 148 0
    3 190 26 25 75 149 100 215 154 82 82 41 54 116 85 8 13 84 148 244 65
    16 44 24 4 182 9 142 9 24 96 34 188 72 87 44 248 255 60 255 191 254
    183 27 245 126 127 85 62 191 239 183 93 242 213 57 102 233 197 195
    124 78 200 188 63 210 25 127 47 215 37 21 251 82 121 229 118 80 94
    24 30 209 28 233 21 157 172 24 5 240 61 156 73 16 246 49 189 92 87
    34 251 62 52 253 142 54 93 29 127 247 252 156 177 125 62 190 214 251
    246 67 97 241 82 209 180 221 169 228 25 123 216 253 233 197 44 87
    190 218 120 161 124 112 223 60 47 212 52 228 108 153 172 152 13 242
    29 157 73 16 242 51 188 91 87 42 250 249 221 255 245 254 255 255 247
    189 253 126 223 223 252 251 239 235 213 127 111 126 141 238 57 111
    255 191 47 219 87 126 191 243 39 117 251 82 119 253 246 210 92 120
    62 221 30 253 181 157 173 94 181 249 255 157 203 80 252 49 189 92 87
    50 250 248 221 255 245 254 255 255 247 189 253 126 223 223 252 251
    238 251 213 127 111 126 141 238 57 111 255 191 46 223 87 62 191 243
    39 117 251 82 127 253 246 210 93 248 62 221 30 253 181 221 173 94
    181 249 255 157 203 80 252 49 191 93 87 18 250 99 5 167 182 79 38 1
    126 196 100 208 3 235 233 18 4 234 213 35 102 224 167 195 119 78 170
    180 12 210 20 48 105 215 36 84 186 82 120 65 84 80 80 24 143 193 16
    225 79 153 172 24 5 240 28 156 73 16 242 51 189 88 87 32 250 12 135
    175 253 42 181 254 113 61 255 227 137 217 113 57 7 128 221 227 107
    252 117 82 251 93 126 135 182 72 215 53 203 215 48 87 40 215 120 248
    97 120 60 123 47 247 53 247 107 153 168 24 7 240 29 156 72 23 243
    115 189 122 87 40 250 28 33 253 124 16 103 121 118 193 134 197 180
    81 224 145 66 138 8 195 75 183 40 68 151 157 42 134 137 64 140 52
    200 111 22 37 174 140 56 83 92 56 40 181 230 38 177 3 110 59 46 235
    211 112 28 48 20 173 227 91 195 41 162 227 227 115 52 244 50 223 166
    3 28 230 102 145 52 173 203 163 87 254 247 33 244 201 7 211 117 198
    200 248 109 82 24 240 41 215 44 87 191 90 120 101 116 112 88 24 15
    209 92 225 79 153 172 24 5 240 29 156 73 16 242 51 189 88 87 32 250
    62 53 125 252 54 173 125 127 197 206 249 176 125 236 189 86 243 220
    67 106 183 56 192 55 221 168 166 153 83 220 124 233 82 36 53 190 194
    122 209 85 58 203 189 47 214 151 197 78 155 164 82 5 106 28 151 77
    152 242 123 249 89 14 34 179 99 51 195 18 221 130 131 10 230 40 2
    115 163 203 130 85 226 247 33 86 193 39 195 119 70 218 248 47 82 8
    32 107 215 36 85 186 82 56 105 116 112 84 24 143 209 80 245 79 153
    172 24 1 240 29 156 73 16 242 51 189 88 87 32 250 60 49 241 182 120
    166 123 110 198 36 211 53 101 74 145 80 250 215 3 98 231 43 193 119
    140 138 230 205 82 40 241 233 87 36 21 190 0 120 193 84 24 64 153 74
    225 5 225 79 153 164 25 5 112 28 156 73 0 242 51 185 88 7 33 250 14
    167 104 240 61 184 60 73 53 90 194 113 192 80 236 69 128 92 129 80
    229 116 80 123 69 154 131 135 94 100 45 193 23 144 222 170 113 122
    233 53 232 62 58 105 244 133 247 75 152 190 24 5 226 21 255 8 22 194
    183 191 74 87 172 122 58 161 204 30 34 129 92 39 115 160 53 168 60
    242 38 90 29 2 96 211 151 125 67 135 209 3 193 252 105 252 204 96
