<?xml version="1.0"?>
<opencv_storage>
<ImageFile>"285.jpg"</ImageFile>
<Features type_id="opencv-matrix">
  <rows>336</rows>
  <cols>64</cols>
  <dt>u</dt>
  <data>
    68 1 171 244 96 182 122 115 4 174 193 130 195 193 144 11 0 77 123
    111 174 173 64 211 14 74 134 198 64 164 48 202 67 19 22 171 18 60
    242 113 88 40 177 239 243 24 131 107 25 168 56 83 241 93 156 24 17
    251 115 159 72 118 193 251 62 181 253 143 247 221 215 13 255 197 151
    254 189 126 190 84 251 215 48 119 215 115 211 102 125 215 241 63 114
    187 95 41 135 44 85 158 210 121 235 116 112 221 61 47 213 20 245 47
    153 172 153 13 240 29 156 73 16 242 58 189 88 95 44 250 231 36 193
    138 209 66 7 207 231 96 0 54 49 174 163 86 203 21 17 68 9 131 255 36
    86 192 24 13 147 136 26 9 33 7 21 219 0 116 5 94 0 66 28 0 13 28 72
    132 85 36 82 52 3 58 4 171 216 44 41 56 12 68 50 241 131 204 8 139
    143 217 130 141 43 195 46 206 152 54 111 233 201 16 4 176 12 208 174
    32 97 133 25 33 183 11 27 19 180 228 89 66 66 83 143 178 179 23 76
    56 20 150 124 176 129 29 86 36 159 131 197 170 144 64 40 44 84 76 34
    177 131 204 72 139 139 217 130 140 59 195 62 206 152 62 111 232 201
    16 20 184 12 208 174 40 97 197 25 33 183 11 27 55 180 228 89 82 82
    83 175 186 179 95 76 60 20 150 124 176 129 29 86 36 157 135 133 234
    144 64 168 44 85 76 34 177 123 30 254 191 255 191 59 121 255 119 87
    62 191 251 191 95 242 213 121 102 253 199 195 117 78 234 184 63 114
    25 120 171 215 37 85 187 82 123 229 116 240 92 24 15 213 28 225 79
    157 172 24 5 240 29 157 73 16 246 51 189 88 87 32 251 253 255 247
    253 114 111 249 247 185 220 207 223 95 253 255 254 255 255 251 111
    246 45 246 243 255 111 246 254 125 87 254 239 223 115 117 253 215
    126 250 125 251 61 187 119 253 55 247 239 253 174 121 223 240 127
    157 77 119 255 119 191 123 125 131 251 250 30 254 247 255 183 251
    249 254 255 87 58 191 251 187 93 250 213 121 102 125 199 211 117 94
    250 184 63 210 25 118 171 215 37 85 251 82 125 237 116 112 92 56 31
    221 28 249 181 157 172 24 5 240 61 156 73 80 246 49 189 92 87 32 250
    55 48 121 128 63 148 145 76 246 212 151 116 125 59 145 84 234 212 3
    96 193 34 194 119 12 152 164 15 82 8 113 107 215 36 85 186 82 120
    233 116 112 92 56 15 209 20 241 111 153 172 24 5 240 29 156 73 16
    242 51 189 88 87 32 250 73 4 130 17 201 163 42 124 0 163 195 6 160
    192 3 2 106 29 1 70 200 165 194 145 0 74 184 174 80 0 33 106 95 36
    85 187 83 104 101 86 112 64 56 14 209 29 163 47 153 172 24 5 240 29
    156 65 16 242 51 189 88 86 32 250 73 2 68 34 68 35 34 54 224 2 66 4
    44 35 33 3 96 233 67 244 241 35 65 246 0 40 172 140 64 4 33 192 223
    44 69 186 91 56 1 116 124 84 24 15 209 113 227 79 153 172 24 5 240
    29 156 73 16 242 51 180 88 87 32 250 252 125 255 254 54 127 125 255
    245 220 254 183 127 254 255 238 251 212 123 111 117 191 229 55 95
    235 180 25 123 220 126 185 242 36 85 250 82 122 209 116 242 95 56 62
    221 22 193 110 153 172 30 5 240 29 157 73 16 242 59 189 89 86 34 251
    124 51 247 181 222 167 43 126 196 126 210 53 253 202 147 86 250 213
    123 102 249 7 194 119 14 232 172 173 82 156 112 235 87 37 85 191 82
    120 101 84 120 68 16 15 197 13 225 79 157 172 24 1 240 60 156 73 80
    246 51 157 88 87 32 242 35 134 108 138 159 221 135 93 36 70 2 100 57
    63 188 69 203 116 1 32 208 82 155 96 68 180 8 3 190 26 25 75 213 100
    215 154 66 114 41 54 116 84 8 13 84 20 116 65 17 44 24 4 178 29 142
    9 24 96 34 188 72 215 40 248 44 186 239 237 62 253 187 241 61 255
    214 255 221 61 251 229 235 221 227 107 245 117 218 249 109 254 181
    183 92 87 55 255 215 96 95 186 87 122 233 116 248 92 122 47 213 23
    247 107 153 172 24 5 240 29 156 73 20 242 51 189 90 87 32 250 125 54
    245 229 126 183 187 124 244 255 208 113 237 59 147 85 242 253 203
    107 241 35 202 255 204 170 236 191 94 93 113 239 119 36 92 191 86
    120 233 117 252 76 58 142 209 33 209 111 185 172 24 5 240 29 156 73
    16 242 51 157 218 87 32 255 45 38 237 168 30 117 37 126 180 126 236
    21 93 189 187 229 235 252 67 96 240 66 244 51 78 169 164 137 91 84
    57 233 245 36 85 186 82 114 1 116 250 86 24 14 84 151 194 76 153 44
    94 4 240 29 157 73 144 242 43 188 88 86 34 241 252 233 255 221 50
    127 249 255 221 253 255 189 95 190 251 238 187 212 251 111 63 217
    230 183 125 239 183 177 109 219 126 191 241 71 117 251 214 255 251
    252 242 125 253 54 191 182 73 252 143 173 255 253 219 31 149 92 208
    252 105 127 95 76 43 247 45 38 237 168 30 125 37 127 180 126 238 21
    93 189 191 231 235 252 67 96 240 66 252 51 78 169 164 137 123 84 57
    233 245 36 85 186 82 114 1 116 254 86 24 14 84 151 194 76 153 44 94
    4 240 29 157 73 144 242 43 188 88 86 34 249 179 244 116 95 255 204
    223 137 255 125 61 251 191 123 228 253 247 247 28 178 223 42 179 108
    246 223 247 63 255 123 223 63 247 237 94 223 250 113 251 255 83 222
    72 223 209 94 253 31 133 183 86 13 252 134 159 235 24 246 240 63 254
    95 178 185 65 5 128 144 201 135 2 53 6 102 1 6 144 200 19 6 228 241
    65 196 216 39 210 195 90 104 172 12 80 136 48 33 207 36 85 186 82
    120 5 92 112 88 16 143 213 56 165 79 153 172 24 5 240 29 156 65 16
    242 51 189 88 87 32 250 5 33 129 16 0 128 40 102 0 162 67 20 64 194
    129 2 10 72 129 66 130 40 196 131 12 136 130 1 0 8 32 72 119 22 53
    170 0 122 67 20 128 32 152 2 98 4 1 74 25 44 56 21 48 24 20 8 128 98
    27 153 72 6 33 242 61 38 245 133 58 245 163 125 244 252 214 53 93
    125 185 228 242 212 67 98 245 35 214 247 93 168 164 143 122 220 121
    235 247 36 85 186 82 122 233 124 220 92 24 142 212 54 225 111 153
    172 24 5 240 29 156 73 16 242 51 189 90 87 32 250 56 150 125 138 62
    157 129 57 247 124 94 85 61 127 249 228 242 214 65 32 212 114 156
    118 89 168 164 26 126 217 125 255 245 100 87 186 86 114 169 124 244
    93 90 14 212 134 208 79 153 173 152 13 242 29 157 73 16 242 51 188
    90 95 42 248 127 52 253 188 254 183 63 125 246 102 213 48 253 187
    180 87 242 213 25 100 248 5 194 49 76 232 168 61 82 24 117 169 215
    37 20 187 82 120 165 116 112 94 24 15 213 28 229 79 157 172 24 5 240
    29 156 73 16 246 51 188 88 86 32 251 115 53 242 147 223 134 3 30 230
    103 145 54 175 203 35 85 254 247 33 246 201 135 211 117 198 202 248
    109 210 24 242 41 215 45 87 191 90 120 101 84 112 64 24 15 213 88
    229 79 153 172 24 5 240 28 156 73 16 242 51 189 88 87 32 250 231 245
    105 23 253 162 219 216 162 69 181 122 174 75 134 85 162 213 60 103
    75 175 162 112 108 218 185 63 210 41 35 45 215 37 20 219 66 121 233
    247 81 202 57 15 209 24 249 31 153 164 16 5 112 30 156 73 16 242 49
    157 88 87 32 251 187 244 92 103 255 177 219 184 223 187 212 251 175
    91 64 85 118 183 254 155 253 127 203 252 161 126 243 255 126 115 231
    254 159 249 140 117 255 153 248 255 89 93 235 253 243 113 191 123
    191 223 137 107 252 165 248 245 119 183 246 223 179 251 252 94 247
    245 97 23 253 162 219 216 186 69 181 123 175 75 134 85 234 213 60
    119 75 171 162 116 108 219 185 63 210 43 99 47 215 37 20 219 66 113
    233 247 81 200 57 143 193 24 253 29 137 164 24 5 248 190 156 73 16
    178 49 189 88 23 32 251 243 21 242 19 223 130 3 158 230 101 147 34
    175 203 35 85 254 247 33 246 200 135 211 117 198 202 248 111 210 24
    226 43 215 45 87 191 90 120 101 84 112 80 24 143 213 88 229 79 153
    172 24 5 240 29 156 73 16 242 51 189 88 87 32 250 247 244 113 39 253
    226 219 216 254 101 181 123 175 75 134 117 234 213 60 119 79 171 162
    116 110 219 249 63 210 43 99 47 215 37 52 219 82 113 233 247 81 216
    25 143 201 24 253 29 137 164 88 5 240 190 156 73 16 242 49 189 88 87
    32 249 73 4 0 40 1 171 34 44 4 32 198 4 48 28 41 6 196 56 67 212 240
    51 209 147 80 40 200 140 96 148 137 193 141 12 67 168 1 10 128 72
    168 21 20 130 68 225 163 78 153 38 137 12 114 29 89 17 32 226 31 176
    8 130 46 72 125 61 255 222 55 103 121 127 247 220 213 181 63 254 187
    254 251 212 99 111 245 47 229 55 93 235 164 29 91 88 124 233 215 36
