<?xml version="1.0"?>
<opencv_storage>
<ImageFile>"286.jpg"</ImageFile>
<Features type_id="opencv-matrix">
  <rows>386</rows>
  <cols>64</cols>
  <dt>u</dt>
  <data>
    239 199 101 184 54 127 15 217 165 70 169 154 89 61 252 207 137 125
    103 109 54 242 144 50 93 253 157 49 251 158 62 153 210 36 215 186
    194 120 241 124 54 127 60 63 213 28 244 108 140 173 16 13 219 29 143
    28 24 230 49 189 89 214 40 186 239 71 101 184 86 127 47 91 165 70
    249 130 89 41 124 231 129 125 111 101 116 242 176 50 93 253 157 52
    249 22 58 153 208 36 86 171 66 112 165 252 118 94 56 175 213 30 244
    76 137 173 16 4 195 29 143 8 24 228 49 188 92 214 40 184 252 45 243
    188 64 71 108 231 65 228 105 180 83 166 191 238 235 24 185 102 31
    141 244 131 223 201 190 141 193 140 58 168 96 7 101 251 0 118 197
    220 178 106 180 114 111 30 67 172 205 36 118 245 3 94 53 206 216 236
    105 120 93 100 19 161 92 45 243 188 0 71 124 231 65 224 233 180 83
    164 191 234 171 24 243 103 63 141 100 131 223 73 170 205 65 132 62
    200 224 23 101 251 1 102 197 92 58 106 181 98 111 31 67 238 221 36
    126 215 83 94 53 76 200 232 73 248 29 100 19 227 45 238 101 233 184
    189 167 249 189 253 234 127 221 127 249 229 194 252 207 106 245 98
    156 248 125 188 5 131 252 95 57 223 251 98 95 186 85 242 169 180 223
    84 90 158 84 167 218 81 169 45 28 5 248 29 143 73 16 224 35 172 218
    79 34 180 169 219 101 232 126 63 37 122 245 92 250 17 77 253 124 237
    227 252 239 108 116 210 184 182 78 253 13 144 253 86 120 217 248 98
    214 248 87 114 21 245 127 215 26 31 92 163 198 204 172 53 214 12 202
    191 143 13 188 164 35 158 94 206 38 176 51 151 149 138 7 31 5 30 247
    84 20 129 45 57 52 23 246 246 1 48 208 102 209 103 200 160 228 92 58
    16 217 105 215 44 82 180 90 72 0 96 116 95 24 15 208 20 229 79 145
    172 24 4 240 25 158 73 24 242 51 157 88 87 38 251 233 87 101 184 247
    63 39 122 165 84 252 19 77 125 116 101 129 125 95 100 112 242 144
    178 78 253 137 148 249 86 124 153 216 101 214 251 194 112 21 189 126
    243 30 31 84 171 230 76 12 53 149 12 75 62 143 13 120 164 33 158 202
    222 46 184 242 49 251 150 215 66 91 175 198 1 151 54 63 206 146 86
    123 23 82 212 11 151 227 5 150 208 252 13 146 186 198 168 8 45 7 255
    138 49 67 93 8 193 149 200 137 121 165 44 215 174 155 137 176 56 84
    115 104 50 121 121 56 149 188 74 242 49 187 23 215 66 91 173 214 161
    151 54 183 206 131 86 126 23 82 150 11 179 231 4 150 130 248 13 130
    184 198 40 8 45 7 254 158 1 67 93 24 193 149 72 129 125 169 44 247
    174 219 139 176 26 116 243 120 50 189 121 56 20 176 74 51 150 149
    138 47 31 5 58 247 84 20 1 45 121 60 21 246 246 65 48 208 102 209
    119 200 160 228 28 58 16 89 105 215 44 82 180 90 74 128 96 244 95 24
    15 212 20 229 79 145 164 24 4 240 29 159 73 24 242 51 189 80 87 38
    251 254 26 254 251 255 183 219 249 63 247 87 62 191 250 187 93 250
    213 121 102 252 215 194 113 78 250 184 63 250 89 126 171 215 37 85
    187 82 121 237 116 240 93 24 14 213 28 241 47 157 172 24 5 240 61
    156 73 16 246 51 189 88 87 32 250 124 171 239 217 50 95 209 247 221
    212 95 156 93 180 251 238 153 208 250 47 21 209 118 150 253 101 156
    144 109 222 30 170 229 88 71 234 222 114 217 124 182 29 245 54 53
    182 117 108 191 172 239 223 147 93 16 94 108 238 73 121 123 217 106
    254 122 245 249 222 55 31 93 15 231 198 61 184 63 234 52 94 253 246
    98 255 23 254 209 39 221 215 247 121 19 184 212 40 194 62 134 158
    202 124 242 125 50 203 181 105 183 92 245 110 215 174 146 79 34 25
    244 93 25 243 121 251 121 244 233 251 62 51 237 208 55 185 27 121
    238 211 215 242 237 19 180 67 234 213 99 109 197 117 194 115 13 218
    177 45 82 14 48 41 214 36 213 186 82 120 233 117 240 92 56 47 209 20
    245 111 153 172 24 5 240 29 158 73 16 242 51 189 88 87 32 250 63 183
    125 138 55 189 151 124 247 84 214 117 125 63 189 85 250 244 67 96
    241 114 211 117 253 168 100 29 126 88 125 169 213 108 85 190 82 122
    137 124 117 93 26 47 212 180 245 110 153 172 24 13 242 29 157 73 56
    242 59 189 90 223 38 250 13 143 174 253 38 189 255 113 61 255 194
    203 219 125 124 15 137 125 227 107 244 125 210 251 93 126 151 182 92
    86 55 203 215 80 223 40 215 120 248 33 124 60 59 175 247 53 247 123
    185 168 24 5 241 93 156 28 23 211 115 191 82 215 41 250 196 34 195
    146 81 2 33 222 128 170 32 51 3 131 131 67 66 85 161 100 72 133 204
    43 14 136 24 5 146 8 48 75 113 7 84 187 16 252 5 20 96 96 56 14 75
    12 64 192 24 44 56 20 65 26 140 8 128 40 33 156 76 84 32 240 4 1 129
    148 0 2 120 102 0 160 67 20 16 192 145 2 10 72 0 66 134 45 192 131 8
    138 130 4 0 128 48 73 87 54 53 186 16 104 66 68 144 96 145 66 226 4
    193 110 25 44 56 69 48 24 28 72 1 98 51 249 72 6 33 242 194 11 146
    244 96 2 108 3 0 65 35 66 130 192 2 18 36 75 36 199 6 173 160 67 10
    91 179 110 128 32 160 0 66 51 112 33 1 76 242 193 96 40 177 75 233
    12 183 78 72 130 16 215 103 74 24 139 1 27 81 179 68 112 145 42 197
    2 195 146 89 2 35 222 128 106 2 19 3 138 131 67 74 85 169 100 72 133
    236 41 14 201 24 5 146 8 48 79 113 7 84 187 16 244 37 20 96 96 24 14
    73 12 64 192 24 44 88 20 65 58 132 10 128 104 33 156 76 68 32 240
    254 49 121 215 247 151 91 9 198 3 149 126 255 66 176 85 242 215 30
    119 11 175 131 118 142 154 246 63 210 186 116 56 210 45 22 223 74
    121 193 213 208 200 17 14 209 28 225 31 153 172 16 5 120 28 156 73
    16 242 49 157 120 22 34 249 13 207 238 249 32 255 253 115 57 222 236
    202 202 253 127 15 137 253 235 111 246 125 82 243 109 127 151 246
    124 70 54 195 223 82 219 168 209 124 248 33 124 60 186 167 247 181
    247 107 155 168 56 87 241 93 156 92 23 207 115 175 83 243 201 250 54
    49 113 182 16 160 121 108 194 4 213 52 101 66 145 80 114 198 2 98
    131 40 193 71 140 138 230 141 66 40 241 104 23 36 21 158 2 120 67 87
    1 72 145 74 224 20 161 79 153 164 25 67 112 24 28 65 0 50 51 155 88
    7 33 250 220 56 251 177 254 247 186 245 88 255 210 31 211 128 147 66
    234 205 59 111 233 133 206 153 143 200 190 175 66 69 51 186 119 37
    93 251 94 127 237 116 216 68 51 46 195 5 203 117 159 172 24 133 240
    29 156 73 212 242 51 253 92 23 32 246 161 23 133 150 37 7 5 127 246
    220 4 65 35 217 18 7 238 212 161 35 64 47 225 119 72 155 180 2 82 0
    48 105 215 36 48 184 82 120 96 100 80 92 58 47 193 4 213 110 153 172
    24 5 240 28 156 73 16 242 51 157 88 87 32 250 18 16 146 150 41 130
    220 7 82 169 53 193 54 130 0 26 116 130 36 147 131 45 229 75 176 130
    226 79 2 169 197 102 39 181 40 52 191 12 162 231 67 202 161 72 170
    20 137 79 193 226 91 131 52 0 56 227 147 115 182 81 48 36 144 79 133
    7 132 146 37 87 0 54 22 252 20 65 10 219 18 7 105 210 32 163 192 35
    228 35 72 35 148 2 16 8 16 97 215 32 80 176 83 88 227 116 112 28 56
    47 209 20 241 110 153 172 24 5 240 25 156 73 16 242 51 189 88 87 32
    250 61 49 255 116 54 35 121 126 208 190 212 181 119 194 179 83 250
    238 227 83 245 61 65 151 141 42 246 223 72 196 244 235 207 56 6 190
    223 56 225 125 88 76 183 46 243 113 131 111 185 174 8 71 240 29 28
    65 54 179 119 191 122 151 225 250 45 182 253 225 188 181 187 112 248
    255 194 121 205 113 153 65 226 221 195 99 245 101 202 255 77 58 164
    167 92 69 49 239 223 32 85 186 87 248 233 116 120 92 122 46 213 37
    211 107 185 172 24 5 240 29 156 73 22 242 55 189 218 87 32 254 50
    146 80 131 223 148 139 9 238 91 50 74 173 11 17 21 118 215 4 48 192
    34 155 108 172 148 105 47 150 26 209 63 117 164 94 150 114 120 41
    214 65 64 0 140 192 4 216 21 128 189 16 1 36 128 140 105 16 114 50
    156 88 87 32 176 192 9 167 213 96 199 251 227 132 239 65 206 211 232
    19 14 12 25 250 103 30 175 194 195 27 114 150 102 0 134 54 27 71 19
    33 41 148 109 254 72 112 40 181 238 175 60 185 187 95 136 56 243 209
    120 28 210 65 95 115 251 101 117 145 234 62 49 113 182 54 164 123
    104 194 36 209 52 253 66 144 82 242 215 3 98 167 44 193 87 140 154
    230 157 66 168 245 233 87 44 21 190 74 120 193 87 8 72 149 74 192 20
