<?xml version="1.0"?>
<opencv_storage>
<ImageFile>"287.jpg"</ImageFile>
<Features type_id="opencv-matrix">
  <rows>365</rows>
  <cols>64</cols>
  <dt>u</dt>
  <data>
    44 174 109 168 159 125 165 253 253 94 206 53 121 124 251 229 203 84
    195 96 244 114 156 54 125 237 20 1 255 222 59 203 213 102 215 186 86
    114 249 52 60 117 94 62 84 134 117 224 153 60 222 12 210 29 142 25
    152 224 43 189 75 79 44 240 61 237 253 252 50 221 125 111 255 214
    215 184 127 186 252 222 251 244 99 107 183 118 208 119 93 255 181 57
    123 222 126 233 215 44 71 190 210 120 249 124 124 93 60 47 213 52
    245 111 153 172 152 13 242 29 157 93 56 242 115 189 91 223 40 250 61
    237 253 252 50 253 125 107 253 214 215 184 255 190 252 222 251 244
    99 107 183 118 208 119 93 255 181 185 123 222 126 233 215 44 71 190
    210 120 249 124 120 221 60 47 213 52 245 111 153 172 152 13 242 29
    156 93 56 242 115 189 91 223 40 250 42 4 109 152 6 157 5 113 37 102
    28 132 89 44 60 71 129 116 64 32 208 112 208 99 93 164 132 16 56 220
    29 73 215 4 211 170 194 104 161 120 52 191 108 45 20 148 101 107 19
    172 152 12 162 25 158 28 56 98 59 188 75 214 106 242 173 254 111 169
    190 253 183 249 189 255 222 255 221 61 249 237 203 253 239 105 245
    86 156 252 125 252 61 179 252 87 127 255 221 96 223 240 119 251 233
    52 125 93 122 62 213 167 246 97 185 189 28 13 250 29 143 77 22 246
    55 189 219 223 44 254 173 254 239 173 190 253 191 249 253 255 222
    255 253 61 251 237 235 253 251 107 245 87 222 252 109 253 189 183 95
    87 127 255 223 96 223 187 247 251 233 117 120 92 122 62 215 181 247
    121 185 188 24 5 240 29 156 77 22 242 55 189 219 223 42 254 192 10
    134 215 232 215 194 183 56 253 38 203 130 241 19 171 47 213 253 47
    220 141 238 187 75 127 159 38 220 3 18 95 223 35 113 113 86 221 238
    98 112 124 106 63 201 44 249 243 157 200 28 181 213 127 156 202 81
    252 51 61 76 85 1 254 222 57 251 213 246 129 218 161 222 171 215 126
    255 230 19 90 252 147 114 215 143 189 195 207 159 90 246 255 66 189
    246 170 87 61 5 255 218 125 250 87 120 72 181 110 255 60 187 63 159
    174 24 195 240 29 28 89 81 243 115 251 125 55 225 238 190 57 251 215
    54 69 216 163 222 139 215 254 255 194 50 90 253 211 118 251 15 190
    231 198 173 95 247 251 194 191 246 186 70 60 47 254 218 125 234 85
    120 72 181 63 183 52 181 63 155 174 24 199 248 31 28 89 16 243 49
    121 125 23 32 250 239 186 239 225 223 245 233 248 252 255 210 127
    235 200 251 109 202 253 127 114 253 215 158 124 47 250 63 163 222 87
    51 255 103 174 223 251 95 253 237 55 248 100 114 158 219 33 219 241
    190 188 24 129 209 191 156 81 144 180 179 191 206 151 40 182 122 253
    125 222 54 159 93 27 247 198 189 176 125 250 124 95 253 182 98 255
    183 118 81 167 213 247 231 93 99 248 220 233 202 28 199 174 202 120
    242 121 122 223 181 237 183 116 181 110 179 174 136 75 242 29 255 85
    57 243 123 255 123 242 233 250 45 46 245 168 25 253 165 94 53 124
    194 53 69 63 185 197 235 252 195 104 241 64 218 121 77 184 0 133 124
    76 57 207 213 66 87 186 16 250 45 116 117 84 58 39 69 133 117 227
    152 44 56 4 242 29 142 77 16 226 35 173 74 71 36 242 182 57 251 151
    54 69 216 171 222 131 255 242 255 162 18 122 253 214 102 251 31 174
    231 134 189 223 247 123 194 190 246 186 194 60 39 254 218 57 232 213
    120 88 49 63 179 52 181 44 153 174 146 3 248 31 148 89 16 243 49 121
    125 23 32 250 60 50 113 160 216 160 162 88 194 56 194 53 229 67 129
    81 242 199 131 96 225 32 11 92 142 136 96 207 210 12 225 238 119 164
    92 190 16 178 1 86 201 64 24 14 64 133 194 79 152 44 24 1 240 28 156
    73 0 242 19 156 88 6 32 240 250 241 123 151 54 71 221 175 214 163 61
    250 127 130 114 254 253 214 102 251 23 178 229 134 157 215 245 123
    67 187 246 250 224 60 39 254 218 120 232 245 114 92 53 47 183 116
    181 108 153 174 146 3 248 29 148 89 16 243 49 249 125 87 32 250 13
    174 255 105 56 253 166 208 57 255 202 207 196 53 233 225 203 237 171
    107 245 117 90 249 77 125 17 246 124 71 51 215 215 82 221 40 53 250
    253 52 124 28 122 167 117 145 119 99 152 252 40 53 242 221 156 76 22
    206 23 165 218 211 109 250 252 249 255 221 51 109 253 255 255 245
    255 189 127 190 255 254 251 212 127 107 63 154 228 62 127 175 183 57
    243 203 126 191 240 39 53 250 210 119 209 247 146 223 253 62 254 158
    73 188 141 173 119 149 120 31 149 77 144 240 105 126 93 14 35 181
    124 120 127 223 50 79 123 231 223 252 255 189 125 182 251 254 255
    214 82 107 29 184 229 62 253 141 228 89 91 239 255 255 241 37 117
    254 214 115 193 247 146 223 253 62 190 150 192 108 141 173 119 7 250
    31 181 77 144 242 41 252 93 14 34 181 54 190 253 219 250 223 211 101
    239 244 31 188 253 127 251 244 251 215 74 42 215 113 223 247 221 226
    228 127 47 217 221 111 167 108 71 158 218 122 251 126 182 93 105 166
    149 182 241 111 155 172 137 13 178 29 157 95 56 246 114 189 218 223
    42 254 195 5 11 149 36 130 91 232 128 199 145 70 195 192 2 2 128 85
    4 103 10 165 194 114 12 154 146 38 80 0 48 25 82 36 20 186 82 104
    192 212 80 104 56 14 211 28 193 111 25 172 24 5 241 29 156 72 16 242
    51 189 72 23 32 251 124 120 127 159 50 79 123 229 223 252 223 181
    125 182 251 246 255 214 82 106 157 176 229 190 253 169 228 217 107
    223 255 255 241 36 117 254 214 115 129 254 146 221 221 62 38 134 192
    108 143 45 127 7 186 31 149 77 208 242 43 248 89 14 34 245 195 1 9
    149 36 130 219 232 128 199 145 82 195 64 2 2 130 85 36 103 10 165
    194 114 12 154 179 47 82 40 48 57 82 36 20 186 82 120 193 212 80 104
    57 15 211 28 209 111 25 172 24 5 240 28 156 73 16 242 51 189 72 23
    32 251 251 222 239 229 255 255 255 249 189 255 254 219 239 125 126
    253 255 253 255 107 252 95 190 125 111 255 63 182 255 87 119 255 247
    233 221 125 247 255 253 247 127 93 123 63 221 135 255 113 189 221 28
    133 253 191 159 77 84 246 247 191 214 95 52 254 105 174 238 43 223
    255 167 63 253 253 214 255 255 189 59 207 217 185 251 253 253 87 91
    253 83 124 28 182 124 215 123 199 207 105 199 53 223 59 237 60 124
    93 122 175 213 113 55 225 189 236 152 9 243 61 216 212 126 246 247
    181 251 219 44 94 254 253 127 223 50 79 93 239 255 253 61 189 127
    190 255 254 251 214 52 107 15 168 229 62 253 207 227 27 211 235 255
    127 240 37 117 254 210 119 225 247 210 223 125 62 254 22 204 108 141
    173 86 5 248 31 149 77 144 242 41 188 93 70 34 185 178 186 179 166
    63 158 157 75 198 255 147 243 243 10 176 95 126 215 39 217 193 7 195
    95 141 222 253 47 86 62 241 107 71 44 92 190 90 124 233 116 96 92 48
    47 211 20 181 111 153 172 24 5 240 29 156 65 16 242 51 189 88 87 32
    250 233 204 239 253 255 127 253 255 189 255 252 219 223 253 255 239
    171 213 63 111 62 143 174 56 111 223 187 50 223 83 62 191 241 231
    125 123 86 247 253 247 243 254 250 126 223 158 92 177 205 137 118
    181 201 255 135 238 209 252 105 127 223 92 19 183 61 190 247 120 63
    127 161 126 253 252 222 53 125 127 187 229 251 252 227 114 245 123
    223 255 213 111 228 151 124 95 255 239 223 106 87 190 214 250 249
    124 124 93 122 175 213 243 247 111 184 172 152 13 242 29 156 77 62
    242 247 189 218 215 44 254 12 162 239 225 184 177 186 113 120 187
    194 251 204 49 187 65 234 221 227 107 245 37 202 249 73 58 180 166
    92 69 49 238 223 32 85 186 87 248 233 116 120 92 122 46 213 37 211
    107 185 172 24 5 240 29 156 73 22 242 55 189 90 87 32 254 13 34 215
    32 24 228 160 118 0 188 66 21 64 21 153 2 202 72 131 106 225 0 78
    155 12 8 4 196 72 4 49 199 85 2 117 170 21 186 5 4 172 36 26 6 102
    128 67 227 24 108 108 48 240 28 12 8 134 202 3 133 72 7 97 246 45
    237 239 252 51 127 125 123 245 198 197 240 127 255 180 79 139 116 99
    107 183 126 208 119 93 255 135 29 123 94 52 233 214 38 87 186 210
    120 249 124 120 255 188 111 215 21 245 110 153 172 24 13 240 29 156
    76 24 242 115 191 89 215 41 250 39 165 109 158 151 141 23 77 230 68
    151 52 125 127 188 69 234 244 2 116 215 98 211 103 92 178 132 29 50
