<?xml version="1.0"?>
<opencv_storage>
<ImageFile>"288.jpg"</ImageFile>
<Features type_id="opencv-matrix">
  <rows>301</rows>
  <cols>64</cols>
  <dt>u</dt>
  <data>
    242 249 219 214 55 2 93 43 214 161 53 242 55 194 150 94 118 151 52
    95 6 175 225 7 175 215 243 127 83 185 214 108 130 175 52 223 194 125
    242 215 82 202 165 105 187 28 181 47 199 166 211 211 104 18 180 75
    81 114 112 91 61 52 177 255 59 253 253 222 55 253 217 57 255 212 213
    255 189 126 253 92 255 215 98 187 245 118 195 119 253 254 245 125
    126 251 223 233 223 108 69 190 222 123 249 125 120 221 255 47 245
    180 245 111 187 174 153 15 240 29 156 93 56 243 123 189 123 223 46
    218 61 246 117 225 221 244 163 120 244 127 210 117 237 91 209 101
    242 253 207 96 241 98 153 124 12 188 47 167 222 31 97 255 101 238
    223 191 118 176 45 253 221 68 26 158 64 161 242 83 168 61 28 0 224
    188 142 65 160 176 167 158 222 215 44 180 122 213 253 222 39 157 93
    47 199 230 61 152 191 170 52 94 247 215 98 251 158 247 211 39 221
    199 231 127 83 185 213 234 195 44 70 190 202 120 226 123 50 91 245
    45 150 60 213 47 159 174 144 15 114 29 149 93 16 243 115 253 121 214
    42 251 122 221 253 222 39 159 93 43 199 230 61 152 63 170 52 94 255
    214 102 251 158 246 241 39 221 215 231 127 19 248 213 232 195 44 70
    190 202 120 242 255 50 219 245 45 182 52 213 111 151 174 144 15 114
    29 149 93 16 243 115 253 121 214 40 251 127 54 125 226 127 191 23
    122 247 92 222 113 125 63 252 85 243 247 91 124 241 83 145 119 236
    252 232 29 126 93 253 233 220 108 150 190 222 122 153 125 124 221 94
    63 213 167 244 79 189 189 159 13 250 61 159 93 56 246 63 156 91 159
    44 248 127 54 109 226 255 191 23 123 247 92 222 113 253 127 184 85
    242 245 91 124 241 87 145 117 126 236 232 29 126 92 125 233 223 109
    214 190 214 122 157 125 124 213 94 31 213 167 244 79 157 189 157 13
    242 61 159 93 56 246 59 156 91 159 44 248 47 254 111 169 255 255 147
    217 253 222 158 253 125 63 253 237 227 245 75 114 245 115 156 117
    109 252 40 7 95 95 59 251 245 36 95 186 82 114 233 116 210 92 26 14
    213 150 240 111 153 173 24 5 240 29 157 73 16 242 51 188 90 87 34
    249 191 182 127 165 191 245 185 248 254 253 244 123 239 59 176 85
    250 244 39 123 241 102 254 124 108 191 117 59 126 31 115 255 215 108
    93 190 82 120 233 117 125 92 58 191 209 1 240 109 153 189 24 5 240
    29 156 73 16 242 51 157 218 87 32 250 47 254 111 169 255 253 187 221
    253 254 222 253 125 63 253 237 235 244 75 106 245 114 156 124 109
    252 44 7 95 95 59 255 245 100 95 186 82 114 233 116 218 92 90 62 213
    151 240 109 153 173 28 5 240 29 157 73 16 242 59 188 90 95 34 251 61
    246 125 136 59 125 165 121 253 252 238 181 125 63 249 229 243 244
    195 106 245 114 213 246 93 172 164 17 127 222 121 251 253 100 87 186
    86 122 169 252 254 95 26 46 212 183 192 111 185 173 28 13 242 29 157
    77 16 242 55 188 90 86 34 248 146 217 24 214 54 140 88 67 6 65 55
    210 150 192 212 122 246 215 36 103 6 44 129 67 141 150 227 111 18 42
    214 56 194 38 84 158 66 120 203 213 80 216 177 111 145 28 245 47 129
    164 16 5 248 29 156 73 16 242 50 191 88 85 33 250 109 38 231 33 221
    230 163 252 244 60 192 53 97 159 131 69 106 109 219 96 249 131 222
    189 6 232 28 135 218 13 97 207 109 173 7 187 84 176 37 126 92 68 26
    134 77 225 10 193 56 44 88 0 241 62 140 65 52 172 167 156 202 199 36
    116 124 62 255 217 248 151 39 117 175 247 71 152 221 187 187 70 250
    213 89 108 216 85 194 177 77 232 172 63 120 8 57 43 215 5 85 187 82
    123 165 116 244 94 56 38 213 140 193 39 157 172 24 5 240 29 159 75
    80 254 51 157 88 86 32 251 6 34 97 160 88 134 42 65 0 74 131 48 65 3
    144 81 226 213 3 100 193 32 128 112 76 152 172 13 82 12 49 104 84 36
    84 186 82 112 1 84 80 64 24 15 193 20 192 79 153 172 24 5 240 29 156
    73 16 242 51 188 88 87 32 248 69 1 139 144 0 2 41 110 128 130 1 6
    209 192 3 2 8 77 33 71 10 165 194 19 12 154 144 0 64 0 50 9 82 16 81
    170 16 104 64 64 48 40 56 47 213 20 225 110 25 168 24 5 209 29 156 8
    17 226 51 189 72 86 32 250 77 207 239 248 48 63 37 118 49 126 232
    129 78 249 158 143 129 108 235 109 244 197 80 179 79 111 133 148 121
    4 56 193 219 82 208 168 81 120 241 224 126 62 58 167 244 179 119 238
    152 168 60 28 241 29 159 12 63 230 83 191 90 214 77 251 61 54 247
    246 31 167 169 126 244 252 210 117 109 75 147 85 250 245 195 98 245
    47 223 127 140 170 230 143 90 93 113 239 95 46 85 190 119 184 105
    116 120 68 90 142 193 33 211 111 184 172 24 1 240 28 156 65 16 178
    55 191 218 87 32 254 85 37 145 22 81 194 2 76 2 96 1 52 32 7 129 18
    106 3 1 68 193 33 194 3 76 136 168 13 2 8 1 105 213 36 21 186 0 48 1
    84 48 64 24 130 69 24 229 110 153 172 24 5 240 24 148 65 16 114 51
    185 88 70 32 250 63 49 125 52 55 165 57 120 196 14 209 52 237 75 144
    85 242 252 67 80 241 34 145 246 140 184 228 137 82 28 97 168 74 44
    134 190 203 56 1 85 88 200 19 143 192 113 166 79 186 174 152 1 96 28
    156 81 48 178 51 152 58 150 44 248 103 34 195 18 221 130 3 10 230 42
    2 51 171 203 131 65 226 229 33 118 193 39 83 119 70 202 184 47 82 8
    33 107 215 37 87 187 82 56 109 116 112 84 24 143 213 88 245 79 153
    172 24 1 240 29 156 73 16 242 51 189 88 87 32 250 99 159 212 138 207
    158 7 26 54 84 4 67 174 255 38 29 246 247 41 180 212 71 219 103 82
    246 120 44 190 88 216 97 151 102 210 180 115 72 63 104 100 215 26
    165 85 80 245 199 144 164 152 12 182 41 155 203 59 118 54 189 82 213
    28 218 115 159 236 138 223 159 7 26 246 92 20 67 175 127 60 29 246
    247 121 180 244 87 155 103 82 246 124 52 190 88 88 105 159 110 211
    180 118 88 125 104 116 215 26 143 85 112 245 199 180 188 152 12 242
    45 159 219 58 246 118 189 82 221 44 218 5 38 101 33 153 240 163 220
    32 254 170 53 64 29 139 33 227 236 3 96 233 160 94 48 68 173 169 163
    208 14 35 83 245 36 85 186 82 48 41 116 112 84 56 174 84 17 242 109
    153 172 24 5 240 29 156 73 16 242 51 188 88 86 32 248 13 35 245 48
    16 37 33 118 128 14 194 52 65 133 147 66 202 108 195 100 113 160 84
    146 28 40 132 128 64 132 32 137 72 2 199 170 16 48 1 76 44 0 16 134
    100 97 3 206 58 44 40 16 242 29 12 16 36 160 3 160 72 214 105 114 59
    179 125 198 55 245 153 28 246 220 149 241 173 59 48 85 254 246 66
    251 193 114 211 119 173 187 224 127 126 120 245 105 215 108 151 190
    218 120 232 117 113 93 59 47 213 20 245 111 153 190 24 7 240 29 156
    77 16 243 51 157 120 95 36 250 124 50 245 181 248 167 43 116 74 111
    195 52 197 128 147 82 250 205 91 100 249 133 66 153 142 104 232 239
    64 12 241 239 87 5 85 191 16 248 165 87 56 64 17 14 229 13 195 31
    156 172 24 35 240 125 156 65 64 254 19 189 88 86 48 242 60 49 117
    182 51 33 185 126 212 156 214 49 117 58 145 86 250 212 67 99 225 34
    229 54 140 137 228 137 82 12 113 251 116 36 52 190 86 120 129 116
    216 84 56 14 192 5 195 110 153 172 88 5 240 28 156 73 16 242 51 189
    88 22 32 251 35 159 212 138 207 158 7 10 54 84 4 67 174 127 44 29
    118 247 41 180 196 71 153 103 66 214 121 44 190 88 208 97 151 102
    210 176 99 72 127 104 100 215 10 165 85 80 245 199 208 180 152 12
    182 1 139 203 56 118 54 189 82 213 20 218 42 6 37 222 42 141 145 109
    180 124 22 5 25 124 57 4 166 212 1 34 212 42 218 115 92 136 132 20
    122 209 29 79 215 36 81 56 118 106 224 104 240 125 72 14 84 148 193
    75 153 172 24 5 178 29 157 73 17 226 59 189 90 71 34 251 62 48 109
    138 54 125 21 127 247 252 126 181 125 62 189 230 251 212 67 105 240
    114 228 55 93 169 164 9 123 217 125 235 245 44 85 186 86 122 161 124
    242 223 124 46 212 182 101 110 155 172 159 13 242 29 157 93 16 242
    59 188 91 86 42 251 62 49 241 246 63 162 123 110 214 56 215 53 117
    78 145 80 114 214 3 66 231 43 193 119 140 138 226 207 82 233 245 238
    87 38 21 190 119 122 193 84 216 76 145 74 192 5 193 79 153 164 25 5
    240 28 156 73 16 242 51 185 88 6 32 248 126 49 241 246 127 163 123
    110 214 120 215 53 125 78 145 84 242 215 3 82 231 47 195 127 140 138
