<?xml version="1.0"?>
<opencv_storage>
<ImageFile>"289.jpg"</ImageFile>
<Features type_id="opencv-matrix">
  <rows>308</rows>
  <cols>64</cols>
  <dt>u</dt>
  <data>
    45 134 109 172 42 189 189 117 53 254 78 149 93 61 185 68 130 252 195
    98 244 112 208 243 89 40 132 146 120 212 61 235 215 32 87 184 215
    122 233 124 124 93 58 46 212 181 247 111 153 172 24 13 240 29 156 73
    16 242 51 189 90 87 40 250 251 254 255 243 255 247 155 249 255 247
    87 254 191 251 243 93 251 247 125 103 125 199 151 117 95 255 189 63
    242 27 114 187 215 37 85 251 82 125 237 118 112 92 56 63 221 28 253
    181 157 172 24 5 240 63 156 73 80 244 49 189 92 87 48 250 250 190
    255 211 255 247 147 249 255 247 87 122 191 251 187 93 250 213 121
    102 125 215 211 117 94 255 189 63 242 27 114 171 215 37 85 251 82
    125 237 116 112 93 56 63 221 28 253 181 157 172 24 5 240 61 156 73
    80 246 49 189 88 87 32 250 62 49 253 180 55 165 121 126 212 110 213
    52 125 72 176 86 250 212 67 114 227 38 194 119 12 138 230 141 82 28
    117 233 87 44 20 190 82 120 193 85 88 72 21 14 208 21 225 79 153 172
    24 5 240 28 156 73 16 242 51 189 88 23 32 250 63 21 237 180 55 37
    125 127 181 100 213 176 125 108 180 86 250 252 67 99 246 114 208 115
    92 170 160 25 122 84 125 233 215 36 21 186 210 120 209 125 112 221
    61 47 212 21 229 111 153 172 24 5 240 29 156 73 24 242 51 189 88 87
    32 250 41 5 237 180 47 165 251 124 180 254 215 69 221 104 48 71 170
    221 67 99 244 39 194 115 12 186 164 150 88 85 53 235 215 36 21 186
    83 120 232 117 120 92 56 47 209 53 243 111 153 172 24 5 240 29 156
    73 16 242 51 189 88 23 32 250 77 133 237 252 38 191 127 123 181 222
    213 138 221 185 52 79 128 253 99 111 244 119 210 115 93 250 164 180
    120 84 52 233 215 48 85 168 210 120 240 113 120 94 56 47 213 21 247
    111 153 172 24 5 240 29 156 77 16 242 51 189 88 87 40 251 179 246 80
    23 253 128 159 8 230 105 1 123 175 75 132 85 114 231 4 51 203 47 131
    108 68 222 243 47 146 42 193 111 215 165 28 158 82 56 107 247 65 72
    40 203 193 16 253 31 128 164 24 1 240 144 156 105 16 242 50 157 88
    87 32 250 179 54 80 7 221 128 131 8 230 105 128 115 172 75 128 21 98
    231 5 16 201 34 155 108 70 154 121 47 146 8 65 111 87 164 92 158 114
    48 41 214 65 64 8 139 193 80 252 23 136 164 24 0 240 16 156 105 16
    50 50 157 88 87 32 120 254 59 231 245 255 231 251 254 220 253 208
    251 235 202 146 78 170 213 251 103 255 175 239 127 14 235 186 55 90
    93 55 239 87 167 60 187 118 253 255 247 217 108 227 78 203 29 217
    243 220 164 88 209 225 254 156 107 192 190 243 219 222 87 177 255
    228 62 231 147 221 183 131 249 238 127 2 62 175 251 179 69 234 213
    123 102 217 135 211 117 78 218 188 47 210 8 51 43 215 37 87 187 82
    120 237 116 112 84 24 142 209 28 209 69 153 172 24 5 240 29 156 73
    16 242 51 189 88 87 32 250 230 50 231 147 223 183 131 249 238 127 18
    50 175 219 179 69 242 213 123 102 217 135 211 117 78 200 188 47 210
    24 51 43 215 37 87 187 82 120 229 116 112 84 24 142 209 28 193 77
    153 172 24 1 240 29 156 73 16 242 51 189 88 87 32 250 71 48 16 2 73
    130 6 2 2 0 1 32 32 3 0 17 100 35 0 212 193 37 65 67 128 0 232 77 2
    12 129 64 143 44 66 174 8 8 1 68 64 0 16 137 193 80 165 79 144 172 8
    0 112 24 88 65 16 50 19 176 24 83 96 74 63 182 125 142 55 189 151
    120 247 84 213 113 253 63 188 85 242 245 67 96 241 114 209 117 76
    184 228 29 126 88 117 233 214 108 87 190 82 120 137 116 116 93 56 47
    212 20 244 111 153 172 24 5 240 29 158 73 16 242 51 189 88 87 32 250
    109 5 237 152 2 31 49 119 37 196 69 148 89 188 180 70 202 88 67 101
    48 81 192 179 89 40 132 140 96 132 56 233 220 36 85 186 66 120 129
    124 48 89 60 39 212 52 231 110 153 172 25 5 240 29 156 73 24 242 51
    188 88 86 34 251 63 183 109 158 247 191 31 121 230 68 149 48 253 123
    180 85 250 245 67 100 247 115 145 119 92 254 165 29 114 24 117 41
    214 44 87 186 194 120 201 117 52 217 24 15 213 20 245 78 153 172 24
    13 240 29 158 73 24 242 51 189 88 87 32 250 61 190 255 237 190 253
    189 121 253 255 222 255 221 61 249 77 251 253 227 107 245 119 218
    253 109 255 181 183 124 95 119 255 215 96 221 186 246 120 233 117
    125 92 122 47 213 181 247 111 185 188 24 5 240 29 156 77 20 242 55
    189 218 95 32 254 60 253 253 252 54 125 117 127 245 220 252 181 125
    254 188 238 251 220 99 107 245 114 209 183 221 175 228 153 123 220
    124 233 222 44 87 190 215 122 209 124 126 223 61 47 212 55 231 110
    155 172 155 13 242 29 157 93 56 242 123 189 91 222 42 250 99 54 209
    18 221 130 3 10 230 42 0 50 173 203 131 85 114 231 33 86 193 39 83
    119 70 200 232 15 82 24 97 99 87 44 87 190 82 56 101 84 112 64 24
    143 213 80 245 79 153 172 24 1 240 29 156 73 16 242 51 189 88 87 32
    250 8 2 45 128 42 181 168 117 148 190 82 5 81 16 57 2 128 88 195 66
    240 32 192 210 24 40 132 128 64 196 49 202 239 48 65 168 95 122 168
    96 248 28 18 14 208 37 131 107 185 172 24 5 240 29 156 65 22 226 51
    188 74 87 32 250 9 207 76 220 46 157 220 55 57 250 44 201 30 117 108
    171 133 218 132 171 212 120 108 251 105 11 130 82 125 97 189 103 255
    242 80 32 255 219 250 241 210 191 235 111 240 150 215 107 185 235 30
    71 252 13 155 77 23 211 255 159 211 123 131 255 60 54 125 168 58 189
    33 117 244 126 214 21 93 52 185 68 242 220 67 96 241 112 192 178 216
    40 164 136 120 212 57 233 253 36 85 186 87 114 129 116 248 93 24 14
    84 167 194 79 153 44 24 5 242 29 157 73 16 242 59 188 90 86 34 249
    195 5 130 19 200 130 2 134 2 39 1 10 146 227 2 24 108 163 57 198 202
    135 82 65 86 218 188 47 130 136 34 34 199 39 71 187 82 56 101 94 112
    64 16 139 209 88 165 135 153 172 24 1 241 92 156 195 16 242 49 189
    88 87 48 250 195 5 130 19 201 130 2 5 2 35 1 2 146 227 2 18 100 163
    57 214 202 135 82 65 86 202 188 47 130 136 34 34 199 45 71 187 90 56
    101 94 112 80 16 139 209 88 165 7 153 172 24 1 240 29 156 67 16 242
    51 189 88 87 48 250 252 49 247 247 255 167 251 249 222 127 211 63
    239 202 147 85 250 215 251 102 239 173 139 124 142 218 250 255 218
    111 247 191 83 167 93 191 246 245 253 119 120 76 211 78 233 13 203
    23 156 172 24 37 240 190 156 105 64 190 243 187 222 7 177 182 44 34
    237 180 58 181 57 117 244 254 210 49 221 113 177 66 234 221 67 99
    241 37 202 255 76 42 164 175 88 69 49 239 223 36 85 186 83 120 233
    116 120 92 56 47 213 53 243 111 153 172 24 5 240 29 156 73 16 242 51
    189 88 87 32 250 186 189 255 223 58 199 221 175 95 253 93 253 63 254
    191 254 255 215 48 107 215 61 231 127 255 223 243 63 91 251 255 111
    215 38 117 254 214 125 251 118 112 93 253 111 221 20 245 111 157 172
    26 5 240 29 156 73 16 242 123 191 89 95 33 254 249 255 247 255 254
    127 249 255 253 253 254 255 255 255 251 254 251 213 127 111 63 143
    239 61 127 255 191 63 255 91 126 191 243 103 125 251 82 119 253 246
    243 93 248 62 223 142 121 180 205 173 86 181 217 191 133 111 208 252
    97 255 93 93 49 190 56 185 255 222 54 77 93 127 215 220 188 149 127
    252 63 254 255 214 98 187 84 188 229 167 249 35 230 88 123 220 222
    105 254 44 53 254 222 122 219 125 114 223 191 47 148 54 229 110 155
    172 155 141 242 29 156 77 20 242 123 251 91 92 34 251 35 134 108 130
    31 221 135 21 36 86 22 68 153 61 60 69 201 116 1 176 208 80 219 112
    76 180 8 3 62 26 25 75 213 108 215 154 90 122 41 54 116 85 8 45 84
    20 116 97 25 44 24 4 240 29 140 9 24 224 34 188 72 215 40 250 255
    254 239 253 254 247 255 249 253 255 251 255 223 253 251 237 235 213
    127 111 254 221 190 121 111 255 187 63 223 95 119 191 247 229 93 219
    82 253 253 119 115 92 120 63 223 30 253 177 141 173 28 165 249 255
    156 111 208 252 49 189 221 95 48 190 251 63 255 247 255 183 91 255
    254 127 215 63 191 250 179 95 250 213 123 102 253 135 195 117 78 250
    188 47 210 25 118 171 215 37 85 187 82 125 237 116 112 92 56 63 221
    28 253 255 157 172 24 5 240 61 156 73 80 246 51 189 88 87 32 250 125
    190 247 233 255 255 163 252 253 221 198 125 237 63 251 245 250 253
