<?xml version="1.0"?>
<opencv_storage>
<ImageFile>"29.jpg"</ImageFile>
<Features type_id="opencv-matrix">
  <rows>33</rows>
  <cols>64</cols>
  <dt>u</dt>
  <data>
    175 244 109 168 191 253 245 89 253 93 236 251 253 63 236 237 227 244
    39 121 241 114 184 116 117 253 1 51 255 95 127 249 220 100 151 250
    210 113 185 252 127 223 126 191 212 151 244 109 153 189 30 12 248 29
    143 77 56 246 59 188 219 223 46 249 252 255 255 253 126 127 253 255
    253 254 249 191 95 255 255 254 251 245 123 111 254 255 254 191 255
    255 183 191 255 219 126 255 227 111 95 255 214 119 253 126 126 223
    253 191 223 190 245 255 159 173 222 141 234 31 159 93 216 246 123
    191 223 222 42 182 233 207 255 217 50 95 117 255 253 212 237 152 95
    253 255 238 227 212 127 111 30 248 228 51 127 239 135 25 255 202 62
    57 240 103 116 219 66 119 215 252 182 255 248 54 30 142 73 182 141
    37 119 180 27 31 135 14 216 236 105 94 93 76 35 177 92 63 253 252 34
    223 62 103 99 246 123 148 93 181 125 242 245 203 64 111 150 113 84
    179 221 205 164 220 105 244 253 233 243 48 85 174 222 122 208 121 54
    31 185 175 246 150 231 110 155 172 9 79 242 29 157 93 12 243 83 253
    91 86 106 250 124 127 125 252 34 95 63 103 35 254 123 148 93 181 253
    246 245 223 64 111 182 113 84 179 221 237 166 220 105 240 252 233
    226 48 85 170 218 122 208 125 54 31 61 175 246 150 229 110 159 172 8
    79 242 93 157 77 28 246 91 253 91 86 106 242 235 206 239 203 255 223
    215 155 189 85 158 234 191 255 110 205 139 117 124 62 246 95 154 125
    115 247 25 54 190 91 94 95 159 239 219 81 242 93 255 59 117 253 238
    253 221 156 253 179 214 159 153 141 159 229 223 190 121 238 246 63
    211 221 156 94 188 239 239 221 34 93 253 247 253 222 127 221 95 188
    127 238 157 220 254 43 52 240 244 179 249 119 151 240 109 215 126
    187 240 80 243 232 222 127 216 249 246 191 255 62 182 182 213 110
    191 169 239 223 218 29 151 92 253 214 123 253 127 222 75 255 172 206
    109 168 159 253 39 125 189 127 238 249 93 60 252 237 195 124 199 105
    252 82 190 48 125 237 13 51 253 211 63 201 253 64 215 234 246 115
    173 188 254 223 126 63 84 247 116 96 189 173 158 12 219 29 143 28
    184 228 47 188 91 222 46 249 251 205 238 223 255 223 223 245 63 253
    63 223 191 252 255 238 251 245 125 111 254 255 247 59 125 255 179 63
    127 223 127 127 247 39 119 251 210 123 249 252 242 95 124 63 223 22
    253 127 157 172 94 5 248 31 157 77 16 246 115 189 91 95 34 250 76 13
    171 184 66 79 38 199 13 230 75 148 83 164 251 238 139 89 59 100 30
    149 214 51 95 205 140 141 65 134 62 137 96 7 87 235 2 118 197 94 178
    117 20 42 95 158 101 168 221 44 114 148 83 93 149 10 208 236 41 188
    77 70 58 242 67 20 0 2 205 130 2 0 34 3 1 6 160 67 2 17 100 35 0 148
    73 165 3 64 130 16 248 76 146 8 129 32 22 44 16 186 74 0 5 64 0 64
    24 9 193 88 160 13 17 44 24 4 48 24 88 195 16 50 50 20 24 83 32 105
    253 254 239 221 254 127 253 243 253 255 252 251 223 249 254 239 251
    253 127 239 125 215 243 253 255 127 189 182 253 87 254 255 219 109
    214 255 222 125 253 253 126 95 123 191 221 251 247 253 190 189 156
    159 251 255 159 93 126 255 115 191 255 223 44 254 44 175 247 93 32
    207 241 239 185 212 206 245 215 117 251 236 187 169 235 47 247 127
    86 215 243 127 86 246 108 214 94 206 143 91 99 140 148 154 250 44
    253 61 253 230 237 231 191 235 253 242 237 255 243 71 24 92 111 207
    214 231 227 109 205 94 249 223 238 207 254 159 211 241 63 221 126
    223 159 253 127 236 246 213 125 46 94 221 142 120 107 254 63 62 253
    91 126 63 242 103 92 219 86 119 223 246 215 223 203 30 89 142 216
    149 143 29 87 181 219 255 143 239 80 252 120 30 93 77 18 189 5 207
    142 201 32 95 244 247 57 212 46 141 24 53 127 170 137 40 248 171 148
    113 126 179 121 117 21 52 45 199 31 83 253 82 99 32 213 202 254 40
    246 63 232 183 55 246 119 234 63 201 239 255 151 77 155 158 63 207
    78 101 195 249 79 223 255 57 227 183 223 102 89 218 198 229 209 122
    239 203 146 95 251 245 62 119 43 143 243 109 14 223 251 63 210 59
    102 175 7 173 183 223 194 125 127 87 109 72 245 251 207 25 253 181
    76 182 80 145 193 178 180 103 104 188 241 91 188 21 180 254 199 65
    136 54 245 178 94 10 4 43 177 170 162 139 4 27 0 125 60 221 11 135
    195 57 6 210 187 47 82 36 32 1 82 189 156 203 99 45 36 19 32 234 56
    73 211 89 130 27 80 219 16 5 77 240 246 162 145 163 177 151 44 178
    144 35 124 239 255 249 122 255 247 247 253 253 206 253 223 254 255
    236 251 253 251 111 245 127 255 247 123 127 29 182 125 215 126 239
    223 67 119 250 215 251 253 60 255 189 254 55 253 183 119 235 191 173
    175 189 251 29 155 93 126 254 127 237 219 223 47 222 194 205 12 138
    98 31 22 129 47 70 45 142 152 53 126 46 133 51 20 165 10 213 80 96
    89 68 153 120 161 162 158 1 178 16 83 64 194 74 138 232 54 155 44 53
    180 30 244 44 147 200 128 13 29 73 219 158 59 71 56 52 80 240 74 233
    58 186 135 119 191 249 250 185 220 185 214 127 253 86 89 112 63 147
    251 155 253 47 203 223 169 126 247 182 78 247 231 254 79 169 109 53
    255 185 232 119 121 93 227 47 239 229 191 123 191 223 153 195 244
    173 220 209 71 243 247 251 243 47 160 94 141 206 68 169 217 252 167
    80 57 93 46 79 140 125 236 165 235 252 165 96 228 96 186 112 111 223
    17 35 253 3 59 79 213 98 93 176 113 243 237 180 119 20 58 55 84 22
    252 225 137 165 28 36 240 31 143 9 16 208 35 172 88 87 32 248 133
    206 68 169 200 252 167 208 56 125 46 79 128 61 236 165 203 125 165
    96 196 0 170 120 111 221 25 38 253 3 51 87 213 98 85 56 81 240 109
    52 117 20 56 39 85 20 124 225 153 173 24 36 209 29 140 9 16 240 35
    173 88 87 32 250 143 236 8 43 31 249 212 137 57 155 174 239 186 22
    108 249 137 58 165 153 197 86 121 80 97 85 81 163 127 127 159 114
    157 248 219 96 127 91 233 48 251 191 110 121 148 87 54 225 253 251
    10 12 222 133 235 172 22 193 190 164 19 123 238 74 54 51 209 22 53 0
    152 110 198 128 147 116 101 67 129 82 122 130 2 211 131 46 193 71
    140 138 230 73 2 172 192 104 94 44 36 190 90 56 195 93 64 72 145 202
    224 32 129 78 153 174 25 3 112 24 156 65 0 115 51 153 56 23 160 122
    71 20 128 52 221 162 27 72 4 43 129 98 162 72 34 21 96 125 1 84 192
    39 194 107 6 218 186 47 210 40 33 105 87 36 28 187 2 104 105 87 64
    72 24 9 193 29 245 79 25 172 24 5 224 28 156 65 16 178 51 189 24 87
    32 250 2 3 128 22 1 128 8 6 2 162 3 4 176 99 1 2 44 2 0 146 130 39
    67 195 0 2 224 76 0 168 129 64 95 60 65 162 25 8 194 72 32 0 16 10
    160 116 129 79 17 170 24 3 52 24 88 73 17 115 19 181 40 115 32 74
    235 223 206 255 247 159 223 201 63 219 45 250 191 251 236 255 227
    213 61 111 206 127 226 115 111 223 187 63 127 107 54 59 247 103 92
    251 82 125 253 244 242 95 56 127 215 30 253 63 157 173 24 5 249 61
    157 111 16 246 51 189 89 95 50 251 225 222 12 138 207 31 7 145 47 71
    44 202 156 57 124 13 197 247 60 164 80 214 152 96 83 117 25 104 189
    18 83 17 208 68 211 65 64 72 46 40 54 159 40 183 21 222 116 133 132
    153 16 12 11 235 139 139 57 220 48 52 84 217 12 184 3 2 0 2 0 128
    130 4 2 130 2 68 128 3 1 3 12 34 128 129 192 32 66 193 0 16 16 68 0
    40 1 64 5 16 195 32 57 8 8 0 100 0 32 129 33 80 49 111 18 168 40 3
    182 1 120 16 6 3 22 161 0 211 108 74 13 34 231 33 152 245 161 252
    200 190 194 53 193 21 155 97 202 76 195 98 249 35 206 212 13 184 148
    129 80 14 51 202 85 36 85 186 80 58 233 84 248 84 24 14 69 165 161
    109 152 44 24 5 240 29 156 73 0 226 51 189 72 23 32 250 3 7 0 18 1 0
    0 6 2 0 3 4 0 2 0 3 6 34 0 128 2 32 81 3 0 128 128 8 2 40 0 65 0 36
    83 178 0 8 2 72 0 0 16 129 0 80 160 78 16 32 16 0 48 24 48 0 1 35 18
    176 8 82 32 106 5 132 16 0 9 128 162 72 50 0 134 69 0 17 128 17 100
    170 129 0 192 32 64 65 32 24 64 78 20 4 129 97 157 16 17 136 16 136
    9 64 81 16 24 7 224 16 240 79 153 172 24 5 240 8 152 73 18 82 54 172
    16 23 36 202 193 206 12 138 205 31 7 147 47 87 46 202 142 57 124 173
    197 247 60 36 84 212 56 96 99 117 25 104 189 10 18 17 208 71 210 65
