<?xml version="1.0"?>
<opencv_storage>
<ImageFile>"290.jpg"</ImageFile>
<Features type_id="opencv-matrix">
  <rows>286</rows>
  <cols>64</cols>
  <dt>u</dt>
  <data>
    124 171 255 249 114 255 243 247 253 253 222 189 95 182 251 238 251
    221 251 111 253 221 254 183 255 107 156 247 109 213 126 238 253 67
    103 255 223 255 253 124 254 29 247 54 253 183 75 230 191 172 239 255
    243 125 157 92 118 254 111 253 219 94 107 255 250 253 255 223 226
    223 223 161 127 231 61 218 191 254 127 254 255 211 124 239 30 253
    247 54 223 255 247 127 227 250 254 187 226 37 119 255 218 125 250
    253 114 95 253 127 191 30 221 63 157 172 16 79 250 31 157 79 89 247
    113 61 127 125 41 250 173 238 239 200 51 127 245 255 189 220 214 253
    31 62 255 206 155 252 251 47 245 87 246 119 121 255 29 55 125 219 94
    235 157 64 247 240 247 219 249 61 255 191 127 55 191 183 117 232 191
    189 191 157 219 29 191 92 126 222 127 237 251 223 46 223 57 254 125
    111 63 253 245 57 253 253 222 253 253 127 252 237 251 255 255 187
    245 118 219 255 241 127 85 182 127 211 255 239 223 232 207 52 255
    219 249 61 125 221 251 39 213 245 247 107 191 255 141 15 254 133 218
    93 62 246 255 239 243 223 172 222 248 205 255 221 34 223 211 225 191
    245 87 222 223 252 127 254 255 213 123 111 190 127 214 119 125 255
    181 126 99 223 127 251 215 38 69 254 210 123 249 124 240 93 124 47
    213 62 245 111 157 172 24 13 240 29 156 77 16 246 123 189 89 95 42
    250 57 253 255 252 54 127 249 119 253 252 222 253 127 252 255 238
    255 253 251 251 245 127 247 247 253 127 247 246 109 215 255 239 223
    120 231 252 223 123 248 125 252 221 255 47 253 247 247 111 191 238
    143 207 242 29 154 93 63 247 127 255 251 255 239 222 7 21 201 150 61
    130 26 8 34 99 1 66 130 67 128 19 106 215 36 99 130 37 194 99 12 146
    179 47 18 42 17 105 87 36 21 154 66 120 235 87 96 72 56 41 209 20
    245 111 153 172 24 5 240 24 156 73 16 114 51 157 88 87 32 250 124
    255 255 252 54 127 253 255 221 254 255 189 127 254 255 238 251 220
    251 107 183 253 228 191 253 239 230 153 109 223 126 251 235 100 245
    254 223 127 249 125 126 223 255 62 254 167 231 110 191 173 239 223
    250 29 159 93 236 246 123 251 251 206 111 246 126 52 253 158 126 207
    95 109 247 110 157 188 125 238 189 246 251 212 82 32 221 115 247 47
    221 197 236 31 83 217 93 111 213 36 87 191 210 114 225 126 114 223
    108 47 213 30 229 111 149 172 90 5 178 29 149 75 152 246 59 189 89
    86 42 242 191 254 109 239 255 61 223 152 255 95 189 251 175 123 228
    253 243 247 62 121 125 214 185 124 103 255 121 59 255 123 127 191
    208 237 158 223 234 113 185 247 87 223 107 61 209 27 252 21 140 183
    22 13 232 183 143 109 56 180 244 30 223 223 62 189 251 220 202 231
    255 254 219 137 191 255 119 251 191 154 98 253 60 247 60 191 236 143
    251 124 175 223 251 127 222 123 247 127 199 253 124 119 255 253 236
    247 209 92 107 125 219 31 249 49 221 223 24 167 253 231 188 231 80
    255 245 63 255 93 48 191 60 254 109 249 190 253 249 253 253 254 250
    189 253 126 249 228 243 220 67 106 253 114 159 188 125 173 39 179
    255 223 127 255 241 110 95 250 215 243 249 254 254 93 90 62 84 167
    246 115 155 173 30 5 250 29 143 93 144 242 107 188 223 222 42 180
    250 218 198 103 255 251 218 145 126 185 255 123 174 91 106 253 53
    179 126 159 253 143 187 124 163 127 127 119 254 255 231 246 239 249
    206 85 255 157 252 183 249 93 99 191 249 107 190 49 236 223 156 171
    221 231 219 243 118 221 244 39 246 121 148 30 61 255 255 252 54 127
    253 127 245 254 253 249 95 253 124 223 189 252 239 251 247 126 116
    191 245 111 231 214 125 245 253 231 239 122 238 44 255 254 240 249
    126 191 251 239 246 247 215 111 187 251 174 207 250 29 223 93 191
    215 247 255 251 251 207 255 186 254 254 255 191 253 255 9 253 251
    252 251 191 127 110 93 255 191 127 251 253 119 91 127 245 223 243
    255 127 243 247 230 159 236 207 52 255 249 248 127 124 95 127 237
    215 117 247 127 189 238 152 15 246 5 252 125 30 247 247 189 187 219
    184 94 188 250 255 237 254 245 255 245 253 255 222 253 223 126 251
    236 187 253 251 43 253 125 254 253 251 127 119 247 125 215 255 255
    255 211 255 117 255 247 249 63 127 125 239 62 255 183 255 115 191
    223 255 255 254 239 156 125 254 223 255 239 255 239 235 246 252 250
    255 237 254 253 255 245 253 255 222 255 221 126 251 252 255 255 251
    42 253 123 223 252 249 127 127 247 237 215 255 255 239 249 239 117
    255 247 253 127 125 93 231 62 255 183 255 51 191 223 207 239 247 239
    156 253 238 223 223 239 255 239 249 246 60 239 253 232 50 191 245
    103 189 222 86 209 93 60 252 206 219 220 227 105 244 117 208 115 125
    152 164 149 127 213 61 233 215 64 87 170 247 122 249 124 254 223 126
    45 215 150 119 111 159 172 189 13 242 29 191 92 20 242 59 253 91 223
    42 251 124 173 255 252 58 127 125 239 249 254 237 189 119 246 191
    234 155 220 251 107 191 253 206 187 253 235 146 151 107 237 63 239
    247 150 245 250 183 255 249 127 122 255 255 101 255 151 103 107 223
    174 175 255 242 29 188 92 124 254 255 251 251 254 235 255 56 189 255
    252 62 255 249 119 253 252 214 213 95 124 61 206 253 252 227 251 244
    127 210 255 253 107 230 214 125 213 253 239 223 120 227 60 255 122
    248 121 248 159 255 47 213 183 247 111 191 250 143 207 242 29 159 93
    63 243 255 255 251 255 238 255 204 8 175 185 202 111 35 239 157 238
    218 141 83 164 123 174 137 25 123 102 252 149 254 185 95 233 28 198
    193 215 58 222 225 51 67 105 82 231 237 42 154 53 84 62 95 191 107
    240 93 8 94 148 211 95 132 24 209 204 41 188 77 70 18 244 252 49 255
    151 223 225 155 252 206 167 211 126 255 110 179 114 251 215 115 119
    59 167 199 244 140 235 254 175 210 136 115 170 95 44 69 159 90 121
    233 94 120 72 52 46 213 61 189 63 153 172 24 5 240 29 156 65 16 242
    49 185 88 23 32 250 187 222 127 239 255 253 221 216 255 127 252 219
    255 121 116 253 247 245 63 123 244 94 188 125 239 255 107 59 255 91
    127 255 241 237 158 223 210 119 253 247 215 223 122 63 216 150 252
    149 141 181 86 5 232 183 143 77 144 244 43 158 223 95 38 185 191 254
    123 231 255 188 155 137 255 127 154 127 175 94 238 253 242 247 29 50
    237 119 155 124 231 222 121 63 222 123 127 127 167 237 223 87 246
    251 237 183 195 92 74 92 209 22 252 49 220 221 24 37 254 167 159 107
    80 244 182 45 222 95 62 188 255 57 243 246 93 98 97 254 212 168 212
    53 103 202 130 95 251 213 51 71 231 175 239 55 142 219 114 143 82 9
    114 239 87 39 53 191 118 124 125 116 121 64 186 107 77 21 101 239
    217 36 89 148 240 62 156 73 80 176 35 187 88 7 165 250 171 222 109
    237 255 61 223 152 189 95 189 203 175 121 118 253 225 245 63 121 124
    214 184 124 103 255 57 59 255 123 127 63 240 237 158 219 194 117 189
    247 215 223 122 63 216 30 252 21 205 181 86 5 72 183 143 109 152 244
    49 30 220 95 54 185 124 51 247 244 48 167 121 126 212 188 211 53 71
    199 145 66 186 205 227 107 247 45 194 223 156 58 230 215 72 245 244
    238 79 59 36 190 189 188 209 125 89 108 243 238 235 161 131 111 187
    166 169 219 240 28 28 85 102 243 95 219 235 39 161 246 171 222 109
    237 255 61 223 152 189 95 189 203 175 121 102 253 225 245 61 121 108
    214 178 120 103 255 57 59 255 123 127 61 240 237 158 219 194 117 185
    247 215 223 122 63 216 26 252 21 140 181 86 4 72 183 143 109 184 244
    49 30 220 222 54 185 183 254 123 231 255 188 155 201 255 127 154 127
    175 95 250 253 242 247 29 50 205 7 155 124 255 222 121 63 222 123
    123 127 167 229 223 95 242 251 237 183 195 92 74 156 209 30 252 49
    204 253 24 37 252 167 157 235 80 252 178 45 222 95 58 188 252 253
    255 253 118 127 255 255 221 253 253 191 223 254 255 254 251 213 127
    111 63 191 230 63 127 239 191 63 211 219 126 191 243 39 117 255 214
    127 253 253 122 95 253 62 255 62 253 190 157 173 95 149 249 127 148
    79 208 254 121 255 93 86 51 255 205 161 251 61 16 98 250 206 208 170
    197 189 98 134 135 107 235 13 51 71 233 161 103 151 197 223 249 175
