<?xml version="1.0"?>
<opencv_storage>
<ImageFile>"291.jpg"</ImageFile>
<Features type_id="opencv-matrix">
  <rows>246</rows>
  <cols>64</cols>
  <dt>u</dt>
  <data>
    50 221 60 223 39 221 223 33 127 199 61 202 189 126 124 92 253 147 96
    179 214 126 211 102 249 215 243 126 58 251 223 107 135 124 83 20 218
    73 250 105 112 93 229 109 181 20 245 111 151 138 153 15 182 13 156
    95 57 243 114 61 115 253 40 250 178 213 88 142 167 156 223 9 111 71
    61 202 191 122 116 124 245 179 36 181 22 118 177 102 241 215 241 123
    51 186 215 49 134 124 194 214 202 73 250 251 114 219 37 233 148 94
    244 47 147 174 144 15 60 1 252 251 57 243 112 61 114 217 40 251 63
    48 117 182 191 161 63 120 214 61 213 115 237 75 146 84 242 214 67
    210 241 34 195 246 140 186 244 155 90 92 229 239 223 44 20 190 223
    56 161 125 88 72 147 143 192 49 131 79 187 174 153 3 240 28 156 65
    40 178 55 153 186 23 36 222 45 166 109 168 63 189 61 121 245 126 254
    241 125 63 188 101 130 252 67 97 245 114 208 118 93 172 164 147 126
    92 61 235 223 100 215 186 210 120 233 117 124 93 58 47 212 53 245
    111 153 172 24 5 242 29 158 73 16 242 51 189 90 215 40 250 45 182
    109 172 63 189 189 121 245 126 254 241 125 63 252 69 162 252 67 105
    245 114 208 118 93 188 165 147 126 94 61 235 223 108 215 186 210 120
    233 117 124 93 58 47 212 55 245 111 153 172 24 13 242 29 159 77 16
    242 51 189 90 87 44 250 114 49 153 150 38 4 88 167 198 162 17 22 145
    194 19 82 118 215 0 71 10 173 195 6 140 130 246 73 2 168 180 40 67
    44 4 190 74 120 195 86 144 72 149 10 194 28 129 15 155 172 16 5 112
    24 148 73 16 114 49 185 88 22 32 251 86 49 147 150 48 2 24 231 66
    162 17 18 209 194 147 82 118 199 0 102 15 173 195 2 140 138 182 73
    130 40 176 40 115 36 84 186 74 120 195 86 144 72 145 10 224 28 129
    15 153 172 16 7 112 24 148 73 0 114 49 185 88 86 32 251 82 49 145
    214 240 130 90 66 66 32 1 50 166 194 128 18 118 195 24 70 139 45 195
    67 142 194 234 77 2 40 192 44 23 39 52 159 0 108 70 87 1 64 129 66
    169 12 137 31 212 166 48 247 32 120 60 235 65 63 18 147 24 36 177
    226 126 57 243 118 80 34 106 107 194 128 211 115 99 194 128 90 114
    129 63 87 39 45 193 215 158 202 230 141 66 172 224 232 38 47 36 191
    10 60 87 212 201 96 145 202 203 61 131 206 205 38 73 211 112 62 60
    65 65 186 83 251 56 38 177 107 14 13 198 212 2 133 92 7 37 196 5 128
    154 230 180 78 232 81 33 103 142 45 210 99 95 218 162 45 66 136 48
    41 215 38 85 186 66 120 211 92 48 120 60 47 213 20 229 111 153 172
    24 5 240 29 156 73 24 242 51 189 88 87 32 250 1 22 0 32 157 160 161
    88 160 60 130 69 128 25 129 5 98 108 131 0 224 34 24 121 68 152 0 2
    30 4 33 71 85 224 91 48 48 160 41 4 205 68 26 134 64 193 48 67 56 52
    24 0 240 20 142 1 18 2 135 132 194 71 36 112 43 214 109 168 191 189
    135 24 245 94 250 64 237 61 125 69 196 244 195 184 240 114 153 124
    108 180 5 146 126 87 125 203 213 200 219 0 126 250 41 35 45 215 74
    45 84 135 118 65 178 125 152 12 174 133 207 29 46 130 190 140 195
    219 108 180 62 246 125 172 63 189 63 89 245 126 248 251 253 41 252
    85 242 253 71 112 240 114 144 126 204 188 225 187 94 95 125 235 215
    44 222 190 90 120 169 117 122 222 122 47 212 21 244 79 153 172 24 5
    224 29 159 73 16 242 51 188 90 87 32 186 244 41 255 159 50 205 217
    239 207 197 31 156 215 182 251 250 187 212 112 47 14 149 230 161 221
    197 188 57 35 170 30 41 148 20 117 218 130 123 203 84 48 89 165 34
    191 30 237 44 215 172 227 183 50 25 52 95 88 114 56 121 89 29 34 250
    3 137 138 86 45 130 216 2 50 155 5 195 130 65 4 25 36 199 36 211 198
    45 194 115 97 154 163 110 82 33 33 99 215 54 80 184 82 104 250 113
    80 124 184 111 209 20 245 111 153 174 24 69 240 29 156 73 17 243 115
    191 80 119 161 251 67 0 0 162 221 2 2 74 2 66 0 34 32 3 128 17 98 69
    5 68 64 128 136 64 6 136 40 9 146 8 33 73 112 38 20 154 0 112 5 214
    128 66 24 8 64 28 64 196 0 36 16 4 96 24 132 73 16 48 33 156 72 86
    32 177 67 18 0 130 93 178 15 26 6 42 129 98 160 73 0 17 0 85 0 16
    192 39 136 107 6 144 233 7 18 40 1 79 23 164 148 49 96 104 32 67 96
    66 10 9 193 0 208 75 16 190 24 4 37 48 220 3 16 50 182 159 8 87 52
    91 55 50 117 2 31 177 1 124 214 20 150 53 109 30 153 85 114 246 67
    16 241 34 193 116 132 168 100 9 50 24 193 232 13 44 135 190 74 50 1
    84 152 209 18 142 64 225 160 79 176 36 153 8 48 24 222 81 48 50 63
    156 88 135 36 88 214 33 251 148 50 70 93 231 70 198 53 146 83 162
    150 90 187 84 32 103 10 132 228 3 158 131 183 9 3 168 22 41 240 52
    52 250 2 124 3 212 50 202 181 43 186 28 193 44 83 172 115 151 32 26
    52 73 144 114 57 89 93 20 32 251 4 198 64 139 201 202 162 73 61 88
    42 109 176 63 233 229 194 17 137 4 197 35 156 104 113 204 8 7 158
    202 9 87 165 227 95 179 49 210 13 180 195 20 8 134 68 134 72 193 137
    37 92 36 149 71 141 170 18 72 166 164 74 78 50 89 30 18 109 161 62
    181 171 121 180 254 210 83 205 25 49 69 240 220 67 96 240 34 192 120
    76 184 165 203 88 84 113 251 87 44 85 186 90 120 169 116 120 92 58
    14 212 37 210 79 153 172 24 5 240 29 156 73 16 242 51 156 88 87 32
    250 63 182 109 172 63 181 63 89 181 126 216 115 237 61 180 85 249
    252 67 112 241 114 208 122 76 188 241 251 122 85 125 235 215 44 214
    186 211 120 169 117 124 78 122 47 212 21 246 79 152 172 24 5 240 29
    156 73 24 242 51 157 90 87 44 250 161 205 207 159 34 77 221 165 191
    229 61 142 31 174 127 238 175 86 52 43 30 216 230 40 121 215 183 58
    179 203 30 63 241 36 53 218 66 79 250 254 178 223 109 62 158 30 109
    60 149 136 86 5 28 27 149 78 153 112 56 125 93 28 2 251 20 50 81 130
    16 129 32 103 70 42 66 52 117 2 145 82 122 130 65 64 193 32 193 151
    136 8 228 137 66 136 177 232 85 36 71 190 16 120 1 84 48 64 16 14 68
    20 129 78 153 44 24 1 240 28 28 73 0 242 19 184 88 70 32 242 51 49
    113 134 23 133 145 40 198 68 151 53 61 106 177 84 126 246 66 112 193
    34 193 102 156 184 228 9 18 152 213 105 214 44 85 190 82 120 201 92
    112 81 21 10 196 20 241 79 153 172 153 5 242 24 156 65 48 114 51 185
    88 23 32 250 60 50 117 53 190 165 43 120 198 47 211 54 237 74 145 83
    242 197 67 96 187 38 131 221 140 184 230 141 82 28 241 190 75 44 205
    159 74 60 1 87 28 64 19 142 194 97 136 31 184 188 16 3 98 156 28 65
    128 178 19 155 124 7 32 182 60 51 117 213 190 165 187 120 198 47 211
    55 237 74 145 84 242 213 67 98 251 42 131 252 140 186 246 255 82 156
    245 190 75 44 207 191 222 60 225 95 124 72 147 142 195 33 137 31 186
    172 24 3 226 156 156 81 128 178 115 155 252 135 32 182 179 190 255
    135 255 221 147 185 222 213 150 127 191 94 251 85 251 247 110 54 213
    7 147 116 191 246 125 47 150 26 211 59 199 44 87 158 82 121 233 116
    113 93 48 63 213 36 252 101 153 172 24 13 240 29 156 65 16 242 50
    189 88 95 32 250 68 14 129 136 64 78 7 207 9 100 14 4 17 182 155 162
    139 84 129 36 8 129 238 32 89 197 24 1 129 10 26 73 149 7 113 170 0
    194 15 6 32 49 8 34 13 158 100 160 17 36 127 52 147 91 164 138 128
    104 40 44 72 68 48 242 47 180 109 164 63 189 191 121 181 127 254 243
    237 121 180 101 240 253 71 113 245 114 210 118 77 254 165 191 122 95
    117 235 223 44 215 186 210 120 233 117 120 92 58 175 213 49 247 111
    153 172 24 13 240 29 156 73 24 242 51 189 90 215 44 250 45 134 237
    137 31 157 135 93 189 255 36 200 153 57 189 69 136 117 161 33 208
    119 218 121 85 241 137 39 88 89 49 75 215 0 215 170 82 248 169 52
    112 94 106 47 213 20 245 107 153 172 24 5 241 29 156 72 16 242 51
    189 218 215 40 251 124 126 255 189 126 247 191 253 253 252 252 189
    125 191 251 254 243 244 123 110 253 211 247 53 221 237 172 191 123
    223 119 255 241 37 87 255 214 115 249 252 126 93 125 62 212 183 229
    108 157 172 222 13 242 29 156 77 152 246 59 188 91 70 42 248 56 22
    49 160 20 164 43 89 196 102 193 20 101 8 177 87 230 212 3 96 192 34
    192 118 76 136 164 9 82 4 49 232 87 36 85 186 82 120 1 84 112 64 24
    15 208 20 224 79 153 172 24 5 240 29 156 73 16 242 51 188 88 87 32
