<?xml version="1.0"?>
<opencv_storage>
<ImageFile>"292.jpg"</ImageFile>
<Features type_id="opencv-matrix">
  <rows>341</rows>
  <cols>64</cols>
  <dt>u</dt>
  <data>
    60 39 125 154 18 31 5 111 231 68 221 52 125 63 189 70 242 244 67 96
    113 114 209 182 220 168 164 25 98 156 89 233 212 44 71 190 74 112 1
    92 60 91 28 143 84 116 229 78 153 44 153 12 114 29 156 89 56 242 51
    188 88 214 42 248 60 37 125 138 18 31 5 127 231 68 220 48 125 63 189
    70 243 244 67 96 113 114 209 182 220 168 164 25 106 156 89 233 220
    44 71 190 202 114 1 124 62 95 28 175 84 244 228 78 153 44 137 12 114
    29 157 89 56 242 59 188 90 214 42 248 68 3 129 144 64 130 34 66 0 42
    0 2 128 193 16 3 0 77 1 68 130 5 72 67 14 128 138 4 0 0 32 64 82 3
    20 171 0 108 5 64 4 96 16 8 67 12 65 203 16 32 24 16 33 88 12 138 1
    42 19 145 72 84 16 98 67 0 128 18 73 130 2 14 2 32 3 4 0 195 130 2 2
    5 0 64 138 169 202 11 4 128 128 13 18 40 1 77 19 167 48 58 0 192 7
    70 0 96 8 64 0 12 65 139 80 36 80 4 37 24 180 170 1 34 33 25 8 4 49
    96 85 0 144 181 200 162 42 68 0 35 65 20 128 194 130 18 46 79 153 70
    138 173 202 9 14 202 170 111 18 32 33 15 87 151 60 27 1 236 4 70 0
    96 153 66 235 12 203 19 92 4 120 52 101 250 52 171 193 46 49 131 76
    6 49 230 208 57 147 53 201 34 34 255 192 41 210 39 227 196 3 18 116
    11 123 214 122 143 67 135 130 106 254 204 192 132 224 136 79 47 6
    191 9 36 5 68 8 64 144 138 73 105 139 150 120 6 88 208 97 122 28 195
    69 56 21 177 44 36 144 64 199 33 131 48 16 98 168 206 192 170 195 52
    98 130 131 67 74 8 35 71 3 133 101 23 6 139 182 143 66 12 34 82 103
    36 68 187 17 60 65 212 200 64 48 138 203 81 131 238 25 172 24 1 240
    28 20 65 144 242 51 189 76 86 32 251 198 33 130 48 64 2 8 199 0 162
    1 118 66 194 130 10 106 1 37 71 3 141 100 3 6 138 178 15 130 12 34
    66 103 38 68 187 16 60 69 214 64 96 16 10 201 28 129 238 89 172 24 5
    112 28 148 65 16 242 49 189 76 86 32 235 7 0 200 128 17 130 131 78 6
    132 7 84 0 10 131 65 2 85 0 39 128 33 198 99 44 128 8 7 18 40 17 75
    55 36 21 154 18 122 11 20 192 16 8 0 129 0 193 111 17 44 24 5 177 16
    156 66 16 50 50 189 72 21 36 251 193 4 131 3 216 102 163 244 136 47
    2 15 130 201 131 5 74 109 185 4 120 135 202 72 10 248 28 38 144 0 34
    15 69 35 93 241 17 165 45 4 89 96 26 138 73 120 41 145 56 12 24 48
    209 250 140 130 80 44 33 57 76 71 16 242 193 6 2 131 201 228 163 208
    12 237 2 79 128 77 83 5 106 101 157 70 120 135 158 72 10 124 61 38
    148 3 35 23 97 167 93 81 17 165 45 6 81 64 2 158 73 8 24 145 8 93 80
    32 213 234 140 227 208 40 32 13 196 7 16 180 41 158 212 130 255 189
    167 89 126 124 42 67 189 127 235 85 230 247 33 96 212 7 155 124 66
    236 233 46 222 73 113 111 223 36 84 186 82 120 169 116 112 94 26 15
    212 22 212 77 153 172 24 5 240 29 157 73 16 242 51 188 88 87 32 248
    147 5 136 86 35 0 88 2 2 129 21 210 18 66 2 18 108 214 36 99 6 44
    224 98 76 146 179 75 18 40 16 105 214 52 84 186 66 120 202 212 80 88
    57 107 144 20 245 110 145 172 24 5 240 25 156 73 16 114 51 189 88 87
    32 250 147 5 136 20 39 0 88 2 2 129 21 82 146 64 2 18 100 213 36 99
    6 44 224 98 76 146 177 11 18 40 16 41 214 36 84 186 82 120 203 212
    80 88 57 47 144 20 245 111 153 172 24 5 240 25 156 73 16 114 51 189
    88 87 32 250 60 190 255 168 54 253 181 127 245 220 222 245 125 63
    187 207 251 252 227 107 245 115 215 247 221 125 244 189 121 222 255
    235 207 108 71 190 215 120 233 124 124 93 58 175 213 117 247 111 185
    172 152 13 242 29 156 93 56 242 115 189 91 215 40 250 1 2 0 0 0 128
    0 0 34 0 2 0 0 33 1 0 12 32 0 128 128 0 81 192 80 16 12 64 0 140 129
    64 148 16 67 0 0 8 2 8 160 16 0 129 0 80 32 72 17 72 0 0 48 9 64 2
    18 67 2 52 0 81 96 74 47 214 108 162 191 188 7 9 36 70 145 114 189
    63 180 85 226 244 5 112 193 98 145 112 76 156 161 9 82 24 57 105 214
    36 86 186 66 120 161 116 116 90 24 15 212 20 244 79 153 172 24 5 112
    29 157 73 16 242 51 188 88 87 32 248 186 58 255 167 255 247 185 255
    220 255 210 119 239 204 147 117 250 213 251 114 241 7 207 125 174
    168 254 159 222 221 119 255 117 44 223 255 126 119 233 117 216 68 83
    30 195 165 195 93 186 188 24 129 240 189 156 89 196 242 55 156 222
    23 32 244 60 190 255 168 55 253 181 127 253 220 222 245 125 63 191
    207 251 252 99 107 245 115 215 247 221 125 244 253 121 212 255 235
    207 108 71 190 215 120 233 124 124 93 62 175 213 117 247 111 185 172
    152 13 242 29 156 93 56 242 115 189 91 223 40 250 241 21 19 3 216 6
    131 250 198 5 6 86 39 201 144 21 126 246 7 100 74 130 173 36 14 186
    60 9 146 10 82 57 80 39 20 158 2 48 5 222 16 64 24 138 73 8 8 132
    137 44 80 0 112 26 132 65 16 48 33 25 88 23 32 248 191 253 255 254
    55 125 93 251 255 85 253 250 127 254 254 255 243 246 103 123 119 254
    241 119 255 239 243 57 255 251 126 169 174 110 214 254 222 127 251
    253 122 255 255 127 220 55 245 238 255 191 159 205 250 31 223 93 56
    240 125 255 127 222 175 216 255 245 252 222 55 7 93 75 119 103 189
    248 63 234 164 94 243 215 52 119 135 255 241 55 254 207 227 63 115
    61 244 105 210 36 20 254 194 120 243 252 82 203 61 111 208 28 245 79
    153 172 18 5 120 28 156 73 24 242 115 189 88 86 34 249 255 245 252
    222 55 7 93 75 119 97 189 248 127 234 164 94 243 215 54 119 135 255
    241 55 252 207 227 63 115 61 252 105 210 36 20 254 194 120 243 245
    82 203 61 111 208 28 245 79 153 164 26 5 120 28 156 73 24 242 115
    189 89 86 34 251 191 245 124 222 119 15 93 11 119 71 189 250 191 234
    180 92 243 247 36 247 71 254 177 102 254 223 227 59 243 188 244 105
    210 36 22 254 194 120 243 252 82 203 60 47 208 20 245 79 153 172 16
    5 104 29 156 73 24 242 51 189 88 86 34 249 254 253 255 220 55 191 93
    127 247 231 253 248 255 250 180 94 242 213 118 111 159 125 227 55
    253 203 227 127 115 253 252 233 211 36 52 254 194 121 241 245 82 223
    189 47 211 20 245 111 153 172 26 5 248 29 157 77 24 242 51 189 89 86
    34 251 67 199 0 27 201 138 6 1 40 33 41 10 144 100 46 1 68 11 1 70
    206 173 10 66 64 214 145 110 128 2 3 2 151 38 65 8 1 72 110 98 32 56
    56 99 85 92 245 3 153 140 16 4 245 93 152 139 17 242 49 181 80 119
    33 234 70 34 81 130 88 130 11 79 194 98 1 48 1 3 145 18 98 70 0 100
    130 0 140 9 12 128 42 13 18 40 1 93 112 133 60 155 0 180 7 214 6 66
    0 200 34 24 64 28 64 36 112 48 32 16 36 107 136 42 0 8 76 68 50 177
    69 32 81 18 24 2 11 76 194 38 1 20 65 3 145 50 66 68 0 96 138 160 12
    8 12 128 174 9 2 8 1 88 112 132 28 155 0 160 7 198 4 64 8 128 34 24
    64 20 0 36 112 48 32 24 36 43 136 40 0 8 76 4 51 177 82 16 17 162 81
    2 11 74 198 10 33 48 33 3 129 19 98 70 0 4 130 32 136 43 12 128 42
    13 18 40 1 73 48 167 60 155 32 36 7 198 4 66 0 200 2 24 64 206 64 36
    112 0 32 16 36 107 136 56 0 24 12 68 48 49 2 1 0 212 34 128 90 0 2 0
    17 4 16 64 1 0 36 2 0 130 194 40 128 2 8 2 162 72 0 32 149 64 114 52
    16 40 74 64 194 192 144 40 17 74 224 4 193 78 17 138 24 7 48 24 156
    73 17 115 51 149 64 38 32 233 73 1 134 182 5 35 57 126 16 174 80 1 2
    136 2 3 2 93 33 103 192 5 192 51 8 138 160 4 80 0 48 73 87 36 52 184
    87 104 1 116 80 64 58 14 194 20 65 110 25 168 24 5 240 28 156 72 16
    178 51 153 72 22 32 251 60 51 117 180 52 183 37 122 230 84 195 49
    109 123 144 87 242 213 67 97 241 38 192 119 140 170 228 13 114 12
    113 233 214 36 86 190 82 120 129 84 92 80 56 143 192 32 193 79 152
    172 24 1 112 28 159 73 16 242 51 157 88 86 32 250 28 51 208 52 16
    162 40 102 64 10 194 55 208 198 131 82 120 139 195 194 227 45 67 211
    140 8 246 205 64 140 224 192 79 18 69 174 29 184 65 84 44 0 145 6
    101 101 163 79 186 110 41 83 242 92 24 65 6 83 23 161 40 35 225 98
    77 38 231 41 221 241 163 252 184 186 194 53 64 29 139 227 139 108
    203 74 249 193 78 184 4 41 8 135 220 71 35 215 125 128 213 32 117
    178 45 53 252 20 90 22 69 225 66 241 56 124 126 37 213 253 204 72
    150 168 143 156 202 6 36 84 64 7 1 136 64 14 34 193 8 66 3 6 80 164
    91 162 192 9 1 100 8 128 0 128 93 24 152 8 128 134 58 0 80 4 81 170
