<?xml version="1.0"?>
<opencv_storage>
<ImageFile>"293.jpg"</ImageFile>
<Features type_id="opencv-matrix">
  <rows>299</rows>
  <cols>64</cols>
  <dt>u</dt>
  <data>
    60 38 109 138 22 63 37 127 229 68 212 48 125 63 189 70 250 244 67 96
    113 114 208 182 88 168 164 137 120 152 121 233 220 44 71 190 74 114
    1 124 60 95 28 143 84 244 196 76 155 44 153 12 114 29 157 89 56 242
    59 188 90 214 42 249 44 38 109 136 18 63 37 127 229 68 212 52 125 63
    189 70 242 244 67 96 241 114 208 182 92 168 132 137 114 152 121 233
    204 44 71 190 66 114 1 124 60 83 28 142 84 116 228 78 153 44 153 12
    114 29 157 89 56 242 51 188 88 214 42 249 28 51 243 245 252 164 249
    126 4 221 211 81 199 65 145 81 58 205 163 98 230 45 198 91 142 154
    178 255 94 36 49 223 87 243 189 155 52 244 123 23 101 96 147 194 233
    128 217 91 72 180 121 243 240 244 156 105 69 26 83 203 200 39 181
    246 22 51 243 245 252 162 169 94 132 92 195 117 195 73 147 81 42 205
    170 98 226 45 198 91 14 154 178 215 150 44 33 207 23 243 189 155 52
    244 123 23 101 96 147 194 233 128 217 91 88 180 89 243 240 242 156
    97 196 26 19 139 200 7 181 118 132 235 99 193 176 116 233 240 140
    223 234 126 195 0 219 233 139 76 239 111 15 136 174 216 47 223 23 35
    149 14 50 31 112 71 253 219 16 245 127 151 37 96 178 126 46 138 88
    176 74 157 118 241 219 246 164 102 192 8 0 79 77 13 33 182 68 43 131
    16 0 2 40 199 0 162 3 4 82 192 131 2 10 72 33 71 7 173 100 19 14 138
    150 1 0 12 48 66 115 6 68 170 16 60 65 84 0 96 48 14 200 28 129 234
    25 172 24 21 81 29 148 72 16 226 49 189 72 86 33 250 2 1 0 162 81
    130 130 10 6 0 6 116 161 2 128 81 98 87 5 69 192 37 193 99 36 152 8
    13 18 40 1 73 22 165 20 146 35 88 13 20 193 64 16 72 193 12 112 79
    81 36 24 4 116 0 172 171 16 50 50 185 8 23 48 250 213 53 146 52 112
    134 58 71 2 173 1 81 194 195 130 19 110 203 130 71 203 47 114 83 156
    10 238 207 64 44 225 102 71 49 36 191 145 184 128 213 217 8 57 134
    235 120 139 79 153 166 120 51 112 90 156 65 16 251 51 149 120 23 33
    235 69 21 146 20 72 130 58 82 2 168 1 65 2 193 128 19 102 203 128 71
    192 47 64 203 128 10 166 78 80 4 161 102 87 49 36 191 16 168 0 196
    81 10 24 134 235 112 131 79 9 164 56 17 112 88 156 65 16 187 51 157
    120 70 33 235 127 50 241 160 221 162 47 94 198 110 192 50 229 202
    178 81 250 213 35 100 233 5 202 125 142 216 248 47 210 8 113 105 87
    36 156 187 64 124 37 87 96 64 26 11 69 28 245 221 24 172 24 4 98 184
    156 73 16 178 51 157 92 87 32 242 196 41 147 20 0 2 40 230 128 162
    195 20 66 192 146 2 106 76 163 71 10 141 108 139 142 138 182 207 0
    12 32 78 115 23 36 139 0 172 71 198 128 32 144 66 43 12 1 138 72 36
    112 242 65 90 36 2 193 8 1 195 76 36 65 167 68 43 147 48 16 98 40
    199 0 170 99 48 66 130 147 194 11 72 163 71 139 133 102 27 15 139
    150 133 66 12 34 202 97 6 117 187 17 188 97 84 104 96 48 166 239 5 3
    234 25 172 56 17 209 29 148 72 128 234 3 181 76 86 33 242 54 53 89
    154 17 6 5 79 199 64 5 176 53 46 173 86 242 150 0 64 131 34 193 39
    92 128 224 9 19 168 89 105 132 36 21 190 2 88 1 92 34 219 28 0 20 20
    197 78 145 36 25 12 48 24 181 73 24 114 59 184 24 70 34 249 255 245
    253 158 55 135 93 74 231 101 181 248 255 235 180 95 242 247 38 119
    135 109 241 103 220 138 226 31 115 56 124 105 215 36 20 190 194 120
    211 252 82 202 60 11 208 20 197 79 153 164 24 5 96 28 156 77 24 242
    51 189 88 86 34 251 183 245 253 158 55 134 93 75 231 101 189 248 63
    235 164 95 242 247 36 115 135 110 241 103 220 138 227 31 115 56 252
    105 215 36 20 190 194 120 243 252 82 202 60 75 208 20 213 79 153 164
    24 5 96 24 156 73 24 242 51 189 88 86 34 249 50 49 81 134 21 0 13 11
    198 64 17 114 37 66 130 80 114 214 0 0 66 40 128 102 142 128 224 9
    146 40 16 41 22 36 20 154 66 112 3 212 1 64 17 75 128 20 229 76 129
    164 81 5 48 18 148 73 0 114 48 24 88 5 32 248 193 207 134 11 201 74
    38 194 41 17 42 11 130 245 78 169 207 1 189 36 76 141 172 48 66 93
    25 36 149 2 2 21 208 35 81 113 17 192 37 32 103 54 56 55 93 158 124
    128 133 133 84 52 209 127 139 139 81 236 33 36 84 68 17 248 54 53
    121 170 17 14 7 79 199 64 133 176 53 46 189 86 242 150 0 100 131 32
    192 39 220 128 224 13 19 168 89 105 132 4 21 154 0 120 1 92 34 219
    28 1 20 20 197 78 145 36 25 12 48 24 181 73 24 114 59 184 24 70 34
    249 61 53 117 20 217 33 35 120 228 36 198 53 109 111 129 69 226 244
    67 96 241 34 128 246 12 168 160 9 210 12 113 105 95 36 85 186 82 114
    1 92 88 84 24 14 192 33 193 79 153 44 24 5 240 28 156 65 16 242 51
    189 88 6 32 248 61 62 117 236 62 253 173 124 253 124 218 53 125 61
    249 229 251 252 203 104 245 114 156 188 205 173 164 147 125 87 125
    255 253 108 215 190 214 114 185 117 252 93 91 62 84 167 230 77 186
    189 223 13 242 157 159 93 164 242 47 156 219 206 46 244 183 245 124
    158 23 5 93 10 103 70 61 242 61 107 180 87 243 246 4 241 67 114 177
    102 84 135 225 25 115 56 213 105 210 44 22 190 66 120 179 252 114
    202 60 41 212 20 245 78 145 172 16 5 96 25 156 73 24 242 51 189 88
    214 32 249 54 54 240 162 29 160 36 75 102 96 192 112 228 67 128 85
    114 230 3 208 225 38 17 119 134 152 224 139 82 28 225 224 7 36 22
    190 65 56 1 84 76 66 16 137 192 65 135 79 152 36 24 0 96 28 156 73 0
    178 19 149 24 87 36 106 66 5 144 218 74 130 78 7 35 106 40 0 144 230
    37 26 68 19 128 130 206 189 91 11 210 66 162 70 2 225 157 70 67 146
    67 33 41 204 118 98 38 106 196 73 55 28 199 219 85 72 24 86 39 88
    120 171 159 43 211 179 24 112 219 101 179 16 0 34 221 160 15 8 150
    59 144 115 168 75 0 21 98 215 5 16 192 38 137 108 6 152 104 11 210
    41 33 111 87 164 156 178 114 120 33 246 64 66 10 9 192 17 208 93 24
    52 24 4 228 16 220 97 16 178 183 156 24 87 32 57 186 22 117 180 190
    165 25 89 230 111 209 82 255 72 50 85 244 215 7 113 232 38 210 118
    140 154 245 107 82 28 245 233 215 44 86 190 90 120 225 117 80 76 56
    15 209 20 245 79 153 172 24 5 240 29 156 73 16 242 51 189 88 87 32
    250 69 38 231 1 124 54 163 254 160 188 130 51 66 155 131 67 72 237
    251 102 241 135 94 147 14 104 156 135 24 12 32 75 125 33 212 171 80
    56 5 116 220 4 26 134 73 232 129 201 56 44 24 17 241 124 156 67 116
    238 19 156 74 86 36 251 124 253 255 253 50 247 253 127 221 255 253
    249 255 254 182 94 251 221 115 107 247 125 231 247 253 255 247 191
    91 221 118 235 223 36 53 190 214 125 249 124 120 95 189 47 247 53
    247 111 155 172 24 133 240 29 156 77 16 242 115 253 91 87 41 250 7 0
    0 2 153 128 14 8 2 2 1 114 160 75 128 17 98 6 4 80 195 34 128 64 4
    144 33 9 146 40 1 1 18 36 28 154 0 56 3 214 1 66 8 9 192 16 128 13 0
    36 16 4 32 16 140 33 16 50 48 28 8 22 32 49 204 107 239 248 48 127
    60 231 41 230 107 152 83 180 255 234 139 72 107 111 31 209 100 146
    93 77 135 185 65 142 54 217 240 20 117 235 16 118 225 244 50 62 56
    55 254 158 87 236 155 172 118 151 81 95 149 76 144 232 1 252 93 86
    97 242 78 77 128 56 1 74 38 71 1 162 43 128 16 132 109 171 137 24 33
    196 2 145 100 3 69 221 155 5 1 38 42 64 16 151 113 11 1 68 68 2 34
    32 60 97 127 31 38 168 93 226 114 20 67 85 96 168 145 201 33 180 5
    98 145 2 61 54 117 41 188 245 171 252 244 190 242 53 109 9 153 229
    242 236 195 104 249 226 141 188 12 169 44 131 222 85 113 255 121 44
    221 191 119 178 33 116 254 68 90 158 66 227 194 81 184 61 92 1 224
    157 141 65 132 224 175 156 222 198 32 181 66 1 144 127 201 130 78 5
    35 43 1 8 144 226 36 18 36 3 16 150 206 45 83 11 208 194 226 127 2
    168 141 70 23 151 2 37 33 204 118 74 6 106 196 72 179 92 137 27 85
    194 24 103 39 64 120 171 27 63 210 179 56 112 211 97 203 140 138 182
    239 138 223 11 60 123 20 75 155 234 38 93 160 21 37 51 196 37 194
    123 70 218 177 39 210 105 55 111 215 164 84 186 114 120 233 116 112
    92 56 43 209 20 245 111 153 172 24 5 240 29 156 73 16 242 51 189 88
    87 32 250 124 254 255 237 62 127 249 255 253 254 250 189 125 188 251
    239 251 220 251 107 245 215 206 189 237 253 255 179 127 87 127 255
