<?xml version="1.0"?>
<opencv_storage>
<ImageFile>"294.jpg"</ImageFile>
<Features type_id="opencv-matrix">
  <rows>359</rows>
  <cols>64</cols>
  <dt>u</dt>
  <data>
    135 2 130 33 200 82 130 192 32 57 2 67 130 19 131 1 72 73 169 32 193
    5 14 88 14 213 25 103 140 10 3 86 21 192 89 0 116 144 45 2 101 20 10
    21 69 128 240 193 56 125 12 32 213 65 136 235 6 72 134 5 192 83 48
    126 69 5 129 48 16 130 33 78 128 4 4 20 0 139 129 3 74 100 3 68 128
    7 194 3 14 136 4 5 18 8 0 73 23 6 5 186 0 40 5 92 32 96 24 129 69 80
    33 206 25 36 24 20 48 24 28 0 16 34 43 185 8 7 32 242 205 34 227 49
    93 162 163 218 160 187 226 115 227 201 129 67 226 237 143 67 225 15
    136 127 6 138 46 135 82 12 33 222 123 39 124 187 80 188 37 212 201
    66 26 142 75 97 3 211 8 44 24 0 113 28 141 73 16 240 35 156 72 86 32
    57 205 34 99 49 93 162 163 90 128 187 226 115 227 193 128 67 226 77
    135 67 225 47 136 95 6 138 42 135 82 12 33 222 123 39 124 187 80 188
    37 212 201 64 26 142 74 65 3 211 8 44 24 0 96 28 141 65 16 240 35
    156 76 22 32 57 213 41 183 21 0 67 161 230 144 164 198 149 82 177
    131 138 107 8 187 111 33 141 102 147 159 43 156 204 64 140 34 106 93
    35 37 186 20 60 77 92 248 16 56 38 107 40 3 238 89 44 111 213 241 94
    20 64 84 248 3 249 72 5 1 250 45 174 237 173 50 253 185 125 189 254
    199 188 221 62 249 230 235 212 1 105 180 112 198 121 109 156 176 25
    87 75 63 235 213 36 125 186 82 122 233 116 176 93 124 46 214 150 117
    111 153 172 24 5 242 29 156 77 16 242 59 189 89 95 34 242 213 41 247
    21 0 71 161 230 192 164 198 149 82 177 147 138 107 136 251 111 41
    141 102 147 159 41 188 200 193 132 50 106 245 39 37 254 16 52 77 92
    184 16 56 54 75 40 3 236 217 44 111 149 208 94 20 64 212 248 1 217
    92 5 0 251 44 174 237 169 50 253 169 125 189 222 194 181 221 62 249
    230 235 212 1 105 244 16 198 113 109 156 48 9 86 74 63 171 213 36
    125 186 82 122 201 116 240 93 124 46 86 132 116 110 153 172 28 5 242
    29 156 73 16 242 59 189 89 79 34 242 7 50 193 102 221 34 131 26 180
    60 208 113 43 91 128 85 98 245 5 50 225 47 168 127 38 138 34 7 222
    41 33 79 23 175 28 178 118 48 33 181 193 100 26 75 200 1 209 75 8 52
    88 4 240 54 158 65 16 178 183 159 200 7 36 249 252 59 254 255 54 127
    249 247 61 252 94 183 31 190 251 254 251 212 121 111 125 149 231 50
    95 239 184 27 251 223 126 251 245 36 117 250 87 114 233 244 210 93
    125 62 221 22 227 108 157 172 94 5 242 31 157 73 16 242 51 189 89 86
    34 250 253 59 247 245 118 55 63 250 244 255 240 179 239 137 146 95
    242 253 127 111 121 207 242 183 142 250 255 191 90 92 112 185 122 45
    182 191 214 60 149 253 92 78 187 159 203 41 203 221 188 173 24 129
    224 190 159 85 96 254 115 223 254 214 32 187 94 49 219 246 54 163
    122 102 82 170 117 176 86 130 146 90 122 198 48 239 139 169 231 147
    141 139 226 207 67 45 180 234 243 36 52 191 94 124 129 245 82 74 177
    46 179 28 67 110 155 172 127 199 112 24 180 77 208 243 51 217 89 22
    32 251 9 141 142 120 37 115 240 182 16 152 244 129 66 145 15 170 13
    170 227 219 244 67 103 147 161 105 213 224 109 69 162 226 221 24 161
    36 127 0 232 105 120 60 59 167 245 241 55 238 187 202 239 219 244 77
    80 68 183 195 175 213 50 243 196 203 45 182 125 168 215 255 39 121
    189 94 194 52 253 46 189 69 235 245 33 100 241 81 210 113 109 253 57
    45 94 74 121 169 84 100 221 154 66 120 45 116 52 213 62 47 85 132
    116 102 153 188 24 4 226 29 158 73 24 242 59 189 88 95 32 242 36 7
    37 144 8 132 39 65 165 100 10 4 81 101 185 38 130 104 67 96 210 34
    24 130 88 168 132 0 0 136 25 64 98 6 67 170 0 162 1 14 4 32 20 130
    68 98 36 75 16 36 144 8 50 24 4 8 8 98 67 176 72 6 41 96 6 35 192 18
    25 128 10 5 2 34 3 54 160 66 131 66 96 1 0 210 201 39 67 67 0 2 160
    13 0 140 1 66 79 44 71 186 24 56 225 84 96 64 16 138 197 84 161 79
    153 172 24 1 240 25 28 65 16 114 19 181 24 87 32 106 23 54 80 34 221
    160 170 24 128 43 194 115 160 75 128 81 96 175 7 208 225 34 11 92
    132 152 96 207 210 12 225 198 95 172 220 190 121 48 33 85 77 64 26
    139 192 97 146 87 184 54 24 0 96 156 92 65 0 50 151 148 8 23 36 72
    59 20 252 174 127 255 51 53 119 116 222 21 189 124 59 117 255 247 65
    240 244 51 211 119 220 104 224 76 122 214 255 235 223 44 87 190 83
    122 201 124 120 93 24 46 213 21 231 111 153 172 24 13 240 29 156 73
    16 242 51 189 88 87 32 250 6 39 0 0 130 156 6 1 41 64 3 4 144 118
    233 68 128 25 0 228 199 112 16 67 80 0 0 69 32 140 24 0 134 16 66
    138 0 90 131 8 132 53 28 0 68 198 196 78 17 44 0 12 51 69 219 8 0 67
    18 180 72 115 104 72 68 37 177 216 0 7 101 71 163 102 137 0 81 228
    185 66 131 80 2 102 30 169 80 131 92 130 134 13 0 140 24 73 66 6 69
    170 0 96 83 78 36 98 156 67 54 28 69 78 17 44 48 84 34 24 21 8 137
    106 73 187 72 102 33 240 125 50 247 183 255 167 187 120 212 125 208
    115 239 203 144 85 242 245 75 102 249 47 195 127 142 170 236 143 90
    92 113 239 127 45 20 191 86 120 33 245 88 76 26 14 193 33 201 79 152
    172 24 1 240 60 156 65 16 242 51 157 90 22 32 248 60 57 255 215 50
    135 249 123 214 205 215 247 247 226 176 86 250 213 99 103 199 45 195
    119 141 218 246 47 82 142 244 107 215 36 85 190 82 120 233 116 112
    92 57 47 209 20 241 111 153 172 24 5 240 29 156 73 16 242 51 189 88
    87 32 250 60 37 125 136 18 141 5 127 230 68 148 52 125 62 189 68 242
    244 67 96 241 114 208 183 92 168 164 9 114 156 89 233 196 44 71 190
    66 114 1 92 52 83 28 14 84 52 196 78 153 44 153 12 114 29 157 89 56
    242 51 188 88 86 42 248 253 190 247 253 126 119 253 255 253 253 254
    255 223 253 187 239 251 221 235 107 253 143 254 191 95 235 180 187
    249 85 127 255 247 36 85 190 215 122 233 244 250 92 122 190 221 55
    211 111 153 172 24 13 240 31 157 73 16 242 51 189 90 86 32 250 124
    44 111 185 30 117 177 247 253 254 254 181 125 173 251 230 251 252 67
    98 253 210 253 188 93 41 188 131 249 215 123 251 249 44 87 186 95
    114 233 124 250 92 120 46 84 183 226 109 153 172 30 5 240 29 156 73
    152 242 43 188 90 86 42 242 60 52 109 136 22 157 5 127 230 68 212 52
    125 62 189 70 242 244 67 96 241 114 208 183 92 168 132 9 114 156 89
    233 204 44 71 190 66 114 1 92 180 83 28 6 84 180 196 78 155 44 137
    12 114 29 157 89 56 242 43 188 88 214 46 249 237 175 247 225 217 255
    163 123 237 85 206 127 255 127 250 237 242 253 235 103 245 79 218
    119 95 234 28 175 254 158 122 143 199 103 71 190 208 250 253 252 221
    85 24 167 77 107 125 231 156 36 153 56 243 61 159 77 56 252 115 173
    218 215 45 250 190 185 251 247 50 135 217 107 214 193 213 246 255
    242 176 94 250 215 39 103 199 45 195 119 157 222 247 111 82 142 246
    106 215 36 85 190 82 120 233 116 112 92 57 47 209 20 245 111 153 172
    24 5 240 29 156 73 16 242 51 189 88 87 32 250 63 189 245 254 55 109
    125 127 215 100 221 189 127 238 174 254 251 214 51 114 103 191 227
    55 238 207 242 25 243 121 254 237 151 45 53 254 198 119 209 117 59
    223 221 107 204 21 237 110 205 166 91 133 234 30 150 73 152 178 123
    187 57 14 166 242 252 122 119 191 254 127 43 255 221 126 250 53 125
    142 251 231 251 220 203 100 125 146 181 188 223 237 189 137 219 222
    126 251 104 45 215 255 215 118 133 245 254 85 87 30 70 167 194 92
    174 45 222 5 234 191 133 89 192 176 43 188 95 70 42 176 187 253 255
    221 190 117 221 249 255 85 253 251 255 124 246 125 251 244 102 98
    126 254 147 118 254 255 245 59 251 95 126 187 214 44 85 254 210 121
    249 125 114 93 61 63 212 20 245 111 153 172 24 5 248 31 156 73 24
    242 49 189 88 95 32 250 68 3 146 244 32 130 104 67 0 170 67 5 66 192
    145 18 38 9 161 71 134 45 64 83 14 138 162 204 0 164 32 192 67 18
    101 168 17 44 194 68 64 32 177 226 235 5 131 111 89 170 56 83 240 28
    60 64 1 115 83 179 8 38 129 98 13 222 101 229 252 188 175 80 45 93
    106 75 141 125 248 165 226 253 141 104 228 108 152 120 79 220 47 182
    252 66 57 159 114 225 95 25 113 242 189 165 231 84 90 31 196 134 252
    83 136 149 20 36 226 183 143 45 0 214 51 140 68 79 32 176 58 177 216
