<?xml version="1.0"?>
<opencv_storage>
<ImageFile>"295.jpg"</ImageFile>
<Features type_id="opencv-matrix">
  <rows>143</rows>
  <cols>64</cols>
  <dt>u</dt>
  <data>
    252 253 255 221 118 255 255 247 253 255 254 189 223 190 255 238 251
    213 123 111 191 221 238 191 127 239 191 63 125 223 126 255 247 103
    117 251 214 127 253 246 242 223 253 62 223 190 93 247 159 173 95 149
    251 63 159 79 208 254 107 255 95 28 34 255 255 254 254 253 254 255
    255 209 63 255 125 251 159 127 254 253 251 247 61 111 255 127 255
    121 127 255 191 127 255 95 255 255 215 231 94 219 210 127 253 255
    215 223 120 63 217 30 253 55 157 173 30 5 248 189 159 77 16 246 115
    191 221 95 50 251 237 175 247 245 115 239 243 255 189 213 238 255
    211 254 250 239 163 253 251 111 127 175 246 119 95 238 134 183 125
    222 126 143 239 39 103 187 208 123 221 252 223 125 186 182 237 127
    109 238 173 164 253 61 243 63 157 68 112 254 115 191 91 78 39 250
    124 187 255 253 50 127 249 247 253 252 222 181 93 180 251 238 251
    221 251 107 245 245 198 183 217 111 180 148 105 215 127 235 255 36
    87 250 223 122 249 124 250 93 247 62 245 183 247 111 191 172 159 15
    242 29 157 93 20 242 59 253 91 95 42 250 251 220 253 222 255 191 95
    28 255 117 189 250 191 123 182 93 246 247 62 119 254 127 243 119 238
    235 233 127 127 121 253 111 215 109 150 255 194 121 249 255 86 223
    127 47 209 28 245 79 157 172 26 13 248 189 159 79 56 246 115 191 218
    223 62 251 45 142 238 248 31 55 237 127 53 254 232 177 91 233 191
    207 137 124 227 99 244 127 254 59 79 235 163 163 89 85 57 207 247
    162 94 56 119 244 241 246 126 110 122 47 214 23 215 203 153 172 24 5
    224 29 157 73 144 242 183 189 218 86 32 244 13 190 230 253 61 183
    237 255 53 254 232 249 79 93 163 205 139 252 235 107 245 109 254 123
    71 235 162 183 125 69 57 207 255 226 254 48 117 244 249 181 127 110
    122 174 254 151 211 75 56 252 92 21 240 61 157 76 150 242 247 143
    218 87 37 254 244 50 243 183 248 38 171 205 206 189 66 123 231 243
    147 86 122 199 31 103 73 171 230 52 156 203 188 175 210 136 99 190
    247 37 68 255 82 57 165 244 216 92 48 158 193 8 137 21 153 172 24 33
    241 62 156 235 80 252 49 157 92 86 48 251 124 254 255 249 122 255
    251 255 253 254 254 189 125 254 249 236 243 221 251 106 245 125 204
    255 255 238 174 159 127 223 125 255 247 103 93 187 86 118 253 124
    254 95 218 62 85 167 211 111 157 173 28 5 242 29 157 77 80 246 123
    189 91 95 34 245 255 252 243 101 254 238 251 220 250 191 249 255 239
    143 198 249 251 229 63 127 109 143 47 92 175 255 127 255 215 63 243
    191 85 237 189 223 122 181 237 119 121 204 107 255 207 89 188 181
    236 213 86 183 233 246 180 227 212 188 161 47 252 93 52 190 251 253
    127 255 55 189 223 153 255 255 189 250 191 107 244 127 247 247 62
    123 190 254 241 126 253 255 247 127 127 123 255 255 210 237 190 223
    210 125 250 255 119 223 239 127 183 30 253 63 141 191 16 7 234 191
    191 111 24 247 113 191 255 223 56 187 60 255 125 222 54 125 117 255
    247 220 254 177 125 63 253 238 251 212 103 111 117 250 244 182 253
    191 165 25 127 218 126 185 240 102 119 254 214 114 217 252 246 223
    187 63 212 182 117 110 137 173 223 13 250 29 143 77 184 242 107 253
    91 78 42 251 60 250 255 201 62 127 245 247 253 252 222 253 127 60
    255 238 251 253 251 187 245 87 255 255 249 127 92 182 109 223 255
    239 207 104 231 244 254 251 249 125 127 221 247 55 213 247 119 235
    191 255 175 207 242 61 219 93 126 247 255 255 251 251 110 222 54 117
    89 158 19 141 93 11 231 102 61 176 61 238 252 118 246 214 0 96 130
    114 128 39 220 128 228 89 51 184 221 105 144 36 20 190 66 82 131 220
    146 219 29 9 16 150 228 78 147 36 19 4 40 25 151 73 24 114 59 184 89
    70 34 241 124 190 239 125 126 127 243 247 253 252 254 189 127 253
    251 236 251 253 251 106 245 127 127 191 255 107 156 182 109 215 127
    254 239 107 103 188 223 178 253 124 255 125 243 190 221 227 147 235
    191 237 207 203 243 61 157 93 102 246 95 255 251 207 110 254 13 38
    231 97 24 181 161 118 176 188 194 117 193 123 155 65 202 108 195 34
    241 103 94 251 76 40 4 135 108 69 49 207 95 194 71 160 117 184 105
    60 125 52 90 134 68 225 83 203 56 108 8 1 246 29 156 73 38 194 151
    133 202 199 37 254 197 63 247 245 248 38 163 250 232 253 194 115 195
    219 130 67 226 205 191 111 111 141 234 251 78 250 186 175 210 12 48
    31 119 39 116 187 80 124 101 212 213 100 58 158 203 8 89 215 152 172
    24 21 241 62 157 73 80 252 51 159 76 23 33 251 254 176 255 151 54
    199 219 252 214 229 213 254 255 58 147 86 251 215 114 127 153 183
    199 246 189 251 253 63 114 251 247 235 223 44 53 254 222 121 233 125
    112 93 61 47 213 52 245 111 155 174 153 7 240 29 156 77 80 242 51
    249 121 87 32 250 84 49 215 149 248 199 187 228 202 165 81 188 215
    226 147 114 250 215 59 103 143 173 198 177 140 202 236 111 66 140
    243 47 247 37 117 191 82 121 237 86 112 88 57 14 193 28 201 63 153
    172 24 5 240 28 156 73 80 242 51 185 88 86 32 251 58 149 216 38 103
    187 158 3 115 64 21 226 190 54 36 93 244 179 52 213 229 119 81 119
    241 94 233 221 98 246 252 224 142 60 67 150 251 88 232 121 104 221
    60 41 213 93 247 111 157 174 24 15 242 5 216 201 26 243 55 181 56
    123 56 74 84 33 151 148 0 135 42 103 64 172 66 19 210 226 147 2 106
    139 225 103 221 45 66 211 217 123 180 238 64 132 176 226 223 36 69
    186 17 56 225 124 120 92 48 39 229 52 183 111 153 172 24 1 240 29 28
    73 16 242 19 185 88 87 33 234 253 191 255 245 255 183 251 255 189
    253 214 255 223 252 187 77 250 213 123 103 252 47 194 119 79 250 180
    63 250 89 118 235 215 37 85 186 82 120 249 116 112 93 56 47 221 20
    245 111 157 172 24 5 240 29 156 73 16 242 51 189 88 87 32 250 252
    255 255 253 250 119 251 251 253 253 126 191 223 255 251 238 243 221
    251 110 125 221 206 248 255 239 191 191 253 203 126 191 243 103 85
    251 86 127 253 124 122 93 249 62 221 158 217 181 157 173 31 181 249
    255 156 207 80 252 57 189 95 70 50 252 143 50 97 160 221 176 47 88
    228 127 192 115 235 75 128 65 194 237 7 96 225 100 8 121 6 158 51
    167 222 9 33 223 83 166 158 187 114 252 33 247 76 64 26 13 211 1 208
    83 24 61 24 0 224 188 142 73 16 178 51 159 204 87 32 176 143 50 97
    160 221 178 175 90 240 127 224 115 235 75 128 65 194 237 175 97 225
    68 136 121 6 158 43 167 222 15 33 223 87 164 156 187 114 252 45 247
    76 68 26 141 211 1 212 211 24 189 24 0 224 188 142 73 16 178 51 159
    204 87 32 184 7 6 8 129 249 144 138 0 42 99 3 102 128 74 160 17 64
    241 4 195 207 37 194 112 68 214 177 111 18 42 33 67 87 52 85 138 82
    120 233 86 96 92 56 45 213 20 245 47 153 172 24 5 240 29 156 73 16
    242 51 189 88 87 32 250 53 55 117 30 55 143 23 125 246 92 134 53 125
    127 172 85 246 182 194 48 213 42 209 247 212 168 224 93 58 88 221
    105 223 36 87 190 214 122 209 124 212 223 26 143 212 244 229 78 177
    164 24 13 240 29 159 73 60 242 55 189 90 70 38 217 254 176 255 135
    54 199 219 252 214 229 213 255 255 58 146 86 250 215 114 127 145 55
    195 246 173 251 253 63 114 251 247 235 223 44 53 254 222 121 233 125
    112 93 61 47 209 52 245 111 159 174 153 7 240 29 156 73 80 242 51
    249 121 23 32 250 252 62 247 245 118 119 127 255 220 255 208 251 239
    139 150 78 251 221 251 111 125 143 246 191 159 251 190 191 219 221
    118 239 71 45 54 255 214 125 245 117 120 78 243 191 251 57 223 125
    191 172 28 145 225 190 158 93 196 254 115 223 255 87 56 254 127 50
    117 166 255 167 27 120 230 111 211 114 237 75 144 85 242 245 71 116
    249 39 147 117 142 186 236 15 210 28 241 233 83 44 22 190 90 120 129
    213 88 72 24 143 193 1 192 79 153 172 24 1 96 28 156 73 16 242 51
    156 88 22 32 248 68 2 146 148 89 34 34 246 0 184 66 21 2 195 131 2
    106 77 137 70 201 141 238 27 14 136 168 7 208 12 32 79 117 39 20 187
    16 244 5 212 208 64 24 6 73 12 193 207 25 44 88 21 241 28 156 73 144
    122 35 156 72 6 33 241 12 35 209 181 184 176 40 241 64 59 66 55 192
