<?xml version="1.0"?>
<opencv_storage>
<ImageFile>"296.jpg"</ImageFile>
<Features type_id="opencv-matrix">
  <rows>280</rows>
  <cols>64</cols>
  <dt>u</dt>
  <data>
    60 174 239 169 54 253 189 255 253 254 222 188 93 190 191 206 251 252
    99 107 245 87 214 247 93 253 181 189 121 222 127 235 213 44 71 186
    211 120 233 124 124 93 124 47 213 181 247 111 155 172 152 13 242 29
    156 93 24 242 59 189 91 223 40 250 44 174 239 169 50 253 165 255 253
    254 222 189 93 63 251 238 219 252 99 107 245 83 214 247 93 253 149
    177 121 222 127 235 205 108 71 186 215 120 233 124 124 93 124 175
    213 181 247 111 153 172 152 13 242 29 156 93 56 242 51 189 91 215 40
    250 61 246 125 170 55 191 39 122 247 84 222 177 125 63 252 85 242
    246 67 96 241 114 145 119 205 188 225 157 126 88 125 233 220 100 87
    190 66 122 145 124 62 223 28 47 84 151 244 78 153 164 152 12 242 29
    159 77 56 242 59 188 89 207 38 248 61 183 117 174 55 189 39 120 231
    84 212 49 125 63 188 85 242 246 67 96 241 114 209 119 204 188 228 29
    122 88 125 233 220 100 85 190 66 120 129 124 60 223 28 47 84 181 244
    78 152 164 24 12 242 29 159 77 56 242 51 188 89 207 38 250 7 164 129
    33 221 160 163 72 128 1 128 102 226 67 128 17 64 45 7 80 193 7 10 77
    6 154 88 47 146 40 33 70 23 172 76 158 32 56 45 22 73 64 24 201 193
    81 177 3 88 188 24 0 240 20 92 33 16 146 183 173 8 87 52 88 61 183
    237 184 55 61 37 123 245 84 220 177 125 127 188 69 251 252 99 96 245
    118 208 247 92 62 164 153 120 220 117 233 223 44 87 190 82 120 225
    124 124 95 56 47 212 53 247 79 153 172 152 13 242 29 159 73 56 242
    51 189 90 87 40 250 60 46 239 169 50 253 177 247 253 252 222 149 93
    60 251 230 251 220 67 106 245 17 198 179 93 105 164 141 121 223 63
    251 245 36 85 186 86 122 233 124 248 93 124 46 84 182 227 110 153
    172 30 5 242 29 157 73 16 242 59 189 91 79 34 250 62 54 125 168 62
    61 133 121 247 86 214 52 125 63 185 84 242 244 67 96 241 114 145 246
    220 184 228 153 126 220 125 233 215 108 71 190 90 122 137 124 124 93
    28 14 84 164 228 79 155 172 152 13 242 29 156 89 24 242 51 188 90
    223 40 248 62 54 125 160 62 61 165 121 231 86 214 54 125 127 185 84
    242 244 67 96 241 114 145 246 220 184 228 153 122 220 125 233 215 44
    71 190 90 122 137 124 124 85 24 14 84 164 228 79 153 172 152 13 242
    29 156 89 24 242 51 188 90 87 40 248 122 53 124 158 23 135 31 9 230
    70 177 48 61 234 180 86 246 214 67 244 91 178 209 39 220 138 228 13
    82 156 244 41 210 44 86 190 74 120 129 92 50 74 28 15 208 20 197 78
    153 172 24 5 112 29 157 73 24 242 51 189 88 86 32 249 73 18 129 34
    21 162 163 62 208 188 194 5 96 9 1 3 78 109 195 16 240 39 74 215 0
    120 204 132 88 64 97 202 79 8 193 164 61 8 109 104 104 4 50 166 69
    97 51 111 58 172 9 1 240 28 92 65 38 162 23 177 170 151 100 74 61 50
    117 36 28 160 169 122 208 158 194 113 101 3 144 81 242 204 131 105
    225 32 201 223 140 168 100 139 86 12 225 239 87 36 124 190 84 56 1
    84 217 68 26 14 194 33 82 79 152 60 24 1 224 28 156 65 4 242 19 156
    88 23 32 250 5 35 101 88 48 115 32 246 160 148 238 176 64 145 155
    163 9 108 227 107 113 224 84 146 5 61 149 192 109 6 34 208 216 24
    199 170 88 56 233 53 124 52 58 183 116 225 54 104 56 173 173 91 209
    93 218 20 54 193 7 149 104 210 101 90 51 49 249 22 23 70 27 110 198
    6 213 52 125 106 147 118 250 212 3 116 193 35 199 38 140 136 228 13
    82 28 241 104 85 44 5 190 82 112 1 92 16 72 24 14 192 20 225 78 153
    44 24 5 240 28 156 73 16 242 51 184 88 22 34 249 82 50 147 247 24
    192 168 39 82 184 82 53 32 130 147 18 126 194 128 11 205 41 207 139
    137 138 242 207 2 169 161 110 7 167 117 54 61 156 99 86 224 68 225
    106 171 4 9 123 219 236 105 243 180 24 60 233 198 114 147 241 216 7
    49 246 63 54 117 38 52 54 169 126 210 158 208 113 109 27 144 83 250
    196 3 105 225 34 193 119 140 168 228 141 82 12 241 233 85 36 52 190
    86 56 1 85 88 64 58 14 194 1 65 78 152 172 24 5 240 28 156 65 16 242
    51 156 88 23 32 250 35 55 81 34 21 32 9 88 226 10 130 48 33 11 128
    21 98 230 1 64 193 34 81 118 4 136 224 9 82 8 97 105 86 36 86 186 82
    56 1 84 80 64 24 143 192 64 129 79 153 172 24 1 240 28 156 65 16 242
    51 189 88 87 32 250 35 55 81 34 21 160 9 88 230 14 128 97 37 75 128
    21 98 230 1 96 192 34 81 118 4 136 224 9 82 8 97 97 86 36 86 190 82
    56 1 116 112 64 24 143 192 80 209 78 153 172 24 1 240 28 156 65 16
    242 51 189 88 87 32 248 253 53 255 215 55 135 217 122 214 237 213
    243 191 234 178 94 242 213 35 99 207 47 195 119 77 218 242 47 82 8
    116 107 215 36 20 186 82 120 233 116 80 92 56 47 209 20 241 111 153
    172 24 5 240 29 156 73 16 242 51 189 88 87 32 250 77 13 134 112 89
    162 96 86 48 184 196 37 226 217 131 11 106 41 187 195 239 47 75 219
    2 106 2 134 88 5 33 198 223 163 49 49 49 172 119 102 89 36 186 198
    73 113 11 227 120 100 104 84 245 124 24 128 55 170 231 151 136 39
    133 78 61 246 125 172 63 253 189 123 245 252 220 251 253 61 189 79
    251 252 99 105 245 118 208 247 93 189 181 187 123 94 127 235 223 100
    87 186 214 120 233 124 124 95 58 175 212 53 247 111 153 172 24 13
    242 29 156 77 56 242 51 189 90 215 40 250 126 49 247 246 54 167 121
    127 214 172 209 49 127 202 146 86 250 213 99 99 247 47 195 119 156
    170 246 157 82 152 116 232 199 46 7 190 214 56 249 125 120 72 181 47
    197 53 181 111 187 172 153 1 240 28 156 81 0 178 115 187 120 87 32
    250 62 49 241 246 22 39 121 127 214 172 209 53 119 202 146 86 250
    213 99 99 247 47 193 119 156 170 230 141 82 156 116 232 199 46 7 190
    214 56 233 116 120 72 181 239 193 117 181 111 187 172 153 1 240 28
    156 81 0 178 115 187 120 87 32 250 126 49 243 246 18 38 121 111 198
    160 209 52 119 194 147 82 250 197 99 67 231 47 193 215 156 138 230
    141 66 156 240 232 199 46 71 190 30 56 193 84 120 72 181 107 193 117
    161 111 187 172 153 67 240 28 28 81 0 242 115 187 120 87 33 250 73
    19 142 116 117 179 250 118 48 186 198 229 98 152 33 3 102 253 219
    223 225 47 103 183 1 42 234 134 92 68 160 226 127 43 182 189 83 62
    69 245 216 100 58 14 195 225 3 110 60 58 60 5 241 124 216 64 23 191
    55 151 104 50 166 251 189 54 113 52 56 32 57 120 210 185 195 55 229
    147 130 83 242 237 135 65 233 164 67 214 132 186 244 203 66 14 227
    234 91 4 84 190 16 184 225 117 216 92 58 135 224 97 163 111 184 174
    40 103 240 28 28 65 20 242 19 189 120 86 101 250 12 34 99 161 24 245
    171 244 152 190 194 21 65 4 155 227 139 76 131 98 232 0 206 152 13
    153 30 131 80 70 51 222 117 2 93 187 21 246 109 20 248 100 18 14 71
    133 66 241 24 44 124 5 209 29 140 72 132 224 35 188 76 7 32 182 189
    53 245 118 55 33 121 126 214 156 245 241 111 203 128 86 242 214 71
    123 115 170 229 183 140 171 230 217 82 60 228 233 122 44 52 190 222
    56 193 245 91 202 187 143 234 49 131 78 169 166 90 3 232 30 156 65
    144 242 51 219 120 22 32 249 98 1 146 58 1 2 32 143 198 170 32 176
    51 138 131 94 106 18 33 67 139 139 239 15 24 137 166 9 83 136 32 106
    97 38 36 186 19 52 37 86 48 66 48 10 74 20 1 206 25 44 122 4 112 24
    180 65 144 240 35 153 28 70 32 243 191 245 124 254 255 61 95 153 247
    95 253 250 191 123 228 125 243 246 53 243 119 250 177 118 230 255
    243 123 255 123 255 185 210 108 22 254 218 113 249 245 82 223 56 31
    208 23 245 78 153 173 18 5 248 29 159 73 24 242 51 189 92 87 34 185
    62 117 125 190 54 125 125 127 215 206 255 180 125 46 252 246 243 214
    67 123 53 242 209 182 221 174 230 153 75 254 252 232 194 44 199 190
    222 122 209 253 250 223 245 175 246 55 167 110 187 174 155 15 234 29
    29 85 56 242 123 249 123 222 106 251 45 38 231 33 24 183 163 252 240
    190 194 53 65 25 155 65 194 108 195 106 241 99 94 253 12 40 12 134
    124 68 49 223 125 64 215 168 117 186 45 52 252 84 90 134 68 225 83
    75 58 60 140 9 243 29 156 80 38 226 7 140 202 215 108 116 61 180 253
    41 20 244 177 124 248 159 196 255 237 27 147 81 235 228 163 105 225
    96 202 116 173 185 53 171 94 15 115 107 215 36 221 186 86 120 233
