<?xml version="1.0"?>
<opencv_storage>
<ImageFile>"297.jpg"</ImageFile>
<Features type_id="opencv-matrix">
  <rows>296</rows>
  <cols>64</cols>
  <dt>u</dt>
  <data>
    60 53 125 136 22 29 5 123 231 70 221 52 125 63 189 68 243 244 67 96
    113 114 144 246 220 164 164 25 122 220 93 233 212 44 87 190 194 114
    129 124 52 95 28 15 84 180 228 78 155 172 153 13 242 29 156 89 56
    242 59 188 88 214 42 248 73 0 134 48 201 226 34 118 0 40 194 5 0 137
    3 3 8 41 129 208 232 7 74 145 2 40 24 132 80 4 33 199 93 51 81 32 21
    130 4 0 216 32 26 6 73 97 35 227 56 64 73 20 213 92 88 0 47 9 135
    177 128 35 132 74 60 55 125 136 18 29 5 127 231 68 223 52 125 127
    185 84 242 244 67 96 241 114 144 118 92 168 164 25 122 220 93 233
    212 36 87 190 66 112 1 92 52 81 28 15 84 180 228 78 155 44 153 12
    242 29 156 89 56 242 59 188 88 214 40 248 246 49 243 150 86 7 73 251
    198 77 211 119 103 202 146 86 242 213 71 103 75 143 161 39 14 138
    182 9 210 24 112 45 98 39 52 191 82 126 65 212 209 64 145 14 203 12
    137 206 137 36 88 129 96 26 156 65 0 50 49 185 92 6 32 185 6 34 0
    162 157 128 8 9 0 26 2 103 128 66 128 17 0 69 132 144 193 44 8 74 4
    150 51 3 150 42 33 84 82 178 156 160 52 184 11 5 65 96 2 73 194 4
    160 91 0 117 16 0 172 0 238 41 6 2 150 135 12 23 160 34 5 4 144 4 9
    130 34 71 2 40 0 69 0 1 128 1 38 72 128 1 192 41 72 75 0 8 128 70 16
    8 1 70 71 177 48 48 48 136 0 134 65 0 0 130 168 0 129 75 16 96 120 0
    36 24 28 1 18 18 18 132 0 7 33 106 5 2 144 52 8 160 34 68 0 169 0 69
    0 3 130 3 104 74 129 1 193 41 110 11 0 10 160 70 16 0 33 70 85 49 52
    176 49 136 1 196 65 0 18 130 226 64 11 75 24 100 120 33 244 88 28 64
    134 18 3 133 72 7 33 106 205 40 206 87 234 147 243 50 252 189 6 71
    158 251 48 107 32 185 255 167 253 79 75 247 34 106 140 150 104 197
    209 246 255 43 2 181 91 27 245 252 216 53 88 6 201 106 139 227 189
    108 136 5 253 125 152 203 126 255 51 189 232 178 50 249 81 19 68 86
    253 235 226 60 20 48 214 117 32 94 139 97 106 215 217 146 197 43 139
    246 34 42 64 6 252 73 1 110 31 43 81 48 87 146 223 21 217 181 202 6
    65 165 171 75 184 118 205 4 245 174 154 203 119 58 191 159 136 39
    165 92 108 51 247 176 84 178 41 126 224 190 192 48 227 195 144 75
    234 205 43 103 233 133 194 63 14 138 174 143 82 12 48 203 83 38 156
    187 80 124 37 84 88 66 58 14 203 1 65 223 24 172 24 1 96 60 156 73
    144 178 51 159 92 86 32 179 108 51 247 241 84 182 41 126 228 190 192
    49 227 195 147 67 234 205 107 111 233 133 206 191 14 138 174 143 82
    12 48 203 83 38 156 187 80 124 37 84 120 66 58 14 203 1 65 223 24
    172 24 1 96 60 156 73 144 178 51 159 92 86 32 179 134 35 8 208 176
    148 152 64 6 71 3 70 129 74 176 17 0 97 4 35 7 36 16 66 28 150 147
    73 0 170 19 17 2 148 223 138 128 120 203 27 0 32 0 201 161 8 241 47
    81 172 16 3 0 17 188 50 16 67 16 5 72 177 105 170 255 253 124 222 55
    15 93 11 247 103 189 250 191 235 244 95 243 247 54 247 151 254 177
    119 246 223 227 63 115 59 252 105 210 44 22 254 194 125 243 247 82
    203 61 111 208 28 245 79 145 166 18 5 104 29 158 73 24 242 115 191
    88 86 42 185 117 37 243 20 80 2 35 110 192 100 193 53 99 203 131 66
    98 68 3 102 75 137 228 35 14 136 168 13 210 8 32 41 112 37 52 186 16
    112 5 212 144 64 24 14 200 8 193 206 25 36 88 5 112 26 148 65 144
    114 35 152 72 6 32 249 59 245 125 142 55 189 95 57 247 84 253 248 61
    59 164 93 242 246 2 113 241 114 209 119 253 169 225 29 127 121 253
    105 223 108 20 190 194 120 185 125 114 223 61 47 212 21 245 79 153
    174 24 13 248 29 159 77 56 242 59 189 123 223 42 251 60 174 255 185
    50 255 181 255 253 254 222 189 93 188 187 238 251 252 227 107 245 87
    214 183 221 125 180 181 105 214 127 235 223 44 71 190 215 122 249
    124 124 93 127 47 213 181 247 111 187 172 153 13 242 29 156 93 60
    242 123 189 91 223 40 250 245 37 243 150 80 2 33 238 192 228 195 53
    99 203 131 66 98 196 3 103 75 137 230 55 14 138 168 13 210 8 48 41
    112 37 52 186 16 112 1 212 208 64 24 14 200 8 201 78 25 36 88 5 112
    30 148 73 144 114 35 156 72 6 32 249 28 50 116 160 28 176 40 114 70
    26 192 48 68 3 145 81 118 202 195 192 241 0 1 209 136 40 224 201 80
    12 225 224 92 4 150 174 29 56 1 84 92 64 18 142 64 33 130 77 154 108
    24 0 96 28 24 89 6 179 19 148 88 19 96 96 60 174 255 169 50 255 181
    255 253 252 222 181 93 189 187 238 251 252 227 107 245 83 214 183 93
    125 180 181 105 214 127 235 221 100 71 190 215 122 249 124 124 93
    126 47 213 181 247 111 185 172 152 13 242 29 156 93 60 242 59 189 91
    95 40 250 18 201 24 30 35 136 88 3 35 2 5 226 188 98 108 26 148 50
    36 211 135 118 81 67 209 22 227 120 32 190 204 32 142 28 67 134 139
    72 218 105 160 191 181 97 180 85 183 111 147 170 129 79 178 5 121 89
    59 147 86 177 49 251 233 75 63 55 113 52 221 160 170 73 194 0 211 52
    228 71 129 81 250 161 3 210 225 35 19 214 132 154 240 141 66 28 225
    160 79 44 71 190 90 56 201 84 104 64 16 139 197 113 183 79 152 174
    24 1 240 28 28 65 16 178 19 181 24 87 32 74 79 140 202 171 251 249
    178 141 61 241 78 190 152 62 235 238 139 24 25 96 237 209 206 56 125
    205 152 179 251 227 63 239 181 164 85 122 115 211 237 62 186 29 92
    48 85 151 239 33 157 236 30 37 215 29 156 104 24 228 171 188 217 79
    50 254 60 51 119 181 52 165 185 249 198 190 211 55 229 130 145 82
    242 197 99 107 249 38 195 223 141 184 247 169 82 158 119 186 67 44
    101 190 220 56 233 85 120 76 177 174 231 37 145 127 154 172 153 131
    242 28 156 89 64 242 19 249 120 87 32 246 2 205 8 222 35 153 88 3 43
    194 23 192 188 98 108 26 148 18 32 147 135 124 81 67 209 22 195 88
    32 190 140 96 142 28 67 134 139 74 218 104 160 191 181 97 180 86 183
    111 147 234 129 79 178 5 121 93 59 211 82 177 49 251 233 75 62 169
    253 138 18 95 1 111 207 196 30 180 61 62 191 246 251 212 65 100 21
    49 195 103 93 129 32 9 50 154 26 105 197 36 85 186 82 122 201 124
    176 93 52 47 84 22 117 110 155 172 153 12 178 29 156 89 16 242 59
    185 88 87 40 250 82 48 147 182 8 66 40 167 82 168 82 21 36 194 131
    18 127 194 128 2 193 169 239 10 138 137 242 75 130 41 179 110 53 165
    53 54 53 196 97 86 65 64 129 74 107 4 129 109 217 100 91 133 180 26
    52 201 196 112 35 89 92 6 48 230 126 53 121 190 23 15 31 77 199 70
    213 176 61 10 180 86 242 214 1 100 3 176 193 38 76 136 224 13 83 56
    124 41 208 36 20 154 66 122 129 86 146 202 28 11 210 28 228 14 145
    164 18 4 104 28 149 73 16 178 57 184 88 6 34 241 2 0 136 50 15 146 2
    6 20 42 22 4 48 66 33 0 4 27 128 144 193 119 201 71 0 0 192 6 2 229
    129 66 31 152 129 32 63 8 104 8 104 33 70 73 81 101 163 107 59 234
    137 5 183 9 88 144 39 35 183 145 32 179 204 78 127 117 121 190 23 14
    31 75 199 70 189 176 61 14 180 118 242 214 4 101 3 176 160 38 76 140
    224 13 83 56 124 41 144 36 20 154 66 122 129 214 18 218 28 9 208 30
    228 14 145 164 18 4 104 29 181 73 16 178 57 184 88 86 34 249 68 139
    139 216 32 95 212 71 3 194 47 128 82 176 255 138 137 72 160 47 6 29
    100 131 89 67 135 68 1 140 24 64 151 18 97 168 16 78 250 32 178 63
    184 101 63 158 85 238 217 168 46 215 177 93 49 206 23 203 10 229 89
    113 65 234 5 54 113 36 253 166 43 88 132 38 193 116 193 73 144 21
    240 237 67 64 240 39 18 93 6 184 236 207 80 28 97 207 71 60 214 158
    192 56 41 87 72 72 18 143 225 113 181 79 24 188 24 1 224 28 156 65
    32 178 19 157 248 215 36 122 224 140 186 56 73 78 38 71 41 226 139
    138 242 164 46 15 205 9 59 213 151 135 91 203 87 87 248 238 64 20
    171 98 207 13 71 47 2 44 237 98 120 92 60 169 213 125 55 237 157 236
    24 5 241 125 88 203 24 191 177 181 24 83 88 106 187 149 252 150 54
    21 93 51 55 198 21 210 159 250 54 94 246 214 96 227 86 246 193 115
    220 162 244 89 114 24 212 41 214 36 20 190 82 120 193 124 112 95 56
    47 208 20 245 110 153 172 24 5 240 29 156 73 16 242 51 189 88 87 32
    251 124 61 255 213 50 167 121 127 244 237 213 247 255 234 178 78 250
    213 99 99 255 47 195 247 29 234 182 47 82 156 116 235 215 36 20 190
