<?xml version="1.0"?>
<opencv_storage>
<ImageFile>"298.jpg"</ImageFile>
<Features type_id="opencv-matrix">
  <rows>288</rows>
  <cols>64</cols>
  <dt>u</dt>
  <data>
    69 2 16 32 73 130 34 68 0 40 2 1 0 3 130 1 96 73 129 0 192 1 74 64 0
    136 8 71 16 0 1 69 21 177 112 160 49 136 5 132 193 0 24 130 64 0 74
    65 24 36 120 0 117 88 152 137 2 10 3 132 72 6 32 104 69 34 144 37
    217 162 34 68 32 41 2 33 128 3 130 3 106 41 137 68 201 129 106 24 0
    8 136 199 0 8 33 71 85 161 116 179 49 144 37 198 196 0 24 2 225 73
    202 65 24 100 88 32 117 120 24 203 6 122 135 148 8 6 48 104 50 213
    124 158 55 29 93 3 103 68 61 208 61 126 52 86 247 214 4 241 7 112
    241 102 221 151 225 89 115 184 220 41 146 44 22 158 202 120 211 220
    18 219 61 41 144 20 245 110 145 172 16 5 120 25 148 73 24 242 49 189
    88 87 34 251 12 1 130 246 17 99 240 110 20 128 199 53 50 210 129 66
    42 16 129 75 7 40 229 19 40 10 2 1 82 12 48 72 62 38 52 154 3 86 67
    148 145 225 149 70 42 133 3 206 73 36 127 148 112 24 176 0 145 98 43
    203 73 36 163 219 7 34 1 48 4 34 34 64 0 34 129 4 64 1 0 3 0 40 3
    208 224 32 64 194 4 0 132 132 0 36 33 64 31 24 128 170 8 40 0 1 8 32
    24 8 192 97 163 75 26 174 8 3 112 24 88 0 36 3 19 144 40 146 100 72
    80 1 145 52 0 6 104 103 2 44 65 3 64 192 18 18 116 138 195 67 226
    173 64 131 152 10 230 200 64 164 224 224 71 50 34 60 137 40 66 72 72
    0 145 202 234 113 131 79 25 162 56 67 96 24 28 65 7 115 83 145 56 38
    129 106 103 38 161 33 221 160 2 92 200 33 130 38 224 0 11 1 64 41 67
    208 249 3 91 220 148 40 204 174 128 149 225 198 77 172 71 62 88 186
    37 78 136 80 0 142 65 97 138 17 184 108 8 9 240 157 88 65 54 114 151
    180 168 146 104 72 101 38 160 1 221 160 34 92 200 35 130 38 224 0 3
    1 64 41 67 208 249 3 91 204 148 40 204 174 128 20 225 198 77 44 71
    62 24 34 37 78 136 80 16 138 65 97 138 17 56 108 8 8 240 157 88 65
    54 50 151 180 168 146 104 72 189 253 127 223 54 125 221 251 255 221
    253 251 255 127 252 252 247 215 126 123 119 124 245 247 253 255 247
    251 127 255 254 191 254 108 124 254 222 127 251 253 251 223 255 127
    254 182 253 111 143 191 159 207 248 31 159 77 120 247 123 255 251
    127 175 191 60 53 125 152 18 23 21 111 231 70 157 52 125 126 189 86
    242 212 67 96 81 114 144 38 220 160 164 25 98 156 93 233 208 36 71
    190 66 114 129 92 54 91 28 14 84 20 196 78 155 172 152 13 114 29 156
    89 24 242 59 188 88 214 42 248 60 53 125 136 50 21 21 111 231 70 189
    48 125 62 189 86 243 244 66 96 81 242 144 166 220 160 164 25 99 156
    93 105 208 36 7 190 194 112 129 124 54 219 28 15 84 180 228 76 155
    172 153 13 50 29 156 89 56 242 59 188 88 214 42 249 199 49 97 52 221
    34 47 74 132 43 193 51 227 203 128 87 226 93 7 71 235 175 128 59 14
    138 162 15 210 8 32 89 114 39 20 187 0 124 5 212 64 66 24 74 203 25
    193 95 8 36 16 5 96 28 156 73 16 178 51 157 76 86 32 177 18 1 8 150
    33 0 88 35 2 130 21 128 16 192 4 18 36 210 4 199 2 168 225 2 8 2 162
    72 80 32 148 32 82 52 16 186 67 72 194 193 208 202 177 75 178 20 129
    78 145 170 16 7 96 24 148 73 17 115 51 185 88 54 32 235 5 38 131 1
    200 192 162 196 8 184 130 21 64 49 139 160 10 8 131 64 201 129 110
    152 14 8 12 131 128 12 35 70 117 1 69 170 16 178 13 22 129 52 24 22
    64 130 10 208 25 108 124 52 209 94 132 8 148 72 3 164 76 6 32 240 64
    2 130 17 72 146 130 38 0 186 2 6 128 129 3 2 12 9 161 130 200 37 74
    195 8 64 152 6 0 128 1 66 95 18 65 32 53 136 100 0 96 36 32 32 21 4
    3 235 59 200 40 1 181 73 88 138 7 75 23 177 0 115 64 106 45 238 239
    169 62 253 181 255 253 252 222 253 221 61 255 238 219 252 227 107
    245 87 222 245 125 125 29 179 125 215 127 251 221 104 71 186 215 120
    249 124 124 93 122 175 213 245 119 109 185 172 153 13 242 29 156 93
    62 246 55 189 219 223 44 250 124 48 209 183 185 225 59 108 212 184
    210 53 177 10 155 86 122 158 195 74 168 43 206 61 12 136 228 175 82
    233 117 238 69 165 37 62 55 249 33 86 185 64 231 10 103 165 9 51 187
    102 123 161 244 156 188 97 192 98 191 217 169 7 32 246 64 2 130 161
    0 210 162 102 0 176 66 5 128 149 9 2 8 9 129 78 200 5 78 209 9 24 24
    132 64 4 33 66 85 18 113 32 17 202 76 0 160 52 56 38 69 133 99 227
    25 8 41 53 209 93 152 8 7 74 3 165 64 3 65 234 189 158 254 175 191
    181 189 241 189 255 90 251 189 63 251 69 243 244 97 99 253 6 223 124
    93 188 181 59 218 91 115 255 247 36 87 186 82 122 233 116 112 92 122
    46 212 22 209 109 153 172 24 5 240 29 157 73 16 242 51 189 90 87 32
    250 122 53 252 222 119 143 95 59 246 68 149 176 61 250 52 94 246 147
    66 246 215 127 209 231 218 34 230 92 114 248 220 104 206 44 6 190
    202 120 210 125 82 219 157 15 209 116 229 79 145 174 153 79 240 29
    156 73 56 243 115 187 120 118 170 217 182 113 114 246 255 102 221
    179 70 69 125 115 47 203 144 116 119 214 100 247 87 174 165 54 158
    159 227 75 210 186 242 185 226 47 22 222 218 112 211 213 83 72 145
    207 200 16 209 78 137 165 80 1 120 30 148 65 16 242 113 159 92 22 32
    184 124 57 255 245 50 167 249 123 212 253 213 247 255 234 178 94 250
    213 99 103 255 45 195 247 141 250 182 175 82 140 116 235 215 36 85
    186 82 120 233 116 80 92 185 47 209 20 241 111 153 172 24 5 240 29
    156 73 16 242 51 189 88 87 32 250 205 206 6 249 200 253 166 240 41
    255 106 139 200 117 91 137 137 73 169 106 236 225 14 248 73 125 25
    166 173 6 59 151 211 83 209 41 17 224 253 34 100 52 58 55 85 140 126
    177 24 201 60 52 215 255 139 12 15 204 3 165 68 99 65 178 66 1 0 128
    64 2 2 6 2 64 5 4 16 0 1 18 76 2 0 68 2 129 132 2 8 128 136 76 128
    40 0 9 48 20 16 138 0 64 6 66 0 0 24 0 0 12 192 12 81 40 81 4 48 64
    32 139 1 64 32 16 64 4 16 232 206 46 236 41 202 152 6 193 41 115 138
    46 220 181 43 97 192 169 59 244 201 213 91 216 214 92 184 239 192 23
    163 6 223 169 71 43 90 249 237 118 116 28 104 45 213 93 255 49 157
    204 24 37 241 93 216 107 18 252 147 181 88 83 112 106 191 253 255
    255 55 63 221 251 255 221 253 251 255 251 244 93 251 245 127 111 247
    126 241 119 239 255 247 63 127 123 118 255 214 103 124 254 210 125
    249 245 115 223 251 127 221 20 245 111 141 189 24 13 248 29 158 77
    56 246 115 191 91 95 38 251 188 185 255 245 50 247 249 239 212 223
    215 247 247 226 178 94 250 213 99 103 231 45 194 119 141 218 182 175
    82 142 54 235 215 36 85 186 82 120 233 116 120 92 56 47 209 21 241
    111 153 172 24 5 240 29 156 73 16 242 51 189 88 87 32 250 209 206
    154 91 104 90 196 134 123 177 46 205 22 182 111 186 239 131 188 139
    134 13 111 203 243 87 123 110 37 3 138 118 183 147 97 65 49 207 254
    234 227 29 232 117 191 30 125 227 221 200 111 247 181 71 241 238 87
    221 132 101 81 121 211 206 207 174 101 41 202 152 166 193 105 123
    130 46 220 53 235 65 192 169 59 240 201 197 26 216 215 92 185 239
    192 7 163 86 223 161 71 43 90 249 237 118 108 92 104 63 213 93 254
    49 157 204 24 37 215 253 220 107 22 252 145 181 220 83 112 126 5 38
    101 0 152 164 163 88 160 28 130 37 192 25 137 1 192 108 131 96 241
    34 26 240 68 40 4 129 16 12 33 67 93 0 215 170 16 184 9 4 108 4 26
    134 68 225 18 67 24 44 24 0 240 28 140 1 0 2 3 132 72 71 36 112 247
    245 124 214 255 31 95 11 231 71 61 250 191 239 244 93 246 247 52 245
    215 126 145 103 246 246 227 127 242 58 212 105 130 44 22 158 202 120
    243 253 82 219 61 233 209 28 245 79 145 166 16 13 104 25 158 75 56
    242 115 191 120 215 40 248 78 134 168 41 202 155 6 65 41 35 142 14
    216 52 47 1 205 169 59 212 201 85 91 209 213 84 217 238 64 150 179 2
    223 57 67 171 90 104 237 96 112 29 60 45 213 93 246 101 157 236 8 5
    243 93 88 75 18 247 19 181 88 83 112 74 16 50 147 151 8 192 160 167
    82 184 82 21 16 134 147 18 127 194 129 2 193 9 239 11 136 137 240 75
    2 137 145 110 21 166 53 54 53 212 97 86 97 68 225 34 46 132 9 235
    217 100 127 145 180 26 60 73 132 114 139 217 88 5 33 246 247 245 124
    214 255 31 93 11 231 71 189 250 191 238 244 93 246 247 52 245 215
    126 145 103 246 214 227 127 242 58 212 105 146 44 22 158 202 120 243
