<?xml version="1.0"?>
<opencv_storage>
<ImageFile>"299.jpg"</ImageFile>
<Features type_id="opencv-matrix">
  <rows>124</rows>
  <cols>64</cols>
  <dt>u</dt>
  <data>
    124 238 239 201 250 223 209 255 191 246 94 156 93 191 255 238 251
    212 123 110 220 213 206 49 127 237 60 61 127 219 62 251 245 100 85
    250 82 115 253 118 178 95 120 62 85 158 64 164 159 45 30 5 248 29
    151 77 16 244 43 188 89 95 34 251 4 39 32 145 144 149 10 209 32 70
    131 6 192 64 177 65 224 233 71 196 89 160 16 208 4 24 181 73 208 14
    51 49 66 36 87 186 82 120 201 84 112 80 16 142 208 84 162 77 153 172
    24 5 240 29 156 65 16 242 51 189 88 87 32 248 250 252 251 255 254
    255 95 201 255 239 125 250 255 174 246 254 247 215 60 111 143 221
    175 60 255 223 251 127 255 251 255 255 179 231 60 223 230 253 247
    247 34 203 237 121 191 30 92 181 207 237 119 247 110 183 167 255 216
    252 249 91 221 92 59 182 42 142 237 138 23 157 133 59 247 86 22 80
    189 58 61 68 202 245 97 112 208 86 211 119 89 180 21 45 122 216 25
    105 215 44 87 186 90 120 169 124 116 93 56 47 85 52 245 111 153 172
    24 13 242 29 156 89 16 242 51 189 88 87 40 250 56 185 255 222 50 95
    253 119 215 252 95 149 125 182 191 254 255 214 227 107 245 117 215
    247 253 239 228 223 111 219 255 235 199 36 119 190 214 122 249 124
    112 93 245 47 247 182 245 111 159 172 187 143 242 29 156 93 16 242
    123 253 91 95 42 254 58 184 253 154 50 223 213 39 215 244 94 181 125
    54 191 254 255 214 97 107 213 117 195 247 253 205 244 31 107 217 223
    235 215 36 85 190 222 122 233 124 112 93 245 47 213 20 117 111 159
    172 153 13 242 29 156 93 16 242 59 249 91 95 42 254 122 217 254 222
    55 223 221 15 255 198 61 184 191 250 125 223 189 247 122 191 150 127
    211 103 181 247 247 125 119 251 220 168 135 126 175 143 202 93 250
    123 58 255 229 109 183 252 181 46 247 170 186 207 186 37 246 215 57
    247 122 255 251 249 219 243 205 54 231 49 20 224 41 254 176 191 192
    183 194 137 131 75 139 109 163 111 249 141 110 153 68 123 58 167 88
    4 34 159 121 3 189 187 17 188 101 53 124 100 58 174 107 113 75 241
    24 60 120 52 193 254 140 4 148 168 7 143 204 70 37 50 22 51 113 128
    16 148 137 75 198 70 131 52 65 2 145 81 226 212 3 96 193 32 192 115
    12 152 164 9 82 12 49 105 87 36 85 186 82 120 137 84 240 80 24 14
    208 20 225 79 153 172 24 5 240 29 156 73 16 242 51 189 88 87 32 250
    205 54 231 49 21 226 41 254 48 191 192 179 194 137 131 75 139 109
    163 79 233 141 110 153 5 123 186 167 88 4 34 143 91 3 189 171 17 188
    101 53 120 100 58 174 107 49 75 243 24 60 120 52 193 254 140 4 148
    168 39 143 140 70 33 50 62 51 113 164 16 164 33 75 196 68 195 52 101
    18 144 80 250 212 3 96 193 32 192 87 204 152 164 141 82 12 49 233
    214 36 85 186 66 120 129 84 112 88 16 15 208 20 225 78 153 172 24 5
    240 29 156 73 16 242 51 189 88 87 32 250 51 150 116 166 157 44 39 89
    38 84 138 103 45 125 244 85 247 246 5 96 192 34 145 116 68 156 97 9
    190 26 249 101 148 100 86 158 64 114 9 68 69 80 26 143 68 4 244 77
    128 53 16 12 226 20 142 73 24 242 51 148 88 71 36 120 43 214 116 166
    157 44 167 89 38 84 138 69 45 61 244 85 247 246 5 96 192 34 145 116
    68 156 105 9 190 10 121 69 148 100 94 154 64 114 9 196 69 84 26 143
    68 134 244 77 136 53 80 4 226 22 143 73 16 242 51 140 88 71 38 56
    187 255 127 207 183 125 221 155 255 93 189 251 63 127 252 253 255
    214 63 127 85 70 181 119 239 223 241 123 255 27 254 57 246 108 84
    254 90 115 233 245 243 222 56 63 212 22 244 108 153 173 30 5 248 29
    159 73 16 242 51 189 88 87 34 249 122 53 121 190 158 141 95 9 231
    102 31 20 157 110 188 86 246 214 0 96 206 240 144 38 220 128 228 89
    82 184 253 41 210 36 86 190 66 122 129 92 146 219 28 8 212 22 229 15
    145 44 16 5 98 29 157 73 24 242 59 188 88 86 34 249 122 53 121 190
    158 141 95 1 103 102 31 22 157 110 188 86 246 214 0 96 206 176 147
    38 220 130 230 89 82 184 253 41 211 36 84 190 74 122 129 220 146 218
    28 8 208 22 197 15 145 172 24 5 96 29 157 73 24 242 59 188 88 86 34
    249 66 0 129 128 64 70 131 71 6 228 1 4 17 8 147 22 235 84 1 100 192
    1 198 1 92 209 188 13 2 136 19 107 197 36 87 186 18 96 41 92 48 80
    48 171 213 16 241 108 153 172 24 1 240 24 156 65 16 242 51 189 88 87
    32 250 156 255 117 248 48 60 44 243 105 95 106 218 70 113 220 249
    227 204 175 111 69 160 32 242 205 95 165 233 197 14 178 57 242 4 84
    186 80 122 225 244 246 94 56 63 212 150 246 76 153 173 28 5 240 29
    159 73 16 242 51 188 88 86 34 185 44 34 231 161 28 245 161 252 244
    254 210 53 73 13 155 199 202 220 195 98 249 131 206 188 13 168 60
    131 88 69 51 207 125 32 85 186 85 250 41 116 252 84 90 14 71 161 67
    97 184 44 24 1 240 29 156 73 132 224 39 188 202 7 32 246 141 223 125
    232 176 60 173 209 189 95 232 202 207 57 252 173 227 221 47 109 68
    228 160 112 77 223 165 106 213 6 50 57 242 4 92 186 82 122 169 244
    242 94 56 63 212 150 244 108 153 173 28 5 248 29 143 73 16 242 51
    188 92 86 34 185 205 68 238 137 223 87 139 245 52 238 168 156 93 169
    179 239 233 252 67 100 89 131 246 48 94 233 188 9 209 28 58 59 241
    36 85 250 82 112 129 244 210 94 24 30 208 22 192 76 153 172 94 5 240
    31 148 73 144 240 33 188 92 86 34 249 239 254 239 237 255 253 255
    249 189 255 254 251 223 253 254 237 235 221 63 111 124 143 174 120
    111 255 191 171 223 23 50 191 243 37 93 251 82 119 237 244 251 94 56
    63 223 31 252 181 141 173 94 5 248 191 141 73 144 244 49 189 92 87
    34 187 191 253 253 222 55 63 93 27 247 85 189 249 63 254 244 93 243
    246 118 63 119 126 177 119 255 191 227 27 127 251 220 169 198 108
    150 254 210 121 219 253 82 223 255 111 216 22 245 78 149 183 154 13
    248 29 159 93 56 246 123 191 123 159 46 249 248 217 255 255 246 255
    251 245 253 255 127 223 255 252 255 254 255 223 255 111 62 255 239
    191 255 255 191 190 255 243 254 191 243 231 253 125 247 255 254 255
    251 255 255 126 191 191 91 179 239 217 255 247 223 255 183 254 213
    252 233 111 255 172 155 183 58 53 125 190 55 45 93 127 247 68 213
    181 61 190 180 86 250 244 67 109 51 122 241 55 60 168 228 25 123 216
    124 169 208 108 54 254 194 122 145 93 18 219 29 15 200 148 228 78
    141 164 215 13 122 28 150 77 56 242 123 156 91 14 42 251 61 53 245
    180 55 37 57 126 244 212 213 53 127 251 176 87 250 252 67 103 113 38
    209 247 204 170 228 137 82 28 112 169 222 44 86 190 82 120 193 124
    88 92 24 14 208 53 227 110 153 172 24 5 240 29 156 73 16 242 51 189
    88 87 32 250 211 65 17 22 193 2 6 8 2 0 33 18 0 194 132 18 98 70 4
    68 10 168 160 2 12 150 187 9 146 40 0 40 16 39 52 219 0 64 7 212 2
    194 20 73 0 28 140 20 65 36 82 36 8 26 36 163 144 56 32 24 12 4 49
    161 246 50 115 167 248 230 187 205 222 253 114 127 231 83 211 244
    246 215 159 103 205 171 175 124 142 203 253 111 222 171 243 254 245
    165 86 255 118 177 237 246 219 92 2 158 193 14 216 21 141 173 92 33
    240 190 156 235 80 252 49 188 94 86 48 253 220 50 147 23 200 131 170
    225 202 171 83 126 242 194 147 80 126 131 99 198 221 167 195 220 154
    122 255 238 192 142 243 186 79 45 69 191 91 56 237 94 120 76 49 46
    213 61 187 63 153 172 24 1 240 29 156 65 64 242 19 177 92 87 32 250
    248 249 255 223 114 127 251 255 223 255 127 157 127 254 255 254 255
    215 248 111 62 253 230 191 249 239 255 254 107 235 126 255 251 55
    117 255 215 255 254 127 242 253 253 126 191 190 125 254 223 170 255
    247 251 127 180 222 209 254 105 123 255 108 147 247 251 220 254 215
    255 255 223 189 127 253 125 255 191 254 118 255 255 247 125 251 252
    191 255 127 249 127 243 126 123 83 247 239 223 173 117 127 215 121
    248 247 114 93 107 47 221 53 255 127 157 238 24 5 244 29 156 73 16
    247 243 191 219 87 32 254 62 254 109 168 54 125 45 87 181 254 250
    180 93 63 252 255 249 252 67 233 241 80 244 56 221 141 172 219 95
    148 121 233 241 44 86 186 91 114 129 244 222 94 56 191 214 151 102
    108 153 173 94 5 224 29 151 77 144 242 35 188 90 86 42 241 65 13 146
