<?xml version="1.0"?>
<opencv_storage>
<ImageFile>"3.jpg"</ImageFile>
<Features type_id="opencv-matrix">
  <rows>314</rows>
  <cols>64</cols>
  <dt>u</dt>
  <data>
    250 253 255 223 119 127 223 191 255 253 125 255 191 254 254 254 255
    215 122 127 127 255 247 119 251 239 247 127 123 251 254 235 215 111
    55 255 222 127 255 125 122 223 255 127 221 62 245 111 159 172 155
    205 250 61 157 223 120 246 123 255 123 31 186 250 132 170 163 117
    248 176 234 217 216 187 194 251 195 81 131 1 10 205 175 75 205 45 74
    89 13 218 179 167 86 47 35 222 71 130 221 187 116 189 233 55 104 108
    162 239 243 1 185 115 152 188 56 97 241 189 156 96 20 250 151 143 72
    87 33 254 9 196 108 140 47 29 28 55 53 126 45 129 28 45 63 231 133
    120 64 224 208 242 208 50 89 40 132 80 121 212 61 67 241 112 83 40
    210 106 128 104 118 31 92 46 212 150 198 73 153 168 24 13 242 29 157
    13 26 227 59 188 91 86 42 241 13 4 12 136 42 29 28 53 53 126 12 4 24
    45 61 7 132 120 192 160 208 112 80 178 88 32 128 80 120 68 61 67 245
    16 83 32 82 106 128 104 118 31 92 14 212 22 198 75 25 172 24 5 242
    29 157 9 26 227 59 188 88 82 34 233 11 196 8 168 167 156 31 1 45 70
    13 136 152 61 124 5 132 124 4 224 138 114 144 96 92 148 129 88 113
    50 29 1 146 116 210 8 195 75 128 3 134 155 28 9 212 22 228 15 17 137
    16 4 42 21 151 40 25 194 59 188 80 210 42 185 7 68 8 168 138 156 30
    1 45 70 1 8 152 109 124 5 132 120 4 224 200 112 144 96 76 148 129 88
    80 34 61 1 146 16 210 8 67 106 128 2 134 138 28 9 208 22 230 31 17
    137 16 4 104 29 143 41 25 195 51 180 64 82 34 161 42 198 76 171 175
    221 135 5 125 255 62 201 189 63 121 196 139 240 33 171 220 112 223
    121 89 213 25 55 127 219 61 95 213 228 87 50 115 88 169 62 116 95
    104 45 213 148 212 99 153 236 24 13 246 13 157 92 16 226 51 189 218
    95 40 254 238 238 238 253 170 221 254 193 61 255 223 222 223 244 251
    238 137 153 127 235 191 125 94 123 125 222 183 191 69 247 63 246 199
    182 111 43 218 255 248 126 248 124 249 236 247 30 255 59 157 236 24
    79 241 93 189 124 17 247 115 189 251 127 43 254 79 6 140 184 202 255
    38 5 45 118 68 142 152 125 63 7 141 59 153 228 252 117 82 113 80 92
    156 244 104 212 187 195 151 16 67 32 241 74 236 104 44 29 24 165 85
    221 231 107 157 200 136 13 247 93 216 217 59 239 59 181 90 211 122
    234 199 22 194 99 253 176 171 216 40 59 130 127 162 75 131 1 98 213
    189 2 200 133 138 120 38 218 59 39 150 11 35 95 119 167 28 91 112
    245 109 22 65 64 74 30 201 8 216 145 76 221 24 53 213 242 140 235 80
    124 176 13 204 21 48 188 247 61 250 215 255 135 91 147 78 231 49 250
    191 202 50 95 116 247 124 215 159 175 115 79 150 234 243 127 82 185
    246 103 199 61 22 191 218 125 242 255 80 72 181 239 251 92 153 63
    157 174 24 71 240 125 156 195 81 243 113 191 120 117 176 250 203 205
    12 156 39 31 94 129 61 214 63 142 24 60 125 174 133 89 28 236 4 240
    128 50 121 196 137 16 241 114 62 57 240 48 81 232 211 107 128 241
    146 191 29 60 244 150 196 108 159 137 22 5 89 93 159 12 17 227 57
    188 85 86 42 185 197 140 110 85 255 211 218 240 24 255 147 254 194
    72 195 97 137 221 62 239 207 37 238 120 45 119 187 39 212 15 55 127
    95 177 221 107 82 253 237 55 112 108 105 63 215 12 249 51 159 237 24
    37 217 253 156 106 80 255 179 189 220 23 48 190 122 156 206 139 239
    151 215 7 63 255 60 202 159 121 63 93 244 247 56 179 196 117 219 123
    123 195 248 126 127 81 223 99 215 236 211 49 122 89 236 114 114 95
    108 45 213 28 245 111 157 172 24 5 244 29 156 219 24 246 51 189 82
    223 58 251 56 189 239 125 54 245 253 127 253 252 220 185 127 252 191
    207 187 252 227 107 247 127 215 247 253 107 166 182 125 213 125 234
    223 110 231 190 222 120 249 125 124 125 255 47 245 245 247 111 187
    174 137 79 242 29 156 93 63 243 127 255 251 255 237 254 67 6 128 130
    77 2 2 6 38 80 4 67 10 91 34 5 108 243 33 148 192 7 194 99 66 24 152
    70 48 0 129 65 151 32 80 176 115 72 41 96 96 20 24 15 193 16 245 79
    153 172 24 4 240 24 152 73 18 114 51 181 88 87 36 202 67 7 128 18 77
    2 6 6 34 0 4 67 2 209 34 17 108 35 32 148 192 5 67 67 66 210 216 78
    146 0 128 64 151 32 80 176 123 8 104 96 96 16 56 11 193 80 245 79 17
    172 8 5 240 24 152 203 18 114 51 149 24 87 4 74 3 18 0 34 21 162 34
    88 0 10 194 37 32 9 1 1 98 77 1 212 225 33 193 112 4 136 40 13 82 4
    33 65 92 36 84 186 83 120 1 84 208 64 26 14 64 1 194 76 24 44 24 4
    240 28 156 73 16 178 51 156 72 23 32 120 4 32 18 161 153 128 168 201
    6 171 2 54 145 2 145 114 98 212 129 66 201 32 206 88 12 136 160 11
    82 9 49 126 101 4 29 186 16 248 41 214 208 64 16 14 194 4 128 117
    153 44 24 5 240 24 156 65 16 114 51 156 76 22 32 177 61 182 247 99
    253 240 227 248 248 121 196 111 238 95 129 13 126 239 255 218 245
    111 27 253 226 126 121 246 252 87 227 247 223 235 223 53 125 153 125
    53 125 20 26 151 213 225 255 243 184 223 8 105 244 229 218 233 54
    158 215 135 210 247 237 94 125 62 246 101 253 247 163 252 252 253
    194 117 239 93 139 101 254 237 235 250 253 79 95 253 130 106 108 246
    124 87 227 231 239 105 215 60 221 184 253 109 125 21 123 166 237 225
    187 99 184 254 141 251 242 253 216 81 102 255 215 135 250 243 236 94
    66 1 128 18 64 130 2 7 2 34 3 6 144 224 3 2 12 11 32 214 72 165 67
    195 18 82 152 76 0 128 128 0 95 48 65 160 25 8 64 72 96 16 52 43 213
    20 167 111 25 168 8 5 240 89 88 201 19 115 19 177 8 83 64 106 237 39
    231 177 216 39 163 255 164 253 194 55 195 219 147 71 234 221 35 102
    233 167 198 51 78 138 188 15 210 12 50 251 119 36 85 186 82 120 101
    116 80 84 24 14 193 4 193 79 153 172 24 5 240 28 156 73 16 242 51
    189 88 86 32 250 15 7 36 164 39 45 61 23 37 70 91 68 25 44 52 37 129
    124 65 224 240 34 240 114 88 40 128 16 80 16 61 193 85 48 90 138 195
    98 128 129 84 8 28 15 196 22 231 78 24 164 24 5 98 29 149 9 24 130
    51 188 64 86 34 248 3 6 4 2 141 144 128 0 34 24 2 71 136 121 33 5 4
    107 0 176 192 38 16 96 64 16 128 64 184 2 129 65 151 56 83 32 115 8
    8 32 100 20 10 143 192 64 242 79 16 200 24 5 180 9 152 9 19 67 54
    180 64 83 4 72 11 206 44 172 239 255 31 19 45 102 61 200 25 61 124
    173 133 124 44 224 240 82 176 113 123 253 141 54 253 115 61 193 208
    112 211 8 195 66 168 171 54 191 124 45 212 158 246 9 29 137 22 13 75
    93 151 28 57 199 59 188 193 222 14 248 233 7 166 179 217 167 163 255
    36 249 194 7 163 217 131 7 234 213 33 102 200 165 198 51 78 138 184
    46 210 0 50 59 115 36 84 186 82 120 101 116 80 84 24 14 193 4 193 79
    153 172 24 5 240 28 156 73 16 242 51 189 88 86 32 250 200 204 142
    223 238 95 86 183 63 124 62 143 29 252 127 174 133 219 88 170 220
    243 182 34 123 101 140 82 253 211 31 115 241 112 83 96 215 67 250
    232 242 191 78 62 148 150 229 105 149 137 158 13 159 77 155 143 27
    199 122 60 83 92 10 248 51 16 97 32 159 160 129 88 214 46 210 117
    237 12 0 85 254 116 3 16 224 34 138 109 36 184 96 11 82 25 97 111 95
    172 157 190 118 104 41 87 97 68 14 9 196 17 180 79 154 190 24 4 224
    144 220 65 40 50 182 187 152 151 36 94 15 5 36 164 39 45 61 23 37 70
    75 68 24 76 52 37 129 124 1 224 240 50 240 114 72 42 128 16 80 20 61
    193 69 48 82 138 195 98 128 129 80 40 28 15 192 22 231 78 24 164 24
    5 98 29 149 9 24 130 51 188 72 86 34 248 28 34 243 49 48 49 168 247
    208 186 210 53 113 146 147 98 242 136 195 74 241 128 77 159 140 40
    228 137 64 204 177 250 109 12 68 190 93 186 1 212 216 68 17 14 98
    231 3 77 187 44 45 195 242 28 29 81 134 242 19 212 104 2 96 245 59
    140 239 139 14 223 145 183 253 244 94 157 29 60 63 236 233 212 113
    176 244 83 254 181 123 233 28 54 121 219 95 235 213 108 65 240 94 83
    233 124 112 221 124 47 85 182 117 237 159 172 159 13 240 29 156 77
    56 242 43 189 219 223 42 254 15 198 108 40 15 189 7 9 165 86 168 0
    25 61 109 69 128 124 3 112 240 114 152 112 84 160 0 0 60 80 57 65
    148 72 211 168 98 122 1 40 166 151 28 141 84 214 116 73 18 44 24 12
    34 29 207 24 56 194 43 188 66 219 110 241 35 140 141 30 47 141 217
