<?xml version="1.0"?>
<opencv_storage>
<ImageFile>"300.jpg"</ImageFile>
<Features type_id="opencv-matrix">
  <rows>126</rows>
  <cols>64</cols>
  <dt>u</dt>
  <data>
    61 255 253 252 55 61 61 127 253 254 252 185 125 59 253 223 251 252
    99 107 245 118 209 119 221 175 229 185 123 220 125 235 223 44 87 190
    215 122 249 124 254 95 58 175 212 183 247 111 153 172 24 13 242 29
    159 77 16 242 115 189 90 87 42 251 124 234 255 221 58 255 251 255
    253 255 254 189 95 252 251 238 251 221 251 107 253 253 254 191 125
    111 182 182 125 223 127 255 255 103 119 251 214 127 253 124 254 93
    251 62 223 166 81 239 191 173 159 141 250 29 159 93 212 246 123 253
    219 95 42 254 251 220 254 223 255 255 223 153 63 255 61 251 191 251
    118 253 255 247 60 251 252 127 183 125 127 255 251 63 255 123 255
    127 247 109 30 255 210 125 249 255 83 223 126 63 217 22 253 127 157
    173 30 5 248 61 159 77 24 246 51 189 223 95 34 251 109 175 247 252
    122 127 227 123 189 220 206 255 223 127 255 237 139 253 251 111 245
    127 218 247 127 254 29 183 124 90 126 207 223 71 215 186 212 250 253
    61 125 125 122 167 253 179 245 235 188 188 184 29 243 61 158 77 56
    254 115 175 219 223 45 250 205 140 238 153 19 119 240 247 61 252 222
    189 30 190 251 238 235 221 123 111 125 135 230 179 75 109 184 14 81
    79 58 251 253 36 85 250 82 123 237 116 242 93 56 46 221 55 99 236
    153 172 30 5 240 29 156 73 16 242 43 189 88 86 34 250 212 33 231 149
    90 199 25 247 130 237 81 23 219 230 146 74 233 213 99 103 216 133
    194 147 90 251 180 110 64 152 50 106 215 44 69 186 90 120 233 124
    112 92 56 47 213 52 245 111 153 172 24 5 240 29 156 73 16 242 51 189
    88 87 32 250 3 4 128 2 221 130 130 8 34 33 1 98 162 75 2 17 106 23
    32 16 192 39 195 99 70 210 185 47 18 10 3 99 215 36 85 186 82 120
    105 116 96 88 56 43 213 16 245 111 153 172 24 5 240 24 156 73 16 242
    51 189 24 87 32 250 186 220 152 254 63 8 220 11 127 121 188 235 190
    90 102 221 255 150 36 147 197 62 241 111 227 151 241 123 127 123 207
    102 159 236 210 52 243 72 250 245 227 223 110 105 208 23 245 111 209
    254 24 13 244 5 249 73 27 179 246 191 18 123 166 75 187 221 216 126
    63 106 220 11 119 121 181 235 46 90 102 221 255 150 36 147 199 62
    249 111 225 215 243 123 123 123 207 102 159 174 208 116 247 88 250
    247 115 223 239 105 209 21 245 111 241 246 25 13 252 5 249 73 27 179
    246 191 58 127 167 79 58 190 109 138 54 157 149 57 255 222 22 240
    189 58 125 84 250 215 97 249 213 118 211 119 253 244 181 61 126 218
    125 233 215 108 87 190 90 120 233 124 112 93 60 47 213 20 245 111
    155 172 152 13 242 29 157 89 16 242 51 189 91 95 40 250 54 246 116
    134 191 12 7 81 102 68 15 117 45 127 244 117 247 246 4 224 81 98 145
    118 220 156 224 89 190 62 217 97 148 100 86 158 194 114 137 213 69
    89 24 142 196 6 228 76 136 165 144 13 114 28 158 73 24 242 51 156 88
    87 38 248 155 50 24 34 149 48 168 152 66 11 208 114 172 3 0 17 118
    206 5 208 97 128 129 84 132 24 121 233 210 6 225 177 88 44 156 190
    91 48 1 84 120 64 24 13 208 1 210 92 152 173 16 5 96 28 204 73 16
    240 51 148 92 19 32 57 155 50 88 34 149 48 168 152 98 10 240 114 236
    3 0 17 126 142 5 208 97 192 129 116 132 29 241 233 210 6 225 177 88
    44 156 190 91 48 1 84 120 64 56 13 208 1 210 76 152 173 16 5 96 28
    204 73 16 240 49 148 92 83 32 56 50 205 25 158 3 76 93 15 199 192 29
    204 61 46 124 254 255 150 4 113 6 58 229 39 125 151 226 25 19 186 28
    105 148 36 33 218 66 74 202 218 146 219 173 105 150 30 229 46 209
    160 83 5 40 1 181 79 153 114 56 121 81 93 2 251 175 254 111 237 254
    125 191 249 253 95 255 251 239 63 252 237 227 245 127 109 117 198
    181 116 111 255 189 187 255 31 59 187 240 108 94 218 90 115 249 245
    255 222 58 63 212 22 252 125 137 189 22 5 248 159 143 77 16 246 49
    188 92 87 34 185 45 239 239 216 54 191 165 83 61 246 164 202 223 121
    189 79 130 245 99 107 245 117 82 243 93 246 149 55 120 30 49 67 215
    68 215 170 210 120 249 124 116 127 56 175 213 84 245 111 153 172 24
    13 240 29 156 93 24 242 115 189 90 215 104 250 248 201 158 223 227
    223 220 167 31 255 127 222 159 236 127 238 191 211 124 111 30 191
    230 59 123 223 183 62 215 227 62 63 242 55 125 91 210 127 254 255
    178 255 237 126 191 158 125 182 207 139 118 247 221 255 181 238 209
    253 105 127 125 124 147 183 58 184 255 158 54 95 221 111 247 252 95
    181 61 190 191 222 255 215 96 43 212 53 211 119 221 207 240 31 123
    217 127 235 199 36 87 186 214 120 233 124 112 93 117 47 213 20 245
    111 157 172 153 13 242 29 156 89 16 242 51 189 91 95 32 250 122 152
    255 158 55 95 159 47 119 252 95 245 63 62 191 222 255 215 96 107 212
    53 195 119 221 223 240 63 122 217 127 235 215 36 87 186 214 120 233
    116 112 93 117 47 213 20 245 111 157 172 153 13 242 29 156 89 16 242
    51 189 91 95 32 250 211 221 154 95 33 66 216 134 19 161 61 202 2 201
    6 186 45 2 60 207 14 175 230 35 43 215 243 122 211 35 134 58 178 55
    49 121 146 13 250 241 114 232 185 251 191 24 189 190 217 138 118 247
    217 122 180 238 209 191 121 123 53 117 145 234 54 53 241 150 23 7 77
    127 70 228 145 48 117 202 147 86 126 214 66 82 147 45 211 103 156
    162 242 73 18 156 213 105 79 38 23 158 130 120 99 94 48 65 181 235
    132 20 229 111 153 172 153 9 50 24 156 65 40 50 115 187 24 7 161 250
    61 182 255 196 62 183 249 126 244 252 214 245 93 59 147 102 178 244
    195 107 245 119 198 247 189 170 164 151 124 221 117 235 255 108 196
    190 222 122 249 253 220 93 59 142 240 32 209 111 187 172 137 11 240
    29 156 93 52 242 51 157 250 151 110 255 7 6 128 34 5 34 0 22 32 26 2
    1 8 11 0 1 64 105 1 208 224 7 80 115 66 40 136 132 16 0 32 64 95 40
    210 160 121 8 1 64 108 0 26 139 65 97 167 79 56 44 24 0 240 24 216
    65 18 50 23 148 8 83 32 106 77 35 147 48 0 226 160 110 0 184 194 21
    64 197 139 2 74 8 131 66 224 13 206 147 10 40 128 132 64 4 32 206
    127 3 101 186 21 190 69 76 152 36 24 6 105 161 3 235 25 44 121 149
    241 28 156 64 4 106 11 169 72 7 33 242 123 220 238 237 255 191 251
    115 125 95 213 220 255 253 124 93 244 253 123 254 255 95 219 253 255
    122 110 254 124 85 252 175 223 109 223 159 218 127 253 119 255 223
    219 15 221 191 255 183 221 220 24 189 249 253 159 239 120 255 123
    191 218 223 30 255 122 185 251 222 38 95 92 167 87 198 93 156 95 164
    63 250 191 210 114 239 23 213 231 135 189 69 246 249 67 255 222 232
    197 28 167 238 222 109 250 113 48 221 245 105 183 148 245 110 223
    170 175 223 178 29 116 93 205 243 123 251 123 185 201 230 125 190
    239 221 254 255 243 255 253 253 222 253 255 127 251 236 251 245 251
    107 245 127 255 255 255 239 28 183 111 223 127 255 239 111 103 191
    222 251 253 126 253 125 251 190 221 243 253 107 191 172 141 205 243
    61 157 85 124 246 115 255 251 223 44 254 187 222 125 239 63 125 157
    153 191 255 60 219 191 59 126 221 253 246 44 57 244 82 242 120 109
    245 249 123 127 123 127 107 213 228 222 244 246 121 184 117 118 223
    107 61 215 148 244 109 155 189 30 5 254 149 191 93 24 246 50 189 223
    223 44 254 92 43 243 245 48 166 232 231 0 198 67 144 195 193 147 10
    138 77 235 111 46 173 198 147 13 219 183 237 64 164 48 137 86 23 117
    171 20 252 211 69 36 104 177 103 239 140 83 46 26 168 57 243 115 92
    52 76 65 234 81 203 73 103 97 242 125 190 239 221 126 255 243 255
    253 253 222 253 255 127 251 236 251 245 251 107 245 127 255 255 255
    239 150 183 111 223 127 239 239 111 103 190 222 251 253 124 253 125
    251 190 221 243 245 107 191 172 143 207 243 61 157 85 124 246 255
    255 251 223 46 254 60 254 255 168 50 125 61 247 189 222 253 188 93
    183 253 254 249 220 99 105 53 208 244 179 221 173 165 217 65 158 122
    249 240 36 87 174 219 114 129 244 186 94 56 190 214 183 230 108 155
    173 94 5 240 29 151 93 144 242 43 188 88 86 42 243 60 255 255 184 50
    125 189 247 189 222 253 188 95 183 253 238 249 220 99 107 53 208 244
    179 221 45 165 217 65 150 126 249 240 52 85 170 219 118 201 252 250
