<?xml version="1.0"?>
<opencv_storage>
<ImageFile>"301.jpg"</ImageFile>
<Features type_id="opencv-matrix">
  <rows>380</rows>
  <cols>64</cols>
  <dt>u</dt>
  <data>
    196 34 115 149 248 150 171 213 238 191 34 59 195 147 147 67 106 197
    127 102 89 129 62 152 14 217 189 47 144 140 35 62 97 37 86 251 80
    177 37 246 240 68 48 158 193 104 136 21 153 173 28 33 209 254 156
    203 208 252 49 28 92 86 48 249 196 38 243 21 216 70 170 245 136 191
    130 55 194 129 147 3 106 205 187 102 89 135 126 152 30 73 188 47 192
    12 35 30 101 37 68 251 80 180 37 212 216 68 16 158 201 104 137 213
    153 44 88 33 209 126 156 67 208 252 33 28 76 86 48 249 174 239 123
    254 50 94 125 199 111 215 45 248 31 183 252 254 171 212 60 109 7 208
    180 50 125 223 183 57 247 170 62 57 176 100 124 218 194 118 249 245
    242 222 57 125 182 158 244 108 201 173 118 5 200 23 167 76 144 240
    33 124 93 86 34 187 46 173 236 168 55 255 181 127 53 222 212 240 125
    62 191 205 203 213 99 117 245 87 211 115 125 253 49 45 127 220 52
    169 215 100 215 186 82 120 233 116 112 93 60 47 213 21 245 110 153
    172 24 5 242 29 156 89 16 242 51 189 89 95 40 250 134 97 130 53 17
    66 168 194 0 139 225 242 66 130 128 90 42 68 37 71 3 140 164 27 14
    159 179 43 82 46 34 90 98 36 124 155 18 124 233 214 64 72 48 105 203
    28 144 124 73 172 16 5 96 22 180 65 144 242 49 189 92 87 32 186 189
    252 254 239 63 253 245 127 255 253 252 251 191 63 254 221 251 245
    227 107 245 119 211 119 125 255 245 63 127 95 247 235 223 108 215
    190 214 121 249 125 124 95 123 167 213 113 245 111 185 188 153 13
    240 29 156 93 56 246 119 189 251 223 44 250 46 138 236 170 63 189
    177 105 61 252 86 245 189 62 249 198 202 213 97 105 244 118 218 115
    125 156 128 55 126 219 61 235 215 36 87 186 87 122 233 116 240 93
    124 47 213 150 245 111 153 172 152 13 242 29 157 77 16 242 51 189 91
    95 32 250 252 57 255 215 54 167 217 126 214 253 85 255 191 234 146
    94 254 215 112 103 207 47 195 119 143 218 246 127 82 41 246 107 215
    39 52 191 210 125 251 117 80 92 185 111 251 20 241 111 153 172 24 69
    240 29 156 73 16 242 115 191 88 119 161 250 227 212 64 139 223 134
    143 9 175 103 57 234 191 111 100 93 227 247 60 54 206 39 155 109 118
    215 123 47 146 59 83 63 135 167 94 155 66 93 111 126 97 74 40 233
    213 28 252 151 197 172 16 4 100 1 140 235 24 246 48 61 88 85 48 186
    255 253 255 223 55 127 221 187 255 213 253 250 191 250 246 223 255
    247 126 127 63 255 245 55 255 255 247 127 127 123 254 185 210 111
    180 223 202 125 251 255 114 223 253 127 191 30 253 62 207 191 87 207
    248 191 183 79 121 247 121 127 255 253 191 191 20 50 117 133 24 228
    171 249 192 166 227 52 65 1 145 33 155 76 195 64 179 32 28 216 156
    61 167 203 0 142 33 222 105 20 207 142 128 176 41 7 45 0 49 166 102
    225 146 57 10 189 224 99 98 152 4 80 128 2 145 192 236 199 105 54 60
    46 255 188 50 119 181 127 245 252 214 181 93 190 187 206 251 220 227
    107 245 81 196 183 93 41 164 145 121 212 124 235 221 36 117 186 215
    122 193 124 120 93 125 46 214 165 71 110 155 172 191 13 242 29 156
    93 16 242 59 253 91 79 40 250 43 212 72 170 191 184 221 9 127 123
    188 249 174 78 228 93 227 182 164 145 197 118 185 111 101 151 99 51
    127 123 205 103 151 228 156 16 119 217 251 183 99 223 110 105 212 23
    244 107 241 247 24 4 236 133 239 105 26 146 182 175 147 95 182 31
    123 53 124 94 119 143 95 63 230 68 53 48 61 122 52 86 246 147 66 246
    215 59 209 167 216 42 228 92 98 216 220 105 206 44 68 190 202 88 211
    124 242 223 157 15 208 52 229 78 153 166 153 15 114 29 153 73 56 243
    115 189 120 86 34 217 237 239 231 89 120 127 229 247 185 245 174 219
    94 249 255 237 235 253 187 111 247 77 126 251 127 255 31 39 125 15
    50 79 215 103 117 251 80 252 253 62 117 60 56 183 221 152 125 227
    221 172 124 157 209 127 156 78 112 252 99 173 218 85 49 250 60 53
    253 184 18 39 37 127 230 68 212 52 125 126 185 84 242 184 67 100 113
    114 209 183 220 40 228 205 96 156 248 233 220 44 71 190 74 114 1 92
    60 81 28 6 84 117 199 78 153 44 137 12 114 29 156 89 56 242 43 188
    88 214 42 248 243 213 24 30 7 10 84 11 67 64 61 160 62 170 36 94 119
    146 36 149 2 144 177 38 212 135 225 73 3 184 220 97 128 172 0 222
    170 64 2 218 34 203 44 105 144 30 228 12 193 166 19 12 40 0 115 235
    24 50 48 56 25 84 50 201 60 37 253 156 18 71 29 103 231 198 125 176
    93 174 191 198 251 144 66 100 17 208 245 166 216 33 164 89 97 156
    252 169 248 44 5 190 138 112 129 92 50 203 61 47 244 52 196 76 155
    172 155 15 114 29 20 93 152 242 59 248 121 214 42 243 50 52 17 158
    138 141 93 73 195 102 1 16 149 226 180 86 246 214 0 96 138 40 146 11
    220 136 166 13 66 137 125 109 67 36 20 186 2 106 1 86 144 202 20 10
    66 20 193 31 145 36 16 4 32 24 21 73 144 114 59 185 88 6 34 177 58
    146 204 135 190 181 155 52 182 221 20 65 157 59 51 69 124 247 64 179
    240 99 211 116 56 58 180 126 124 217 213 235 215 104 18 180 223 88
    168 125 81 93 51 142 209 32 209 79 185 172 152 9 244 13 156 81 50
    242 51 157 250 159 44 250 252 57 255 245 50 255 251 255 253 253 223
    247 255 190 251 238 251 213 115 111 253 181 198 247 221 235 180 191
    122 223 126 235 255 36 117 186 214 122 233 116 248 93 125 46 215 55
    241 111 157 172 24 5 242 29 157 77 16 242 51 253 89 87 32 250 48 20
    25 158 10 141 93 77 199 102 1 16 21 230 188 86 246 214 0 96 138 40
    152 47 220 128 166 9 18 137 125 109 67 36 20 186 2 98 3 214 146 202
    68 10 82 22 193 31 145 36 16 4 32 24 149 73 144 242 59 184 88 70 34
    177 51 144 200 34 255 178 154 26 118 11 149 98 174 75 36 21 116 163
    55 213 225 7 17 117 162 58 233 15 82 60 225 224 143 44 142 183 123
    24 41 245 200 202 18 137 209 113 178 79 184 254 24 1 228 37 216 209
    50 179 183 149 56 211 180 73 124 57 255 253 50 255 249 255 253 252
    223 181 255 190 251 238 251 213 115 111 253 61 199 183 93 234 180
    157 122 222 126 235 247 36 117 186 214 122 233 116 248 93 61 46 213
    55 229 111 153 172 24 5 240 29 156 73 16 242 51 189 89 87 34 250 115
    176 200 2 223 178 154 26 230 11 145 98 174 75 36 21 116 163 127 213
    241 71 19 125 162 50 232 47 82 28 225 224 207 45 142 151 75 24 45
    253 216 202 18 141 209 121 178 79 184 254 24 1 228 45 216 211 50 183
    183 149 184 211 252 75 235 141 238 214 119 143 93 11 191 229 5 235
    191 238 52 95 162 117 60 63 142 31 210 99 119 202 138 63 122 121 28
    45 151 39 54 187 194 125 247 252 83 255 108 107 155 28 253 239 213
    164 24 157 243 61 189 206 88 254 114 191 89 93 18 251 50 213 40 15
    231 143 222 37 79 195 149 200 188 32 44 20 188 147 82 149 150 115
    211 101 245 83 237 124 35 188 221 32 143 124 11 158 202 73 234 107
    48 219 37 169 149 124 181 47 151 138 129 15 48 1 112 251 89 119 122
    249 49 249 122 203 59 212 88 238 191 184 215 9 127 121 132 249 174
    90 228 93 254 183 180 145 197 118 185 127 101 214 97 55 127 123 205
    103 151 228 158 16 247 217 251 55 67 223 110 105 209 21 245 107 244
    246 26 12 236 165 255 109 58 182 254 175 147 95 190 95 72 4 138 139
    1 131 38 5 37 224 6 4 48 190 43 134 74 24 129 128 200 17 223 33 81 0
    8 4 33 192 25 67 189 2 82 32 17 194 5 8 144 55 28 2 20 151 67 194 25
    72 122 44 23 13 209 136 26 104 47 180 1 66 2 65 124 46 255 255 58
    255 251 255 221 252 94 157 31 254 187 238 251 221 249 107 252 125
    222 191 89 235 182 183 123 209 63 239 231 39 117 186 215 250 249 124
    248 125 253 46 255 182 225 107 159 172 31 141 242 29 157 77 80 246
    123 253 91 87 43 254 205 142 231 241 252 246 227 222 184 253 198 207
    195 217 131 13 8 109 251 43 252 109 94 251 99 251 26 230 124 67 35
    199 159 211 251 33 117 157 255 35 125 53 234 231 253 105 123 243 124
    216 169 249 245 229 152 230 119 158 214 143 194 253 157 94 247 220
    238 143 239 215 223 167 63 253 28 223 159 254 63 252 253 211 120 182
    213 87 215 99 123 231 248 127 251 219 223 107 231 45 85 247 214 115
    233 124 114 93 44 46 213 20 245 111 157 172 24 13 240 29 156 203 16
