<?xml version="1.0"?>
<opencv_storage>
<ImageFile>"302.jpg"</ImageFile>
<Features type_id="opencv-matrix">
  <rows>419</rows>
  <cols>64</cols>
  <dt>u</dt>
  <data>
    120 255 255 222 126 223 223 115 127 252 188 219 255 112 254 205 255
    215 232 43 212 117 211 243 217 119 241 62 61 223 215 107 223 100 215
    184 222 120 251 117 116 95 107 39 181 52 245 111 157 172 137 15 242
    29 156 95 54 246 118 189 91 93 44 250 56 254 255 220 62 223 223 115
    127 252 172 217 255 120 252 205 255 245 234 43 213 117 83 243 249
    119 241 118 125 223 215 111 223 96 87 176 246 120 251 117 116 95 107
    39 245 52 245 111 189 172 152 15 242 29 158 93 54 247 118 189 91 95
    44 250 235 207 238 213 255 189 223 25 61 117 191 203 159 125 126 205
    225 245 45 243 254 127 210 115 87 254 179 63 254 91 127 111 215 44
    86 186 218 123 249 124 116 93 120 47 213 22 245 111 153 172 24 13
    242 29 157 73 16 242 115 189 90 87 40 250 239 143 238 213 255 157
    223 153 61 255 191 202 159 124 122 205 161 245 60 243 254 127 210
    115 87 255 179 63 254 91 127 123 215 44 86 186 218 121 249 125 116
    93 120 47 213 22 245 111 157 172 24 13 242 29 157 73 16 246 115 189
    90 87 40 250 125 236 255 77 34 223 242 247 249 245 126 157 94 181
    255 238 255 169 251 239 189 85 119 149 249 105 156 254 109 213 255
    230 237 89 99 236 223 251 253 124 254 31 125 183 247 255 119 111 191
    232 175 223 243 93 25 92 126 255 91 253 251 251 106 255 252 47 247
    221 96 127 253 247 201 252 235 159 87 245 219 238 251 201 251 111 63
    141 214 147 223 127 191 252 105 214 126 255 199 19 101 187 148 254
    253 124 124 61 177 183 255 190 119 238 159 172 237 251 243 95 157 76
    68 254 83 253 91 71 9 254 43 236 238 106 55 251 247 26 253 145 214
    255 255 63 108 207 217 187 251 185 245 87 91 245 241 127 89 183 111
    215 223 226 159 232 227 36 255 91 253 56 125 157 126 37 149 245 119
    227 255 251 169 140 255 165 250 188 126 215 254 237 179 251 252 94
    108 47 247 221 112 111 167 247 173 252 74 181 83 246 251 238 235 221
    251 110 127 141 214 179 91 127 158 165 105 202 58 139 207 3 103 187
    148 254 253 124 60 61 184 166 109 188 101 238 157 172 253 189 243 95
    156 76 64 238 99 189 91 71 33 242 189 178 127 101 191 245 187 248
    220 191 246 253 237 25 209 229 250 253 207 123 245 99 238 252 173
    187 245 183 94 87 119 255 239 108 221 190 255 185 233 245 249 92 243
    190 211 225 155 123 186 189 157 9 240 189 156 81 100 178 183 223 250
    215 44 255 250 221 239 255 127 255 95 47 191 255 121 218 159 236 54
    94 255 213 49 99 254 255 242 63 95 223 183 63 83 113 119 235 215 36
    85 187 210 124 249 116 114 94 61 47 215 20 245 111 153 172 24 5 240
    29 156 73 16 242 115 189 88 87 34 251 61 242 125 229 191 245 251 248
    220 255 246 253 237 27 217 229 250 253 223 123 245 99 254 252 173
    251 237 183 126 95 119 255 239 108 223 190 215 187 233 125 249 92
    243 190 211 163 155 123 186 189 157 9 240 189 156 85 116 242 247 223
    250 223 44 255 43 222 236 106 127 187 247 27 189 89 222 251 191 63
    108 77 137 189 191 185 245 119 219 119 117 247 89 183 126 115 79 231
    159 202 219 96 255 217 253 57 125 189 238 117 213 245 119 227 255
    255 137 140 255 229 234 188 126 214 254 239 179 251 252 94 172 254
    255 253 254 253 255 241 189 253 110 251 223 127 255 237 243 253 255
    107 253 109 222 123 125 255 183 183 125 215 63 255 247 227 95 51 247
    251 249 119 255 127 106 63 245 151 255 115 189 237 28 37 244 157 157
    77 22 246 247 191 218 95 35 255 34 3 130 151 111 150 154 9 182 251
    19 71 169 89 49 21 100 213 1 243 196 39 194 119 76 138 160 14 82 16
    49 106 247 44 84 186 82 120 232 116 208 92 24 14 209 20 209 79 153
    172 24 5 240 29 156 73 16 242 51 189 88 87 32 251 188 254 254 253
    254 253 255 241 189 253 238 251 223 127 253 237 243 253 255 107 253
    111 222 127 125 127 183 183 125 87 127 255 247 227 127 51 247 251
    249 119 255 126 251 127 245 183 255 115 189 253 28 37 244 157 159 77
    22 246 247 175 218 127 35 255 126 253 255 254 54 111 93 191 223 220
    221 189 127 254 255 254 255 215 122 127 119 255 213 183 255 239 246
    221 123 251 254 169 198 109 55 254 222 127 219 125 122 223 247 110
    255 183 229 110 191 166 223 207 250 31 156 93 120 247 123 251 123
    111 171 254 93 35 215 117 56 225 251 124 216 189 198 55 213 119 131
    66 170 141 131 107 239 45 202 251 141 234 178 183 104 77 55 239 223
    50 101 186 85 250 249 126 88 124 249 38 229 37 235 107 153 172 25 71
    240 29 156 73 20 242 183 189 216 23 161 254 29 32 136 50 8 129 48 38
    80 170 84 52 112 130 131 66 106 10 3 211 225 35 67 135 152 40 228
    143 64 141 161 98 207 44 5 190 27 40 97 124 120 64 52 42 213 117 131
    111 57 172 24 5 240 24 28 65 18 242 59 185 24 19 32 234 2 18 128 129
    222 146 130 1 70 43 146 64 194 64 48 17 104 197 35 210 193 37 11 91
    6 218 56 47 18 12 33 70 71 172 94 186 90 56 105 86 96 68 0 15 193 68
    181 79 152 172 24 1 240 29 156 73 16 114 51 189 88 87 32 250 0 140
    158 216 42 95 210 39 51 248 6 197 28 116 59 238 237 147 224 35 212
    117 214 227 89 99 176 70 104 201 31 99 223 32 81 160 86 90 235 120
    112 29 108 47 213 20 245 111 153 172 24 5 240 29 156 73 22 242 55
    189 90 87 32 250 113 54 213 2 216 2 3 126 226 52 130 53 100 95 131
    49 98 228 131 32 224 3 9 191 142 168 44 15 146 8 65 111 117 45 69
    190 80 178 5 222 213 80 8 134 72 96 129 205 184 36 88 4 240 24 156
    65 48 114 3 156 200 6 36 248 8 13 238 156 34 95 88 55 53 254 22 133
    29 252 59 238 137 216 97 227 212 117 212 51 89 107 148 22 120 208 63
    107 215 32 87 184 83 122 232 120 240 93 60 47 213 20 245 111 153 172
    24 5 240 29 156 73 16 242 51 189 90 87 32 250 243 30 163 35 206 38
    131 138 242 125 82 71 174 233 2 53 100 231 27 246 232 135 155 125
    142 170 236 143 218 17 227 111 119 45 84 181 127 50 5 252 216 84 26
    142 201 66 193 205 185 44 24 5 240 60 156 193 84 246 51 188 90 22 50
    249 60 233 239 216 34 95 245 231 221 246 222 148 93 180 255 238 219
    152 227 170 117 211 245 151 255 101 148 145 105 223 94 234 133 74 67
    238 254 82 249 120 62 29 245 53 85 182 55 238 191 172 239 223 178 29
    80 92 238 226 75 249 251 201 106 214 43 205 76 170 203 156 135 1 47
    69 46 202 157 127 124 253 195 117 37 100 134 118 152 97 127 215 9 63
    191 154 27 41 150 230 83 154 98 82 255 190 167 159 92 97 84 30 116
    135 213 44 16 12 122 5 167 47 56 244 32 188 88 95 50 249 175 214 108
    41 255 189 159 24 189 95 172 235 173 57 108 221 149 253 190 185 252
    114 16 124 117 247 121 119 255 115 127 177 154 216 222 100 242 249
    184 185 126 159 106 189 245 115 244 113 164 223 144 45 236 229 207
    61 62 151 246 174 242 219 126 155 32 7 61 152 2 157 5 115 183 84 6 4
    93 125 61 4 214 176 195 32 212 118 80 243 89 32 132 84 40 212 89 193
    207 0 67 164 208 74 200 104 116 29 24 166 84 244 229 79 185 44 136 9
    178 29 153 89 63 226 91 181 82 211 106 250 187 222 124 235 255 189
    183 24 63 95 172 107 175 127 100 253 245 255 189 240 252 86 184 120
    102 255 121 127 255 83 255 183 154 225 222 85 243 241 189 183 119
    223 90 157 213 211 254 21 140 213 20 44 236 231 207 237 58 148 246
    142 214 223 62 153 190 253 255 255 63 253 217 255 255 253 221 253
    127 126 254 252 251 214 115 123 245 63 231 119 253 255 242 59 127
    127 255 239 215 44 85 254 214 123 249 117 219 221 125 47 213 23 245
    111 153 174 30 5 248 29 156 73 16 242 59 189 89 95 34 251 250 222
    254 223 255 191 223 243 63 253 126 95 191 254 251 253 242 213 61 102
    94 223 143 121 111 206 186 63 254 91 126 63 247 103 84 251 82 127
    253 246 210 95 88 30 217 158 217 149 157 173 24 133 241 191 157 203
    80 252 49 189 92 95 50 249 99 134 4 171 203 206 134 133 45 110 10 14
    152 45 63 133 205 115 9 164 248 67 155 104 80 117 60 36 154 144 187
    7 69 227 91 1 97 64 44 42 36 68 76 169 85 216 126 145 21 72 24 44
    135 69 136 163 155 204 40 52 198 195 24 226 248 26 255 245 255 191
    255 249 189 255 127 159 159 252 251 239 242 213 121 111 254 223 206
