<?xml version="1.0"?>
<opencv_storage>
<ImageFile>"303.jpg"</ImageFile>
<Features type_id="opencv-matrix">
  <rows>371</rows>
  <cols>64</cols>
  <dt>u</dt>
  <data>
    124 43 255 217 114 127 243 255 221 252 206 189 83 182 251 238 251
    221 251 111 125 157 198 183 95 239 188 133 73 206 62 187 235 7 103
    251 86 122 205 124 250 93 244 54 93 182 97 238 159 44 191 157 243 29
    157 89 80 252 107 253 91 78 43 250 55 50 113 55 253 162 139 184 214
    56 210 119 237 75 129 117 118 167 199 146 225 42 137 94 132 186 225
    207 218 90 225 254 107 44 70 182 127 48 105 253 89 68 18 142 193 97
    146 79 168 174 24 1 240 28 156 65 22 242 183 157 186 23 32 88 251
    221 124 122 55 63 85 27 123 86 189 170 62 190 108 255 247 246 60 253
    55 212 113 55 245 231 225 89 127 125 220 97 154 76 210 222 202 91
    144 249 182 223 124 61 212 223 246 110 159 175 6 15 122 29 243 93 56
    247 121 188 91 218 110 219 188 233 255 252 50 127 241 255 221 252
    254 181 127 188 255 238 251 220 243 107 117 148 229 183 123 45 180
    144 105 215 62 251 232 32 117 240 215 118 201 252 250 223 247 54 222
    183 103 236 191 172 255 157 250 31 157 92 150 240 47 248 95 14 10
    255 62 254 125 139 254 221 135 237 239 117 254 120 253 59 253 212
    251 212 75 104 217 82 142 124 125 141 45 59 255 217 121 255 245 100
    85 158 82 115 169 126 182 95 88 30 84 134 216 21 153 173 29 5 242 29
    151 73 16 242 35 188 88 95 34 253 126 48 241 119 253 162 251 92 214
    59 209 121 231 75 146 81 118 239 155 82 237 47 202 95 134 202 230
    255 90 113 229 238 71 189 158 55 255 189 249 119 72 76 195 201 227
    65 155 91 186 254 24 67 228 180 92 113 68 186 247 155 186 151 177
    118 77 37 243 20 17 231 121 126 148 164 197 181 83 206 147 78 234 84
    35 103 135 47 198 55 12 138 166 13 82 12 48 104 215 38 53 186 18 120
    65 116 112 104 184 46 223 52 33 110 153 172 24 5 240 28 156 73 16
    242 51 185 88 87 33 250 60 242 125 169 62 125 191 253 253 254 250
    189 125 60 255 247 251 252 203 120 249 210 221 188 253 173 236 147
    127 213 125 255 249 108 223 254 254 115 177 125 254 223 119 62 86
    231 198 125 190 189 159 13 234 157 159 93 172 246 175 220 255 206
    110 181 252 169 255 253 114 127 243 255 221 252 222 189 87 246 251
    238 251 221 251 111 127 189 230 179 127 239 190 181 109 207 62 255
    239 3 117 251 215 247 253 124 250 125 247 54 127 191 103 238 159 172
    255 253 211 127 157 92 212 236 107 255 95 78 51 246 252 175 255 253
    114 127 243 247 253 252 222 159 95 253 251 238 187 253 251 111 125
    253 246 183 255 111 150 244 109 215 126 251 239 91 103 253 222 123
    253 124 254 61 255 182 253 167 243 238 191 173 175 219 243 125 153
    93 110 254 95 255 251 255 111 254 196 233 131 85 200 66 216 238 200
    161 169 219 210 192 130 170 107 129 63 71 14 173 238 155 79 223 183
    46 193 143 34 62 243 39 101 251 82 61 255 246 112 124 176 127 219 28
    61 183 221 172 88 213 209 126 148 195 209 248 113 63 92 117 145 250
    13 37 255 156 16 69 121 127 148 236 197 181 81 170 147 78 235 92 227
    99 144 47 198 179 29 171 180 9 80 8 50 107 215 36 53 186 18 120 233
    124 112 92 56 46 247 52 97 110 153 172 56 5 240 28 156 72 16 242 59
    185 88 87 32 250 252 254 127 223 62 93 95 245 255 255 61 250 95 187
    254 255 251 214 124 41 221 208 247 188 233 231 189 59 127 91 127 127
    241 100 212 250 210 121 177 247 246 223 107 63 150 150 212 125 157
    173 30 5 248 29 159 77 144 246 59 60 93 86 42 255 170 197 200 186 22
    29 93 3 37 110 57 154 31 238 182 95 227 214 37 97 70 244 240 50 78
    143 163 11 211 24 56 105 243 36 84 186 67 124 161 244 114 206 60 41
    214 22 197 79 153 172 24 5 96 29 157 73 16 242 51 188 92 86 34 249
    216 29 222 247 34 165 248 243 18 253 87 215 150 224 178 90 254 219
    97 103 254 45 194 243 153 122 182 254 64 128 246 171 215 52 117 186
    211 120 232 124 80 92 185 47 243 20 247 111 153 172 24 7 240 29 156
    73 16 243 51 189 88 87 32 250 152 165 158 215 34 83 248 163 82 219
    85 215 150 226 2 90 191 155 36 235 69 45 195 211 217 95 243 250 64
    166 182 106 223 52 5 190 219 120 232 124 112 92 57 47 247 20 247 111
    153 174 24 7 240 29 156 73 16 243 51 189 120 87 32 250 84 55 144 54
    64 2 32 67 2 0 97 34 2 195 128 18 118 139 37 198 99 172 1 19 146 26
    227 205 130 132 224 160 66 38 68 190 1 40 65 204 8 64 16 139 192 25
    131 78 152 172 16 1 112 28 24 65 0 243 19 177 24 114 32 104 45 142
    238 249 63 253 253 253 61 255 236 217 159 125 191 237 139 252 161
    107 244 119 254 123 109 239 162 51 125 81 61 239 247 224 220 48 119
    249 249 181 122 126 122 47 214 151 215 123 153 188 30 5 244 29 157
    76 16 242 183 191 219 95 40 254 190 48 121 167 62 245 153 253 214
    191 242 113 125 10 144 214 251 214 230 57 241 18 237 28 173 189 253
    187 95 251 247 254 69 236 172 255 254 181 169 119 121 205 231 63 226
    37 176 125 174 191 223 131 234 180 188 85 196 178 175 216 255 159 40
    182 208 201 155 155 193 194 210 239 206 129 45 222 179 166 147 106
    235 213 53 103 14 135 231 37 79 223 189 47 83 138 50 58 247 37 21
    251 82 125 237 116 114 88 56 47 221 28 125 180 153 172 26 5 240 29
    148 73 16 240 49 189 88 87 32 250 186 48 125 166 63 117 217 253 214
    190 247 241 125 10 144 246 255 214 214 57 240 114 237 62 173 189 247
    155 95 251 247 254 69 236 175 254 254 241 169 247 121 205 231 45 226
    37 180 109 191 191 223 131 238 148 188 85 204 178 191 218 255 159 44
    182 254 49 242 54 87 34 124 107 66 32 241 50 126 194 130 90 122 139
    39 215 107 173 97 151 150 95 243 237 66 188 228 160 74 45 4 191 203
    60 193 220 120 72 181 107 201 61 167 110 217 166 24 195 240 28 88 65
    0 243 19 177 56 118 160 74 51 212 108 142 62 157 155 1 63 215 21 222
    157 127 124 117 226 212 4 99 196 96 144 114 109 150 165 27 87 27 29
    123 247 36 84 186 82 122 233 244 210 94 24 14 208 22 208 79 153 172
    24 5 248 29 157 73 16 242 51 189 88 87 34 249 45 36 125 8 10 125 33
    117 181 124 206 21 93 61 191 230 217 184 195 32 241 82 92 180 217 40
    132 208 105 212 121 235 237 72 67 164 223 50 137 124 254 21 30 134
    84 243 102 108 187 44 143 8 242 29 153 93 62 226 47 188 218 194 110
    216 40 135 109 202 50 159 135 113 55 212 6 209 157 121 249 69 226
    213 1 106 212 100 192 115 77 156 37 13 126 10 49 123 215 36 85 186
    82 120 233 116 112 92 56 47 212 132 245 111 153 173 24 5 240 29 159
    73 16 242 51 157 88 87 32 250 47 52 80 34 157 160 34 72 64 2 192 52
    160 11 129 81 98 38 1 208 225 34 9 84 132 152 96 137 82 12 225 225
    29 132 157 158 33 48 1 86 40 64 24 9 68 81 162 69 24 60 16 4 96 20
    76 97 16 178 167 148 24 3 36 64 56 151 116 194 50 151 135 115 39 212
    6 211 157 123 185 68 226 213 1 107 196 36 192 115 77 158 165 13 118
    8 49 107 215 36 85 186 82 120 233 116 116 92 56 47 213 132 245 111
    153 172 24 5 240 29 158 73 16 242 51 157 88 87 32 250 47 52 80 34
    157 160 38 72 64 34 192 52 224 15 129 81 98 166 3 208 225 34 9 92
    132 136 96 137 82 12 225 224 29 172 157 158 33 48 1 86 40 64 26 8 68
    81 166 71 152 60 24 4 96 20 204 65 16 178 167 148 24 71 36 64 35 22
    133 2 141 160 129 26 228 60 2 71 169 89 0 5 102 245 3 82 224 38 210
    119 66 186 164 14 82 0 97 106 223 44 71 190 83 56 105 124 88 84 24
    142 193 112 177 79 153 172 24 1 240 29 156 65 16 242 51 189 88 87 32
    250 252 184 255 241 222 247 235 253 220 255 208 255 223 234 179 78
    251 221 127 103 125 135 238 253 159 255 191 239 209 215 114 190 231
    47 93 255 87 125 237 118 120 76 112 62 223 61 219 181 157 172 24 133
    241 255 156 203 208 252 49 189 92 87 48 254 195 205 131 119 217 194
    203 204 232 171 43 239 162 203 195 171 235 229 61 71 78 141 126 89
    71 223 187 47 211 11 34 55 247 39 127 251 82 61 239 246 112 124 56
    255 223 88 249 183 221 140 24 49 209 255 156 227 80 252 49 189 92 85
    49 250 61 191 254 253 63 255 249 247 125 254 202 183 252 124 251 239
    251 253 235 107 245 125 215 255 197 110 242 151 92 87 255 247 255 34
    127 190 215 126 249 117 252 93 250 62 247 167 247 111 185 172 24 5
