<?xml version="1.0"?>
<opencv_storage>
<ImageFile>"304.jpg"</ImageFile>
<Features type_id="opencv-matrix">
  <rows>273</rows>
  <cols>64</cols>
  <dt>u</dt>
  <data>
    124 238 255 253 58 255 250 239 253 250 222 189 127 182 255 254 251
    153 251 107 245 117 215 255 253 111 246 183 111 223 255 254 239 104
    71 254 255 123 249 124 250 93 247 62 247 183 247 111 191 173 159 207
    242 29 157 93 86 246 127 253 123 95 106 254 124 234 255 253 58 255
    248 231 125 250 254 189 127 246 251 254 251 153 251 235 245 117 199
    255 253 111 246 183 111 215 255 254 255 104 71 254 255 123 249 124
    250 93 255 62 215 183 247 111 191 173 159 207 242 29 157 93 86 247
    127 253 91 95 106 254 124 186 255 253 58 255 251 253 253 250 222 189
    125 54 251 254 251 157 251 123 245 113 215 255 253 111 246 191 111
    223 255 238 255 108 103 254 255 123 249 124 250 93 247 62 247 167
    247 111 191 174 143 79 242 29 159 93 86 246 127 253 123 95 106 254
    124 185 255 252 50 127 249 255 221 252 222 181 127 182 251 238 251
    220 243 111 245 117 198 183 221 107 180 157 105 223 126 235 255 36
    119 190 214 122 249 124 248 93 245 38 247 183 119 110 159 172 191
    141 242 29 157 93 20 242 123 253 91 95 42 250 124 185 255 252 50 127
    241 255 221 252 222 181 125 180 251 238 251 220 243 107 245 117 198
    183 221 105 180 157 105 223 126 235 255 36 119 190 214 122 249 124
    248 93 245 38 215 183 103 110 159 172 191 141 242 29 157 93 20 242
    123 253 91 95 42 250 252 249 254 252 119 127 125 247 253 221 254 251
    127 254 254 238 251 221 127 111 127 223 229 55 127 255 183 157 251
    222 126 185 242 39 116 251 87 127 213 252 218 223 252 63 221 23 199
    238 141 173 94 133 250 31 159 77 24 246 59 189 93 94 34 251 254 234
    255 235 251 157 167 233 237 245 255 250 255 250 251 252 243 213 127
    111 63 215 190 116 127 223 61 47 247 219 126 191 247 103 86 219 82
    123 253 254 246 95 120 62 221 142 89 181 157 173 148 45 114 31 143
    125 80 244 49 189 93 95 50 251 58 205 41 174 39 93 93 11 191 206 63
    136 29 44 124 254 157 182 36 189 22 114 208 35 125 213 167 121 107
    242 94 169 128 252 203 72 234 111 250 105 38 223 125 105 182 150 244
    110 215 139 146 15 170 21 247 60 153 243 120 124 119 221 90 178 58
    205 108 254 35 93 93 15 191 214 63 204 31 188 124 254 157 178 52 191
    22 114 244 35 125 215 179 121 127 243 94 185 130 220 203 200 226 79
    250 121 166 223 253 121 182 150 245 110 215 139 182 15 170 5 247 124
    185 247 120 125 115 217 90 178 251 246 112 119 255 162 219 184 222
    121 246 115 175 91 192 117 118 183 159 146 245 46 185 126 166 254
    123 111 222 123 227 255 43 239 156 247 255 177 253 245 89 84 195 222
    201 97 154 95 168 247 89 9 252 166 204 225 118 182 247 159 186 135
    180 28 205 47 239 113 124 55 251 250 144 255 224 243 195 201 147 75
    130 77 255 111 253 173 206 251 13 107 159 167 88 5 35 219 255 3 148
    171 87 188 229 244 248 110 186 142 211 49 211 107 59 172 24 1 209
    125 156 72 84 254 51 159 78 87 33 251 205 175 239 249 120 55 235 255
    184 255 224 251 195 217 147 79 138 205 251 111 253 229 206 251 15
    123 159 167 92 5 51 219 255 3 213 171 84 188 237 52 248 126 58 190
    211 49 83 235 59 172 56 17 209 125 156 72 84 254 51 159 90 215 41
    251 110 45 239 249 98 255 123 231 189 238 223 158 219 228 127 238
    153 25 123 247 191 245 214 187 95 223 190 189 65 215 62 234 195 60
    71 235 219 127 253 122 184 253 245 45 215 63 231 127 159 172 154 207
    243 93 156 88 88 230 123 185 91 219 122 242 251 254 111 239 255 191
    223 152 255 127 188 251 175 123 102 93 245 247 60 191 253 127 59 124
    231 255 123 63 255 123 255 63 151 237 158 215 250 125 253 247 119
    223 106 125 217 91 252 21 204 191 30 13 237 167 223 239 120 246 246
    31 223 223 190 185 243 254 94 223 254 157 223 177 127 255 61 251 191
    251 244 255 247 215 124 187 221 245 227 125 233 247 239 127 127 123
    223 127 243 109 84 255 218 125 243 247 118 222 105 63 147 30 221 63
    157 173 30 5 252 189 159 79 16 246 50 29 221 84 34 191 251 254 126
    223 254 159 223 177 127 255 61 219 191 251 244 255 247 215 124 171
    223 253 179 124 235 255 255 127 255 91 255 127 243 101 84 255 218
    125 251 247 118 222 107 63 219 30 253 63 141 173 30 5 248 191 159 79
    16 246 51 63 221 86 34 189 124 173 239 252 34 127 245 247 253 252
    222 149 95 252 191 238 153 56 243 111 245 127 246 183 95 111 148 148
    105 215 126 235 207 90 103 172 191 122 249 124 124 61 247 167 253
    119 247 234 191 172 171 219 243 29 24 92 126 230 127 249 251 255 107
    254 251 254 110 239 255 191 223 153 255 127 189 251 175 123 102 253
    241 247 63 255 239 95 187 124 231 223 123 63 255 123 255 63 215 237
    158 223 250 117 253 247 87 223 106 125 217 95 252 149 205 181 22 5
    233 247 143 239 216 244 240 31 222 223 62 189 255 251 239 243 246
    119 223 254 221 223 252 251 239 219 211 254 251 213 127 111 62 221
    238 189 175 255 63 191 223 91 118 191 86 111 189 219 94 125 255 55
    113 108 251 127 159 140 125 180 207 189 119 245 217 247 166 254 192
    252 96 95 221 157 145 190 252 29 255 245 50 167 249 243 28 255 83
    223 159 232 178 78 250 221 113 103 254 45 194 115 15 218 178 175 82
    2 54 171 215 36 85 187 83 124 233 116 112 92 185 47 219 20 247 111
    153 172 24 5 240 29 156 73 16 242 51 189 88 87 32 250 124 233 255
    221 50 127 255 255 221 254 255 157 93 188 255 238 187 220 219 111 62
    249 230 179 125 111 166 156 109 215 126 187 248 85 117 251 214 255
    217 253 186 255 253 54 254 191 79 62 159 173 255 255 251 95 151 92
    208 238 121 248 127 14 43 247 47 134 237 253 191 189 255 77 189 255
    104 217 157 109 189 213 226 252 129 98 236 43 218 123 93 138 162 183
    91 81 61 239 247 160 92 56 119 250 225 246 250 94 106 47 214 23 213
    91 153 172 24 5 228 29 157 73 144 242 179 189 218 87 34 245 220 173
    222 247 34 195 248 227 88 219 85 219 158 226 130 74 235 153 37 103
    199 45 227 243 89 95 179 174 64 6 182 58 223 36 85 186 83 124 233
    116 112 92 57 47 211 21 247 111 153 172 24 5 240 29 156 73 16 242 51
    189 88 87 32 250 236 255 255 249 244 127 239 247 185 223 234 255 207
    213 251 239 137 237 255 111 125 205 118 186 255 127 63 246 253 86 58
    146 238 83 255 235 213 127 253 181 126 60 186 190 255 239 127 244
    188 189 126 251 209 255 159 92 214 220 71 143 95 119 109 186 124 49
    247 182 54 103 121 127 214 172 211 51 231 202 147 86 250 215 99 83
    247 47 195 215 156 251 247 239 82 156 246 234 79 44 37 190 222 56
    233 93 120 64 183 175 205 33 183 111 185 172 153 67 240 28 28 65 0
    178 115 251 122 23 32 250 45 206 108 105 175 253 243 120 189 125 222
    207 221 61 124 165 137 125 207 249 244 118 90 253 113 126 21 182 124
    215 127 199 223 248 203 32 255 155 248 41 253 189 122 167 213 243
    255 99 190 219 137 43 223 197 219 28 63 199 247 175 227 219 108 222
    252 173 255 221 98 127 241 247 253 253 222 223 95 244 251 238 255
    217 251 239 255 255 119 151 251 111 150 246 105 215 254 254 239 123
    99 252 223 187 254 124 252 61 247 246 253 119 63 239 191 232 239 219
    243 95 25 92 127 255 95 255 251 127 203 254 199 41 131 85 200 194
    207 206 136 175 59 219 211 194 146 234 107 213 55 71 14 175 230 27
    15 223 183 47 195 138 50 62 99 39 100 187 82 124 239 254 80 108 48
    47 203 28 189 183 153 172 88 5 240 30 148 65 144 240 49 189 92 86 32
    250 196 79 206 217 200 27 38 199 57 112 46 141 18 245 239 171 130 89
    185 102 76 133 46 49 67 72 136 4 233 8 24 19 241 3 80 171 80 118 133
    180 210 62 24 22 89 158 193 192 157 44 28 21 209 93 141 138 16 236
    35 188 72 84 18 249 252 171 255 221 98 95 240 247 221 253 94 223 95
    244 251 238 251 217 251 111 127 255 247 151 251 111 150 246 109 215
    254 254 231 59 99 253 223 255 255 124 250 61 245 246 253 246 63 239
    191 232 239 219 243 95 153 92 119 255 123 255 251 127 203 254 202
    206 207 185 98 190 190 3 57 255 40 202 155 53 54 15 137 93 45 111
    196 117 82 115 93 223 153 183 106 82 51 75 215 36 87 169 115 120 233
