<?xml version="1.0"?>
<opencv_storage>
<ImageFile>"305.jpg"</ImageFile>
<Features type_id="opencv-matrix">
  <rows>409</rows>
  <cols>64</cols>
  <dt>u</dt>
  <data>
    1 198 4 137 201 156 166 65 45 96 42 76 152 61 109 37 197 120 129 96
    208 98 26 112 80 148 9 38 60 2 25 71 149 192 83 8 0 194 41 34 39 20
    8 135 84 214 252 1 144 13 16 44 182 13 139 9 24 194 50 164 64 71 32
    120 85 50 117 48 116 182 43 114 194 38 209 18 205 129 144 19 116 237
    79 101 240 71 0 215 140 56 172 222 64 132 241 248 82 24 134 175 200
    56 0 201 220 0 17 142 225 104 130 79 186 172 0 67 96 124 28 81 108
    191 19 144 248 210 104 187 93 50 117 48 124 183 43 114 194 46 81 18
    205 129 144 19 116 237 75 101 184 87 80 223 140 56 173 222 64 148
    241 234 67 24 134 175 200 56 32 75 236 8 49 143 243 104 130 79 186
    172 8 3 98 124 28 81 108 190 19 145 248 210 104 243 69 51 209 52 24
    34 44 86 96 56 32 49 66 195 128 19 98 206 129 97 201 169 97 155 136
    11 162 207 16 12 161 68 83 6 52 186 17 184 33 196 68 64 56 7 226 0
    195 79 24 164 120 4 96 24 156 73 0 114 19 149 72 22 33 122 76 33 65
    112 217 162 99 72 196 34 192 48 225 74 129 65 66 85 3 70 235 43 138
    95 4 138 34 141 82 12 33 200 83 6 150 155 0 176 69 86 136 96 144 72
    65 73 1 147 24 44 16 32 97 60 132 1 16 168 35 155 8 6 177 49 252 59
    255 241 48 55 233 254 212 191 192 179 199 211 147 75 250 205 251 111
    127 173 198 183 143 251 182 173 82 12 50 186 119 39 52 187 82 124
    117 116 120 68 186 62 219 165 83 239 153 172 56 145 240 28 156 73 16
    240 51 159 92 87 33 250 122 117 125 158 50 79 31 111 199 68 125 180
    125 174 252 246 251 214 68 101 18 160 161 38 221 157 229 25 83 154
    124 41 192 36 117 158 194 114 129 92 50 218 61 47 214 30 228 46 129
    164 82 5 104 29 149 73 144 242 57 184 89 70 34 179 122 117 125 158
    54 79 31 111 199 70 121 176 125 174 252 246 251 214 64 101 19 160
    225 38 221 141 229 25 83 186 252 41 192 36 117 158 194 112 129 220
    50 202 61 47 214 30 228 110 145 164 82 5 96 29 149 73 144 242 57 184
    88 86 34 179 92 43 159 84 32 119 248 246 80 190 87 149 82 208 155
    138 9 201 250 111 247 61 102 155 139 107 150 214 72 229 180 238 95
    19 97 37 221 190 250 113 248 61 243 102 239 165 131 107 191 234 175
    211 241 125 24 80 71 203 91 243 235 51 193 254 191 253 127 253 55
    253 253 250 255 221 253 251 255 127 244 253 251 245 127 123 247 126
    176 119 239 255 243 59 127 123 126 187 214 108 188 222 210 125 249
    245 127 223 251 127 223 23 245 111 141 189 26 13 248 189 159 77 56
    246 115 191 219 223 46 186 46 236 108 168 63 127 187 123 189 254 255
    252 93 57 125 237 128 252 67 240 241 82 144 113 93 168 140 151 121
    215 61 251 245 56 215 170 219 122 169 252 222 95 92 14 208 55 242
    105 155 172 24 13 242 29 157 89 24 242 51 188 90 214 42 249 198 2
    131 165 216 224 170 196 8 43 194 5 192 65 131 33 0 76 9 66 202 169
    174 24 14 136 10 167 208 4 33 15 117 167 92 27 0 231 5 134 129 96 24
    26 72 8 203 145 8 4 92 32 65 254 132 41 128 8 1 156 76 6 48 180 28
    31 244 212 34 157 48 119 43 244 71 5 92 117 59 130 252 218 65 235
    246 121 82 243 217 42 164 220 104 212 253 227 215 48 65 172 219 122
    208 104 220 29 25 6 224 166 195 111 153 172 137 79 242 29 153 73 23
    243 19 181 88 119 34 251 8 7 140 8 0 31 32 103 33 208 6 132 16 181
    61 130 140 8 193 104 144 80 80 147 81 40 132 192 104 196 24 192 221
    16 67 32 17 74 0 40 188 53 56 39 116 244 103 106 25 40 169 12 178 29
    27 28 63 195 11 180 65 66 74 203 63 245 125 142 63 157 93 120 255 84
    189 248 189 123 236 125 242 182 70 113 245 114 145 118 245 175 225
    59 127 89 93 105 222 108 22 158 194 121 185 252 246 223 124 15 208
    119 244 79 153 174 26 13 248 29 159 77 56 242 59 188 88 223 42 217 3
    197 24 154 3 136 86 5 35 64 13 200 28 118 44 30 13 50 0 151 6 120 81
    99 241 215 193 92 35 184 156 33 150 86 1 128 131 72 218 104 34 187
    60 97 180 28 245 46 145 138 163 79 48 1 113 175 57 83 122 49 17 121
    203 203 118 50 227 245 252 166 235 205 220 255 210 117 227 74 147 86
    250 213 155 75 204 41 238 93 13 202 174 39 82 169 49 255 103 167 124
    187 118 253 237 86 193 68 226 202 203 12 25 115 157 172 88 1 241 188
    188 99 192 250 51 253 76 23 48 182 252 253 255 252 54 127 125 255
    247 220 253 179 127 254 254 254 251 212 119 111 117 148 229 183 255
    239 245 217 251 222 254 249 250 36 84 254 82 126 193 244 122 223 61
    63 220 55 215 108 153 172 30 5 248 31 157 73 16 242 59 189 89 86 34
    251 18 197 24 154 3 10 86 3 39 66 5 130 60 102 100 84 116 19 4 148 7
    116 145 98 240 150 241 89 34 170 156 32 146 20 2 134 130 72 210 80
    32 155 13 97 181 28 245 14 211 166 145 12 42 1 115 155 25 115 56 57
    25 121 250 203 57 20 191 117 61 243 251 124 144 191 198 197 229 89 3
    7 254 237 227 67 244 39 198 247 205 59 244 238 88 5 227 235 207 44
    209 60 87 56 232 121 120 92 58 175 209 113 179 111 185 172 24 5 240
    29 156 65 49 178 55 191 250 215 36 250 60 57 255 222 50 95 249 255
    223 252 222 181 125 182 251 238 251 212 227 107 213 53 198 183 221
    234 164 29 106 218 126 235 255 36 117 186 214 122 201 124 240 93 125
    46 212 182 225 111 157 172 153 13 242 29 157 77 16 242 59 253 91 95
    34 250 60 57 255 222 50 95 249 255 223 252 222 181 125 182 251 238
    251 212 227 107 213 61 197 183 221 235 164 29 107 222 126 235 255 36
    117 186 214 122 233 124 242 93 125 46 212 182 225 110 153 172 153 13
    242 29 157 77 16 242 59 253 91 94 34 250 233 77 238 218 215 79 83
    246 189 101 45 136 27 249 126 239 130 117 125 103 30 143 246 51 79
    235 142 12 243 24 56 41 240 39 22 251 66 119 149 252 146 251 24 30
    89 30 73 134 29 36 86 20 89 63 135 138 216 236 41 188 92 84 18 249
    60 57 255 158 50 95 249 127 223 252 222 181 125 182 251 238 251 212
    67 107 213 53 199 183 221 232 164 29 106 218 126 235 247 36 117 190
    214 122 201 124 240 93 125 46 213 182 225 111 153 172 153 13 242 29
    157 73 16 242 59 253 91 95 34 250 58 2 227 213 63 149 159 233 212
    252 211 115 241 88 145 68 226 213 99 98 196 47 194 127 12 154 181 47
    82 137 49 255 71 36 85 186 86 120 233 116 112 92 49 46 197 4 209 111
    153 172 24 5 240 29 156 73 16 242 51 157 88 87 32 250 81 0 17 146 8
    6 1 74 134 100 3 22 17 238 144 82 106 84 0 96 130 164 192 35 12 144
    180 9 2 138 17 73 83 36 85 186 0 104 65 94 32 64 28 11 68 4 229 111
    145 164 24 4 160 24 156 65 0 114 51 185 72 6 32 250 187 253 125 222
    55 159 93 11 231 71 189 250 191 123 244 93 246 247 38 247 23 118 145
    103 247 246 243 127 114 58 212 41 146 108 150 158 202 120 251 253
    114 219 61 237 213 84 245 111 145 175 16 15 104 29 223 89 56 243 114
    191 120 223 40 186 187 245 125 222 183 157 223 25 255 71 189 250 189
    126 244 93 246 247 102 247 247 118 145 118 245 246 243 127 126 250
    213 57 134 108 222 158 202 121 251 125 118 223 61 109 245 84 245 47
    147 191 144 15 250 21 223 93 56 243 114 191 123 223 172 250 4 34 3
    17 136 64 160 196 0 162 3 4 64 68 131 32 10 0 3 66 203 160 14 138 12
    128 132 1 128 12 35 82 101 6 69 138 16 48 73 22 32 96 16 142 68 80
    129 11 25 44 16 1 16 24 20 65 16 98 1 181 72 86 32 240 211 221 146
    87 229 130 222 130 26 129 5 203 166 203 6 25 100 211 60 151 14 45
    195 107 162 214 243 127 150 43 198 55 151 183 56 85 114 77 254 247
    65 104 169 107 171 28 253 63 197 146 16 245 253 226 188 235 81 63
    112 31 20 117 145 170 221 161 255 245 184 165 249 232 216 255 213
    255 223 225 147 74 234 221 35 99 237 45 194 243 77 218 182 175 66 14
    51 235 215 36 85 186 82 120 233 116 120 92 56 47 209 21 243 111 153
    172 24 5 240 29 156 73 16 242 51 189 88 87 32 250 188 169 255 245 48
    245 249 249 220 223 211 255 215 99 147 74 250 221 99 99 229 45 194
    247 205 223 183 175 66 142 50 187 215 36 85 186 82 120 233 116 120
    92 57 47 215 21 247 111 153 172 24 5 240 29 156 73 16 242 51 189 88
    87 32 250 60 57 251 246 48 151 125 107 198 164 117 176 119 242 148
    90 58 214 98 107 135 60 193 151 157 155 231 189 66 168 116 232 147
