<?xml version="1.0"?>
<opencv_storage>
<ImageFile>"306.jpg"</ImageFile>
<Features type_id="opencv-matrix">
  <rows>308</rows>
  <cols>64</cols>
  <dt>u</dt>
  <data>
    63 117 117 158 50 13 29 75 231 68 61 176 125 127 252 86 255 246 66
    100 23 114 145 38 220 191 229 89 51 152 220 41 210 36 86 190 194 120
    209 92 54 219 60 47 212 20 245 78 145 164 16 13 114 29 151 73 24 242
    51 189 88 86 32 250 63 117 117 158 50 13 29 75 231 68 61 176 125 127
    252 86 255 246 66 100 23 114 145 38 220 191 229 89 51 152 220 41 210
    36 86 158 194 120 209 92 54 219 60 47 212 20 245 78 145 164 16 13
    114 29 151 73 24 242 51 189 88 86 32 250 4 3 128 144 8 2 32 86 0 42
    2 1 0 193 129 3 0 72 129 66 192 44 72 155 8 8 2 4 16 0 33 64 83 2 84
    168 17 168 5 4 192 32 16 14 66 4 1 203 24 44 56 0 65 24 140 8 0 96 3
    149 72 70 33 114 42 212 108 186 63 125 21 61 181 116 124 144 61 127
    124 231 251 244 69 240 244 242 181 54 93 175 165 11 123 218 121 233
    208 44 87 186 82 112 225 252 114 95 56 47 212 22 244 78 153 172 24 5
    240 29 157 73 16 242 51 188 88 86 32 248 191 255 125 254 55 61 93
    219 247 95 189 251 255 123 244 127 243 244 39 123 119 238 177 118
    125 255 243 59 255 90 126 249 210 108 86 254 210 120 249 245 82 222
    56 63 208 22 245 111 137 173 16 5 248 29 159 77 16 242 115 191 88 86
    34 185 191 253 125 254 55 61 221 219 255 95 189 251 255 127 244 125
    243 245 39 115 119 254 177 118 127 255 247 59 255 122 126 185 210
    108 86 254 210 120 249 245 114 222 56 63 212 22 245 111 137 173 16 5
    248 31 159 73 16 242 115 189 94 87 32 184 30 50 88 230 63 177 152
    122 86 186 214 117 109 18 160 81 122 214 7 251 197 34 193 119 173
    154 224 75 86 13 241 106 215 44 84 190 90 122 233 117 208 92 26 14
    208 5 241 111 153 172 24 5 240 29 156 73 16 242 51 157 88 23 32 251
    62 178 121 34 63 185 153 120 210 58 214 117 237 18 168 81 122 214 3
    241 225 34 193 118 141 152 224 203 86 78 241 234 215 44 85 190 90
    122 233 116 216 92 26 15 208 21 243 111 153 172 24 5 240 29 156 73
    16 242 51 189 88 87 32 251 3 18 0 131 221 128 130 88 2 41 2 71 128 1
    129 1 98 69 1 0 192 1 138 104 6 136 8 7 150 9 1 95 117 165 92 26 80
    242 45 134 193 64 10 14 64 0 200 17 8 52 88 4 180 146 140 107 16 48
    162 140 72 7 36 252 7 52 64 34 221 2 7 8 2 42 32 48 32 75 132 21 98
    38 4 16 193 130 169 44 6 144 107 9 146 40 1 69 16 167 156 147 33 20
    7 150 1 194 10 201 0 9 136 144 64 54 80 0 4 162 230 163 136 32 164
    18 12 4 180 1 59 178 121 34 63 185 185 88 242 26 215 244 253 16 172
    81 254 214 3 241 229 50 193 118 141 152 244 203 86 28 241 232 215 44
    213 190 90 120 233 116 248 92 56 15 208 21 243 111 153 172 24 5 240
    29 158 73 16 242 51 189 88 87 32 251 62 49 155 254 54 177 88 51 214
    138 81 176 113 194 177 82 118 214 34 219 135 52 193 87 172 146 230
    73 82 40 244 232 66 44 156 190 218 124 193 117 112 202 181 108 242
    20 129 110 155 174 24 7 232 29 156 81 144 243 59 223 121 23 32 179
    47 246 116 42 189 188 37 89 99 116 170 115 236 63 236 85 227 246 35
    112 241 102 25 116 196 253 225 123 126 28 233 101 151 100 87 190 98
    120 169 116 100 94 58 175 212 209 244 79 152 165 24 12 224 29 159 73
    56 242 51 189 90 87 36 122 62 49 251 215 54 21 216 187 214 154 213
    178 245 66 179 82 118 214 66 219 71 54 197 87 172 130 230 73 82 248
    244 186 230 44 150 190 218 120 193 117 112 74 53 14 242 20 145 110
    155 174 24 7 240 29 156 81 16 243 59 157 121 23 32 251 45 47 247 184
    16 247 165 119 113 222 202 53 93 119 185 227 235 221 163 98 245 101
    86 243 77 236 164 141 120 14 56 235 215 4 85 186 80 122 233 116 116
    84 56 46 85 132 245 111 153 172 24 5 240 29 156 73 16 242 51 189 88
    87 32 242 45 47 247 184 16 255 165 119 113 222 202 53 93 55 187 227
    235 220 163 98 245 101 86 243 77 237 164 141 120 14 58 235 215 4 85
    186 80 120 233 116 116 92 56 47 85 148 245 111 153 172 24 5 240 29
    156 73 16 242 51 189 88 87 32 242 199 194 2 3 201 208 138 136 10 59
    2 79 128 75 65 33 12 35 156 146 204 39 10 72 2 214 27 102 148 43 3
    87 67 179 91 1 113 137 238 10 225 36 64 200 193 72 184 51 4 205 16
    33 157 225 204 227 83 76 182 37 196 81 16 54 62 177 251 223 55 21
    217 171 214 194 149 178 125 90 177 86 114 214 66 211 23 54 213 87
    188 130 230 73 82 248 244 56 230 44 7 190 218 120 201 117 240 91 53
    14 208 52 145 110 153 174 24 7 240 29 156 81 16 242 59 189 121 87 32
    251 190 241 125 254 55 53 93 123 247 222 249 242 127 106 180 95 247
    214 102 243 119 126 209 119 220 159 247 89 91 252 252 232 198 44 14
    190 218 120 209 245 122 78 53 175 214 116 213 110 185 172 24 1 226
    29 156 89 16 242 115 191 123 87 42 187 63 52 252 166 31 141 29 47
    183 110 222 53 61 47 178 84 251 246 3 240 241 34 211 119 220 172 228
    91 90 220 253 235 199 44 69 190 210 120 233 124 120 92 60 175 212 20
    245 111 153 172 24 13 240 29 156 73 24 242 51 189 90 87 40 250 212
    107 243 81 80 114 160 243 72 138 226 54 66 131 219 234 235 204 239
    111 15 140 37 146 143 93 63 169 128 14 50 24 112 7 117 251 16 52 77
    84 56 64 176 54 111 172 10 180 200 45 100 240 209 62 4 72 196 120 1
    69 76 68 97 178 69 47 247 24 16 70 36 199 97 230 40 144 82 167 147
    234 203 72 163 111 7 141 100 147 93 207 150 129 1 12 50 73 208 6 117
    186 16 124 65 124 100 120 56 167 63 20 101 238 25 172 120 85 240 29
    52 76 152 248 3 189 88 86 97 250 61 53 125 176 18 117 185 115 80 206
    211 182 85 40 177 70 234 220 99 99 241 36 192 243 13 191 181 169 80
    14 51 251 214 36 85 186 82 120 233 116 112 92 56 47 213 20 245 111
    153 172 24 5 240 29 156 73 16 242 51 189 88 87 32 250 210 209 26 215
    253 2 218 193 14 11 33 90 166 194 194 89 118 215 60 71 78 175 129 74
    174 214 243 111 210 42 246 58 82 55 28 223 82 125 254 213 80 72 177
    121 251 28 189 63 205 175 16 69 232 250 156 235 81 123 112 63 92 53
    177 186 190 241 125 254 54 53 93 91 247 222 249 242 127 106 180 95
    247 214 102 243 119 126 209 118 220 159 247 89 91 252 252 232 198 44
    14 190 218 124 241 245 122 78 53 47 214 116 245 110 153 174 24 3 226
    29 156 89 16 242 115 191 127 87 42 187 60 35 247 181 50 165 185 249
    132 223 211 243 211 72 147 70 250 221 99 99 245 37 194 243 77 186
    183 171 80 142 51 235 199 36 85 186 82 120 233 116 120 92 48 47 213
    21 241 111 153 172 24 5 240 29 156 73 16 242 51 189 88 87 32 250 183
    245 89 158 159 12 93 11 231 66 61 114 189 110 228 93 246 183 36 240
    7 118 145 102 246 214 227 121 178 186 220 41 130 172 150 158 202 88
    179 223 34 203 13 105 148 92 244 15 193 167 16 14 42 1 111 123 24 51
    112 57 56 221 184 168 77 13 206 220 98 207 114 103 53 212 6 133 18
    252 187 206 136 89 184 47 30 221 214 51 91 202 138 20 121 72 28 9
    242 19 49 233 2 95 214 28 146 183 220 102 43 142 65 234 85 32 126
    180 27 125 183 142 89 110 107 253 73 12 19 251 13 167 237 56 50 191
    52 119 49 92 68 129 92 49 188 67 200 248 195 96 241 112 80 243 73 40
    132 148 104 68 57 225 223 0 84 168 87 120 129 116 124 159 58 39 212
    53 231 78 153 172 8 4 240 29 155 13 30 242 51 189 90 87 38 251 28 55
    253 220 34 151 92 119 99 230 81 144 92 241 29 90 244 202 98 235 151
    109 67 147 221 10 166 220 64 156 253 104 215 52 85 190 218 120 240
    117 52 90 185 47 244 20 231 111 155 172 8 71 240 29 156 73 16 243 19
    189 88 86 98 251 15 228 108 168 63 191 155 49 53 254 245 248 93 59
    60 79 128 252 67 241 241 114 208 115 85 56 133 151 121 213 61 227
    223 56 215 170 219 120 169 125 250 95 56 47 208 117 247 111 153 172
    24 5 240 29 221 89 16 243 51 189 122 211 42 251 252 33 247 181 178
    165 187 249 220 191 211 127 211 96 146 66 226 221 99 99 237 45 194
    119 77 218 182 175 82 142 51 170 215 36 85 186 82 120 233 116 120 92
    56 47 209 21 241 111 153 172 24 5 240 29 156 73 16 242 51 189 88 87
    32 250 6 66 0 130 217 128 10 9 6 67 35 114 160 2 192 17 98 7 4 16 11
    0 137 72 4 148 43 9 146 42 1 29 32 164 92 155 32 116 7 150 129 64 0
    73 2 12 136 21 64 53 16 32 44 130 165 163 128 48 32 8 12 4 48 48 45
