<?xml version="1.0"?>
<opencv_storage>
<ImageFile>"307.jpg"</ImageFile>
<Features type_id="opencv-matrix">
  <rows>392</rows>
  <cols>64</cols>
  <dt>u</dt>
  <data>
    45 174 237 168 26 253 37 77 253 116 206 188 93 63 255 236 203 116 35
    96 245 81 218 117 93 253 29 33 123 218 59 203 149 100 87 186 82 122
    237 124 116 93 124 39 85 148 116 225 153 172 152 12 242 29 158 13 56
    224 43 189 90 215 40 250 61 190 252 170 191 253 165 125 253 124 206
    253 125 63 255 237 251 252 227 112 245 83 223 245 243 125 85 179 127
    215 255 231 221 72 199 182 247 242 233 124 124 93 126 167 85 245 247
    107 187 252 141 12 242 29 218 93 62 242 175 189 218 219 44 222 3 0
    16 39 200 128 162 4 0 33 6 69 128 67 2 16 100 11 1 192 200 33 10 72
    128 8 8 206 128 1 129 7 53 177 16 16 17 131 0 202 193 0 8 2 192 1
    139 19 25 68 8 37 116 64 24 225 18 19 147 160 0 22 34 73 214 207 206
    215 234 221 218 161 63 247 23 78 158 254 123 236 253 211 124 163 223
    253 147 120 91 118 179 126 252 219 159 51 215 48 85 227 82 91 250
    126 240 29 104 63 213 28 253 55 157 204 24 5 244 93 152 203 19 247
    51 61 88 113 32 250 137 141 174 144 7 95 132 179 63 198 46 198 158
    252 126 47 237 251 97 227 212 55 210 115 89 127 177 106 80 146 58 99
    199 36 83 184 83 104 233 104 112 92 56 47 213 20 245 111 153 172 24
    5 240 29 156 73 16 242 51 189 88 87 32 250 77 34 130 48 88 34 34 86
    32 44 194 37 64 195 131 3 74 41 131 194 225 135 79 155 6 40 140 135
    192 4 33 198 95 163 70 186 17 176 37 94 72 0 18 134 65 97 3 203 56
    108 24 0 241 92 24 65 22 168 135 149 136 18 32 104 195 12 130 23 201
    194 216 134 26 185 4 203 130 128 2 10 45 83 56 131 204 143 238 41 75
    83 184 38 16 1 3 102 215 161 112 113 83 205 238 98 80 92 40 47 139
    20 217 249 153 200 24 5 245 90 156 202 19 114 51 61 88 85 0 250 63
    50 117 32 159 177 161 120 244 62 242 117 237 27 129 117 242 252 67
    112 241 2 137 124 132 168 101 139 222 95 97 255 125 44 221 190 119
    48 41 245 124 68 90 14 64 225 242 77 184 61 24 0 240 156 140 65 16
    178 183 156 218 151 36 124 195 12 130 23 201 194 130 132 26 185 4
    203 130 129 2 139 13 3 60 147 204 141 111 8 65 83 153 38 129 3 3 86
    151 177 96 97 115 137 238 34 112 60 104 187 155 88 57 177 89 200 24
    1 213 75 184 234 19 121 180 53 196 113 16 238 47 196 108 168 47 53
    151 17 53 118 92 204 28 60 53 101 192 252 1 240 240 82 144 112 80
    168 136 18 121 81 61 227 213 44 87 170 83 112 169 124 114 95 92 15
    212 21 246 77 153 172 24 13 240 29 156 73 24 242 51 188 90 215 42
    249 87 51 81 2 212 130 2 0 194 7 17 50 224 3 144 83 114 227 6 196 11
    7 3 196 140 16 236 13 2 12 192 32 64 44 134 159 74 56 5 92 0 192 16
    137 129 104 160 20 16 36 0 2 32 24 18 67 0 51 16 148 120 147 112 235
    58 17 16 166 23 32 41 42 134 0 211 52 37 10 129 86 118 150 67 80 225
    34 193 71 132 168 224 73 82 184 228 233 12 44 5 190 7 8 1 93 8 65 21
    10 64 33 128 78 186 38 153 0 34 24 220 81 32 50 63 184 56 134 36 64
    88 200 142 219 202 223 210 165 31 246 30 140 17 244 123 238 205 83
    248 46 158 217 238 41 123 197 154 38 233 203 31 127 241 131 81 97 22
    199 254 122 178 61 237 118 31 158 109 176 223 72 255 181 159 127 132
    254 209 236 104 121 213 12 27 246 82 49 147 182 0 2 72 135 66 234 17
    16 5 194 147 18 126 194 0 70 10 169 231 11 138 139 242 77 2 168 160
    110 67 167 52 191 1 100 67 86 32 64 129 74 171 28 129 78 217 164 88
    195 36 26 52 203 193 50 17 89 92 36 49 230 62 54 117 182 63 39 61
    123 247 124 218 55 125 255 179 86 242 214 67 112 241 162 145 54 222
    168 228 153 250 216 253 237 211 44 84 190 91 114 129 116 92 93 28 14
    196 21 198 77 153 164 24 5 242 28 156 73 24 242 51 188 90 70 34 248
    60 179 125 170 54 189 63 120 247 86 197 240 253 63 188 87 250 245 67
    105 245 112 192 119 205 188 225 189 126 72 125 233 215 68 215 190 82
    120 233 117 116 95 58 47 213 20 245 111 154 172 24 5 242 29 159 93
    24 242 51 189 89 215 36 250 211 21 146 23 233 130 88 2 54 33 5 99
    166 203 2 31 116 147 32 147 207 47 195 99 194 90 242 111 18 41 193
    103 151 37 84 182 115 88 234 116 80 92 40 75 201 20 253 111 153 174
    24 5 244 28 152 201 18 243 51 189 88 119 32 234 88 200 142 219 202
    223 210 165 31 254 94 141 25 188 123 238 207 82 249 42 158 217 238
    40 121 69 154 38 233 195 31 127 241 131 113 97 86 199 254 122 178
    125 237 62 31 158 109 176 159 73 127 181 159 95 132 206 209 236 169
    121 221 12 19 246 232 204 142 223 163 77 221 167 61 253 61 207 155
    188 127 238 239 212 121 111 30 143 254 57 91 223 191 42 209 211 54
    63 245 37 117 121 82 117 236 126 114 92 120 63 159 30 125 180 157
    136 94 149 209 31 148 206 145 244 33 61 93 85 2 250 141 206 100 233
    248 253 174 209 41 127 235 78 220 53 249 229 193 253 15 104 253 96
    26 120 93 220 57 251 220 7 59 151 117 116 93 139 80 251 169 54 183
    92 88 62 212 142 254 49 137 141 20 37 226 157 143 105 16 214 49 172
    92 87 34 176 15 230 101 233 252 188 175 88 41 95 202 122 205 127 236
    69 130 253 143 104 229 96 24 120 100 156 33 183 254 47 57 223 87 196
    223 154 97 250 185 55 237 94 90 29 244 131 254 19 136 189 20 36 232
    149 143 45 24 198 51 141 200 95 32 176 13 54 101 160 190 189 47 112
    37 126 194 22 221 61 185 69 194 253 67 96 241 112 154 120 76 168 172
    153 252 76 57 203 87 100 213 186 80 122 129 84 148 84 26 14 68 132
    192 77 152 45 24 5 114 29 159 73 24 226 51 156 72 70 32 240 60 179
    125 170 54 189 63 120 247 86 197 240 253 63 188 87 250 245 67 105
    245 112 192 119 205 188 229 157 126 72 125 233 215 68 215 190 82 120
    185 117 116 95 58 47 213 148 245 111 155 172 24 5 242 29 159 93 24
    242 51 189 89 215 36 250 21 181 121 52 21 224 185 88 144 143 193 245
    229 11 128 83 234 244 3 99 225 34 194 115 12 186 177 43 82 46 97 107
    215 36 149 186 18 120 233 117 112 72 58 43 247 16 245 111 153 172 24
    5 240 28 156 65 16 178 51 189 88 87 32 250 62 48 80 166 21 32 33 58
    198 0 211 50 37 10 144 84 118 150 65 80 225 38 129 86 136 184 224 73
    82 152 225 233 14 44 214 190 5 24 1 85 8 64 21 139 64 1 130 77 154
    38 153 0 98 28 220 81 32 50 55 176 24 7 36 72 70 73 187 217 2 199 92
    71 15 230 9 136 83 228 191 222 235 80 48 111 142 157 198 3 95 215
    183 109 3 168 28 41 195 6 117 155 2 108 243 86 48 106 164 105 63 28
    117 190 213 168 50 213 34 25 52 78 153 242 121 121 89 117 17 242 5 5
    140 144 1 7 24 50 36 70 1 66 144 105 50 7 4 121 65 225 208 39 210 99
    72 50 180 74 80 0 49 97 215 48 80 170 83 104 192 104 80 24 56 15 209
    20 225 111 153 172 24 5 240 29 156 73 16 242 51 189 88 87 32 250 195
    142 134 223 239 223 214 149 63 253 46 203 158 253 127 141 237 243 56
    171 220 141 254 121 107 87 153 118 189 83 147 103 215 241 83 113 83
    201 254 98 113 29 106 63 221 20 253 241 157 200 24 5 245 79 152 203
    19 246 178 61 210 85 0 254 5 34 0 148 24 128 40 84 0 46 3 20 64 65
    145 1 0 76 1 98 195 40 200 26 12 136 166 3 16 13 49 79 119 176 29
    170 80 240 33 22 16 96 8 14 194 4 193 75 25 44 24 5 96 24 156 8 144
    66 51 157 72 6 32 180 61 181 125 184 20 244 249 124 242 222 192 180
    77 99 149 83 235 196 3 99 225 96 192 243 140 155 183 185 90 14 113
    107 215 4 149 186 82 120 105 117 112 72 58 47 214 16 245 111 153 172
    24 5 240 29 156 73 24 178 51 157 88 87 32 250 131 141 146 54 1 66 80
    6 6 129 5 224 34 139 134 30 43 18 36 71 7 143 227 35 71 219 147 43
    83 40 2 32 151 167 52 154 3 76 107 86 65 248 56 97 171 28 117 174 89
    160 120 149 240 18 176 104 16 243 49 185 24 117 145 202 63 245 125
    126 55 189 125 121 247 86 253 248 189 123 228 93 243 246 39 123 247
    122 209 119 101 191 227 59 127 121 125 233 222 108 148 190 194 120
    249 117 122 223 61 47 212 21 245 111 153 174 24 13 248 29 159 77 56
    242 123 191 121 223 174 251 82 17 154 150 35 2 92 34 22 128 21 194
    182 226 22 26 118 147 32 135 198 45 193 67 202 210 242 78 2 168 212
    105 215 52 16 182 82 72 234 116 80 88 181 43 177 20 245 111 145 174
    25 7 240 25 156 203 17 243 51 185 88 85 32 234 76 47 243 184 16 86
