<?xml version="1.0"?>
<opencv_storage>
<ImageFile>"308.jpg"</ImageFile>
<Features type_id="opencv-matrix">
  <rows>221</rows>
  <cols>64</cols>
  <dt>u</dt>
  <data>
    68 2 0 160 200 130 34 69 0 32 2 7 128 0 131 2 64 9 129 64 200 161 74
    64 8 136 8 4 128 0 33 64 85 2 80 168 1 8 5 0 0 32 16 2 64 4 0 193 16
    36 24 0 1 24 12 8 0 96 3 148 72 6 32 96 14 48 235 177 62 246 187 126
    148 190 211 52 193 6 147 67 24 77 67 219 225 53 198 219 13 152 182
    199 80 245 53 202 71 152 223 171 255 124 233 87 104 68 119 40 215 5
    131 123 58 174 24 3 242 29 124 80 132 162 19 249 233 147 104 246 60
    245 125 252 54 125 125 115 247 68 253 186 125 127 252 254 251 252 71
    100 55 242 145 182 221 61 245 217 233 222 254 185 218 44 71 254 202
    122 209 124 62 223 61 47 212 247 246 110 155 173 147 15 248 29 159
    93 56 242 121 189 121 214 42 251 179 213 120 158 55 141 95 9 231 71
    61 250 191 106 52 94 246 247 4 245 2 118 209 102 220 150 225 89 19
    184 220 41 210 44 22 158 202 120 195 252 82 203 61 41 144 20 245 79
    145 172 16 5 96 25 156 73 24 242 51 189 88 86 34 251 62 49 249 150
    55 133 153 45 214 206 149 118 189 106 179 86 250 215 66 115 209 39
    195 119 156 138 244 77 82 152 245 105 199 44 21 190 90 120 201 124
    80 92 49 14 209 20 209 111 153 172 24 5 240 29 156 73 16 242 51 189
    88 87 32 250 84 50 211 119 216 162 234 116 66 57 192 117 226 195 129
    80 98 131 137 194 203 45 11 223 134 10 226 143 194 13 161 102 127
    167 28 191 61 180 101 214 201 64 194 78 233 1 139 83 24 102 72 115
    244 184 24 73 70 123 151 147 136 39 225 109 251 213 124 158 55 135
    95 11 231 71 53 248 63 106 52 94 246 215 52 245 130 118 241 103 252
    147 225 95 83 56 212 105 210 44 20 158 194 120 163 252 82 203 60 11
    209 28 245 79 145 172 16 5 104 25 156 73 24 242 51 189 88 87 34 251
    45 38 101 160 152 180 35 120 228 126 194 53 97 9 145 69 226 236 67
    96 249 130 152 188 76 168 172 129 210 12 49 203 81 36 87 186 80 48 1
    84 124 68 24 142 68 97 194 77 152 44 24 0 240 29 156 65 16 242 51
    156 72 86 32 240 214 41 147 214 32 2 88 198 66 162 3 144 2 130 131
    26 42 66 32 79 15 173 231 3 13 130 178 13 2 40 0 72 87 23 52 187 0
    124 194 87 128 104 177 104 171 12 65 110 81 168 122 215 1 26 52 202
    193 123 17 91 77 52 17 227 54 49 249 150 55 133 155 45 214 198 151
    118 189 106 179 84 250 215 66 243 193 39 195 119 156 154 240 77 82
    152 245 105 199 44 85 190 90 120 201 124 112 92 48 15 209 20 241 111
    153 172 24 5 240 29 156 73 16 242 51 189 88 87 32 250 45 38 101 32
    152 53 35 124 224 62 194 53 65 41 145 69 194 236 195 96 241 130 24
    180 76 168 172 129 208 4 49 203 121 36 87 186 81 48 1 92 124 68 24
    142 68 225 194 77 152 44 24 0 240 29 156 65 16 242 51 156 72 86 32
    240 189 245 125 188 54 191 125 123 247 93 253 249 127 127 244 95 242
    212 71 97 245 102 240 119 77 190 165 31 123 26 125 233 210 36 84 186
    82 120 201 244 82 222 56 47 208 20 245 111 153 172 24 5 240 29 159
    73 16 242 51 189 88 87 34 251 191 255 125 143 191 253 149 89 255 221
    190 255 191 127 252 253 251 247 103 99 213 102 147 119 205 255 245
    123 126 90 243 123 215 36 87 190 82 120 233 116 112 93 56 47 213 20
    245 111 153 172 24 5 240 29 156 73 16 242 51 189 88 87 32 250 63 54
    101 160 31 37 137 121 196 94 210 115 237 74 176 69 242 244 67 96 240
    34 144 118 12 184 164 9 210 24 113 233 70 36 86 186 82 120 137 116
    80 84 16 143 192 20 240 79 152 172 24 5 240 29 156 65 16 242 51 188
    88 87 32 248 63 55 101 160 31 53 129 121 164 94 210 115 237 74 176
    69 242 244 67 96 240 34 144 118 12 184 165 9 82 24 113 233 70 36 87
    186 82 120 137 116 112 84 24 15 208 20 244 79 153 172 24 5 240 29
    156 65 16 242 51 188 88 87 32 248 59 247 125 174 55 61 157 121 247
    84 245 243 253 59 252 85 242 246 71 113 113 114 209 118 221 188 229
    25 126 122 253 233 214 108 215 190 218 120 137 125 126 95 59 47 212
    53 244 111 153 174 153 13 240 29 159 93 56 242 51 188 122 215 46 251
    51 53 209 150 17 134 1 78 198 68 21 53 53 239 130 84 114 214 1 96
    193 39 195 103 14 136 224 13 18 8 80 105 87 36 21 186 82 112 1 84 80
    64 24 10 192 20 225 78 153 36 24 5 240 24 156 73 16 114 51 184 88 22
    32 248 246 50 211 167 221 2 131 140 70 65 21 123 167 211 130 89 122
    199 56 4 73 141 227 68 174 202 120 43 150 40 66 47 23 165 60 219 114
    85 13 85 65 64 18 90 201 12 217 149 200 180 89 177 112 162 156 235
    64 56 48 25 92 5 52 248 190 57 251 246 55 103 249 255 214 132 215
    247 127 154 146 86 250 149 115 95 55 63 231 87 189 186 246 159 82
    253 246 234 207 44 36 254 222 56 201 125 217 93 245 46 235 53 177
    111 191 174 155 139 242 28 156 81 96 242 119 251 59 31 172 222 70 51
    235 176 52 50 41 254 0 162 209 52 65 131 147 67 74 204 3 111 11 161
    198 51 12 136 162 9 82 12 32 73 117 4 148 170 66 124 1 87 128 64 24
    12 210 136 65 78 26 44 24 1 112 24 180 72 128 178 49 220 76 22 32
    243 52 51 241 214 216 130 106 111 194 8 211 53 117 66 147 80 122 134
    194 66 199 41 67 199 142 138 230 205 130 136 225 108 87 38 68 190 28
    48 67 84 81 64 145 6 224 36 129 79 153 164 73 67 112 24 28 73 4 114
    19 185 88 7 33 248 55 54 117 34 63 176 1 26 242 28 150 113 236 59
    160 85 240 246 3 240 193 38 81 119 196 152 224 75 82 28 225 105 215
    44 85 190 90 120 169 116 112 92 24 15 208 80 241 79 153 172 24 5 240
    29 156 73 16 242 51 189 88 87 32 250 55 52 125 138 18 133 5 77 98 70
    5 176 125 35 180 86 242 212 1 96 193 32 193 119 204 136 160 13 82 8
    113 105 215 36 84 186 82 120 1 116 112 90 24 15 208 20 193 79 153
    172 24 5 112 29 156 73 16 242 51 188 88 86 34 251 39 52 64 34 221
    160 1 76 230 64 128 115 169 11 162 85 106 116 1 80 193 2 139 100 6
    152 56 11 146 8 33 105 213 36 20 186 82 112 41 84 65 64 24 11 192 16
    244 77 24 164 24 4 240 24 156 73 16 178 51 156 88 87 32 248 55 54
    117 32 63 176 1 90 226 20 146 112 109 27 160 81 242 230 3 240 225 34
    81 119 196 152 228 73 82 28 225 105 215 44 87 190 90 56 169 116 112
    92 56 143 208 80 245 79 153 172 24 5 240 29 156 73 16 242 51 189 88
    87 32 250 63 53 101 180 31 165 25 77 230 68 213 52 125 107 180 85
    242 244 3 96 241 34 208 55 92 168 160 9 82 156 113 233 215 36 22 186
    66 112 129 252 80 90 28 143 208 20 225 78 153 172 24 5 112 28 156 73
    24 242 51 188 88 86 34 249 62 50 117 132 62 181 139 121 198 254 211
    117 253 90 145 84 242 213 67 98 241 38 194 119 28 186 164 15 82 152
    113 235 71 44 85 190 86 120 233 116 88 92 17 14 192 36 145 111 153
    172 24 1 240 29 156 65 0 242 51 189 88 87 32 250 63 246 117 142 191
    157 135 88 255 85 190 123 253 123 252 85 242 213 7 96 197 98 128 116
    108 156 101 63 126 26 121 109 215 100 84 190 82 122 169 116 247 95
    24 15 212 150 244 79 153 165 24 5 240 29 159 73 16 242 51 189 88 87
    32 249 39 52 64 162 221 0 1 8 230 72 128 115 169 11 162 85 98 116 1
    80 193 2 139 100 6 152 56 11 146 8 33 105 85 36 20 186 82 112 33 84
    64 64 24 11 192 16 244 77 24 164 24 4 240 24 156 73 16 178 51 156 88
    87 32 248 124 51 241 55 216 162 35 121 194 41 208 51 229 195 130 82
    242 197 195 70 249 175 139 215 142 170 238 141 210 8 97 172 75 39 20
    191 20 56 5 212 88 64 146 142 73 33 137 215 184 36 24 0 224 30 28 65
    68 186 23 153 24 6 33 120 60 35 49 32 16 32 32 122 192 10 210 52 97
    2 153 66 82 8 67 80 113 34 65 214 156 56 228 137 64 140 161 200 72
    12 71 190 29 56 1 92 104 84 16 138 68 97 162 76 186 172 137 1 242 29
    92 81 4 178 23 176 40 82 96 106 124 51 241 51 216 162 35 121 194 43
    192 51 229 195 130 82 114 197 195 70 249 175 139 215 142 170 238 141
    194 8 97 168 75 39 4 191 20 56 5 212 88 64 18 142 65 33 137 215 184
    36 24 0 224 28 28 65 4 186 23 153 24 22 33 121 55 52 125 138 18 132
    5 73 226 70 129 48 125 35 181 86 242 212 1 96 193 32 193 119 204 136
    160 13 82 8 113 105 215 36 84 186 82 120 1 116 80 90 24 14 208 20
    193 79 153 172 24 5 112 29 156 73 16 242 51 188 88 86 34 251 124 51
    247 247 60 181 185 255 198 190 211 55 229 194 147 83 242 197 67 99
