<?xml version="1.0"?>
<opencv_storage>
<ImageFile>"309.jpg"</ImageFile>
<Features type_id="opencv-matrix">
  <rows>122</rows>
  <cols>64</cols>
  <dt>u</dt>
  <data>
    44 142 237 168 18 253 165 127 189 222 206 220 89 60 255 236 203 124
    227 105 244 83 222 113 125 253 29 37 125 218 59 201 213 64 215 170
    82 122 237 60 124 29 124 39 85 180 116 224 155 172 158 12 242 29 158
    28 56 194 43 173 91 223 40 250 63 253 109 188 55 63 61 123 229 70
    253 178 125 191 252 78 179 252 99 109 55 118 208 119 93 255 181 185
    123 222 124 233 210 44 87 186 194 120 241 125 126 223 61 175 212 53
    245 110 153 172 152 13 242 29 159 93 56 242 115 189 123 215 40 250
    194 196 8 158 239 154 94 9 47 99 61 202 158 104 36 95 149 179 60 245
    142 119 210 107 85 215 235 127 19 185 149 97 147 188 214 43 202 105
    226 243 114 218 109 105 149 28 245 47 149 174 16 5 100 93 223 219 25
    247 51 189 24 83 56 234 47 229 237 188 54 63 29 123 229 198 253 176
    125 187 180 78 139 244 99 109 55 118 208 55 93 255 165 57 115 156
    116 233 210 44 86 186 194 120 225 124 126 223 60 175 214 52 245 110
    153 172 24 13 242 29 157 93 24 242 51 189 89 214 40 250 13 14 103
    169 168 253 162 245 57 254 74 13 216 53 249 229 131 248 195 106 252
    80 94 184 89 44 12 130 109 71 59 215 253 64 87 40 85 242 169 38 254
    21 90 182 84 167 66 97 153 109 28 45 210 29 141 76 22 226 43 188 202
    70 42 244 45 54 229 32 29 180 161 126 148 252 194 53 97 25 129 5 202
    236 195 96 240 2 218 245 12 168 4 135 88 4 97 207 77 32 213 186 117
    184 41 124 120 84 26 134 64 33 67 75 56 44 24 9 240 28 156 65 52 178
    55 156 202 215 36 250 45 54 229 32 29 180 161 126 180 252 194 53 97
    25 129 5 202 108 195 64 240 2 218 125 4 168 0 135 88 4 33 207 77 32
    213 186 117 184 41 116 124 84 26 134 64 97 3 107 56 44 24 1 240 28
    156 65 52 178 55 156 202 87 36 122 42 197 172 184 35 157 28 7 37 198
    13 128 28 60 60 94 157 56 33 241 183 118 81 115 85 21 129 120 97 244
    188 225 134 28 67 170 195 72 232 104 48 159 60 41 212 84 247 110 155
    168 152 13 242 29 248 92 58 243 123 181 91 243 104 234 4 35 193 112
    216 186 162 81 40 26 130 119 192 83 137 1 8 77 171 98 197 37 10 219
    6 218 22 167 4 14 33 66 87 2 93 171 112 184 109 20 224 52 26 7 69
    196 181 195 24 44 8 68 241 93 156 9 20 74 19 165 72 87 97 250 61 55
    245 188 50 253 185 127 245 252 198 181 125 127 185 102 250 220 67 99
    245 36 208 247 221 170 164 153 122 78 125 235 215 36 85 186 82 122
    233 116 248 92 56 46 212 21 247 111 153 172 24 5 240 29 156 73 16
    242 51 189 88 87 32 250 61 63 253 188 50 253 185 127 245 252 198 181
    125 127 185 231 251 220 67 98 245 36 208 247 221 170 164 153 90 78
    125 235 215 36 85 186 82 122 233 116 248 92 56 46 212 21 245 111 153
    172 24 5 240 29 156 73 16 242 51 189 88 87 32 250 203 25 202 247 127
    162 243 26 180 249 212 115 171 219 130 79 106 221 189 95 228 47 202
    123 38 218 178 39 94 65 33 239 215 39 52 177 119 124 109 117 81 100
    58 15 201 5 209 239 153 172 24 5 241 60 156 73 16 242 55 159 88 23
    36 250 240 217 147 215 48 70 217 203 206 197 1 219 167 138 210 94
    126 215 52 47 14 141 227 103 45 223 183 43 18 42 82 57 198 37 124
    219 82 125 235 116 81 88 49 47 171 28 249 62 193 164 112 21 240 26
    188 75 16 114 48 61 92 85 32 186 13 53 109 16 52 53 56 114 224 6 197
    116 64 1 176 67 130 108 71 225 49 32 81 214 140 42 132 137 64 12 49
    224 94 44 132 190 74 56 129 213 216 200 24 143 208 113 163 78 25 172
    8 7 112 29 28 65 16 178 51 156 104 146 100 251 72 8 171 245 232 228
    251 237 136 239 211 222 195 192 155 10 170 93 59 99 142 45 206 89 13
    218 178 46 82 1 51 127 87 167 125 59 82 253 233 86 240 108 233 46
    243 28 217 51 153 140 24 37 241 29 156 104 81 250 51 189 92 87 33
    246 9 142 130 225 168 240 168 196 24 255 66 207 194 1 11 129 136 76
    161 107 228 5 206 121 109 153 50 162 84 7 51 223 119 178 125 41 119
    239 232 34 249 100 58 62 87 133 91 243 25 216 60 37 213 149 156 104
    147 194 51 173 68 87 0 182 11 142 130 229 168 244 168 196 24 255 66
    207 130 9 27 8 136 93 161 107 236 13 206 121 109 154 50 166 84 7 51
    95 87 176 125 41 119 237 232 34 241 108 122 46 223 4 91 243 25 200
    24 37 213 21 188 104 145 194 51 173 196 87 0 182 60 50 113 32 156
    164 43 124 196 46 211 52 193 11 145 83 226 196 3 96 233 34 194 125
    12 136 172 141 82 12 49 200 85 36 84 190 80 56 1 84 140 64 16 142 64
    0 128 79 152 44 24 1 96 28 156 73 0 242 51 156 72 6 32 240 246 57
    243 214 48 2 89 239 194 129 213 114 119 194 146 90 250 199 54 103 15
    173 227 135 142 138 246 217 194 168 246 40 82 37 52 255 138 124 195
    213 80 200 177 75 171 28 193 46 219 166 81 215 96 26 52 75 64 114 49
    123 124 20 49 251 60 87 48 140 35 79 15 73 167 68 169 0 85 44 252
    119 255 178 70 100 80 50 16 34 212 245 237 93 49 190 221 177 128 52
    67 190 128 96 128 77 38 27 20 163 244 116 164 78 128 166 208 11 34
    24 148 81 56 179 83 180 58 70 40 8 62 50 113 160 156 164 43 124 196
    46 211 52 237 11 145 87 242 212 3 96 233 34 194 125 12 136 172 141
    82 12 113 235 117 36 93 186 80 56 1 84 12 64 16 142 66 0 192 95 152
    44 24 1 96 28 156 73 128 242 51 156 72 6 32 240 45 55 117 32 21 181
    33 122 228 22 194 112 101 27 176 71 226 244 67 97 241 34 209 247 76
    184 164 137 82 12 49 233 223 36 87 186 82 56 73 116 120 84 56 15 208
    113 241 111 153 172 24 5 240 29 156 73 16 242 51 189 88 87 32 250 45
    207 230 216 51 191 229 83 45 94 168 235 219 253 252 77 130 117 231
    107 247 126 80 115 87 254 3 55 124 78 56 65 214 70 95 186 80 124 251
    52 117 127 186 111 221 84 117 235 152 189 24 84 227 29 143 12 25 246
    115 175 90 125 169 250 182 254 91 239 254 220 158 129 123 255 63 255
    191 119 249 253 247 215 60 43 197 101 27 120 253 215 121 127 190 123
    223 127 183 229 93 23 250 251 239 119 101 92 107 125 245 30 252 51
    157 253 24 39 252 165 156 235 80 222 178 173 210 95 48 254 243 180
    255 3 126 147 219 184 218 231 213 250 238 59 2 82 116 135 58 251 185
    117 203 253 189 242 248 127 98 25 231 111 223 172 148 191 218 121
    233 127 112 88 105 173 209 24 241 47 155 238 25 7 244 29 220 67 112
    246 179 249 216 215 104 254 63 39 113 32 18 165 33 108 196 70 211 52
    85 40 145 86 250 252 67 96 240 34 208 87 156 184 164 201 66 156 113
    233 68 44 71 190 74 56 1 92 56 80 16 142 196 96 160 78 153 172 24 1
    112 29 156 65 48 242 51 188 88 215 32 250 16 50 17 39 168 240 170
    229 74 152 83 21 228 17 201 176 110 194 129 200 65 32 7 212 140 24
    252 201 198 6 163 62 116 36 93 190 93 50 137 68 225 68 25 30 224 134
    154 92 136 173 76 3 240 30 156 73 134 243 19 132 92 7 32 177 125 54
    247 161 252 183 161 254 244 254 210 55 237 153 147 71 242 253 203 98
    249 7 199 245 78 40 188 142 88 68 113 235 127 36 213 186 87 120 161
    117 124 84 26 14 193 161 195 79 152 172 24 5 240 29 156 73 16 242 51
    157 88 87 36 250 23 5 0 22 37 128 88 0 2 0 19 85 128 67 0 16 36 214
    4 67 194 40 128 99 12 138 162 73 18 40 33 105 86 52 52 186 66 120
    194 213 193 72 153 74 224 4 193 79 137 164 24 5 112 24 156 73 16 114
    51 153 72 22 32 248 76 143 230 249 250 255 230 215 61 253 10 223 154
    253 187 237 201 221 185 111 197 45 222 123 79 203 18 39 92 77 51 79
    247 35 85 187 82 126 253 116 240 124 56 46 221 150 245 235 153 172
    24 5 241 93 157 73 16 246 51 189 88 87 33 250 46 103 105 176 19 60
    45 75 228 66 241 50 125 34 180 86 226 148 7 96 1 160 144 114 92 136
    160 137 66 152 57 233 210 36 86 186 66 120 129 212 146 90 24 13 208
    23 196 78 153 172 16 4 96 29 157 73 16 242 51 188 88 86 34 249 44 35
    101 176 50 21 45 103 100 70 209 48 93 33 177 70 130 212 67 96 19 112
    192 179 92 136 164 153 66 140 48 201 86 4 86 186 64 120 1 84 36 74
    24 14 212 132 193 78 27 172 24 1 114 29 157 89 8 242 19 156 72 86 40
    242 73 155 236 76 39 187 51 118 188 156 198 197 204 61 44 7 12 249
    219 189 244 119 211 247 33 120 140 212 124 68 213 193 223 121 227 36
    247 26 216 41 253 157 59 39 245 225 247 111 188 242 169 15 243 125
