<?xml version="1.0"?>
<opencv_storage>
<ImageFile>"31.jpg"</ImageFile>
<Features type_id="opencv-matrix">
  <rows>73</rows>
  <cols>64</cols>
  <dt>u</dt>
  <data>
    251 222 238 239 255 253 223 153 253 221 252 255 191 127 126 253 241
    245 127 255 253 87 179 125 119 254 125 55 255 123 127 191 223 237
    222 255 255 123 253 253 95 223 123 191 221 115 254 117 189 191 152
    13 251 183 159 125 120 246 247 191 251 223 62 250 200 206 238 221 46
    117 252 183 61 253 124 203 159 189 127 238 137 249 249 235 252 221
    254 187 123 111 147 50 253 215 63 215 255 115 115 97 215 255 248 184
    118 63 255 62 223 182 95 249 157 201 223 157 215 95 153 92 123 197
    123 253 215 127 10 255 58 149 77 138 39 93 149 15 183 84 30 213 29
    62 125 244 255 246 0 32 212 114 208 119 121 149 132 25 127 250 93
    105 132 100 83 178 243 90 201 124 112 221 60 37 212 148 245 110 153
    172 153 13 242 5 158 89 48 242 58 189 91 95 44 250 189 252 125 239
    254 253 255 249 255 85 255 255 255 127 254 253 251 245 127 109 245
    119 179 244 255 255 253 191 255 223 255 187 199 108 71 254 218 123
    249 253 255 223 127 191 213 247 244 109 189 173 159 13 250 29 159 93
    56 246 123 189 251 223 46 250 248 223 255 223 234 223 215 247 127
    253 62 223 159 126 255 252 255 215 252 47 214 125 255 115 251 247 55
    126 255 219 223 255 183 231 115 112 246 219 254 252 247 255 239 119
    189 150 253 239 157 157 255 253 254 47 159 223 127 254 122 111 211
    125 31 255 13 142 238 169 250 191 167 241 61 255 98 203 152 121 251
    69 200 253 169 99 244 101 218 113 73 127 153 166 92 70 51 211 215 32
    85 184 83 120 233 116 124 92 58 47 213 21 215 107 153 172 24 5 240
    29 157 73 16 242 51 189 88 87 32 250 251 155 183 231 239 255 163 248
    254 29 210 79 239 93 27 29 254 215 123 118 252 47 203 245 206 254
    127 174 254 22 243 175 223 111 89 61 94 57 253 100 125 84 186 191
    205 169 253 183 188 156 24 33 240 189 158 107 65 254 51 191 80 87 20
    250 146 219 158 223 39 95 216 183 31 213 53 207 159 216 126 191 61
    215 124 191 22 159 246 115 187 119 247 122 149 242 214 59 230 63 123
    85 218 77 250 225 243 61 177 127 187 62 249 174 205 155 222 215 248
    111 156 199 81 211 112 127 117 125 129 251 204 138 131 177 201 215
    162 201 140 251 0 206 147 192 179 44 138 93 173 67 204 39 202 89 91
    218 156 38 80 131 51 94 199 0 87 171 17 248 237 54 80 124 48 46 209
    20 177 115 25 172 24 5 209 29 156 72 16 250 51 189 88 87 32 250 13
    37 125 152 0 77 37 119 33 196 236 176 81 37 189 226 139 8 195 105 19
    112 100 130 93 33 132 144 105 140 24 9 248 18 37 170 0 122 17 60 54
    179 60 39 54 182 69 110 19 32 111 94 18 25 53 12 172 226 11 232 73
    70 107 243 178 221 158 222 38 95 216 183 31 197 61 206 30 252 126
    190 125 210 116 175 22 190 245 35 187 119 247 120 21 242 214 49 194
    62 51 212 194 77 218 233 115 253 181 127 191 22 245 110 193 139 215
    223 184 11 176 207 145 243 120 127 117 121 129 234 250 253 255 223
    255 207 223 251 255 69 253 251 255 238 254 252 251 215 126 103 95
    191 243 119 255 255 247 63 251 219 126 173 199 111 118 255 210 127
    255 252 115 223 253 47 221 30 253 47 141 164 219 141 250 31 157 75
    88 246 123 187 91 95 34 251 6 0 8 128 0 128 0 71 0 2 4 4 16 0 145 2
    74 64 1 96 192 0 192 65 76 128 132 9 66 8 49 72 213 4 21 186 2 120 1
    84 48 64 24 9 84 20 100 76 25 44 24 4 112 29 156 9 16 226 51 188 72
    87 32 250 42 133 184 186 3 237 116 79 53 64 207 164 53 108 172 247
    255 58 129 83 246 56 211 115 85 159 224 73 114 246 253 225 143 6 83
    186 163 104 233 120 112 221 52 225 244 21 247 111 153 174 184 12 242
    29 248 89 25 178 127 185 27 127 169 202 140 10 130 161 137 241 160
    193 8 187 66 79 146 0 163 35 10 89 161 67 232 5 206 89 9 88 25 166
    80 2 51 210 87 0 85 40 17 248 109 32 104 116 48 38 85 21 50 241 25
    172 56 53 211 29 156 72 16 224 51 165 72 87 32 250 254 253 255 223
    255 207 223 251 255 77 253 251 255 238 254 252 251 215 127 103 127
    191 243 119 255 255 247 63 251 219 126 173 215 111 118 255 210 127
    255 252 115 223 253 47 221 30 253 127 141 164 218 141 250 31 157 79
    88 246 123 187 91 95 34 251 178 153 154 215 39 200 217 14 223 133 21
    218 191 250 54 94 126 215 48 187 134 63 195 103 171 211 247 63 18
    185 214 43 151 172 49 214 194 77 250 87 113 217 173 105 191 20 245
    47 211 170 25 135 180 1 188 239 17 115 122 123 113 61 129 250 178
    153 155 214 39 136 221 11 199 193 21 218 191 122 38 94 126 150 36
    147 6 62 227 103 189 147 243 123 50 184 212 41 151 172 48 222 202 73
    250 91 33 217 173 105 185 28 245 47 211 170 145 143 52 1 180 107 49
    115 112 123 113 29 132 218 218 159 175 213 231 151 219 187 158 221
    23 79 159 220 51 28 252 223 120 55 86 63 194 115 58 250 182 126 212
    210 86 43 199 59 25 13 222 109 222 97 81 61 145 110 201 44 249 127
    157 136 24 133 241 125 156 203 81 86 114 159 80 29 144 250 59 214
    108 239 191 189 223 24 255 255 215 251 237 93 108 85 180 255 70 251
    245 118 211 127 229 254 227 255 126 119 245 251 223 252 223 190 255
    121 248 117 124 93 123 45 245 241 247 127 184 191 24 15 240 157 223
    93 50 243 247 191 251 223 172 250 255 252 255 207 254 159 223 121
    255 119 189 250 255 127 246 221 251 245 126 47 253 119 243 125 127
    247 189 63 255 251 95 47 215 109 158 223 210 121 251 255 119 223 111
    63 213 30 253 63 151 189 155 13 248 189 159 95 120 246 122 191 219
    221 46 255 66 6 160 152 0 206 4 71 35 230 11 132 16 164 61 134 205
    80 0 108 138 144 92 1 93 213 140 76 1 138 24 65 0 134 115 11 0 238 6
    66 36 0 44 161 7 156 100 160 81 0 116 60 3 89 38 174 137 104 9 116
    73 64 88 162 107 77 174 222 39 223 94 7 47 230 63 140 28 252 127 174
    157 186 120 255 30 251 215 51 81 119 179 124 121 242 222 33 218 60
    243 105 203 79 242 107 54 191 253 109 183 158 231 46 159 138 182 79
    191 93 243 222 185 231 121 255 123 240 203 226 178 112 121 162 151
    16 27 9 198 3 177 114 191 10 180 86 114 150 6 85 11 146 161 100 156
    146 237 11 146 184 213 56 160 172 6 222 74 120 1 214 130 202 20 73
    208 92 128 12 211 172 16 5 104 16 180 113 16 114 49 28 92 86 50 185
    252 253 255 253 126 255 251 247 253 255 255 255 223 252 255 238 189
    221 255 255 255 253 254 187 255 111 255 246 125 247 255 255 255 251
    247 109 255 255 254 255 254 191 255 126 255 191 251 251 255 219 239
    255 255 255 255 222 255 255 255 255 255 250 223 255 253 255 255 253
    254 255 255 247 253 255 253 251 223 255 255 239 187 253 255 111 255
    221 254 191 255 127 191 247 253 87 126 255 251 251 255 255 223 255
    253 255 255 255 251 127 255 191 255 179 239 255 126 255 221 255 159
    254 255 253 253 255 255 255 223 191 122 221 152 251 207 216 94 9 47
    99 25 206 190 230 108 223 255 147 52 243 142 125 219 107 103 215 243
    127 51 59 159 103 151 230 219 27 99 205 254 99 36 253 236 105 151 28
    253 183 215 202 16 36 166 165 246 255 25 183 240 191 17 121 153 166
    237 254 239 253 255 255 255 248 189 255 232 251 207 249 255 239 235
    253 255 107 252 95 222 121 111 255 59 183 127 83 127 255 247 103 253
    251 214 125 253 125 255 126 122 63 223 147 93 243 156 189 28 5 235
    191 159 77 184 246 123 159 223 223 46 179 35 213 12 71 167 152 211
    24 238 5 21 202 172 91 100 21 38 247 4 147 198 106 147 100 97 178 69
    62 54 58 197 33 158 108 202 148 194 9 250 41 209 29 41 199 177 112
    185 47 144 154 137 15 180 129 216 227 57 19 50 47 48 221 164 91 1 6
    0 2 8 146 2 0 32 42 0 4 0 3 33 3 0 42 1 192 192 32 64 211 64 8 128 6
    64 0 33 67 223 36 81 160 91 8 33 96 112 84 24 15 208 80 227 79 25
    172 24 5 240 29 156 73 16 242 51 181 72 87 32 250 90 217 152 251 207
    216 94 9 47 99 25 204 190 238 108 223 255 147 48 211 142 125 203 107
    103 215 243 127 19 107 159 103 151 230 219 19 99 205 254 99 36 253
    236 105 151 28 253 183 215 218 16 36 166 165 254 255 25 183 242 191
    17 121 145 110 7 6 64 35 217 160 163 8 40 24 130 103 160 15 201 33
    66 36 129 16 193 2 138 104 68 128 8 1 158 10 1 23 60 192 221 178 49
