<?xml version="1.0"?>
<opencv_storage>
<ImageFile>"310.jpg"</ImageFile>
<Features type_id="opencv-matrix">
  <rows>225</rows>
  <cols>64</cols>
  <dt>u</dt>
  <data>
    44 238 239 137 86 127 167 255 253 212 222 254 253 63 255 204 219 245
    123 109 117 87 211 244 125 253 29 53 127 222 126 169 220 108 71 218
    210 123 237 60 125 221 60 183 85 188 116 228 159 173 157 12 243 29
    142 92 56 228 43 189 91 223 44 250 193 205 174 220 39 95 92 147 39
    198 45 138 30 249 118 175 141 122 124 255 22 252 112 163 83 119 147
    120 57 54 158 49 218 18 242 104 202 76 242 233 118 187 189 253 191
    126 247 238 215 139 182 223 89 93 243 158 57 215 113 119 117 240 205
    235 173 239 109 138 210 95 7 255 237 68 222 190 125 63 255 236 203
    116 99 100 113 211 145 180 95 253 29 41 251 154 26 137 196 100 87
    218 66 114 205 60 52 213 60 183 85 188 116 228 157 172 149 12 211 29
    134 29 56 228 41 189 90 223 40 250 229 207 238 217 99 95 95 211 45
    199 173 202 219 249 126 143 137 121 126 111 30 255 114 99 119 119
    159 52 53 182 30 17 194 83 243 203 194 109 254 41 54 191 188 245 191
    92 117 170 87 137 176 253 155 253 242 158 121 205 112 127 119 249
    221 250 123 212 108 221 239 223 222 1 43 227 189 202 188 124 108 95
    157 179 56 251 159 117 83 120 245 87 249 126 111 247 223 99 143 220
    195 15 218 73 250 123 116 31 109 237 181 92 247 47 159 202 136 79
    246 93 248 255 57 247 242 189 243 251 248 202 235 205 239 216 55 255
    93 127 189 231 181 138 255 185 54 79 219 245 115 107 190 247 210 119
    93 255 181 62 123 209 119 235 215 44 87 186 210 121 249 126 114 223
    124 47 215 116 245 111 153 172 24 13 240 29 156 93 24 246 115 189 91
    215 42 251 76 142 246 221 232 255 227 245 61 252 74 13 209 125 251
    237 171 249 233 42 244 45 94 251 91 110 6 246 124 199 59 199 255 211
    95 49 117 242 253 46 245 61 74 38 109 166 255 107 189 236 28 61 247
    93 157 73 23 206 247 175 218 111 33 246 76 142 247 213 248 255 227
    247 57 253 74 79 223 117 251 237 171 221 249 43 244 45 94 251 123
    126 26 182 124 67 63 223 255 115 123 49 245 254 252 37 213 61 202 54
    237 166 255 243 188 221 60 125 247 239 158 206 87 206 215 175 194
    111 5 254 76 142 247 221 248 255 235 247 61 252 74 79 215 125 251
    237 171 253 249 42 244 45 94 251 123 110 22 182 124 71 63 215 255
    211 127 49 245 254 253 52 253 61 202 54 109 166 255 251 188 252 60
    117 247 125 156 73 23 206 247 175 202 111 33 246 44 142 238 201 42
    255 163 247 61 254 70 205 221 61 121 205 201 253 235 43 244 117 222
    251 89 127 61 182 124 215 55 243 215 96 87 160 118 122 233 120 244
    93 122 47 213 52 247 107 185 172 24 13 242 29 157 77 22 246 51 189
    91 95 40 250 241 221 254 223 115 79 209 179 127 213 63 255 191 254
    254 238 247 211 124 47 95 143 247 247 123 110 243 62 251 218 222 57
    250 39 116 254 210 95 223 252 211 95 185 62 153 62 233 238 141 173
    91 157 248 31 157 207 112 246 113 61 89 116 35 251 250 17 219 215
    223 167 219 57 214 255 80 119 191 202 176 84 126 215 61 103 206 47
    131 127 138 218 247 47 82 10 243 123 87 39 84 191 83 120 237 116 80
    76 56 14 209 20 241 111 153 172 24 5 240 29 156 73 16 242 51 189 88
    87 32 250 249 173 247 247 115 207 251 235 255 253 67 255 191 239 242
    126 251 213 127 103 255 47 243 119 95 255 183 63 82 154 118 239 215
    39 117 187 210 124 255 124 113 124 184 239 221 28 253 239 157 172 24
    69 240 29 156 73 16 254 115 191 88 87 161 250 47 228 232 190 63 141
    93 13 55 239 57 251 159 110 182 95 235 215 32 99 197 53 210 107 93
    223 179 63 83 121 53 107 215 36 85 186 242 120 233 116 114 94 124 41
    215 20 245 111 153 172 24 5 240 29 156 73 24 242 51 189 88 87 34 250
    242 16 251 215 255 133 219 248 222 255 213 95 255 200 18 86 246 213
    50 99 206 47 194 127 14 202 182 63 82 57 117 111 87 36 20 191 82 125
    233 247 80 76 233 14 211 20 217 127 153 172 24 5 240 29 156 73 16
    242 51 189 88 23 32 254 242 0 139 215 239 149 219 168 158 255 23 223
    155 104 18 6 228 213 60 35 204 39 234 123 45 218 182 46 82 25 55 111
    87 172 28 59 82 121 232 246 208 76 105 46 211 20 209 123 153 172 24
    5 244 29 156 73 16 242 51 189 88 23 32 255 47 229 232 190 63 140 93
    11 55 239 61 250 159 110 182 94 235 247 32 99 197 55 210 123 93 223
    179 63 83 249 117 107 199 36 87 186 242 120 233 124 114 94 60 41 213
    20 245 111 153 172 24 5 240 29 156 73 24 242 51 189 88 87 34 250 194
    128 138 215 239 148 219 129 62 255 17 207 155 40 50 79 40 213 60 187
    204 39 238 121 45 210 190 47 82 59 55 127 215 172 28 59 82 125 232
    118 80 76 104 46 211 20 209 123 153 172 24 5 244 29 156 75 16 242 51
    189 216 87 32 255 208 9 147 214 64 70 65 231 134 197 5 195 3 208 146
    30 110 215 60 103 6 173 226 35 75 219 182 12 18 8 18 41 214 39 116
    186 66 124 71 84 80 80 184 47 137 28 97 238 145 164 88 21 112 26 148
    75 17 112 49 61 88 85 1 250 248 57 247 215 119 7 217 255 214 229 85
    243 63 250 146 78 234 213 121 103 151 175 231 119 15 202 178 15 82 8
    50 111 215 39 116 187 82 124 255 116 208 124 185 110 201 28 209 239
    153 172 24 133 240 30 156 73 80 242 115 191 88 85 33 251 192 15 147
    214 64 6 65 239 134 197 5 211 3 208 146 14 106 213 60 111 6 141 226
    35 79 219 182 13 18 8 18 41 214 39 116 187 66 124 71 84 80 80 56 47
    137 28 113 238 153 164 88 21 240 26 156 75 16 112 49 61 88 85 33 250
    51 48 81 167 255 160 155 72 214 59 208 113 165 74 128 81 98 215 1 2
    193 45 139 125 46 138 226 47 210 41 113 111 87 164 28 186 118 240 41
    247 81 76 75 10 193 4 217 95 153 164 24 5 224 20 156 73 16 242 179
    157 88 23 32 253 210 9 146 150 0 66 80 7 66 192 21 128 18 194 22 26
    111 147 48 71 6 173 225 3 26 211 178 13 3 168 146 40 134 39 48 154 2
    76 195 84 48 216 176 107 137 28 229 238 209 164 82 149 48 26 180 203
    17 114 48 57 88 85 1 251 143 240 107 161 223 224 139 216 184 59 208
    123 239 9 163 81 200 125 55 112 232 197 138 120 38 221 121 35 222 15
    35 127 85 228 157 123 114 245 45 55 101 68 74 25 215 17 248 145 88
    220 24 37 196 182 204 105 152 180 181 28 156 87 48 182 45 227 109
    205 178 153 251 120 249 219 173 252 253 51 237 233 130 180 154 63
    229 112 66 244 101 160 130 181 111 109 61 57 254 68 157 250 254 123
    219 189 246 255 127 52 182 151 209 126 159 191 46 103 187 149 223 28
    60 230 62 204 121 223 235 209 55 16 80 167 255 160 155 8 150 59 208
    113 173 75 128 85 98 215 1 50 193 39 139 125 46 138 226 47 214 41 49
    111 119 164 28 186 118 113 169 247 209 76 74 14 192 4 217 95 153 172
    24 5 228 20 156 73 16 242 179 157 88 23 32 253 250 41 206 215 119
    199 89 191 212 229 85 251 187 234 150 78 234 213 57 111 143 143 231
    55 11 203 178 47 83 9 50 107 215 39 52 187 82 124 239 116 80 124 184
    47 219 28 113 239 221 172 24 133 240 28 156 73 80 242 51 189 88 85
    32 251 224 15 243 214 80 6 1 255 198 197 2 83 195 209 146 79 234 213
    57 103 14 141 194 103 78 218 188 45 18 8 18 41 214 39 116 187 82 124
    71 84 80 80 56 47 201 28 97 238 153 164 24 21 240 30 156 75 16 242
    51 189 88 85 32 250 23 176 72 167 255 176 219 24 22 123 16 123 173
    74 128 85 98 215 5 50 193 39 138 121 46 154 226 47 94 105 49 111 87
    164 28 186 118 121 169 247 209 76 74 14 193 4 217 91 153 188 24 5
    244 20 156 73 16 242 179 157 216 23 32 253 120 29 252 188 34 111 121
    119 53 228 87 148 29 252 63 238 253 218 97 227 244 55 210 179 217 42
    164 220 113 212 252 233 223 36 81 190 211 122 200 124 248 93 61 47
    212 55 231 110 153 172 153 13 240 29 156 73 16 242 51 189 88 86 34
    250 50 1 209 214 49 134 89 79 134 196 1 80 51 202 176 86 42 213 32
    103 134 47 192 99 12 154 162 13 18 168 20 105 86 38 52 154 2 120 195
    84 16 104 181 107 169 20 229 110 145 164 24 5 112 24 156 73 16 114
    51 187 88 21 33 250 8 6 142 129 40 247 162 247 48 254 66 193 128 17
    51 3 200 201 225 107 240 37 78 251 73 123 148 166 88 69 49 199 223 0
    85 32 83 248 233 112 120 92 58 46 213 52 83 107 153 236 24 5 240 29
    156 72 22 242 51 189 88 87 32 250 46 180 109 138 23 157 7 73 231 70
