<?xml version="1.0"?>
<opencv_storage>
<ImageFile>"312.jpg"</ImageFile>
<Features type_id="opencv-matrix">
  <rows>417</rows>
  <cols>64</cols>
  <dt>u</dt>
  <data>
    62 255 237 218 54 157 93 59 239 214 61 184 253 251 252 223 219 245
    98 251 183 118 209 119 93 247 181 61 127 218 92 233 194 108 215 190
    202 120 251 124 54 223 124 173 149 148 245 111 151 173 152 13 242 29
    159 93 56 246 115 189 91 223 104 250 47 237 237 138 55 223 151 123
    239 199 157 250 255 63 254 207 155 245 122 253 55 87 211 245 125 245
    29 61 127 222 94 169 206 76 215 202 202 121 253 58 52 221 124 173
    151 188 117 164 151 188 177 12 179 29 246 30 56 230 120 253 91 217
    108 250 46 140 239 139 70 223 135 191 189 212 30 222 155 62 127 236
    137 117 121 45 148 87 218 225 123 245 29 36 61 219 30 139 133 109
    107 138 218 89 237 58 53 29 100 167 29 188 117 161 159 184 137 140
    151 101 152 158 120 204 106 109 211 221 28 218 252 236 255 223 250
    127 243 253 189 253 110 159 159 254 251 238 235 221 249 107 252 221
    254 184 123 239 159 182 237 203 63 255 251 35 117 243 215 247 253
    254 242 125 253 54 253 182 89 241 157 173 127 189 221 31 157 76 84
    252 107 253 223 94 35 255 61 37 108 154 2 7 5 39 231 68 29 48 61 239
    180 70 242 48 65 228 113 114 209 167 88 40 164 9 98 152 88 233 208
    44 6 186 2 112 1 92 52 83 28 11 84 52 197 78 153 44 153 12 114 29 21
    89 56 242 35 184 88 214 42 232 57 37 109 154 2 15 5 39 231 68 61 48
    61 63 188 70 243 178 65 228 113 114 209 167 88 33 164 24 97 152 92
    233 216 44 70 190 202 80 1 92 54 219 28 143 84 54 228 78 147 172 153
    12 114 29 149 89 56 242 59 184 88 214 42 248 198 35 131 210 216 130
    202 3 2 11 3 86 130 194 128 17 98 197 44 7 199 45 0 67 14 210 163 15
    146 42 16 24 86 39 92 187 114 124 79 212 192 96 0 73 137 12 241 207
    209 172 24 5 161 16 156 75 16 114 50 61 72 21 49 184 179 112 113 54
    21 32 89 106 198 39 241 112 47 139 128 86 106 244 39 81 170 170 168
    62 12 191 227 43 82 11 97 125 80 46 60 222 66 60 33 222 17 192 184
    11 202 24 120 62 9 165 82 4 104 26 164 65 144 178 33 217 220 22 32
    191 121 217 125 252 126 255 127 112 253 116 125 217 93 124 124 238
    245 223 93 109 244 121 160 179 249 111 237 254 125 211 253 253 248
    117 112 255 207 115 244 253 251 223 255 47 245 191 246 110 143 165
    215 15 251 125 159 207 120 255 59 252 251 222 54 189 254 245 255 222
    55 7 93 111 247 229 189 248 63 234 182 126 243 215 54 103 31 175 227
    39 253 207 227 63 115 185 252 45 242 37 52 255 194 125 243 255 82
    203 253 107 186 30 205 46 141 164 82 5 104 26 181 77 152 246 121 251
    93 84 35 251 243 245 250 158 223 7 93 11 231 103 189 250 191 234 182
    95 247 247 52 247 15 255 177 47 214 199 243 63 211 185 212 105 194
    46 22 255 202 117 243 255 114 202 173 105 217 28 213 31 213 174 18 5
    104 24 148 75 24 182 113 59 28 84 184 185 82 16 128 134 79 130 10 3
    6 32 17 64 174 1 0 20 116 147 0 209 192 39 195 103 0 18 232 14 18
    180 129 98 215 44 2 60 90 40 32 64 64 74 48 11 209 20 147 79 153 172
    24 1 112 24 152 73 16 115 51 149 16 83 32 107 5 32 139 33 153 176
    163 124 16 170 194 52 192 14 129 0 10 9 129 66 233 37 202 217 8 104
    136 167 64 9 33 75 95 0 85 170 21 184 105 28 120 68 24 46 69 33 179
    107 27 172 24 5 240 29 220 64 0 98 55 185 8 151 96 254 5 38 203 33
    136 208 163 108 144 190 194 53 192 47 137 0 10 41 131 66 225 37 202
    217 12 184 28 167 64 13 33 79 95 0 69 170 52 184 105 28 120 84 56 46
    69 33 49 99 59 172 24 5 240 29 156 64 20 226 55 189 200 151 96 246
    120 253 255 220 54 127 125 247 215 254 125 152 95 252 191 206 255
    221 114 111 190 253 230 183 253 255 183 254 105 213 118 235 215 60
    53 254 222 125 248 125 120 223 253 47 255 52 245 110 159 172 27 207
    240 29 156 93 80 242 123 251 123 87 41 250 193 12 150 23 201 194 234
    244 24 233 66 31 162 235 131 46 107 209 49 99 206 175 239 59 74 75
    186 46 210 3 35 127 127 39 117 187 83 117 109 246 80 68 56 142 203
    24 201 183 153 172 88 5 240 30 156 73 144 240 51 189 92 86 32 250
    114 144 136 130 79 130 2 3 6 35 145 66 174 9 4 20 116 147 32 213 192
    7 195 103 2 18 248 46 18 148 129 98 223 44 18 60 74 40 40 98 112 72
    32 15 209 28 177 111 145 236 24 1 240 24 216 75 16 243 51 181 16 83
    32 107 193 12 130 55 201 194 226 236 28 249 226 207 162 233 131 174
    106 25 181 67 204 175 239 56 67 219 187 38 211 3 35 127 251 39 117
    123 83 189 237 246 208 92 56 174 201 17 219 243 153 172 88 5 240 30
    156 73 16 240 51 189 92 87 32 251 197 15 215 215 208 195 235 254 136
    237 66 159 147 226 131 234 107 213 57 103 78 173 238 187 11 203 186
    46 209 10 50 63 243 39 117 187 83 125 237 116 112 92 56 46 203 28 73
    183 153 172 88 53 241 30 156 73 16 248 49 189 92 70 33 250 92 33 176
    176 19 35 32 127 68 98 211 52 113 192 147 66 98 157 67 70 193 37 193
    211 12 8 160 141 82 140 48 232 79 36 21 186 82 120 65 84 48 64 20 14
    69 5 163 79 153 172 24 5 240 28 156 65 16 242 51 185 72 23 32 250 77
    3 134 49 64 99 34 246 0 188 194 5 64 185 11 34 8 105 217 102 120 133
    198 177 10 40 152 196 208 4 34 129 120 17 81 169 17 34 4 8 152 52 24
    6 105 169 67 224 25 8 124 49 209 94 152 0 115 204 43 148 72 6 0 225
    193 204 130 53 201 224 234 204 28 251 224 239 162 233 195 174 107 25
    181 83 236 175 238 56 71 223 187 38 211 7 35 119 255 39 125 185 83
    61 237 244 240 92 56 174 219 17 219 243 153 172 88 5 240 31 156 73
    144 240 183 189 28 87 32 251 197 3 130 17 9 66 32 198 0 162 130 6 66
    197 131 35 73 40 33 67 72 161 110 130 64 91 144 106 128 6 35 66 73 6
    69 170 16 32 97 68 96 0 48 162 69 80 39 236 25 172 24 1 208 30 20 65
    16 240 1 181 12 86 32 106 211 221 154 87 247 98 220 158 58 169 189
    235 174 201 70 187 61 231 62 223 15 175 231 110 167 95 243 122 211
    63 230 55 255 191 60 95 218 45 250 247 115 108 169 127 187 89 191 63
    205 202 90 199 252 254 180 231 209 183 241 127 188 117 145 170 82 1
    136 87 107 146 90 37 214 187 21 176 176 194 3 18 20 131 80 147 207
    183 195 15 152 2 230 46 66 169 165 98 207 60 4 167 223 24 226 112
    208 76 161 76 241 116 129 111 187 238 24 3 244 29 220 209 19 243 183
    185 120 114 224 239 204 50 243 177 220 102 42 247 80 191 194 55 194
    128 147 99 98 205 219 70 105 133 110 152 14 8 188 135 208 4 34 158
    97 33 20 251 84 54 5 212 216 68 18 158 75 169 139 212 24 44 92 49
    209 254 156 65 212 248 35 156 76 6 50 241 211 221 154 87 247 98 223
    158 58 173 189 235 174 201 6 59 125 231 62 223 46 175 231 62 167 127
    243 122 211 55 230 55 223 191 60 127 218 45 250 247 115 104 169 127
    187 121 191 63 205 202 90 199 248 254 180 231 209 183 241 127 188
    117 145 234 69 7 130 25 192 64 160 229 0 234 2 4 64 192 139 162 74
    72 1 70 74 129 206 16 14 9 26 0 128 4 50 18 96 6 21 171 16 100 5 68
    176 96 24 14 66 140 73 144 25 44 94 53 17 26 132 72 144 96 41 156 76
    6 32 241 69 5 130 17 192 64 160 229 0 234 2 4 64 128 139 162 74 72 1
    102 8 129 206 128 10 8 24 0 128 4 50 27 112 6 85 171 16 102 5 68 176
    96 24 14 66 140 73 148 25 44 120 53 17 30 132 72 144 104 41 188 76 6
    32 241 51 148 8 14 47 153 145 9 183 112 53 193 189 58 36 53 244 182
    0 145 192 114 211 103 113 128 224 94 62 121 221 110 135 236 210 52
    246 74 170 227 211 223 79 9 144 86 245 79 179 250 153 13 182 1 217
    89 58 51 182 188 179 219 46 221 77 50 247 53 88 98 161 254 16 184
    194 53 66 129 131 35 98 204 139 98 233 137 238 187 14 168 168 199
    216 5 33 207 125 161 52 187 53 182 37 214 221 68 26 6 104 129 75 201
    24 100 124 53 241 126 156 73 132 184 167 140 200 6 35 245 92 25 214
    212 51 131 88 118 22 229 85 211 151 250 146 94 226 213 49 103 206 45
    194 115 15 202 162 111 82 8 48 107 215 39 52 186 82 120 243 116 80
    92 185 47 217 20 225 111 153 172 24 5 240 28 156 73 16 242 51 189 88
    87 33 250 250 217 255 223 247 197 221 175 255 229 61 187 191 234 183
    222 251 215 120 47 14 221 230 35 111 223 179 63 251 217 94 47 215
    103 53 251 82 125 247 118 118 251 237 127 159 28 221 182 221 172 91
