<?xml version="1.0"?>
<opencv_storage>
<ImageFile>"313.jpg"</ImageFile>
<Features type_id="opencv-matrix">
  <rows>362</rows>
  <cols>64</cols>
  <dt>u</dt>
  <data>
    45 205 108 248 35 127 117 83 189 84 236 136 29 189 252 239 137 124
    231 109 52 114 176 51 125 255 133 48 121 214 56 201 192 66 194 168
    194 122 241 184 126 191 56 167 212 114 118 110 153 169 182 12 248 29
    135 28 56 230 107 188 91 214 46 251 70 35 131 210 80 130 128 67 2
    138 2 86 130 194 145 64 74 69 45 38 6 45 136 67 14 146 19 5 18 10 18
    24 82 39 93 155 0 124 79 20 33 96 8 74 11 12 113 247 65 45 16 20 129
    16 140 10 16 104 50 13 72 5 49 178 46 37 108 152 18 15 5 103 167 70
    29 48 29 111 180 70 240 48 67 228 81 242 145 38 92 160 164 9 34 156
    88 105 208 44 6 186 2 112 1 92 54 211 28 139 84 20 197 78 145 44 152
    12 50 25 21 89 56 242 35 184 24 214 42 232 45 37 108 138 19 15 5 39
    231 68 60 48 61 63 188 70 211 48 67 228 113 114 145 166 88 33 132 9
    99 152 88 233 216 44 70 186 66 80 1 92 54 211 28 143 84 54 228 78
    145 36 153 12 98 29 147 25 56 242 43 188 88 214 42 248 5 38 162 9 25
    226 162 118 128 136 194 53 96 8 139 165 72 40 195 208 241 3 223 149
    0 40 12 132 80 4 33 70 109 40 101 186 20 50 13 28 185 20 18 134 65
    225 34 224 56 108 88 0 177 28 152 64 2 2 175 160 10 3 34 67 243 253
    234 214 55 15 93 11 247 103 61 250 191 234 54 95 243 247 52 183 15
    255 241 111 119 215 243 63 83 185 222 105 130 175 54 255 202 125 243
    255 82 203 237 105 155 28 245 63 213 166 16 5 104 26 188 111 24 182
    112 59 61 84 186 187 170 197 8 254 39 10 93 11 183 66 61 234 59 234
    100 95 133 54 52 215 6 254 176 99 118 135 195 25 243 184 28 32 162
    60 130 202 234 72 210 241 114 187 181 105 144 86 213 78 81 174 146
    13 120 17 245 25 25 179 120 63 57 248 186 201 66 205 140 26 2 219 92
    3 43 131 61 200 154 164 108 10 141 19 52 189 7 116 65 195 113 87 147
    124 33 190 156 32 218 30 161 138 138 77 250 98 50 187 173 105 151 28
    117 46 215 138 34 198 43 73 114 158 25 179 120 113 49 121 201 202
    171 213 8 190 7 15 93 15 55 70 61 192 26 200 36 95 165 118 36 211 6
    58 176 35 116 135 163 89 83 120 92 97 162 60 18 250 226 96 146 249
    82 235 60 105 146 86 197 78 81 162 82 5 104 16 181 1 153 179 123 191
    57 124 162 169 100 38 35 1 216 86 163 213 192 190 130 53 65 19 147
    161 74 236 195 68 89 131 126 148 156 168 140 129 129 156 33 210 101
    44 70 190 88 50 5 212 216 64 16 158 64 226 128 68 56 44 76 1 240 24
    148 81 148 96 3 156 74 86 106 241 228 233 231 220 80 79 85 126 165
    228 45 186 95 251 222 206 139 85 188 47 14 237 224 35 79 215 147 53
    59 42 30 73 146 71 117 251 0 252 255 53 118 255 173 99 191 28 117
    234 85 164 185 244 145 123 180 142 104 44 112 107 73 85 181 250 124
    253 255 221 54 255 253 127 221 255 253 216 95 252 190 206 191 221
    122 111 190 125 230 183 253 255 183 254 105 245 118 235 223 52 117
    190 222 125 250 125 120 255 253 111 255 52 245 111 159 174 59 207
    240 29 156 93 81 243 115 251 123 247 169 254 7 150 134 117 253 160
    218 16 56 63 0 73 138 73 1 5 36 239 184 178 237 47 90 123 34 122 34
    118 92 117 225 71 87 251 92 49 127 189 254 39 117 108 202 206 201 65
    219 83 184 222 24 101 245 228 156 227 87 159 246 135 210 127 177 254
    11 134 12 8 7 59 6 18 49 82 190 0 28 61 108 5 196 58 65 180 113 82
    17 242 81 36 72 212 124 84 141 193 156 88 195 160 123 74 136 40 254
    151 30 37 84 247 246 76 178 106 137 12 242 77 219 29 62 195 63 180 2
    219 108 72 124 25 255 213 54 167 249 122 150 253 85 211 159 234 176
    78 242 213 115 103 222 47 194 115 79 250 182 63 80 8 52 235 215 39
    116 186 82 124 251 116 80 124 185 47 217 20 241 111 153 172 24 5 240
    29 156 73 16 242 115 191 88 87 33 250 212 43 147 213 88 66 232 231
    66 170 3 23 66 194 155 122 114 193 162 70 15 173 79 139 142 10 166
    201 130 172 178 94 99 151 109 187 16 182 71 214 128 96 129 82 42 142
    137 159 200 108 96 243 50 90 20 75 197 121 81 3 76 100 241 165 7 230
    89 10 8 28 4 67 99 68 45 192 92 55 172 81 194 96 0 32 129 96 17 99
    212 148 1 25 34 46 153 65 148 196 81 138 8 88 169 126 38 155 40 161
    20 84 244 79 145 172 0 14 48 17 26 9 56 242 18 164 88 83 102 203 68
    3 147 244 0 194 104 70 0 162 67 0 66 129 17 18 12 72 161 203 130 45
    102 139 140 11 166 204 0 164 160 70 87 146 33 41 9 172 98 66 32 32
    177 96 43 12 3 234 91 200 104 211 101 88 48 8 199 75 3 209 64 32 81
    230 220 41 187 212 48 119 120 247 148 134 245 176 83 192 147 234 56
    204 114 79 23 191 228 147 159 11 166 217 65 172 52 184 226 26 38 238
    218 60 210 213 218 42 177 94 186 126 129 238 91 174 239 211 112 92
    53 80 209 243 121 219 125 52 195 251 210 208 155 143 230 147 222 129
    78 163 53 202 223 128 55 26 124 211 56 159 138 213 67 73 172 209 251
    126 3 241 149 34 151 188 154 77 234 109 162 99 34 203 101 105 147 28
    145 61 215 202 144 7 46 241 124 251 81 243 56 89 117 89 88 167 129
    206 30 73 232 217 166 145 59 187 46 75 220 117 107 137 141 171 172
    170 204 101 31 216 227 87 25 242 173 71 139 86 223 208 73 96 125 193
    250 32 117 60 106 55 245 230 255 113 185 203 12 103 213 77 219 203
    23 221 150 37 210 123 65 78 225 5 2 18 213 2 3 186 134 65 183 54 163
    138 128 39 98 53 21 85 10 135 160 37 2 162 136 13 146 8 0 25 104 37
    20 187 2 24 5 212 208 64 16 138 200 24 0 132 1 36 16 4 121 58 132
    195 16 48 49 56 8 20 32 88 255 253 255 255 255 183 255 251 255 253
    253 251 255 250 246 93 242 245 127 103 254 47 210 127 127 255 247 63
    94 91 118 191 215 39 92 191 210 125 249 117 115 94 187 111 221 20
    253 127 157 172 24 5 240 29 156 73 16 246 115 191 90 87 33 250 57
    158 247 142 62 157 157 123 247 252 28 209 127 61 188 93 251 244 226
    41 212 68 216 127 125 255 165 63 126 91 125 111 215 228 125 186 214
    248 233 119 117 93 106 47 221 20 245 107 153 172 24 5 242 29 158 77
    24 242 50 189 219 95 32 254 37 238 239 9 216 222 167 215 169 84 44
    218 200 59 255 205 201 237 43 100 113 71 90 113 95 245 29 37 189 26
    26 3 133 68 197 138 80 48 109 60 52 30 56 183 85 248 116 225 153 172
    12 12 145 93 142 9 48 196 34 173 90 215 44 250 250 233 206 255 114
    123 240 167 121 217 214 255 126 246 235 234 251 155 125 223 127 253
    119 150 211 95 243 177 235 214 190 178 254 46 71 242 223 91 249 116
    248 125 184 126 221 23 243 110 157 238 143 79 240 31 217 73 22 247
    119 181 91 115 226 203 247 254 95 223 62 213 223 165 123 255 61 217
    31 187 244 254 255 214 60 171 159 248 229 40 249 215 183 123 47 123
    223 127 241 245 60 255 222 253 178 255 118 222 233 63 178 22 220 61
    133 237 118 7 124 155 183 111 152 247 48 92 253 84 34 191 34 142 142
    203 235 223 146 5 63 113 30 207 190 126 126 188 221 179 120 179 212
    119 91 101 243 87 92 118 44 243 223 98 143 248 67 36 255 75 250 104
    244 29 100 165 149 118 183 107 183 202 137 9 182 69 217 255 63 215
    246 53 179 249 220 74 59 55 125 147 255 181 155 56 254 127 82 127
    189 107 178 85 242 247 3 114 253 35 195 118 76 170 228 47 82 24 113
    107 215 44 85 190 82 120 233 124 112 92 24 15 209 20 241 79 153 172
    24 5 240 29 156 73 16 242 51 189 88 87 32 250 51 212 108 134 191 157
    221 25 191 127 28 77 189 108 100 117 246 246 4 177 196 118 155 111
    100 150 97 63 62 123 221 111 151 236 218 20 242 74 250 243 83 221 78
    73 208 86 245 79 145 188 24 13 228 5 158 73 24 178 182 191 210 223
    46 252 19 17 152 118 15 130 92 10 82 42 17 224 166 194 4 19 118 131
    4 147 131 44 193 79 128 130 226 79 18 41 229 102 23 190 188 53 47 12
    114 195 64 202 167 73 178 20 133 79 210 226 24 199 36 0 124 227 7 51
    182 211 48 48 209 39 226 140 138 219 235 221 210 133 63 241 30 206
    190 118 126 188 253 179 120 147 221 119 91 101 243 87 81 126 173 243
    207 230 143 250 67 100 251 139 254 106 228 29 100 225 149 118 191 35
    245 202 137 9 246 69 217 251 59 215 246 53 178 249 216 78 20 35 193
    146 0 18 32 102 192 130 82 16 65 163 145 2 74 64 67 100 193 36 193
    151 76 136 164 141 2 140 48 200 86 36 69 186 88 56 1 84 32 64 48 15
