<?xml version="1.0"?>
<opencv_storage>
<ImageFile>"316.jpg"</ImageFile>
<Features type_id="opencv-matrix">
  <rows>352</rows>
  <cols>64</cols>
  <dt>u</dt>
  <data>
    45 37 108 152 22 31 5 119 229 68 84 48 93 127 189 68 242 244 67 228
    113 114 209 183 88 40 132 29 120 156 88 233 220 44 86 186 66 112 1
    124 52 83 28 7 84 52 197 78 153 44 153 12 114 29 153 89 56 242 51
    188 88 214 46 249 61 53 109 138 23 31 5 63 231 68 124 48 61 63 189
    68 243 244 67 100 113 114 209 183 88 32 132 25 121 152 88 233 220 44
    215 186 66 80 1 124 54 155 28 135 84 180 196 78 155 172 137 12 114
    29 153 89 56 242 59 188 88 214 46 217 59 255 109 222 63 221 223 57
    255 254 157 248 253 126 252 95 187 245 98 59 212 119 210 103 253 247
    245 63 62 251 95 107 199 108 215 190 218 120 251 125 116 221 111 173
    149 244 245 111 183 174 152 15 178 29 222 93 56 242 114 191 251 223
    108 250 109 220 252 221 255 223 95 85 191 103 173 184 223 253 190
    239 177 245 122 43 191 251 250 41 93 231 175 127 121 125 93 111 199
    245 246 47 194 249 247 255 118 191 237 239 183 122 253 51 149 228
    190 45 231 253 151 191 120 255 243 191 251 212 63 255 198 35 131 211
    208 2 138 203 2 139 2 118 131 194 147 82 106 69 40 7 15 173 194 75
    14 210 50 47 146 10 18 10 87 39 125 187 48 124 111 84 64 96 32 72
    139 12 121 183 81 172 24 17 129 18 188 235 128 120 48 29 76 85 49
    178 63 253 253 223 191 253 223 57 255 255 189 250 189 127 252 93 251
    247 122 59 247 127 211 127 253 247 247 127 127 251 223 235 215 238
    223 190 254 121 251 127 116 223 239 237 213 112 245 127 191 190 153
    13 242 149 222 125 56 246 114 191 251 223 172 254 5 34 197 33 153
    176 171 124 0 190 194 52 192 11 131 0 8 77 129 66 233 37 202 249 8
    40 128 166 80 4 33 75 95 0 213 170 85 184 105 84 124 68 58 14 197 33
    243 107 26 172 24 5 240 29 156 65 0 226 19 181 72 23 32 122 255 253
    252 222 255 15 93 11 231 103 189 250 191 234 164 125 243 247 52 247
    15 191 177 39 94 207 227 63 211 57 244 105 210 47 20 223 194 117 243
    255 82 203 189 107 217 30 245 15 197 166 18 5 104 30 148 75 24 246
    113 191 92 84 162 185 254 253 255 222 55 143 95 75 247 229 189 250
    191 234 182 94 243 215 60 127 31 175 243 39 253 207 227 127 115 185
    252 45 242 37 52 223 194 125 243 255 82 203 253 111 154 30 221 31
    141 166 82 5 104 30 181 79 24 246 113 191 93 84 162 187 194 197 136
    58 3 14 28 7 37 66 45 128 18 234 38 46 128 50 32 213 2 215 112 35 82
    131 128 8 131 176 12 0 160 28 2 138 131 68 2 200 2 171 52 201 144 94
    165 142 81 170 18 12 3 25 112 146 25 163 113 48 24 240 218 73 108 39
    237 152 18 87 39 103 225 198 121 144 93 183 189 106 227 213 35 103
    85 101 193 183 93 203 164 141 67 12 56 104 210 36 85 186 82 120 193
    116 114 94 56 47 213 20 229 110 153 172 24 5 240 29 156 73 16 242 51
    189 88 86 32 250 194 197 136 58 3 66 80 15 37 66 45 128 26 234 38 63
    9 58 32 213 2 147 116 35 82 131 128 9 3 176 12 0 160 60 2 138 131 64
    2 200 2 171 20 201 144 92 129 78 81 170 18 12 65 24 112 144 153 163
    97 176 24 240 154 73 248 157 255 220 54 239 125 127 159 253 117 217
    95 248 182 222 255 215 112 111 190 189 226 51 221 255 183 126 83 219
    118 235 215 38 117 190 214 124 251 125 112 93 189 111 255 20 245 111
    157 172 24 197 240 29 156 77 17 242 115 255 89 87 33 250 124 47 255
    248 114 55 125 247 229 254 193 182 223 247 187 78 242 213 99 103 127
    175 194 55 95 202 182 141 82 140 58 168 211 38 69 186 82 122 193 116
    120 94 56 46 213 52 193 110 153 172 24 5 240 29 156 73 16 242 51 189
    88 86 34 251 187 221 124 255 255 189 223 137 255 95 189 234 191 122
    116 125 247 247 60 191 254 119 179 126 245 247 243 127 255 123 255
    187 134 236 158 215 250 121 250 249 82 223 111 125 211 95 245 63 253
    191 154 15 238 165 255 255 56 247 246 191 255 223 190 187 195 36 34
    1 205 224 130 176 200 163 146 110 226 0 3 1 109 169 119 215 121 135
    55 212 210 127 253 174 192 22 227 178 203 45 71 191 91 41 237 124 88
    92 48 174 209 121 186 53 185 204 24 1 240 159 88 65 18 241 49 181 60
    83 32 106 251 221 246 223 255 167 223 251 254 125 61 251 191 251 182
    93 242 247 123 102 254 47 211 119 94 254 183 63 210 26 118 171 215
    39 87 190 82 120 249 124 112 94 56 47 221 20 253 111 153 172 24 5
    240 29 156 73 16 242 115 189 88 87 32 250 253 223 239 205 247 191
    215 248 191 85 189 250 239 121 246 205 243 245 126 127 62 95 178 113
    111 247 89 62 253 94 94 57 222 103 222 219 194 121 255 189 119 223
    186 63 157 58 252 180 132 181 149 141 251 255 143 95 120 252 112 31
    89 221 44 218 123 52 125 135 255 135 27 125 214 127 82 53 189 10 177
    86 242 215 67 96 216 35 195 116 156 168 236 15 82 24 113 107 199 44
    85 190 82 120 161 116 208 92 16 14 209 20 225 79 153 172 24 5 240 29
    156 65 16 242 51 188 88 87 32 250 93 29 222 213 119 131 88 114 22
    229 85 211 158 234 162 94 230 215 33 103 206 47 194 115 79 218 178
    111 80 8 176 107 215 38 84 186 82 120 233 116 80 92 56 47 217 20 241
    111 153 172 24 5 240 29 156 73 16 242 51 189 88 87 32 250 125 53 247
    22 81 231 99 126 212 196 198 53 97 222 129 102 234 244 67 70 117 43
    245 55 28 170 164 13 82 24 112 41 110 39 37 190 82 50 65 92 216 84
    24 142 73 33 129 110 153 44 88 5 240 28 156 65 48 242 35 189 88 6 34
    250 186 112 93 134 191 53 155 56 214 31 117 115 173 26 16 85 118 247
    70 176 241 114 129 108 168 180 245 27 254 251 213 251 10 236 158 182
    255 24 169 245 93 205 199 141 192 33 180 77 162 191 153 11 238 160
    222 81 108 50 182 218 186 159 108 28 59 253 124 126 55 189 221 25
    255 223 173 251 191 126 252 93 255 183 230 155 247 126 211 127 241
    119 247 63 127 251 207 231 143 238 239 150 243 25 250 125 125 255
    231 237 183 113 183 111 181 254 184 75 254 133 250 117 59 183 254
    175 187 251 173 90 45 23 101 50 221 54 33 90 164 84 66 115 45 91 128
    5 98 237 5 100 96 38 144 118 14 170 32 137 210 0 96 201 82 38 84 186
    81 48 1 212 220 80 26 143 192 1 195 78 152 36 24 0 112 28 143 73 16
    242 51 156 88 86 36 248 77 55 244 52 117 38 39 82 36 84 195 113 78
    251 176 85 242 237 7 101 97 47 16 115 198 170 228 205 112 12 224 225
    214 36 86 190 82 56 129 212 92 80 24 143 192 65 195 78 152 164 24 1
    112 28 158 73 16 242 51 157 88 86 36 248 0 2 8 33 41 144 160 100 16
    186 214 85 176 20 137 0 74 136 1 194 193 32 203 89 45 24 32 6 70 5
    33 110 95 36 69 186 86 120 233 84 112 84 48 46 197 133 179 107 153
    172 24 5 240 29 156 65 16 242 51 189 72 23 32 254 7 196 72 174 10 8
    20 3 34 96 5 192 28 99 164 89 226 210 0 32 192 32 8 107 76 128 160
    11 19 41 25 101 151 164 20 154 98 112 33 246 66 218 8 9 208 20 244
    79 145 164 24 4 96 16 158 73 24 242 50 188 88 87 34 249 39 54 113
    128 156 160 11 92 226 111 128 112 229 11 128 81 234 228 3 96 200 32
    202 125 12 153 176 47 18 8 113 111 85 36 156 186 82 112 41 87 112 64
    26 15 193 16 244 95 152 172 24 5 224 24 156 73 16 178 51 157 88 87
    32 250 211 157 154 212 35 131 216 66 22 193 21 195 158 248 38 94 228
    215 33 103 198 47 194 115 79 218 242 110 82 12 176 41 215 38 116 186
    82 120 235 116 80 92 184 111 217 20 245 111 153 172 24 5 240 29 156
    73 17 242 51 189 88 87 32 250 196 34 113 177 216 166 43 204 192 103
    67 22 193 129 147 66 66 77 27 100 8 129 142 24 14 136 172 141 194 8
    49 27 112 5 20 187 0 119 5 214 128 64 24 30 67 136 200 148 24 44 80
    32 65 250 132 107 192 108 1 156 76 6 48 177 60 188 237 172 54 125
    185 127 245 220 214 181 125 62 187 230 250 220 67 99 245 114 208 247
    93 168 164 153 122 220 125 235 215 36 85 186 214 122 233 124 248 93
    58 46 212 53 245 111 153 172 24 13 240 29 156 73 16 242 51 189 90 87
    40 250 202 203 2 233 235 217 162 129 44 89 2 79 156 116 107 181 236
    187 29 214 206 61 31 120 115 94 123 238 204 198 187 150 151 243 75 1
    113 195 252 42 237 53 88 92 85 207 251 51 157 205 24 37 215 231 201
    235 83 221 244 165 84 123 145 88 62 150 236 200 63 189 221 57 183
    254 150 241 189 123 60 85 208 246 66 187 245 118 210 127 125 178 228
