<?xml version="1.0"?>
<opencv_storage>
<ImageFile>"318.jpg"</ImageFile>
<Features type_id="opencv-matrix">
  <rows>379</rows>
  <cols>64</cols>
  <dt>u</dt>
  <data>
    70 35 195 209 208 130 194 78 2 136 2 23 131 194 147 64 106 85 57 38
    70 45 202 67 14 218 58 5 18 8 16 8 87 39 116 187 16 124 71 84 193 96
    24 74 73 12 73 198 89 44 24 20 177 24 140 75 80 120 34 157 72 5 49
    250 111 238 237 251 255 190 127 13 189 127 104 249 191 239 190 255
    131 125 185 59 252 127 250 61 87 207 175 55 123 249 125 207 215 235
    222 49 247 253 247 255 110 238 238 233 215 83 125 243 253 196 24 44
    231 245 191 190 222 254 247 191 223 214 185 180 47 37 100 154 22 47
    5 119 101 68 84 48 93 63 188 71 242 240 65 228 113 112 209 55 92 40
    132 13 114 156 120 225 208 36 86 186 66 112 1 92 54 211 28 15 84 20
    231 78 153 36 152 12 114 29 159 73 56 242 35 188 88 86 34 249 41 7
    108 138 22 63 5 55 101 68 84 16 29 59 188 71 242 244 65 228 113 114
    209 183 88 40 132 8 115 152 88 233 212 36 86 186 67 80 1 124 54 211
    28 15 84 52 228 78 153 36 153 12 114 29 155 9 56 242 35 188 88 86 46
    249 243 253 254 214 119 15 93 11 231 103 189 250 63 235 180 94 243
    247 52 119 15 239 177 39 222 199 227 63 83 185 244 105 210 38 22 223
    194 125 243 255 82 202 189 107 154 28 213 14 209 166 18 5 104 24 149
    75 24 178 113 187 92 84 162 185 51 48 81 54 29 160 45 72 194 43 129
    113 228 10 128 83 106 198 134 81 131 44 203 79 132 154 226 11 18 41
    97 111 87 134 188 159 32 188 35 87 65 194 239 73 162 1 29 91 64 182
    56 36 100 144 124 97 136 50 150 203 140 7 177 54 243 253 252 214 127
    15 93 11 231 103 189 250 63 234 180 94 243 247 52 247 15 254 177 39
    222 199 227 63 211 57 244 105 210 46 20 223 194 116 243 255 82 202
    189 107 216 28 245 15 209 166 18 5 104 24 148 75 24 242 113 59 92 84
    162 185 179 112 113 38 223 160 9 10 198 5 145 115 175 75 4 85 118
    231 38 209 195 14 129 101 174 158 125 43 146 58 192 109 2 173 28 158
    106 60 43 215 65 192 1 201 201 88 188 141 192 182 17 128 104 178 174
    99 32 50 48 27 184 21 52 56 94 35 224 176 18 2 34 103 68 130 211 48
    81 130 145 82 114 209 67 100 193 37 193 87 12 136 164 13 66 140 48
    232 87 36 85 186 82 120 1 84 48 64 48 14 197 20 129 79 155 172 24 1
    240 29 156 73 0 242 51 185 88 87 32 250 131 20 0 34 221 130 6 8 2 33
    128 98 160 75 4 17 98 35 5 144 193 7 11 68 6 208 121 47 146 40 129
    68 159 173 20 150 35 8 45 86 65 64 8 137 193 89 188 5 16 246 24 0
    116 0 88 227 24 50 182 176 24 87 52 72 254 49 251 53 50 3 91 239 194
    162 213 180 119 130 147 114 114 131 82 223 187 189 103 135 157 42
    230 223 66 188 228 234 107 61 36 191 158 60 193 223 24 73 181 234
    179 121 131 46 191 174 171 203 112 24 116 81 100 179 209 249 57 182
    234 79 186 29 254 190 23 111 81 255 55 196 223 181 63 190 187 254
    251 214 97 247 117 131 229 55 93 169 240 9 83 220 254 233 245 36 85
    254 82 114 201 116 210 93 60 46 212 23 231 108 153 172 90 5 240 29
    156 73 16 242 59 189 88 86 34 250 127 53 237 50 87 167 91 62 212 14
    213 180 239 202 150 86 248 253 83 215 251 119 195 183 156 42 230 157
    122 220 228 168 207 44 133 190 223 57 81 125 88 201 151 139 209 113
    163 110 191 174 139 203 240 188 92 85 108 183 127 219 187 179 238
    207 57 181 253 190 55 125 185 127 245 220 214 181 125 62 189 230 250
    212 67 99 245 114 209 119 93 168 164 153 122 216 125 233 215 36 85
    186 215 122 233 124 248 93 62 47 212 53 245 111 153 172 24 13 242 29
    156 73 16 242 51 189 90 87 34 250 55 53 251 54 21 34 17 126 210 4
    213 48 110 203 130 90 126 198 35 215 65 39 225 23 142 138 244 77 82
    28 224 105 199 44 20 190 90 56 193 116 80 88 56 143 209 16 161 110
    153 172 24 5 240 29 156 65 16 242 51 189 88 87 32 250 2 0 0 130 79
    130 2 2 6 32 17 64 168 8 0 20 100 147 1 209 192 39 201 103 4 144 104
    14 18 16 129 98 23 172 16 24 74 8 32 66 64 66 0 9 193 28 144 79 17
    168 24 0 116 24 152 73 16 114 50 149 16 83 32 235 60 99 125 152 50
    29 53 119 229 68 255 144 93 48 253 198 242 212 67 96 18 112 208 182
    93 168 132 153 99 156 60 233 224 4 86 186 194 122 129 220 182 219 21
    6 84 182 192 78 155 44 145 13 114 29 151 93 8 242 59 248 89 70 42
    249 69 5 32 49 136 160 43 68 0 39 193 0 192 73 131 3 0 108 3 98 170
    163 206 56 12 136 134 4 80 4 33 3 113 22 20 139 0 32 5 2 8 96 24 138
    66 72 11 18 24 12 16 32 65 88 148 0 144 162 33 148 76 6 33 161 249
    61 247 181 214 103 107 247 204 237 211 23 87 204 179 239 255 213 127
    103 62 141 247 149 159 251 190 172 210 22 114 187 96 39 117 255 90
    119 197 84 216 64 20 158 203 44 75 180 141 44 94 149 209 254 148 67
    208 188 97 185 92 6 16 178 40 207 108 217 139 221 198 65 61 83 46
    202 152 116 109 237 201 48 193 162 86 112 27 98 113 87 17 32 173 214
    31 17 158 66 211 96 82 67 255 32 246 183 108 117 84 214 117 226 149
    9 142 108 155 13 203 28 27 196 110 45 67 123 203 216 255 220 125 237
    255 127 95 217 191 87 173 250 239 125 230 253 255 245 63 117 126 212
    176 120 102 255 249 123 255 123 127 61 146 229 158 219 194 117 253
    247 87 223 126 189 217 27 252 29 205 181 22 13 232 183 143 109 56
    180 113 191 223 223 62 185 124 253 255 253 54 167 125 127 255 253
    253 251 255 250 182 94 251 213 115 107 255 63 194 119 223 235 183 63
    91 249 116 235 215 38 117 190 210 125 251 125 122 127 253 111 255 20
    245 111 153 172 24 69 240 29 156 73 16 242 115 191 121 87 35 251 100
    45 212 26 16 75 98 7 115 248 14 181 48 230 233 226 235 2 129 130 213
    41 93 135 209 66 224 5 10 202 139 98 255 6 69 178 17 90 203 116 240
    92 24 38 84 86 103 111 153 108 8 5 180 29 24 201 22 243 55 181 26
    114 35 202 88 1 138 87 42 147 122 37 24 187 83 132 144 192 19 2 28
    11 64 211 207 55 71 159 153 2 166 230 64 165 181 226 111 24 67 37
    223 8 224 98 248 124 241 46 243 117 131 123 187 202 24 67 244 93 88
    209 23 243 19 177 120 114 96 238 81 19 149 16 0 6 32 118 66 174 0 0
    68 161 19 18 126 202 193 32 80 164 65 131 152 48 244 200 0 132 192
    96 90 16 65 164 21 8 0 72 124 0 48 135 96 96 3 110 186 168 40 83 240
    24 24 65 7 115 19 145 88 210 65 106 50 33 195 18 21 2 1 46 194 168
    176 49 35 195 129 82 114 6 99 18 199 46 101 135 130 139 230 9 2 152
    0 72 171 46 100 182 126 16 67 252 104 102 144 202 72 113 1 206 185
    46 201 65 240 24 92 65 4 114 135 185 56 68 160 89 57 17 254 215 55
    165 217 122 182 197 213 115 191 251 178 78 226 213 99 99 222 47 195
    119 78 170 182 63 82 8 116 43 215 36 85 186 82 120 249 116 112 92 56
    47 209 20 241 111 153 172 24 5 240 29 156 73 16 242 51 189 88 87 32
    250 125 50 117 162 93 34 43 122 214 126 192 51 229 75 129 85 242 213
    131 96 225 39 137 127 142 184 232 15 210 8 113 111 87 36 20 190 82
    120 33 116 80 68 26 14 193 1 192 79 152 172 24 5 240 28 156 73 16
    242 51 156 88 87 32 248 63 180 109 140 55 191 19 57 247 84 149 52
    125 59 188 85 240 244 67 240 241 114 209 119 220 168 228 29 122 92
    253 233 215 44 87 190 218 122 137 124 240 95 24 15 208 20 229 79 153
    172 24 13 240 29 156 73 56 242 51 188 88 215 42 251 63 52 109 136 55
    191 19 91 247 86 149 52 125 62 180 85 240 244 67 112 241 114 208 119
    220 184 228 29 114 156 125 233 215 44 87 190 90 120 137 124 112 93
    24 15 212 20 229 79 153 172 24 13 240 29 156 73 16 242 51 189 88 87
    42 251 67 6 130 22 201 130 130 3 2 32 2 67 130 192 0 17 4 35 168 150
    194 47 27 75 2 82 74 70 2 36 129 70 7 187 67 33 48 136 110 2 97 32 0
    193 201 72 181 203 116 198 8 81 183 96 88 163 67 11 214 167 128 113
    149 78 76 13 255 152 96 87 58 119 33 198 5 132 92 181 187 207 235
    221 25 102 92 133 196 179 79 200 172 76 81 4 56 41 240 36 85 186 82
    114 193 116 178 94 24 14 213 158 193 110 153 172 30 5 240 29 149 73
    16 242 59 189 88 86 34 251 7 32 17 33 200 128 170 192 0 43 2 87 128
    3 131 16 98 77 129 32 200 1 138 72 44 136 40 7 130 9 49 95 117 161
    28 19 49 227 5 22 193 64 8 8 67 4 200 17 25 44 24 36 101 66 12 105
    144 72 34 136 76 7 48 181 92 63 222 251 96 219 182 197 123 243 79
