<?xml version="1.0"?>
<opencv_storage>
<ImageFile>"32.jpg"</ImageFile>
<Features type_id="opencv-matrix">
  <rows>194</rows>
  <cols>64</cols>
  <dt>u</dt>
  <data>
    42 225 109 136 34 93 28 7 231 70 61 128 93 52 125 214 157 50 66 168
    22 114 81 166 221 21 133 88 41 254 220 192 128 88 195 140 234 72 218
    40 36 191 53 105 22 244 244 110 179 168 131 78 42 1 115 28 63 67 90
    245 115 251 104 226 45 198 108 8 23 189 37 88 189 84 174 235 189 63
    236 69 139 60 199 56 240 82 24 116 113 117 17 48 124 90 95 81 152 64
    211 160 224 88 169 57 125 159 126 37 84 241 116 105 32 183 129 12
    218 5 203 28 58 130 190 172 131 219 44 90 45 198 108 8 55 189 37 88
    189 84 172 235 189 63 236 69 139 60 199 56 240 82 152 116 113 117 17
    48 125 91 95 193 152 64 211 160 227 88 185 57 125 159 126 37 84 241
    116 105 160 183 129 12 218 5 203 28 58 134 190 172 147 219 44 90 42
    199 108 136 38 29 28 3 231 86 61 128 93 53 124 214 157 178 66 184 21
    114 17 230 241 53 149 88 45 254 221 224 128 88 195 132 234 72 154
    104 46 159 52 173 22 244 116 110 179 171 132 74 170 1 107 28 63 195
    90 53 115 251 104 130 161 206 108 138 191 153 5 24 63 113 172 234
    189 61 108 77 131 116 164 56 208 86 24 96 97 245 25 50 190 91 31 81
    152 192 211 96 224 217 186 33 102 159 110 53 52 214 116 97 32 211
    161 44 158 129 235 62 58 4 182 44 131 217 108 26 163 206 108 138 191
    153 5 25 63 113 172 234 189 63 236 77 131 53 164 56 208 86 152 96 97
    245 25 51 190 91 31 81 154 192 211 96 224 217 187 33 102 159 110 53
    20 212 116 97 2 223 161 44 158 129 235 62 58 68 182 44 131 217 108
    90 41 198 108 40 31 249 165 88 181 84 142 229 61 61 236 197 203 60
    195 112 240 82 152 116 113 61 73 16 125 86 77 193 156 72 211 128 115
    82 169 56 125 149 126 39 84 241 118 104 184 183 137 12 250 5 202 28
    58 130 174 172 147 219 44 90 41 198 108 40 31 249 37 88 181 20 142
    37 60 61 236 197 203 60 195 112 240 82 25 116 97 61 9 16 124 86 73
    193 156 72 211 176 65 82 137 56 61 149 30 39 84 241 118 104 184 52
    137 12 242 13 203 13 58 130 47 172 130 203 44 90 42 37 108 10 38 29
    20 3 231 70 29 128 125 52 60 86 149 178 66 240 241 114 81 231 208 36
    196 216 40 244 221 224 138 28 195 174 203 8 128 104 60 159 52 169
    212 244 166 78 179 174 137 10 178 29 91 29 62 243 27 180 59 210 104
    74 42 7 108 10 35 29 20 3 231 70 13 128 61 62 60 87 148 50 66 240
    209 114 81 231 208 36 196 88 40 252 221 192 136 28 195 174 202 8 128
    104 44 159 52 169 212 244 166 78 179 174 136 10 34 29 91 25 58 227
    27 180 58 210 104 74 168 173 239 159 34 93 245 237 221 212 95 157 89
    180 255 238 139 16 240 47 28 241 246 162 121 229 148 48 105 218 30
    137 133 20 97 248 150 75 218 56 50 189 253 54 55 150 101 104 159 168
    239 191 147 31 52 28 252 224 105 121 75 207 107 250 134 205 198 159
    163 77 216 135 63 205 47 207 154 171 126 238 161 114 100 171 31 142
    247 32 91 11 183 58 145 154 30 51 247 52 118 242 211 95 234 252 210
    126 56 62 154 22 217 60 153 172 90 5 208 31 157 76 16 241 49 60 93
    84 34 249 35 198 108 168 159 60 135 24 45 94 42 202 12 61 109 133
    201 116 5 56 96 80 24 112 101 181 25 33 191 90 27 81 148 192 219 128
    96 112 45 32 38 214 58 189 84 210 116 65 16 61 20 12 138 133 207 28
    56 192 46 36 198 219 108 48 43 230 109 42 138 21 133 1 225 86 40 0
    88 61 121 165 194 224 3 96 112 114 21 244 84 164 5 128 175 144 57 80
    160 76 195 136 90 50 1 40 174 87 24 140 84 226 128 76 57 45 4 12 50
    29 133 89 52 226 11 156 82 194 106 177 12 206 46 169 128 221 166 193
    61 222 10 142 144 45 121 172 137 121 169 40 244 86 218 120 125 84 29
    32 92 198 59 147 69 210 91 1 49 239 237 40 164 52 120 180 23 150 118
    177 31 73 56 52 151 69 173 60 27 204 42 164 71 219 8 178 135 204 206
    139 131 93 128 133 61 223 44 207 26 175 127 239 129 112 37 169 25
    194 255 32 121 37 13 34 217 154 58 19 244 36 127 242 83 119 141 188
    210 94 56 62 26 22 90 176 25 44 94 4 217 15 133 12 154 224 33 60 77
    80 34 233 41 198 108 11 139 125 161 212 169 20 46 12 28 61 235 229
    195 56 195 96 112 82 30 180 112 40 12 128 253 64 27 147 253 76 195
    136 81 82 9 40 190 23 92 22 84 243 66 64 185 60 142 44 146 13 193 73
    56 192 43 164 194 202 110 89 1 134 20 136 201 201 131 20 47 84 6 5
    12 61 109 165 205 126 129 32 192 64 30 32 96 52 8 64 189 66 27 71
    157 64 211 0 49 194 12 32 165 21 78 6 68 210 108 192 144 80 207 44
    150 197 129 139 59 4 174 36 192 207 6 64 41 134 108 42 31 189 163 56
    245 20 206 37 60 63 109 229 194 188 195 240 241 82 25 244 113 60 76
    148 124 86 89 225 157 104 195 180 119 26 137 56 252 149 94 135 84
    243 246 109 185 60 137 12 242 29 219 29 62 226 191 188 186 219 46 88
    0 206 12 136 8 93 132 17 47 214 10 142 144 52 125 133 201 117 136 40
    144 84 24 104 113 84 25 0 60 75 27 83 212 194 219 0 64 202 47 34 36
    21 106 53 23 196 116 161 22 89 52 60 143 193 239 158 16 72 40 4 71
    217 78 178 161 205 222 159 3 77 216 133 63 221 46 207 30 174 255 238
    239 242 100 35 92 138 246 32 121 47 180 120 249 218 158 51 240 36
    119 242 83 83 201 252 211 93 60 62 158 22 233 108 137 172 94 5 248
    31 148 77 152 240 33 60 93 84 34 251 122 182 237 170 126 255 151 61
    245 124 94 247 253 62 191 101 251 213 67 100 240 87 211 117 93 252
    188 47 122 218 115 235 213 44 87 186 90 120 233 116 112 93 56 47 213
    20 244 109 153 172 24 5 240 29 156 73 16 242 51 189 90 87 32 250 193
    206 142 193 232 116 170 208 56 255 34 74 130 177 115 169 8 233 189
    239 72 197 46 248 107 87 25 34 212 7 51 19 241 1 220 97 83 253 236
    162 240 92 56 31 209 12 218 177 153 205 28 53 221 255 140 202 18 220
    49 29 68 83 0 186 129 198 14 1 168 240 162 208 40 191 34 74 200 49
    107 33 8 109 173 41 200 196 14 248 73 85 29 34 156 7 51 87 117 192
    221 105 80 249 45 34 228 116 42 60 83 128 90 177 24 221 28 37 213
    159 140 40 22 192 0 4 68 83 96 178 1 198 5 41 168 240 162 208 40 191
    34 75 192 49 73 161 9 108 141 40 192 64 14 248 77 29 29 162 140 7 35
    87 85 192 217 0 112 184 45 34 101 116 42 191 84 128 122 49 8 93 28
    36 213 133 142 40 6 192 2 132 196 83 96 182 197 202 14 129 252 244
    170 208 56 255 34 203 138 25 115 169 8 221 61 235 72 133 174 120 107
    95 29 34 221 7 51 23 117 33 220 121 83 245 173 182 208 92 42 30 211
    14 218 177 153 205 28 37 221 255 140 234 144 252 49 28 76 87 32 187
    129 206 15 1 232 88 130 192 40 187 42 74 194 49 75 161 9 73 173 41
    72 196 14 216 69 85 25 34 140 7 35 82 117 192 217 65 120 184 172 34
    228 116 42 61 215 194 112 177 24 217 20 37 213 199 142 42 22 192 16
    36 68 83 64 186 62 36 105 138 2 29 5 37 70 70 61 20 89 54 189 102
    194 16 1 96 192 112 192 34 92 128 132 9 34 152 25 73 160 4 69 186 10
    82 1 92 38 83 28 0 84 150 196 76 155 44 137 12 50 29 21 89 40 226 27
    184 88 198 106 240 133 206 14 65 253 122 128 210 56 159 46 79 130 25
    66 169 1 125 189 43 68 198 172 120 35 119 25 34 156 7 3 87 116 210
    216 65 114 237 110 163 209 52 42 55 155 2 112 241 0 217 54 52 221
    227 142 138 19 12 32 14 196 17 4 186 135 206 14 65 253 122 216 146
    56 159 46 79 138 89 66 169 9 93 189 171 68 134 172 120 43 87 27 34
    220 3 35 87 118 243 216 65 118 229 238 161 209 52 42 63 217 2 248
    241 72 217 30 5 221 231 142 10 147 0 52 15 68 21 4 190 54 36 105 138
    2 21 5 37 70 70 25 20 89 38 157 68 194 16 1 96 192 112 128 34 92 128
    128 9 34 152 25 73 160 4 69 186 8 82 1 92 38 83 28 8 84 150 196 78
    155 44 137 12 50 25 21 89 8 226 27 184 88 198 106 240 193 207 138 65
    224 80 130 193 42 131 47 202 130 177 67 169 13 129 60 143 14 133 38
    192 99 87 25 42 133 14 2 18 248 37 72 203 82 37 206 128 211 124 56
    62 153 78 216 180 201 137 22 53 217 91 132 234 145 88 32 60 68 81 16
    185 149 201 138 215 165 64 216 178 30 155 21 219 130 203 67 10 105
    210 36 171 15 142 230 50 43 31 179 106 209 11 50 59 210 50 61 242 83
    125 235 116 113 108 185 63 154 20 249 188 137 173 94 133 216 10 156
    73 144 240 49 29 92 21 32 187 133 206 14 1 152 80 161 208 40 191 32
