<?xml version="1.0"?>
<opencv_storage>
<ImageFile>"320.jpg"</ImageFile>
<Features type_id="opencv-matrix">
  <rows>396</rows>
  <cols>64</cols>
  <dt>u</dt>
  <data>
    61 180 109 138 23 63 5 63 247 84 252 48 125 63 189 69 243 246 67 112
    113 82 209 180 216 45 204 24 121 216 92 233 156 108 211 190 202 80
    129 124 62 159 28 167 84 183 228 76 155 172 137 12 242 29 219 89 56
    242 59 188 90 214 46 216 198 35 131 211 208 130 202 131 2 11 2 82
    130 194 130 16 74 69 44 7 70 45 194 67 14 146 51 47 146 40 18 8 22
    167 92 155 32 124 79 20 193 96 32 73 139 12 121 183 81 164 24 20 129
    18 188 171 16 120 48 29 76 85 49 187 61 53 109 138 23 63 5 127 231
    68 220 48 125 63 189 68 243 244 67 116 113 114 145 182 88 40 132 25
    120 220 88 233 156 108 195 190 74 82 1 124 60 23 28 135 84 52 228 78
    155 44 137 12 242 29 153 89 56 242 59 188 90 214 46 216 147 16 89 23
    29 128 25 232 198 167 241 48 165 139 128 82 110 214 5 97 138 162 172
    44 12 153 227 43 82 9 113 127 112 164 60 223 66 253 33 214 16 194 41
    11 130 8 72 21 11 173 82 5 104 26 164 105 128 48 41 88 92 22 32 183
    255 254 237 254 63 127 93 11 253 118 253 186 63 255 252 254 155 183
    124 123 191 255 216 63 95 255 243 63 123 251 127 239 131 238 215 127
    235 253 251 127 46 255 237 253 215 159 245 107 215 231 151 205 238
    61 254 189 120 246 249 255 255 222 191 158 5 34 196 1 217 177 171
    124 16 187 194 117 192 79 129 1 8 77 129 66 225 37 202 249 8 56 144
    166 88 4 33 79 95 0 213 170 85 184 233 20 124 84 26 14 197 33 243
    107 26 236 24 5 240 29 220 65 6 226 151 181 200 151 32 126 255 253
    254 214 119 15 95 11 255 231 189 250 191 234 246 95 243 247 60 247
    31 255 243 111 247 199 243 127 83 121 252 45 194 47 54 223 194 125
    243 255 82 203 237 107 155 30 221 31 197 166 18 13 104 58 189 111 24
    182 113 63 125 92 186 187 19 19 0 4 223 130 10 18 194 2 145 66 234
    65 0 17 100 197 6 212 194 38 129 71 142 146 236 14 18 28 225 96 82
    44 12 158 74 40 1 198 208 64 24 15 193 104 128 79 16 164 16 1 96 24
    156 65 16 50 51 157 88 23 32 185 120 253 255 222 54 127 125 255 223
    254 125 153 127 188 191 222 255 215 114 111 182 253 231 183 253 255
    247 254 107 249 246 235 215 44 53 254 222 125 248 125 120 223 253 47
    255 52 245 111 159 172 27 135 240 29 156 93 88 242 123 249 123 87 40
    250 19 213 8 158 15 79 92 7 23 100 61 197 28 108 100 246 165 82 4
    179 134 40 161 43 125 134 162 91 19 59 221 109 243 180 53 154 194 98
    202 247 83 219 77 106 148 22 229 111 129 164 82 5 168 24 148 73 153
    179 58 185 25 70 34 169 19 213 8 158 15 79 88 7 23 100 61 133 28 76
    36 255 229 82 4 179 134 40 161 43 108 134 162 91 19 59 221 101 243
    180 53 154 130 98 202 247 19 203 77 107 150 22 229 111 129 164 82 5
    168 24 148 73 153 179 58 185 25 70 34 169 83 16 24 54 77 130 90 8 66
    34 149 32 160 66 0 18 116 131 16 150 203 35 67 7 128 194 232 79 2 41
    193 98 139 188 128 53 43 8 226 67 64 200 5 201 209 89 163 79 147 238
    8 67 244 57 88 211 83 51 183 177 56 178 240 75 124 25 246 213 55 167
    89 118 22 237 85 211 159 232 178 94 254 215 113 103 206 45 194 115
    15 202 242 127 82 8 244 107 215 39 52 186 82 120 251 116 80 92 185
    47 217 20 241 111 153 172 24 5 240 28 156 73 16 242 51 191 88 87 33
    250 196 114 97 161 252 176 171 216 140 123 226 126 193 3 209 97 98
    205 31 100 73 161 142 88 12 220 59 175 150 15 35 159 112 165 220 219
    80 247 45 151 133 64 66 30 67 142 216 17 12 29 20 33 73 246 140 235
    192 92 145 12 204 7 48 181 55 242 81 231 253 184 143 88 238 59 130
    123 237 91 192 81 114 231 29 56 201 32 138 124 164 220 107 47 158 43
    97 127 87 229 220 27 96 249 45 151 197 64 74 29 65 137 252 19 132 85
    16 32 109 160 143 235 64 30 150 142 208 15 52 52 114 49 179 86 22 71
    89 63 198 132 87 53 49 194 145 118 126 214 66 87 30 175 193 135 152
    170 230 13 82 184 244 168 66 47 37 190 143 58 67 85 153 192 149 202
    170 100 169 110 169 38 219 203 112 26 20 65 65 50 123 251 57 6 161
    251 51 21 201 147 255 149 155 56 222 127 22 119 189 74 178 85 242
    247 1 114 204 39 195 118 12 170 244 47 82 24 113 43 215 44 85 190 82
    120 233 116 80 92 24 14 209 20 241 79 153 172 24 5 240 29 156 65 16
    242 51 189 88 87 32 250 59 53 125 158 55 143 95 59 247 68 213 48 61
    122 52 86 246 151 66 246 247 122 209 247 216 42 228 93 114 248 221
    233 222 44 4 190 202 88 209 125 218 223 29 15 208 52 229 78 153 174
    153 15 112 29 157 73 56 243 115 189 120 86 42 217 132 206 142 9 0 88
    164 199 41 178 42 140 80 181 111 170 137 8 161 233 68 192 124 144 85
    5 28 128 193 134 58 82 245 16 67 168 80 50 169 160 246 62 56 54 84
    214 70 224 153 40 44 5 209 29 129 8 150 192 3 180 72 82 66 250 230
    76 235 154 18 68 5 207 135 230 41 152 19 170 182 206 139 84 32 43
    154 130 254 43 93 199 151 43 19 152 26 75 193 166 54 186 2 124 99
    246 34 106 36 233 158 20 117 170 81 172 122 20 0 24 180 14 152 48 97
    121 93 84 40 250 0 0 16 2 9 192 160 69 18 152 134 69 160 4 137 1 110
    128 1 193 193 32 203 91 37 24 32 14 86 5 161 102 95 36 125 154 82
    186 233 86 209 84 48 46 194 4 51 111 153 108 24 5 240 29 156 73 18
    242 51 173 80 23 32 250 12 174 239 232 42 189 165 119 53 254 198 145
    221 49 185 70 200 221 195 107 244 117 218 243 89 56 132 150 108 213
    57 203 223 96 85 168 87 122 233 116 252 93 122 46 85 165 83 107 153
    172 24 5 242 29 157 76 22 242 51 189 91 87 32 250 124 39 239 152 18
    87 39 119 225 198 124 144 93 179 191 78 235 213 99 102 81 225 197
    183 221 201 164 141 99 156 48 168 210 38 85 186 90 120 69 116 52 94
    56 47 85 148 69 110 153 172 24 5 240 29 156 73 16 242 51 189 88 86
    32 250 136 206 142 8 32 95 164 199 57 240 46 206 26 181 127 170 137
    56 33 235 20 212 124 179 81 79 149 2 101 134 26 82 245 16 67 104 83
    74 232 168 114 63 56 55 212 118 119 232 153 232 30 5 209 29 145 12
    19 193 33 180 80 83 2 250 253 54 247 182 125 39 171 254 214 252 208
    115 111 203 147 87 250 213 227 99 241 37 195 127 142 170 248 143 90
    72 113 239 87 36 20 190 86 120 97 116 88 76 58 14 193 17 209 79 152
    172 24 5 240 28 156 73 16 242 51 157 88 87 32 250 255 50 247 183 127
    55 153 254 246 252 212 115 47 219 147 87 250 215 99 99 241 39 199
    119 142 171 240 15 90 88 113 239 215 36 20 190 86 120 233 116 112 92
    58 14 209 4 209 111 153 172 24 5 240 28 156 73 16 242 51 157 88 87
    32 250 57 51 84 103 209 232 34 48 120 17 70 117 164 95 200 49 126
    163 137 212 109 40 3 212 160 56 64 141 238 2 224 161 158 103 81 182
    117 19 77 92 221 213 26 134 65 225 239 6 168 53 201 40 240 132 138
    225 54 242 23 165 72 39 165 88 253 253 247 215 255 231 255 251 255
    253 253 251 191 254 246 93 251 215 127 103 254 47 210 127 255 255
    247 63 90 91 118 191 215 39 117 191 210 125 249 117 113 92 185 47
    221 20 253 127 157 172 24 5 240 29 156 73 16 246 115 191 88 87 32
    250 125 181 253 152 50 23 61 103 99 198 117 144 95 178 182 90 250
    212 33 101 0 245 192 179 205 139 180 25 67 8 116 41 214 36 20 186 66
    120 129 116 114 219 56 47 212 20 229 110 153 172 24 5 240 29 156 73
    16 242 51 189 88 86 34 251 124 47 247 252 50 103 33 247 229 196 235
    181 93 255 187 110 243 213 99 102 127 175 215 183 95 234 166 141 114
    140 58 168 242 38 69 190 82 120 209 124 60 92 56 46 93 180 225 110
    153 172 24 5 240 29 156 73 16 242 51 189 88 70 32 250 59 222 118 237
    191 189 173 89 189 125 250 121 173 125 233 245 243 244 39 120 240 82
    158 121 102 173 97 59 255 95 125 255 117 228 220 26 82 247 185 183
    55 87 74 31 76 135 220 145 136 117 86 36 110 135 135 109 152 210 170
    142 214 15 36 180 74 143 154 251 98 219 246 135 123 240 47 132 150
    246 107 250 111 147 57 239 199 61 87 83 211 79 176 172 98 226 190 98
    183 7 65 176 123 90 252 104 240 93 124 100 245 158 247 111 157 232 8
    71 246 13 153 201 19 251 51 181 89 123 81 234 56 177 159 222 34 87
    121 55 211 150 85 148 87 242 55 74 255 210 96 111 246 61 193 215 153
    123 182 220 65 192 244 232 215 44 5 190 223 120 232 125 120 221 181
