<?xml version="1.0"?>
<opencv_storage>
<ImageFile>"322.jpg"</ImageFile>
<Features type_id="opencv-matrix">
  <rows>179</rows>
  <cols>64</cols>
  <dt>u</dt>
  <data>
    124 189 255 221 122 255 243 255 255 244 223 189 255 254 255 238 243
    181 123 110 255 127 215 247 255 106 228 159 105 221 126 234 255 45
    71 190 218 123 249 252 218 95 92 38 213 255 225 111 157 172 139 13
    242 29 157 73 48 246 123 189 91 94 46 217 124 255 255 221 126 255
    243 255 255 244 255 189 127 254 255 238 243 245 123 126 253 127 215
    183 255 106 228 159 109 221 126 235 239 44 71 190 218 123 249 252
    250 95 92 62 213 247 225 111 157 172 143 13 242 29 157 89 48 246 123
    189 91 94 42 249 43 206 108 138 135 221 133 25 175 84 46 202 157 61
    124 237 195 244 68 40 16 82 152 96 121 181 5 56 191 218 95 41 148
    100 211 218 194 83 169 58 183 223 108 189 20 214 116 4 145 61 150 12
    26 5 135 29 56 224 40 60 211 223 46 249 43 206 108 138 135 221 133
    25 175 84 46 202 157 61 124 237 195 244 68 40 16 82 152 96 121 181 5
    56 191 218 95 41 148 100 211 218 194 83 169 58 183 223 108 189 20
    214 116 4 145 61 150 12 26 5 135 29 56 224 40 60 211 223 46 249 188
    221 125 220 54 127 125 127 181 198 253 152 95 253 252 239 189 252
    118 111 54 250 244 51 125 255 167 88 125 247 124 249 242 124 246 206
    194 114 240 255 62 191 253 191 246 190 245 110 143 173 214 13 106 29
    151 93 185 246 121 255 123 222 43 187 205 41 231 113 64 99 225 246
    208 188 214 21 82 245 147 202 107 73 251 111 111 141 238 147 15 107
    30 134 193 133 50 206 127 35 37 251 30 182 125 92 216 116 184 118 75
    41 11 226 93 44 111 213 209 126 20 64 197 236 97 251 76 37 145 254
    70 33 201 176 80 66 34 110 196 34 209 48 65 130 144 66 74 68 1 68
    131 1 228 19 12 137 136 13 82 136 48 72 85 36 20 187 66 112 5 86 144
    192 16 10 67 28 65 78 27 44 90 0 97 24 148 8 128 226 43 152 72 22 32
    243 253 187 255 245 116 247 251 254 248 157 214 253 239 91 147 105
    250 237 251 111 245 125 230 247 173 106 230 247 124 69 118 235 255
    67 189 255 255 249 249 253 221 125 187 54 241 161 211 111 190 190
    175 255 240 189 156 85 118 190 127 207 251 159 237 255 35 7 108 138
    2 23 5 7 166 68 20 0 29 63 61 68 228 242 65 228 80 114 144 34 88 160
    132 8 178 152 88 105 208 44 66 186 66 80 1 88 54 83 28 15 84 20 196
    76 145 44 152 12 50 25 157 73 56 242 35 188 88 86 42 249 35 7 108
    138 7 31 5 55 166 70 60 0 29 63 61 68 212 246 65 244 80 82 144 38 88
    160 140 8 185 152 88 105 244 44 82 186 74 80 1 120 54 91 28 15 84
    182 196 76 147 44 153 12 50 29 157 89 56 242 59 188 88 214 42 249
    158 16 218 247 191 161 250 184 28 251 210 127 191 74 131 118 116 223
    241 219 237 47 203 123 45 218 242 247 94 119 247 239 95 187 61 53
    247 253 249 119 121 76 231 111 227 5 251 123 191 254 24 37 244 188
    156 97 87 179 247 251 255 63 161 254 252 57 255 253 50 127 251 255
    221 252 255 191 95 190 251 238 243 221 123 111 125 181 230 183 93
    235 180 159 91 223 126 235 247 36 117 250 214 122 233 252 218 93 125
    46 247 54 225 110 159 172 27 5 242 29 157 77 16 242 59 253 91 86 34
    250 254 254 255 207 254 255 223 187 255 223 63 251 255 126 254 253
    251 247 252 191 245 93 63 253 255 255 127 127 255 251 255 255 215
    253 223 215 254 255 255 255 247 93 239 63 253 30 253 127 237 255 156
    255 255 231 159 255 126 223 246 47 255 221 60 190 252 185 255 253 50
    127 251 255 221 254 255 189 95 190 187 238 251 213 115 111 253 181
    230 179 93 235 180 191 83 221 62 235 247 36 117 250 214 123 233 244
    242 93 125 46 215 22 225 110 159 172 27 5 240 29 156 73 16 242 59
    253 89 86 34 250 44 174 239 168 58 127 177 119 245 252 214 245 93 60
    187 230 154 252 227 107 245 119 210 247 89 40 148 150 108 213 127
    235 207 72 71 176 255 122 233 124 252 93 123 167 213 181 247 107 187
    172 137 15 242 29 156 93 54 242 55 189 251 223 108 250 61 178 247
    246 60 183 185 126 244 252 214 113 111 123 147 85 250 213 227 107
    245 47 206 255 142 170 228 151 94 73 113 239 215 36 84 190 118 120
    233 116 121 92 58 14 209 33 209 111 185 172 24 5 240 29 156 73 20
    242 55 157 90 87 32 254 58 191 253 222 63 127 21 63 247 124 222 181
    63 254 62 94 255 247 99 243 245 119 211 247 219 255 244 95 122 216
    253 235 223 44 87 190 222 120 249 124 124 93 127 47 213 52 245 111
    185 172 153 13 242 29 156 89 48 242 115 189 91 223 44 250 61 186 247
    97 189 241 227 124 248 185 214 125 237 87 137 65 250 205 235 59 245
    111 207 253 165 122 84 183 126 71 97 206 95 202 253 52 125 187 249
    53 253 117 251 38 69 225 123 115 186 254 173 107 246 189 222 93 38
    246 215 207 234 159 229 94 252 253 255 255 55 127 253 255 253 219
    253 255 127 254 255 254 187 212 126 111 63 222 165 63 111 255 247
    187 223 127 126 190 250 127 125 223 214 119 250 183 251 254 251 126
    190 191 95 188 205 187 118 247 217 247 167 238 209 253 104 111 125
    108 147 183 118 33 217 150 3 130 94 15 198 160 21 48 49 226 146 82
    122 147 32 19 139 175 195 7 156 211 246 15 2 168 213 104 7 44 5 190
    2 120 227 94 32 72 165 105 133 28 165 111 145 172 24 5 48 24 60 67
    16 114 51 185 56 21 32 234 207 206 239 233 255 255 255 219 189 255
    236 203 207 253 126 173 233 253 63 111 236 135 190 121 111 223 63 38
    221 7 58 191 241 39 94 251 82 119 237 246 251 222 56 63 221 223 252
    177 137 173 30 5 217 95 143 73 144 244 35 188 92 87 34 185 120 53
    253 222 50 7 85 55 215 68 213 176 127 242 182 78 254 146 98 247 23
    189 195 167 216 42 228 28 99 220 220 41 206 46 36 190 202 120 211
    124 112 219 181 47 216 52 197 78 145 164 137 79 112 24 25 73 56 242
    123 249 121 118 34 251 122 190 255 158 63 127 29 63 247 124 86 181
    63 254 62 94 255 247 99 243 245 119 211 247 219 235 244 95 122 216
    255 235 207 44 71 190 223 120 233 125 124 93 127 47 213 52 245 111
    185 172 153 13 242 29 156 89 56 242 115 189 123 87 44 250 207 206
    239 233 253 254 247 219 189 255 236 203 207 253 126 173 233 253 63
    111 236 135 190 121 111 223 61 38 221 7 58 191 243 39 94 251 82 119
    237 244 251 94 56 63 221 95 252 241 137 173 30 5 217 95 143 73 16
    244 51 189 92 87 34 185 189 236 255 223 59 93 213 239 255 244 189
    189 127 190 255 254 251 148 114 43 151 250 239 46 125 167 182 27 127
    203 95 127 245 230 37 254 210 243 251 254 242 223 237 54 190 182 117
    106 153 172 255 13 188 31 181 76 184 242 232 125 217 76 35 255 118
    33 153 150 2 2 94 15 198 160 21 48 49 226 146 82 122 19 32 3 139 175
    195 7 156 146 244 13 2 168 149 104 135 44 5 190 10 88 227 94 48 73
    37 107 133 28 165 111 145 172 25 5 48 24 28 67 16 114 51 185 24 21
    32 234 175 50 239 241 255 177 235 216 188 127 194 123 235 91 176 69
    226 253 47 115 239 47 138 123 6 170 162 167 222 9 49 255 119 166 222
    186 82 121 249 247 216 100 90 78 193 1 217 83 152 188 24 5 240 189
    156 73 16 242 179 159 216 23 36 248 220 25 215 213 50 135 248 115 22
    253 85 215 223 224 178 90 254 221 97 103 206 45 194 115 79 218 182
    110 80 12 54 107 215 38 117 186 82 120 233 116 80 92 184 47 217 20
    245 111 153 172 24 5 240 29 156 73 16 242 51 189 88 87 32 250 188
    254 119 253 56 125 253 255 189 254 234 157 95 253 253 239 235 220
    239 107 252 232 252 187 77 255 167 178 125 71 59 255 243 98 117 122
    86 254 249 246 254 126 250 62 222 167 87 235 137 173 126 21 248 31
    143 77 144 240 99 191 223 86 35 182 248 249 254 223 55 127 253 255
    255 159 253 255 127 252 255 238 187 212 126 111 63 222 165 191 111
    127 247 59 223 111 254 190 250 127 125 223 214 119 250 247 187 254
    249 126 190 191 127 188 205 187 118 247 201 191 167 110 209 253 105
    111 125 108 147 181 13 142 230 237 185 253 165 126 61 253 234 201
    139 125 235 173 139 252 233 107 244 109 238 123 79 239 0 182 125 69
    49 207 255 226 93 48 117 242 249 180 127 60 122 39 212 135 215 107
    184 252 28 5 244 29 157 73 22 210 183 173 218 87 33 254 41 39 237
    154 18 31 33 119 241 254 6 148 93 191 190 70 202 212 3 97 208 117
