<?xml version="1.0"?>
<opencv_storage>
<ImageFile>"324.jpg"</ImageFile>
<Features type_id="opencv-matrix">
  <rows>212</rows>
  <cols>64</cols>
  <dt>u</dt>
  <data>
    106 77 233 186 3 111 37 75 245 94 78 133 59 236 252 254 219 56 227
    100 116 214 145 55 95 253 21 129 235 210 126 137 128 6 67 176 165 70
    221 104 110 245 20 225 93 87 102 236 255 36 187 156 203 29 239 20 61
    224 111 185 27 222 27 242 222 43 131 245 122 162 122 199 68 171 83
    18 211 192 147 90 56 221 59 103 206 141 194 91 14 202 190 175 66 165
    54 238 87 181 84 187 91 124 229 86 104 108 177 106 219 28 131 255
    221 172 24 211 241 125 156 203 80 250 51 189 92 87 48 242 60 188 237
    172 54 127 185 127 245 252 214 181 125 62 187 230 250 220 67 99 245
    114 208 119 93 168 164 153 122 216 125 235 215 36 85 186 214 122 233
    124 248 93 60 46 212 23 245 111 153 172 24 13 242 29 157 73 16 242
    51 189 91 87 32 250 60 38 237 168 54 127 177 127 245 252 214 181 125
    62 187 198 250 212 67 99 245 112 208 119 93 168 164 155 122 220 61
    235 215 36 85 186 86 122 233 124 248 93 56 46 212 21 241 111 153 172
    24 5 240 29 156 73 16 242 51 189 90 87 32 250 61 50 101 32 223 177
    161 126 244 60 210 117 109 91 129 65 242 252 195 112 241 2 137 253
    14 40 108 131 222 76 97 239 125 40 212 190 127 48 41 116 220 84 26
    14 192 33 194 77 184 60 24 1 240 28 156 73 22 178 55 156 90 23 36
    248 47 167 245 170 18 117 165 7 117 220 108 145 29 63 189 220 235
    254 161 96 241 112 212 51 89 141 33 145 127 208 56 233 213 100 87
    178 115 80 185 124 118 95 56 47 84 149 87 110 153 172 28 13 242 29
    157 77 24 242 35 188 90 87 40 250 60 53 253 158 18 71 21 111 247 196
    223 52 125 126 187 86 251 214 67 98 245 112 209 167 220 168 228 25
    98 216 220 233 215 44 69 190 218 122 201 124 48 93 29 46 212 52 229
    110 155 172 153 13 242 29 156 73 56 242 59 185 88 87 42 250 238 221
    238 252 39 61 93 131 61 223 121 202 159 234 118 223 181 251 116 255
    127 254 176 123 127 223 183 123 219 247 254 177 194 120 222 235 251
    125 250 249 122 255 253 125 247 87 247 127 221 175 24 71 234 29 159
    93 155 247 115 191 127 251 168 187 60 53 253 158 50 197 21 127 247
    196 93 180 125 62 189 118 251 214 67 98 245 112 209 183 217 172 228
    25 106 216 252 233 222 44 69 190 218 122 201 124 48 93 61 46 212 52
    229 110 155 172 153 13 242 29 156 89 56 242 59 185 89 87 42 250 46
    50 101 160 20 180 43 120 196 78 210 48 201 9 145 69 210 204 67 96
    240 96 192 117 12 168 164 141 82 28 49 201 84 36 214 186 90 120 1 84
    108 64 16 143 80 1 192 79 154 172 24 1 112 29 156 89 0 242 51 156 88
    87 32 242 22 49 216 150 18 134 24 71 70 192 21 52 20 194 146 82 122
    210 0 103 131 33 227 3 156 130 228 77 2 172 144 104 199 36 20 190 66
    120 195 84 16 72 49 10 208 20 161 110 153 172 24 5 112 24 148 73 16
    114 51 185 88 86 32 251 45 174 231 139 216 221 163 253 253 253 10
    127 157 63 251 229 203 245 201 42 220 65 222 120 123 253 24 39 254
    75 59 95 245 224 95 48 116 243 237 60 245 85 74 54 85 134 124 241
    185 44 28 45 247 157 141 73 22 228 167 172 202 79 32 254 54 33 216
    150 18 2 24 71 70 194 149 52 112 130 144 82 122 146 0 195 131 32 193
    7 156 130 224 9 2 172 148 104 198 36 20 186 66 120 193 84 16 72 53
    11 144 20 161 110 153 172 24 5 112 24 148 73 16 114 51 185 88 86 32
    251 68 33 80 144 17 130 34 68 6 98 130 54 144 2 162 83 98 213 1 100
    201 161 195 114 12 136 168 13 82 12 49 105 87 36 20 186 82 120 1 84
    80 64 24 14 192 4 225 79 153 44 24 5 240 28 156 73 16 242 51 188 88
    22 32 250 4 33 112 36 17 130 34 76 66 0 130 55 224 2 131 83 234 149
    3 68 193 33 195 82 4 152 248 13 82 12 33 104 87 36 84 186 82 120 1
    84 80 64 24 14 193 20 193 79 153 172 24 5 240 28 156 73 16 242 51
    189 88 87 32 250 122 189 255 254 55 63 93 127 247 252 213 247 255
    254 182 94 250 213 99 115 247 63 195 119 223 250 246 191 90 220 118
    235 215 44 85 190 90 120 249 116 120 93 57 47 213 53 245 111 153 172
    24 5 240 29 156 73 16 242 51 189 88 87 32 250 179 23 16 130 223 130
    131 8 230 65 3 66 175 91 32 21 118 247 44 52 66 39 147 100 198 210
    121 111 150 26 192 41 22 37 94 158 66 112 111 68 69 80 8 11 193 12
    253 7 144 164 24 4 240 16 156 107 16 114 50 29 88 85 48 120 7 4 8 34
    29 160 130 12 32 2 132 100 32 11 1 5 72 40 3 208 225 34 81 117 68 24
    128 13 82 4 33 65 221 44 85 186 83 56 9 92 120 80 24 139 208 81 178
    79 25 172 24 1 240 29 216 65 16 242 51 180 24 83 32 74 45 246 236 40
    63 253 181 89 61 252 140 233 252 61 172 77 235 252 163 241 245 102
    91 127 117 63 65 183 126 87 121 231 223 96 87 186 243 248 249 60 125
    93 122 175 212 81 247 107 185 252 24 13 240 29 156 77 62 242 247 189
    218 223 44 218 51 22 81 131 223 146 131 8 230 65 2 98 175 91 32 21
    118 247 45 52 192 7 155 101 70 208 121 47 150 8 65 41 23 37 92 154
    66 120 45 84 101 80 8 15 193 8 244 5 144 188 24 4 240 16 158 75 16
    114 50 157 88 87 52 248 46 228 109 168 30 159 31 75 226 98 189 242
    253 38 180 85 235 213 35 113 193 116 80 119 76 221 185 47 82 30 49
    105 215 36 85 186 90 120 169 116 112 94 56 47 213 20 244 111 153 172
    24 5 240 29 156 73 16 242 51 189 88 87 32 250 185 223 246 205 239
    125 241 255 189 84 198 207 95 125 127 237 255 252 235 102 116 95 182
    247 123 127 85 248 253 214 126 175 223 107 83 252 215 114 248 109
    253 29 122 183 221 243 255 238 188 157 207 13 242 31 155 77 57 244
    127 191 242 207 14 219 46 228 105 168 30 159 31 75 226 66 189 242
    253 38 164 85 235 213 35 113 193 52 80 119 76 221 185 47 82 28 49
    105 215 36 85 186 90 120 169 116 112 94 56 47 213 20 244 111 153 172
    24 5 240 29 156 73 16 242 51 189 88 87 32 250 45 174 108 169 31 253
    161 253 189 252 206 253 201 63 235 229 137 124 195 56 241 82 94 248
    113 125 24 178 125 87 59 199 221 200 219 32 245 218 169 56 125 21
    122 182 84 227 118 97 186 124 173 12 214 133 218 28 62 192 175 172
    195 219 108 94 179 220 222 142 254 15 93 55 55 69 61 216 31 174 116
    220 255 246 124 37 18 218 180 33 58 229 173 90 191 89 220 125 240
    101 60 219 194 85 19 222 23 203 76 63 140 30 220 140 133 165 86 140
    46 10 135 207 152 118 104 28 93 12 2 185 39 54 65 162 223 176 131 8
    230 123 146 113 173 11 160 85 98 247 1 48 193 35 139 125 68 144 104
    15 18 8 97 111 87 164 212 186 114 120 41 84 68 68 10 9 193 0 240 79
    152 172 24 4 240 29 156 73 16 50 51 188 88 87 32 122 124 50 241 49
    216 162 35 124 192 42 194 52 225 130 131 83 242 197 131 68 233 129
    79 156 142 136 236 141 194 12 97 168 109 4 85 191 16 50 5 84 136 64
    16 14 64 97 131 212 152 44 24 0 96 28 28 65 128 176 3 152 12 6 32
    112 174 180 233 160 223 191 55 79 228 103 237 114 255 110 182 85 235
    213 39 97 225 37 242 119 78 223 185 175 210 28 49 233 215 36 86 186
    82 120 169 244 120 94 56 47 213 21 245 79 153 172 24 5 240 29 156 73
    16 242 51 189 88 87 32 250 62 33 109 168 18 53 61 111 228 70 213 20
    93 36 189 70 242 212 67 96 48 112 192 50 28 136 164 153 82 156 60
    233 80 36 21 186 66 114 1 84 48 195 28 14 84 132 196 78 155 44 16 4
    98 29 151 89 24 226 59 152 89 6 42 240 1 5 45 152 2 13 21 55 167 70
    21 128 29 45 61 6 132 56 64 160 144 114 208 163 88 32 132 88 40 144
    29 73 222 24 67 40 138 72 128 72 52 155 29 135 52 116 229 78 19 168
    137 15 50 25 89 29 57 99 59 184 48 194 74 227 13 55 61 0 32 53 41
    114 32 6 195 4 64 5 153 3 132 232 195 96 48 96 64 210 140 56 164 200
    64 4 240 129 92 16 213 170 8 40 0 73 60 0 24 134 100 224 194 78 26
    172 40 67 112 29 28 65 20 195 19 148 72 147 96 242 124 50 243 35 220
    161 171 252 196 46 210 55 229 194 147 81 242 197 67 68 233 135 143
    157 142 168 236 141 210 12 113 190 109 45 93 191 80 54 5 84 152 64
    18 14 65 101 136 213 152 44 24 1 240 28 156 65 128 176 35 152 92 6
    32 240 53 53 245 158 18 133 29 79 167 228 33 146 157 235 182 86 235
    244 33 99 138 164 210 115 92 159 181 41 82 8 113 105 215 36 85 186
    66 120 225 124 112 88 56 47 213 20 245 111 153 172 24 5 240 29 156
