<?xml version="1.0"?>
<opencv_storage>
<ImageFile>"327.jpg"</ImageFile>
<Features type_id="opencv-matrix">
  <rows>357</rows>
  <cols>64</cols>
  <dt>u</dt>
  <data>
    57 220 252 206 43 253 245 55 191 220 94 205 29 127 124 220 255 254
    225 43 244 118 210 247 249 127 117 122 125 211 255 235 223 96 83 180
    247 88 248 124 125 221 126 167 213 180 247 111 185 172 153 13 242 13
    158 93 62 242 127 189 211 223 44 250 56 222 252 238 47 253 245 63
    191 220 94 205 31 125 124 221 255 254 225 107 244 118 210 119 121
    255 245 126 125 211 255 235 223 104 83 180 247 90 248 124 125 221
    126 167 213 181 247 111 185 172 153 13 242 29 158 93 58 242 127 189
    211 223 44 250 60 254 255 249 58 255 247 119 125 253 78 221 223 124
    253 206 255 249 251 107 245 125 218 243 249 127 53 246 109 215 255
    239 215 82 115 36 247 249 249 124 125 29 255 39 245 181 119 111 191
    236 169 79 242 29 154 93 62 214 123 239 219 255 109 254 45 239 239
    253 63 255 255 123 253 221 222 253 255 125 252 205 137 253 251 123
    245 127 210 247 125 127 23 183 125 215 127 235 223 122 223 176 255
    121 249 61 125 253 255 239 213 181 247 107 191 190 137 79 243 29 158
    28 63 214 127 255 251 255 173 222 123 222 239 207 239 223 223 57 255
    255 29 218 191 63 126 206 157 247 120 187 188 119 219 125 121 247
    189 62 127 251 95 111 223 253 215 49 222 217 254 123 116 221 109 175
    151 188 253 59 159 202 153 15 247 237 222 254 120 255 250 253 251
    221 56 254 63 254 255 239 255 253 223 57 255 253 222 249 255 127 253
    221 255 247 250 187 245 127 219 127 253 255 247 255 127 251 255 239
    223 236 223 182 254 249 249 127 125 93 239 111 213 181 253 111 191
    254 153 15 246 181 158 93 62 246 247 191 251 223 172 222 213 57 211
    247 252 32 248 242 82 185 113 123 230 195 130 91 102 199 188 71 79
    173 167 90 174 154 243 235 210 41 226 63 115 167 60 251 55 253 119
    215 209 106 155 90 235 12 201 151 200 183 114 247 104 186 188 235
    209 57 49 75 92 52 177 189 69 38 243 53 216 164 171 244 192 174 195
    53 192 195 147 66 42 77 3 98 203 169 198 155 12 138 166 143 80 12 33
    79 119 37 20 187 16 176 65 86 80 64 25 142 225 0 137 95 25 44 88 1
    240 28 156 65 128 114 51 153 72 6 32 240 59 254 255 207 255 255 223
    57 255 253 223 255 255 127 252 221 255 247 122 187 245 127 219 127
    253 255 247 127 127 251 223 239 159 237 223 182 254 121 251 127 125
    221 239 239 213 181 253 111 191 190 153 15 246 181 158 95 124 246
    246 191 251 223 172 222 222 59 211 247 48 96 248 238 90 185 241 251
    103 194 147 218 122 198 188 79 15 173 231 158 175 139 242 187 199
    109 182 190 115 167 60 251 126 253 243 213 209 106 243 94 235 5 203
    62 207 175 127 247 120 190 181 105 196 249 49 91 93 52 177 191 109
    142 239 169 202 127 163 247 189 252 206 141 91 188 251 236 137 125
    251 106 244 85 222 185 127 109 28 166 253 215 59 207 253 67 83 105
    117 242 237 60 252 53 126 54 93 183 119 225 189 44 175 188 211 125
    156 28 126 204 47 173 203 223 14 254 99 207 164 217 238 221 199 17
    47 69 15 206 157 125 125 141 237 245 104 102 222 125 18 99 87 247 19
    124 189 146 30 1 214 119 83 8 194 104 254 104 52 61 56 175 85 220
    253 39 149 140 152 13 178 93 158 75 57 214 114 189 80 95 8 250 0 2 4
    129 200 149 130 112 38 21 2 70 128 25 17 1 68 197 73 36 192 5 138
    241 8 32 12 44 52 0 17 3 85 36 81 8 80 72 13 0 213 16 24 6 65 128
    208 5 152 12 24 1 240 25 156 73 0 82 18 148 64 87 36 248 251 253 251
    255 119 79 221 139 255 197 61 251 63 254 246 255 255 247 60 127 7
    191 181 55 255 223 243 63 255 123 254 61 178 239 60 223 226 119 251
    253 83 223 253 121 187 30 253 62 197 183 86 221 104 166 183 239 217
    246 120 127 127 124 179 185 92 237 255 93 34 223 252 167 187 245 15
    205 222 245 127 238 157 171 250 175 191 125 94 251 251 119 215 246
    109 247 222 230 143 219 227 69 255 207 254 43 125 189 239 245 191
    252 127 187 255 218 175 255 191 229 122 254 127 207 222 231 243 249
    221 206 47 228 105 171 191 156 159 73 175 111 137 248 189 47 252 93
    139 117 34 48 196 114 218 109 117 213 51 63 31 123 61 79 151 196 223
    26 226 249 249 63 36 222 108 233 215 148 244 51 147 252 24 5 166 149
    254 61 24 162 250 189 219 223 56 182 60 55 117 168 54 61 37 123 229
    70 249 48 125 60 188 87 243 252 67 96 241 114 208 246 220 188 165
    153 122 212 125 233 196 36 87 190 211 120 129 124 124 93 60 175 212
    53 246 78 153 172 152 13 242 29 156 89 24 242 51 188 90 215 40 250
    193 2 6 81 200 146 162 240 40 187 2 3 192 209 1 3 4 41 237 130 216
    165 14 216 2 112 157 230 136 7 35 86 123 18 66 33 17 168 36 34 252
    36 10 150 81 224 2 209 56 73 40 49 213 93 136 138 23 201 151 149 64
    114 65 104 123 179 235 245 254 182 251 104 212 247 213 250 239 249
    145 94 122 245 123 127 254 111 210 127 62 250 190 191 86 177 113 235
    199 175 135 191 222 57 255 127 120 104 177 237 209 57 177 63 159 172
    153 73 241 125 156 211 113 254 115 159 250 215 185 254 193 6 6 17
    200 146 162 144 48 187 0 7 130 209 3 3 4 41 141 130 200 165 14 216 2
    58 152 198 200 7 35 86 123 16 64 33 81 136 36 160 216 36 10 134 209
    97 130 65 57 72 24 1 213 93 200 200 23 201 151 148 64 114 64 105 178
    185 251 246 62 44 217 51 214 69 85 255 231 210 150 93 126 199 118 99
    39 45 227 87 174 154 247 235 214 187 214 237 135 175 190 222 238 61
    251 119 217 216 179 217 201 16 189 175 211 180 137 203 248 182 62
    113 117 178 112 123 250 53 253 255 252 253 255 253 126 255 253 255
    253 255 253 255 223 254 255 254 251 221 127 111 255 255 246 191 255
    255 183 191 95 255 118 255 247 39 117 255 214 125 251 255 122 125
    253 127 255 63 255 127 157 172 94 215 248 63 156 77 209 254 115 255
    255 127 163 254 133 158 231 117 252 180 251 208 184 255 195 75 194
    89 144 9 136 205 63 107 206 45 238 121 47 219 23 39 84 7 51 95 215
    243 220 27 82 249 249 55 209 124 106 95 209 8 217 51 152 221 28 37
    245 253 156 105 17 210 179 143 216 87 37 254 178 187 211 247 52 34
    217 170 222 149 85 251 167 210 146 90 118 199 252 31 7 47 195 87 169
    154 246 127 86 168 198 174 135 173 54 246 255 25 235 245 193 93 179
    241 169 0 185 111 251 190 169 203 244 162 184 243 100 243 118 91 120
    53 181 223 193 15 167 85 108 39 249 250 144 255 195 71 195 193 19 3
    32 77 251 111 254 173 66 219 15 250 182 166 80 4 50 79 95 51 124 57
    80 188 228 69 208 100 186 174 235 40 201 251 24 168 56 215 209 126
    156 72 81 250 51 159 76 23 1 250 213 53 144 116 244 34 122 242 66 0
    245 50 230 193 134 24 126 139 54 214 111 173 1 214 134 123 247 248
    192 38 226 32 202 63 133 223 137 40 90 93 56 168 177 215 241 121 183
    14 186 166 1 195 96 122 90 65 103 187 81 147 60 243 229 74 179 221
    125 223 182 157 93 57 239 71 61 218 191 121 116 94 255 247 100 119
    30 116 211 103 253 247 245 124 59 186 214 41 214 108 87 158 202 121
    250 125 118 223 61 47 149 20 245 47 147 172 16 13 248 29 158 93 56
    246 50 189 89 215 40 250 5 0 177 16 8 132 11 68 130 46 3 4 209 97 19
    2 108 73 2 98 192 35 66 75 28 128 164 78 0 140 49 74 71 48 69 170 16
    40 97 72 96 64 16 139 193 80 161 79 153 172 24 1 240 24 28 65 0 114
    19 185 88 87 32 250 210 41 138 23 3 66 216 135 82 131 21 250 50 226
    2 26 29 3 48 151 15 191 231 7 186 83 246 47 3 185 134 34 135 62 36
    247 27 13 106 88 112 232 165 105 155 92 177 174 87 234 26 195 245 8
    112 242 211 115 112 113 61 49 209 234 242 1 138 118 3 2 88 15 150
    163 21 240 51 202 38 94 56 18 52 215 135 191 227 7 50 147 242 47 67
    185 196 96 135 190 38 214 171 12 114 94 64 234 165 105 155 93 177
    110 83 170 154 193 116 0 116 242 25 51 240 123 57 49 145 203 1 2 80
    34 217 160 34 88 64 8 66 117 160 15 128 1 98 69 133 64 193 0 137 104
    4 136 40 5 146 8 33 77 84 165 28 146 33 242 5 148 65 64 26 2 64 1
    104 81 8 52 88 36 100 130 140 41 0 32 35 128 8 7 32 48 5 34 65 162
    216 160 34 88 64 32 2 55 128 7 128 1 66 69 129 64 201 0 138 72 14
    136 8 1 146 8 33 13 80 5 92 154 1 242 5 22 1 64 24 2 64 8 104 145 0
