<?xml version="1.0"?>
<opencv_storage>
<ImageFile>"328.jpg"</ImageFile>
<Features type_id="opencv-matrix">
  <rows>349</rows>
  <cols>64</cols>
  <dt>u</dt>
  <data>
    124 191 255 254 62 255 245 119 255 253 222 249 255 254 190 222 251
    255 251 171 245 127 219 247 249 127 247 247 127 223 255 239 207 106
    119 180 255 216 251 125 124 125 255 103 245 53 247 111 191 236 137
    79 242 29 152 93 63 247 119 255 251 255 173 222 40 206 238 248 47
    253 253 55 61 254 76 205 157 61 125 143 157 252 225 235 244 119 218
    123 121 127 23 246 125 211 127 231 223 210 251 32 247 200 248 43 124
    189 254 47 215 181 119 107 191 216 184 13 246 13 158 92 63 215 255
    255 211 251 13 254 62 33 235 244 22 97 249 127 212 138 247 181 115
    130 145 226 122 212 67 75 131 42 228 23 13 139 166 137 82 136 48 250
    117 46 36 190 94 60 65 212 216 64 177 14 194 36 1 110 155 44 127 129
    240 28 180 72 128 242 35 217 89 22 32 255 123 221 254 222 111 223
    223 35 255 245 29 202 191 127 124 94 255 243 120 191 246 127 211 119
    249 119 247 126 127 251 223 235 151 108 67 180 219 89 250 121 116
    223 253 111 245 52 245 111 159 174 153 15 246 29 152 223 57 247 115
    191 251 255 172 250 251 185 223 247 255 179 219 184 254 255 213 251
    175 91 130 93 246 215 56 123 238 111 195 127 173 218 242 63 126 105
    247 111 215 37 148 191 86 121 249 119 112 92 251 47 241 20 209 127
    157 174 24 5 240 189 156 73 80 246 51 191 88 87 36 255 126 183 253
    254 126 191 95 123 247 126 215 176 253 126 188 87 251 245 99 115 245
    119 211 119 221 254 246 63 122 220 253 235 199 44 71 190 218 120 249
    125 124 93 125 175 213 116 245 111 157 172 152 13 242 29 156 89 56
    246 115 189 123 215 40 250 51 50 96 35 223 160 131 24 214 59 210 119
    173 11 131 85 114 231 3 208 225 3 139 124 132 168 104 47 222 29 225
    239 109 172 94 191 126 56 45 116 201 68 18 142 193 97 154 85 184 60
    24 1 240 156 156 65 18 242 183 156 218 23 32 124 15 32 236 52 61 176
    59 88 180 191 193 114 200 73 128 71 128 237 3 243 225 103 82 127 4
    186 166 247 80 53 33 226 87 56 134 174 90 56 225 117 88 74 56 143
    209 113 147 79 57 174 24 1 240 29 156 65 16 242 51 157 120 215 32
    251 62 177 113 118 54 236 89 66 194 4 209 244 111 66 148 82 126 198
    7 233 167 46 65 215 189 158 247 203 66 190 241 236 70 44 47 158 202
    56 233 95 89 200 177 235 194 112 183 111 169 164 0 66 232 20 62 65
    16 242 83 251 120 23 96 186 189 246 125 138 63 125 55 121 255 124
    254 243 109 63 252 213 251 244 231 96 245 114 185 118 125 253 241 59
    255 91 127 237 216 100 214 254 214 112 185 125 124 223 122 191 212
    177 244 77 137 181 157 12 232 29 143 77 56 246 119 189 218 223 44
    250 210 139 139 215 238 144 218 33 74 163 21 206 146 80 18 24 60 131
    56 159 142 45 67 205 171 82 190 126 6 185 151 38 135 189 73 5 222 13
    234 99 81 120 225 108 179 28 185 59 215 202 9 195 181 225 56 243 71
    83 146 83 112 113 208 239 54 49 113 118 54 236 89 66 194 4 209 244
    103 66 148 82 126 198 7 227 167 46 65 215 172 154 247 203 66 190 241
    236 7 44 47 158 202 56 233 95 73 200 177 235 194 112 183 111 185 164
    0 67 224 20 62 65 16 179 83 219 120 55 96 250 242 145 138 246 55 2
    93 10 198 131 149 240 63 202 36 94 60 23 54 215 6 63 225 103 164 211
    243 127 82 184 196 40 134 62 38 222 170 44 114 93 96 235 181 105 187
    92 181 110 83 170 146 195 104 16 116 115 25 51 112 91 57 181 177 203
    189 246 125 138 63 125 55 121 255 124 252 251 109 63 252 213 251 244
    231 96 245 114 185 118 125 253 241 59 255 91 127 237 216 100 214 254
    214 112 185 125 126 223 122 191 212 177 244 77 137 181 156 12 232 29
    143 77 56 246 119 189 218 223 44 250 17 18 20 195 232 148 130 0 42
    85 2 71 140 113 17 17 116 227 128 162 196 37 10 224 138 82 48 110
    172 10 211 71 151 96 83 48 80 88 235 76 101 20 8 6 197 0 249 71 152
    140 8 1 182 9 152 75 38 82 18 165 80 87 36 122 250 81 248 246 55 34
    93 10 134 131 245 240 47 202 52 95 60 247 54 215 34 62 224 103 164
    147 243 127 82 184 244 169 2 60 182 222 234 109 114 213 64 202 181
    105 179 29 181 46 83 166 18 195 104 16 116 113 25 179 113 219 57 181
    177 171 77 36 231 53 248 224 187 100 16 189 211 53 208 163 131 66 40
    73 3 98 233 1 198 153 12 40 172 167 64 13 49 111 117 52 69 186 95 56
    233 126 88 76 25 14 193 49 203 107 153 172 24 5 240 28 156 73 16 242
    51 185 88 23 32 254 5 2 4 129 204 148 131 48 46 93 2 71 140 121 17 1
    100 231 201 32 192 37 138 112 8 112 28 102 188 8 17 71 87 96 83 32
    80 88 45 4 101 20 10 6 69 128 216 71 152 140 24 1 246 9 152 75 34 82
    18 149 64 87 36 250 63 188 254 253 63 245 251 53 222 255 213 253 255
    90 153 92 189 223 114 251 247 47 199 127 237 251 247 255 94 127 245
    239 215 188 85 190 255 249 248 119 120 92 251 111 245 53 247 111 187
    238 24 71 244 29 156 73 18 243 243 191 250 119 160 254 207 206 238
    221 239 149 223 193 61 255 53 203 159 121 55 77 137 253 122 235 220
    119 210 121 125 255 181 118 92 247 55 127 215 48 87 40 210 121 232
    123 112 92 121 175 213 20 245 123 153 172 24 5 240 29 156 73 16 242
    51 189 90 87 40 250 16 23 147 215 236 132 136 49 2 255 3 71 130 68
    19 17 124 195 96 130 214 45 66 203 138 82 242 110 0 0 243 103 71 48
    93 52 88 104 234 97 112 76 32 174 197 16 177 127 152 172 24 67 240
    25 28 65 7 115 19 183 88 119 32 234 66 205 138 219 201 202 194 7 15
    97 14 204 178 230 110 172 15 19 56 134 134 61 219 107 115 86 18 38 3
    139 27 71 135 135 107 17 1 207 254 10 163 181 196 97 29 30 125 163
    213 64 177 252 151 65 225 170 91 76 232 33 1 105 147 79 20 19 145
    149 136 132 136 53 2 254 2 7 128 64 19 17 124 203 192 130 220 45 66
    203 136 26 182 110 0 0 225 103 71 48 85 32 24 40 234 100 96 68 16
    142 197 16 177 111 152 172 24 1 240 28 28 65 7 114 19 181 88 87 32
    234 194 0 138 33 201 194 130 132 8 43 0 14 144 128 3 160 73 17 57 64
    200 129 238 8 14 193 24 39 195 1 51 78 101 165 29 107 50 229 45 2 32
    64 64 8 85 28 8 145 93 76 26 4 197 121 148 162 208 104 161 56 76 22
    48 244 198 0 138 33 205 208 130 132 28 187 42 14 128 4 11 161 73 77
    57 0 200 131 174 8 6 193 56 39 146 9 35 86 101 161 221 105 114 165
    45 50 96 68 66 24 85 28 24 145 25 76 26 32 213 245 140 227 144 104
    161 60 204 23 48 180 1 1 16 22 1 0 8 74 2 0 33 64 32 1 128 18 102 2
    4 69 2 40 160 2 12 146 161 9 18 40 0 41 18 4 48 154 0 8 2 196 128
    194 56 65 160 16 192 14 1 160 48 4 32 24 164 65 17 114 48 56 8 20 33
    169 19 17 16 182 29 128 26 8 2 32 145 35 164 64 0 17 100 215 0 210
    195 44 193 99 132 138 224 79 18 44 161 97 23 36 20 186 66 104 65 85
    64 72 24 11 192 20 193 79 153 166 24 5 112 24 156 73 16 50 51 189 24
    87 32 232 126 185 255 213 126 183 219 251 222 255 213 255 255 98 179
    92 250 213 122 99 247 61 195 255 173 250 246 255 82 255 247 255 215
    44 93 191 222 125 251 119 120 92 241 110 247 52 209 111 155 174 24
    71 240 29 156 73 16 243 115 191 120 87 33 254 251 255 253 223 246
    191 223 249 255 213 253 250 255 121 254 92 255 247 126 111 127 117
    211 118 253 247 253 127 127 126 214 41 215 100 213 222 218 121 249
    125 118 223 185 63 245 28 245 47 159 172 153 15 240 29 158 93 120
    246 115 189 121 223 44 250 197 174 207 137 216 87 163 244 57 254 0
    142 153 191 191 203 139 117 249 40 216 209 94 168 73 225 24 50 189
    73 27 79 213 64 213 99 16 241 61 54 116 54 106 55 21 132 116 241 21
    44 60 52 151 89 142 142 24 108 40 12 204 213 98 247 69 142 199 139
    200 213 131 244 41 255 10 142 152 55 187 169 139 117 169 40 216 193
    94 168 73 225 24 38 173 11 27 95 245 195 85 35 16 209 45 46 52 52
    104 54 21 140 120 177 21 76 60 52 151 75 140 142 152 108 0 12 204 69
    32 246 163 221 238 199 175 157 213 25 255 213 61 203 191 125 116 77
    149 247 100 187 214 127 211 119 113 246 21 54 126 251 87 99 159 108
    219 16 218 89 250 57 117 125 106 175 149 116 245 107 185 158 152 13
    244 5 220 93 57 242 118 191 243 223 172 218 194 74 19 151 200 66 142
    131 66 171 42 67 2 194 192 178 111 3 188 7 14 141 45 11 142 215 59
