<?xml version="1.0"?>
<opencv_storage>
<ImageFile>"329.jpg"</ImageFile>
<Features type_id="opencv-matrix">
  <rows>355</rows>
  <cols>64</cols>
  <dt>u</dt>
  <data>
    45 254 239 249 63 253 253 121 189 254 220 249 221 125 253 207 155
    252 227 107 244 126 218 255 125 255 183 183 125 215 127 239 223 202
    255 56 247 249 249 63 124 253 255 175 215 245 119 107 187 252 184 13
    246 29 158 92 60 246 255 255 251 223 45 254 62 33 235 240 22 115 249
    239 212 138 210 52 115 194 147 226 122 212 67 75 135 43 230 151 13
    139 166 137 66 140 48 234 101 46 37 186 94 118 65 212 216 100 177 14
    66 37 1 238 155 44 95 193 240 29 148 80 128 242 43 249 73 22 32 243
    94 33 203 246 48 98 248 239 208 170 243 53 99 194 147 242 107 196 35
    75 7 168 229 151 141 139 166 137 67 172 32 250 112 38 36 186 94 52
    65 212 216 96 177 78 202 5 1 238 91 172 127 211 240 28 52 72 128 242
    43 217 76 22 33 243 2 2 8 130 175 208 130 0 20 122 22 68 137 28 49 1
    8 85 1 144 192 48 138 89 36 144 16 7 22 11 17 67 23 160 211 32 122
    88 105 2 64 84 66 12 69 132 244 107 24 124 24 0 180 1 222 17 16 98
    178 157 64 19 36 250 253 187 247 247 255 183 251 248 254 189 214 127
    239 123 146 93 242 213 251 107 253 47 195 255 174 250 246 191 126 77
    119 239 223 101 60 191 86 121 249 117 89 92 251 30 233 33 217 127
    185 188 24 5 240 188 156 73 80 246 51 159 216 23 32 254 71 6 145 49
    200 128 162 64 2 59 2 71 128 65 131 17 102 207 129 66 200 37 74 89
    196 154 184 239 2 0 33 70 87 162 85 48 113 184 109 102 96 68 8 142
    193 0 177 67 152 172 24 1 244 28 156 73 20 242 19 181 88 87 32 250
    171 206 238 237 239 253 223 225 61 255 125 203 159 121 127 12 173
    253 56 107 252 119 210 121 125 255 183 118 92 119 55 127 215 240 93
    40 210 121 248 123 112 92 105 175 213 20 245 123 153 140 24 5 240 29
    156 73 16 242 51 189 210 95 40 254 42 18 72 163 255 176 147 24 254
    59 150 115 169 26 32 85 112 245 3 144 192 23 155 124 36 152 104 39
    222 121 37 238 31 172 222 54 126 121 169 119 72 85 66 13 193 69 144
    81 184 254 24 5 246 149 220 121 16 242 183 188 218 31 36 92 69 36
    199 37 248 224 187 116 16 189 210 53 192 163 131 98 42 73 3 98 233 1
    206 153 12 40 172 167 64 13 51 111 85 37 21 186 86 48 105 94 120 68
    24 14 193 0 235 123 25 172 24 5 240 28 156 73 16 242 51 157 72 7 32
    254 43 143 238 217 63 189 213 51 189 223 150 203 255 125 124 77 137
    245 99 187 245 119 211 247 113 118 149 54 124 223 23 227 207 104 211
    176 222 120 249 57 124 125 122 175 213 116 247 107 185 172 152 13
    242 29 216 92 62 243 119 191 251 219 44 218 131 150 1 3 220 152 131
    192 106 29 34 71 192 17 64 49 98 229 5 32 192 4 8 88 70 148 61 43
    150 10 3 87 87 164 93 154 112 56 169 6 229 84 8 159 193 64 252 81
    136 189 16 1 240 21 140 65 16 112 18 52 64 87 32 184 54 49 241 118
    54 172 89 67 198 4 85 244 231 66 148 82 126 199 70 227 167 46 65 199
    188 154 246 207 66 190 245 232 7 46 39 158 202 56 235 95 89 200 177
    235 195 112 181 111 153 164 129 67 224 20 60 65 16 178 115 251 120
    23 32 250 183 220 106 207 255 92 221 137 191 213 189 250 191 127 230
    253 243 246 60 59 15 218 190 108 119 215 123 59 255 123 94 63 176
    237 62 219 242 117 251 247 83 223 108 121 154 30 220 180 197 189 86
    37 216 163 165 111 152 244 96 62 221 93 50 185 131 214 1 3 252 152
    131 192 106 31 34 71 192 17 64 49 98 229 13 32 192 4 24 88 70 212 61
    43 150 10 3 87 87 164 93 154 80 56 173 6 229 84 8 159 193 64 252 81
    136 189 16 4 240 21 142 65 16 112 18 52 68 87 32 184 13 164 238 125
    55 177 249 122 176 190 245 250 202 57 129 74 136 253 35 251 245 119
    194 251 45 59 183 246 92 101 37 251 223 56 132 170 223 57 224 125
    248 94 59 47 243 113 211 107 187 174 24 7 240 29 220 76 18 243 63
    221 248 211 96 251 189 246 125 170 63 61 55 120 247 92 236 115 109
    127 236 213 251 244 199 96 241 98 177 118 124 253 113 59 255 91 123
    233 216 100 212 190 198 112 185 125 124 223 58 175 212 17 244 77 128
    181 24 12 232 29 143 77 56 182 51 189 218 215 44 250 54 49 241 118
    54 140 89 66 194 4 87 116 231 66 148 82 126 199 102 227 135 46 65
    199 172 154 246 207 66 190 212 236 7 46 39 158 202 56 235 87 89 216
    177 235 201 112 181 111 145 164 129 67 224 16 60 65 16 51 83 251 120
    55 32 250 57 255 125 72 54 157 157 81 239 86 175 202 221 61 124 221
    221 244 102 185 54 118 80 247 245 119 117 120 45 254 220 161 142 92
    203 140 202 56 250 41 61 159 63 165 183 240 116 110 178 179 160 78
    170 5 235 28 61 211 82 231 243 251 236 26 221 186 255 117 252 247
    250 244 184 189 214 223 206 81 155 73 254 205 251 107 253 109 206
    249 171 123 191 246 124 71 247 254 223 241 253 53 247 189 252 119
    121 92 235 62 253 165 251 115 189 220 24 103 245 253 156 205 87 255
    247 191 250 119 53 254 189 246 125 174 191 125 55 120 255 92 204 251
    109 127 252 213 251 244 231 96 245 114 145 118 117 253 113 59 255 91
    127 233 216 100 215 190 194 112 249 125 125 223 122 191 213 49 244
    109 136 181 24 12 232 29 143 77 56 182 119 191 218 223 44 186 215 17
    208 246 61 160 123 72 18 105 209 115 166 74 128 83 118 215 4 67 203
    45 226 123 140 154 242 111 82 41 225 111 87 165 60 187 118 120 225
    245 65 72 187 75 235 21 217 95 137 166 24 5 224 30 156 73 16 178 51
    155 88 23 33 251 199 0 138 1 201 192 130 128 10 131 3 78 146 128 35
    32 73 1 60 151 73 133 47 72 2 85 57 46 128 14 130 18 84 37 77 203 82
    37 109 66 112 64 40 56 213 92 184 181 25 140 16 37 209 91 196 235
    144 120 32 53 12 81 16 170 151 17 208 246 61 160 123 88 18 233 209
    115 166 74 128 83 118 215 36 83 207 45 226 123 140 154 242 111 82 41
    229 111 87 165 60 187 119 124 225 245 81 72 187 75 235 21 217 95 137
    166 24 5 224 28 156 73 16 178 51 155 88 23 161 254 194 1 139 129 194
    64 0 228 8 3 19 94 211 128 18 2 73 85 37 101 10 133 226 0 14 215 189
    41 130 142 50 8 84 36 85 219 74 109 77 82 48 64 52 41 213 28 252 180
    27 140 16 5 208 27 148 105 16 112 49 57 76 23 32 250 199 41 138 3
    201 66 130 128 10 131 162 110 162 194 3 41 73 33 53 214 75 133 47 0
    2 87 25 43 128 14 130 18 120 15 69 203 26 5 111 2 32 64 32 9 85 88
    56 180 89 12 16 36 145 91 64 227 144 56 0 53 12 81 112 8 35 150 64
    34 157 180 161 24 244 92 2 117 169 91 128 21 106 246 133 32 224 38
    153 119 100 152 36 3 94 90 97 79 199 100 223 176 119 56 105 52 73 84
    26 143 192 65 240 79 184 60 24 0 240 4 142 65 18 242 55 157 90 87 36
    250 47 246 109 170 63 61 165 88 181 92 236 241 45 59 236 229 194 244
    133 56 240 82 152 116 100 188 1 17 255 90 121 233 156 96 222 176 119
    82 57 181 255 223 26 151 84 131 244 77 184 53 156 12 250 5 207 13 60
    182 39 140 218 223 46 217 62 50 113 160 158 189 32 73 231 64 218 52
    253 54 249 113 242 178 67 240 225 112 25 117 244 136 100 217 46 252
    253 224 52 236 207 158 104 122 129 214 143 213 84 8 68 199 230 79
    160 53 129 12 34 21 75 89 44 50 154 164 26 138 110 64 199 105 130 3
    217 64 130 128 74 3 42 110 162 198 195 169 75 33 53 214 11 133 47 4
    2 87 25 41 130 14 130 18 120 7 69 203 0 5 111 214 32 64 32 57 85 88
    60 180 89 44 16 52 145 219 64 227 144 56 0 52 12 81 112 40 58 249
    253 222 50 159 93 35 199 198 125 208 95 242 252 94 246 210 96 235
    151 124 209 231 253 134 231 93 38 248 220 232 134 108 46 158 206 124
    210 223 54 219 245 109 182 150 213 110 215 172 129 203 42 17 55 93
    72 243 122 249 123 92 106 255 57 117 221 222 34 15 117 55 115 68 125
    177 61 243 190 94 246 146 192 108 55 248 209 167 217 42 226 216 107
    208 220 233 154 38 32 182 143 74 146 253 154 155 157 199 48 183 231
    78 147 34 235 78 32 28 27 77 61 243 123 250 59 102 175 201 62 183
    109 184 54 127 53 127 245 214 223 180 93 62 189 230 251 212 67 102
    117 114 208 55 93 173 164 157 123 216 124 169 198 36 87 186 210 122
    201 124 126 93 56 175 212 150 245 110 153 172 24 13 242 29 157 73 16
    242 51 189 90 87 42 250 58 247 92 202 55 29 28 1 255 214 61 186 189
    58 124 95 247 178 100 249 85 118 17 118 209 85 245 121 103 218 244
