<?xml version="1.0"?>
<opencv_storage>
<ImageFile>"33.jpg"</ImageFile>
<Features type_id="opencv-matrix">
  <rows>358</rows>
  <cols>64</cols>
  <dt>u</dt>
  <data>
    187 222 110 237 254 253 255 177 61 127 126 219 159 121 124 237 245
    253 125 106 252 118 154 120 111 255 61 250 253 83 127 255 215 100
    223 121 215 123 249 245 255 223 122 63 213 135 254 117 157 189 28 5
    250 189 159 77 16 246 51 157 222 223 40 189 114 69 0 158 66 15 30 3
    7 70 25 2 156 236 52 22 244 147 4 228 10 180 145 34 94 212 175 76
    130 184 156 33 66 36 0 155 66 108 130 74 32 202 28 9 148 28 228 14
    133 164 16 4 42 24 149 75 25 114 49 56 92 84 2 160 60 253 255 218 62
    127 245 119 253 252 252 253 127 254 253 238 251 244 247 107 245 126
    253 247 251 127 37 183 111 223 127 255 239 110 103 254 223 122 249
    124 126 223 254 47 221 183 119 239 189 173 159 13 250 29 157 93 62
    246 127 189 219 223 42 250 225 13 239 219 64 79 199 255 173 196 15
    158 147 255 187 206 139 117 120 103 30 255 214 34 91 231 148 44 176
    136 26 9 199 7 85 250 16 88 223 92 48 125 60 167 213 28 245 174 157
    172 25 13 209 29 156 74 56 252 113 61 88 85 41 250 248 255 255 221
    118 223 223 255 223 221 223 221 95 252 255 238 255 213 250 47 246
    127 246 247 255 247 191 190 111 219 94 251 199 111 231 255 222 127
    254 125 126 93 231 190 191 174 245 110 191 189 143 219 250 61 159 95
    109 254 122 123 251 221 111 254 121 189 255 221 54 255 249 127 253
    253 220 221 223 189 63 238 255 253 251 43 244 127 246 247 249 107
    180 182 125 213 127 239 223 104 55 252 222 121 248 125 126 223 255
    47 255 52 245 111 191 168 143 143 242 29 156 93 124 246 123 255 251
    223 46 255 60 255 255 218 54 127 245 127 253 220 254 253 127 190 253
    239 251 244 251 107 245 87 253 247 251 111 37 151 127 223 126 235
    239 110 87 190 222 122 249 124 254 95 126 175 213 246 117 239 189
    172 158 13 242 29 159 93 60 246 107 189 219 223 42 251 120 255 255
    89 118 255 215 251 255 221 254 253 255 253 253 238 255 245 251 191
    245 127 87 247 249 127 245 182 109 223 222 250 207 106 199 252 222
    59 255 125 126 93 255 191 213 247 247 111 191 255 143 203 250 189
    219 93 110 247 223 255 251 251 236 222 121 141 239 223 38 223 209 55
    255 253 84 221 95 189 63 238 253 213 248 43 244 117 246 247 121 115
    148 54 109 219 94 235 223 104 113 112 222 89 250 120 116 157 239 39
    149 180 245 111 191 168 143 141 240 29 156 93 125 246 123 253 219
    221 14 255 122 6 206 223 175 213 30 53 63 255 88 137 156 252 59 70
    237 211 97 234 220 117 194 123 89 95 177 126 120 211 183 111 215 36
    85 184 83 120 249 116 116 93 120 47 213 148 245 111 153 172 24 5 242
    29 156 73 16 242 51 189 89 87 32 250 187 220 124 223 191 253 221 57
    255 247 189 250 191 127 124 253 255 246 100 251 244 114 243 118 253
    255 241 123 127 123 255 251 215 108 86 254 218 123 249 253 118 223
    125 47 212 22 245 111 153 173 24 13 250 29 159 77 24 242 115 189 91
    95 42 251 212 239 115 253 216 76 175 193 43 101 41 254 215 231 223
    248 227 197 189 102 79 173 46 8 222 223 187 107 131 42 59 31 179 135
    93 219 16 247 255 246 135 126 136 82 253 30 205 149 205 173 80 117
    211 215 133 107 192 252 1 45 92 70 51 189 125 255 255 125 58 255 253
    247 249 253 220 253 255 245 223 234 251 237 251 107 255 125 127 255
    255 127 247 247 109 87 255 239 223 83 101 190 223 253 249 125 125
    125 251 183 255 177 255 111 191 254 173 255 242 189 28 77 110 255
    215 239 251 255 237 254 58 206 206 255 239 245 222 161 61 255 122
    207 158 125 121 108 253 219 109 171 244 117 222 123 89 95 179 118 92
    211 191 255 215 96 93 48 247 120 248 124 116 92 122 47 213 20 247
    127 153 237 24 5 246 29 156 73 18 242 51 189 90 95 32 254 125 252
    254 221 63 255 251 255 127 252 220 189 125 252 191 238 251 220 219
    43 253 121 239 191 253 107 226 214 121 223 255 239 255 97 117 190
    214 251 249 125 122 93 255 46 247 183 231 111 191 174 95 13 240 29
    156 77 94 246 255 255 219 79 35 255 124 252 254 221 63 255 251 255
    125 252 252 189 125 252 191 238 251 220 251 43 253 249 239 191 253
    111 226 182 121 95 255 239 255 32 117 254 214 251 249 117 122 93 255
    46 247 183 231 111 191 172 95 13 242 29 156 77 158 246 255 255 219
    94 35 254 252 59 243 245 252 226 250 254 90 185 211 123 231 194 147
    218 250 205 251 111 239 173 231 159 142 219 242 255 214 45 247 254
    119 167 124 255 124 245 249 119 249 76 243 94 235 13 219 127 204 190
    92 243 240 190 156 105 196 254 19 219 92 39 177 183 252 59 243 245
    252 226 250 254 90 185 211 123 231 194 147 218 250 205 251 111 239
    173 231 159 142 203 242 255 214 45 247 254 119 167 124 255 124 245
    249 119 249 76 243 94 235 13 219 127 204 190 92 243 240 190 156 105
    196 254 19 219 92 39 177 183 30 221 184 252 47 221 220 3 63 241 95
    207 158 126 124 94 189 155 96 187 183 124 210 123 249 86 243 254 108
    247 223 231 135 248 99 36 255 203 250 123 121 189 229 105 181 21 247
    111 187 202 137 79 246 5 248 93 63 211 246 243 243 251 201 206 109
    237 239 216 18 255 125 95 165 238 137 184 223 174 191 79 139 117 99
    111 190 119 82 51 85 247 183 53 123 88 126 73 199 6 215 186 144 124
    249 124 116 127 124 173 183 84 117 111 157 172 56 13 242 29 156 84
    56 242 115 189 91 215 43 250 65 69 80 154 1 14 37 74 35 100 41 0 16
    239 164 22 227 50 36 100 10 168 152 34 94 149 129 9 179 8 24 73 144
    7 48 154 0 192 7 78 38 226 12 195 44 24 68 140 65 36 112 52 0 26 135
    11 152 104 32 44 72 68 33 176 195 206 206 201 203 222 199 193 61 127
    14 78 154 253 126 173 139 117 60 38 76 213 154 104 127 215 25 38 190
    11 27 31 211 231 89 89 82 253 255 50 117 124 104 61 221 28 252 177
    197 141 16 52 217 247 142 171 16 252 48 61 84 93 16 186 60 175 247
    220 50 79 213 127 247 212 158 245 95 126 253 236 251 244 226 38 213
    127 208 247 123 111 132 29 124 222 94 105 223 102 71 190 214 122 219
    124 117 93 60 39 221 54 245 110 153 172 153 13 242 29 156 73 56 242
    115 189 91 95 36 250 34 196 8 138 39 93 30 5 63 198 29 140 29 60 127
    255 157 178 96 185 16 82 214 32 113 213 185 120 49 250 223 33 133 28
    211 0 202 72 234 105 50 157 100 41 149 212 244 108 151 138 154 13
    182 9 240 223 56 115 58 60 115 217 74 250 253 186 247 245 253 243
    251 252 252 189 214 127 239 123 146 109 250 253 255 127 245 47 239
    255 175 107 126 183 252 87 99 255 255 235 92 245 247 189 253 181 221
    124 251 222 233 41 251 243 188 255 157 241 241 255 158 203 118 254
    247 143 250 63 181 255 114 157 154 246 203 138 94 11 23 97 21 118
    190 238 36 92 246 147 52 215 199 45 195 99 246 214 242 79 82 187 220
    101 135 167 21 159 99 77 250 86 64 201 205 105 221 28 245 47 213 166
    24 5 228 0 188 235 17 243 115 187 24 53 179 234 5 71 85 154 0 14 5
    66 35 68 45 2 20 255 252 130 227 116 36 100 2 200 136 34 78 213 1 9
    179 10 24 9 144 70 112 154 0 208 23 78 38 178 40 35 44 158 116 132 1
    37 112 52 8 26 135 15 24 108 32 44 72 68 33 184 126 60 255 155 255
    223 95 253 111 231 31 186 191 238 191 94 251 213 121 102 223 213 219
    121 95 247 187 47 210 219 127 47 215 37 87 187 82 125 237 118 48 93
    108 47 213 28 253 183 157 172 24 37 243 253 156 235 80 254 59 189
    217 87 56 254 252 47 255 253 114 127 243 255 253 253 254 159 95 252
    251 238 251 221 251 111 124 185 230 178 93 239 190 188 249 215 62
    187 251 39 117 251 86 123 221 252 218 93 249 62 221 167 235 108 157
    172 95 5 242 31 157 77 80 252 59 253 95 86 34 250 248 58 247 231 252
    245 171 248 252 255 250 95 239 201 219 229 251 245 255 106 252 143
    158 252 207 255 191 174 222 83 115 255 103 37 95 191 86 253 237 116
    253 68 50 190 207 162 216 117 136 173 28 33 240 191 156 65 192 254
    51 189 222 87 32 182 186 253 255 255 38 255 252 183 95 255 127 221
    223 244 125 254 253 219 254 251 183 125 247 255 249 127 247 254 109
    247 255 255 239 250 249 101 255 223 250 121 251 159 247 127 191 55
    247 127 255 219 175 223 254 237 249 221 119 215 255 251 243 251 207
