<?xml version="1.0"?>
<opencv_storage>
<ImageFile>"330.jpg"</ImageFile>
<Features type_id="opencv-matrix">
  <rows>367</rows>
  <cols>64</cols>
  <dt>u</dt>
  <data>
    12 143 231 216 10 109 165 119 45 84 78 5 81 124 255 237 203 124 227
    98 246 41 222 179 95 109 20 128 253 198 58 205 213 98 83 184 16 242
    249 44 53 53 92 39 76 150 117 234 153 36 222 28 210 29 150 8 25 192
    107 173 66 79 3 250 44 143 231 248 10 125 161 247 61 212 78 133 89
    252 255 237 203 124 227 98 244 89 254 179 95 237 20 128 253 214 58
    203 213 98 83 184 80 114 249 44 53 53 92 54 93 150 117 234 153 44
    222 28 210 29 148 8 49 224 107 173 75 79 3 250 60 191 255 237 190
    253 245 125 253 221 222 253 253 127 253 205 251 253 235 106 245 119
    210 245 125 255 53 183 127 222 127 171 207 108 95 190 215 123 249
    124 125 93 122 175 213 181 247 111 189 188 153 13 242 29 158 93 48
    246 115 189 91 95 44 250 60 191 255 237 190 253 245 125 253 221 222
    253 253 127 255 205 251 253 235 106 245 119 211 247 125 255 53 183
    127 223 127 235 199 108 95 190 215 123 249 125 125 93 122 175 213
    181 247 111 189 188 153 13 242 29 158 93 52 246 115 189 91 223 44
    250 250 223 254 255 239 191 223 155 191 125 61 203 191 249 116 157
    245 247 60 255 246 47 178 127 247 223 247 126 255 115 246 255 199
    111 90 125 210 125 250 245 115 223 248 255 221 94 253 127 141 141 28
    13 248 31 159 73 17 246 115 191 82 95 136 186 250 223 254 253 239
    191 223 155 63 93 189 203 159 249 116 157 253 247 60 255 246 127 178
    123 247 223 243 126 255 115 246 183 214 127 90 125 210 125 250 241
    115 223 248 127 221 94 253 127 141 139 28 13 248 63 159 77 17 247
    115 191 114 127 152 187 45 254 239 248 63 253 253 127 253 254 220
    249 253 61 253 207 155 252 227 107 244 127 218 255 125 255 55 183
    127 215 127 239 223 202 255 58 247 249 249 63 124 253 254 175 215
    245 119 107 191 252 184 13 246 29 158 92 60 246 255 255 219 223 45
    254 60 190 255 253 62 253 253 127 253 254 222 253 253 62 253 222 251
    252 227 107 245 119 223 255 253 255 245 191 127 223 127 239 215 108
    87 190 215 120 249 124 124 93 127 47 213 181 247 111 187 172 156 13
    242 29 156 93 16 242 115 189 219 223 40 254 254 41 203 247 114 115
    250 239 216 187 241 251 115 130 147 250 59 197 63 79 15 141 231 159
    143 219 187 175 195 175 54 186 113 37 60 251 94 125 237 245 120 76
    177 127 251 13 153 188 223 174 126 215 217 62 180 74 208 252 49 89
    125 21 48 191 214 59 219 247 116 114 250 230 90 187 241 251 227 130
    147 90 58 197 60 79 15 141 231 28 143 219 187 191 211 47 54 62 115
    37 60 251 94 125 237 215 112 72 177 127 171 12 217 60 223 175 126
    247 217 254 180 234 192 253 49 91 93 21 49 191 13 174 228 233 253
    253 166 85 57 252 142 237 204 61 237 197 137 253 233 170 245 113 90
    249 113 125 25 182 124 87 59 199 223 80 223 32 241 250 249 52 117 61
    122 167 85 197 247 99 152 252 8 45 247 157 218 76 62 198 151 165 218
    219 108 90 137 142 175 253 174 181 254 209 57 255 232 203 222 113 47
    15 141 249 233 235 252 117 90 251 81 127 179 246 76 119 55 231 223
    176 83 32 251 249 248 99 124 92 106 175 247 21 247 123 153 202 24 7
    244 29 156 73 23 243 247 189 218 87 104 254 243 159 147 215 237 130
    219 154 250 253 23 79 175 217 2 29 126 215 45 99 206 45 194 119 203
    222 243 110 210 3 243 127 215 39 85 190 83 120 234 116 113 92 56 47
    217 20 253 111 153 172 24 5 240 29 156 73 17 242 51 191 88 87 32 250
    108 38 117 168 217 79 39 77 101 68 138 52 113 111 253 228 203 56 67
    100 121 241 17 180 84 125 24 141 162 158 59 129 72 4 71 186 0 114 13
    92 44 81 28 167 69 253 230 4 153 36 144 12 162 29 4 25 40 232 9 180
    10 71 40 64 44 175 238 217 62 255 229 115 189 253 142 255 223 127
    253 77 139 253 235 43 245 119 218 243 121 127 21 54 124 223 63 195
    223 98 215 186 214 120 249 60 124 125 122 167 213 244 245 107 185
    172 152 13 242 29 156 92 54 242 119 189 219 223 44 250 243 159 147
    215 237 194 219 138 90 245 23 207 174 219 2 25 126 215 44 35 206 45
    195 119 203 222 243 110 82 34 211 127 215 39 81 180 83 88 234 116 81
    92 184 111 217 20 253 111 153 172 24 5 240 29 156 73 17 242 51 191
    88 87 32 250 250 49 127 247 62 55 89 190 214 255 113 49 127 202 146
    86 118 214 95 107 120 178 165 62 140 171 230 203 211 217 245 251 98
    44 20 255 222 117 129 245 218 202 147 30 210 38 129 94 155 173 30 1
    104 28 157 81 144 242 59 220 92 22 34 181 45 174 229 73 248 253 167
    117 249 221 142 125 220 63 251 229 139 237 235 40 245 101 90 241 85
    125 28 183 108 94 27 199 223 64 87 186 208 250 253 60 125 29 122 167
    85 225 255 99 184 252 136 45 243 157 154 77 62 198 23 165 218 223
    108 218 92 186 255 245 252 245 251 244 248 191 194 255 207 113 179
    73 234 221 251 107 253 109 206 253 45 122 190 183 92 71 51 254 255
    161 93 59 119 253 253 118 248 92 122 62 211 165 219 115 189 236 24
    37 241 253 156 73 86 254 183 157 218 87 32 255 250 113 121 246 54 55
    95 184 214 127 241 18 111 200 16 86 118 214 95 127 120 178 165 62
    140 171 231 219 210 57 245 249 98 44 156 255 222 117 129 245 218 202
    147 30 210 36 128 92 155 173 30 1 104 28 159 81 144 242 51 222 124
    22 32 177 197 111 183 88 0 22 100 246 33 198 41 128 66 225 150 11
    131 104 163 103 22 237 116 131 95 103 135 208 33 4 56 1 242 18 80
    170 0 44 82 232 54 42 184 167 62 56 87 206 25 168 32 118 81 93 21 12
    153 204 65 167 92 240 65 235 246 185 243 118 86 78 217 135 198 5 85
    119 231 194 150 120 126 199 63 215 7 143 99 71 190 218 254 207 194
    186 242 236 135 175 39 223 202 60 239 86 73 216 177 203 201 120 189
    175 205 164 193 219 240 54 52 227 80 242 113 187 120 21 48 250 243
    50 211 179 220 160 169 220 194 255 64 115 167 203 147 81 106 213 37
    99 200 133 174 60 14 155 59 43 210 9 51 127 85 166 28 187 114 244 37
    86 96 64 42 31 203 0 217 209 152 172 24 5 228 158 156 105 144 176 35
    157 220 87 32 182 189 247 117 218 95 63 37 122 247 124 236 51 109
    127 228 93 251 244 231 96 245 232 185 54 78 255 241 27 251 90 123
    109 218 102 84 186 66 112 113 124 116 223 26 175 85 16 244 79 128
    165 24 12 232 29 142 77 56 244 35 191 218 215 36 248 63 190 245 246
    63 187 249 90 246 253 214 247 239 91 160 85 242 247 39 123 229 47
    193 127 229 186 225 191 94 95 241 239 223 44 84 190 126 120 233 117
    217 92 58 15 209 5 241 111 185 188 24 5 240 29 158 73 16 242 55 191
    90 87 36 251 247 50 211 179 220 160 173 220 192 239 64 115 227 195
    146 81 106 197 37 99 200 133 238 124 14 155 59 43 210 9 51 111 87
    166 28 187 80 244 37 86 96 64 40 31 203 0 217 145 24 172 24 37 224
    154 156 105 128 176 33 157 92 87 32 182 246 57 243 118 246 70 219
    135 194 5 23 118 231 210 146 120 126 199 62 215 7 143 99 71 174 218
    254 239 194 186 210 172 135 47 39 223 74 60 239 215 73 88 177 203
    201 120 185 175 221 164 137 195 240 50 60 227 80 58 113 59 120 53 52
    250 227 206 78 11 239 152 134 137 235 179 188 234 190 59 110 189 194
    179 60 177 205 71 27 108 119 199 121 63 191 27 139 54 183 237 78 23
    122 27 173 178 231 94 104 189 145 94 216 17 189 221 16 37 245 165
    201 235 16 244 180 52 208 89 58 93 189 247 117 250 255 127 37 123
    247 124 204 51 109 127 252 221 251 244 231 96 245 226 153 54 94 255
    241 27 251 90 123 233 210 102 213 186 194 112 249 124 116 223 26 191
    85 145 244 79 136 165 24 12 232 29 143 77 56 244 115 191 218 215 44
    250 197 34 231 17 216 34 43 210 32 175 130 115 194 195 130 67 226 69
    47 99 201 141 202 123 14 154 186 39 146 12 33 79 83 39 116 187 16
    252 37 214 208 96 56 14 203 8 73 209 24 44 24 21 81 62 156 73 16 248
    49 157 76 86 32 251 179 212 88 151 255 144 219 8 254 235 21 250 173
    75 32 85 244 215 52 243 204 103 195 124 228 214 243 127 82 59 247
    123 215 44 221 190 218 121 232 119 112 92 57 45 213 20 245 127 153
    174 24 5 240 29 156 73 16 243 51 189 120 87 32 250 3 144 136 3 143
    128 146 16 18 161 21 70 162 8 34 1 12 43 32 145 192 39 91 77 0 114
