<?xml version="1.0"?>
<opencv_storage>
<ImageFile>"331.jpg"</ImageFile>
<Features type_id="opencv-matrix">
  <rows>382</rows>
  <cols>64</cols>
  <dt>u</dt>
  <data>
    108 45 237 184 2 79 45 111 165 238 200 144 93 173 191 206 139 84 99
    97 188 245 208 59 93 253 183 21 75 218 62 201 211 6 117 187 16 124
    241 124 52 124 60 47 87 20 101 111 153 172 56 4 226 29 156 12 152
    226 51 189 91 87 40 242 108 13 255 152 2 79 45 103 181 238 72 147 81
    228 191 78 203 93 227 98 220 181 218 187 95 253 182 36 73 200 58 203
    195 6 85 187 20 124 225 124 112 76 60 47 87 20 101 239 153 172 24 5
    226 29 156 73 152 226 59 185 95 87 40 242 39 142 230 130 31 205 133
    7 175 229 30 220 159 127 124 205 201 117 32 35 214 119 218 99 123
    247 21 55 62 219 31 79 135 238 87 154 210 90 251 62 117 125 108 175
    213 84 245 107 153 172 152 13 246 13 156 73 56 242 114 189 218 95 40
    250 35 142 228 202 47 221 133 27 191 124 30 205 157 127 125 205 233
    245 96 50 212 119 218 103 123 247 21 54 62 219 95 111 215 108 87 176
    210 88 251 60 117 93 104 175 213 116 245 107 145 172 152 13 182 29
    156 77 56 242 114 189 218 221 40 250 250 49 247 117 255 163 123 124
    206 169 209 123 239 200 130 82 254 199 122 215 255 175 195 223 142
    122 242 255 82 60 229 174 95 45 52 191 218 57 241 87 88 72 177 47
    233 57 171 63 157 174 24 67 240 188 156 65 80 183 115 187 56 119 160
    250 58 214 109 254 191 253 223 57 255 126 255 157 189 124 125 245
    181 246 66 186 244 114 145 126 253 252 229 250 127 243 255 239 215
    252 215 52 255 123 248 121 126 221 95 47 212 183 247 111 191 175 153
    15 254 29 159 93 62 243 255 189 251 223 46 252 58 212 109 238 191
    253 223 57 255 126 255 157 253 124 125 245 245 246 66 250 244 114
    145 126 253 253 229 250 127 243 255 255 215 252 215 124 255 123 248
    125 126 221 127 47 212 183 247 111 191 175 159 15 250 29 159 93 60
    243 127 189 251 223 46 252 147 214 16 37 253 160 154 152 58 57 177
    75 174 73 2 17 100 231 60 145 200 13 170 104 166 222 249 122 158 39
    227 55 23 241 152 93 122 173 168 195 69 72 43 219 233 9 248 17 192
    211 16 39 236 226 158 235 83 31 180 7 180 21 148 30 124 41 251 220
    18 71 93 103 199 230 125 148 81 230 191 238 155 80 80 111 31 185 228
    131 221 131 166 25 67 232 28 169 226 6 37 250 130 126 211 222 50 235
    245 98 62 30 65 46 87 44 243 215 34 25 53 92 200 98 105 121 89 12
    107 243 211 214 18 37 253 160 154 152 26 57 161 75 166 73 2 17 100
    231 60 145 200 141 170 72 166 222 121 126 150 35 227 55 31 241 24 93
    114 173 44 199 65 72 11 155 233 9 248 17 192 215 16 39 236 226 156
    227 81 29 180 15 180 21 20 28 216 59 147 245 232 6 106 231 66 239 83
    22 215 192 147 90 254 213 57 103 206 141 206 27 142 202 190 239 194
    5 50 110 87 39 84 187 82 252 101 86 80 64 152 30 201 12 201 191 221
    172 24 149 241 126 156 75 80 252 49 157 92 84 17 254 216 27 147 245
    232 39 122 231 74 239 83 31 215 192 147 26 254 213 57 103 206 141
    238 155 142 202 190 238 194 5 50 111 87 39 84 123 82 253 229 86 208
    72 240 94 203 12 201 191 221 172 24 213 241 126 156 203 81 252 49
    157 92 20 17 254 45 254 237 248 62 253 253 121 189 254 252 249 221
    125 252 207 155 252 227 107 244 126 218 255 125 255 183 183 125 215
    127 239 215 202 255 58 247 249 249 63 124 255 255 175 247 245 119
    107 187 188 184 13 242 29 158 92 60 246 255 255 251 223 45 254 105
    142 231 249 223 255 163 89 61 125 142 79 157 125 121 229 195 253 217
    34 252 125 154 121 71 254 8 38 254 83 27 207 151 227 211 49 116 243
    253 38 229 53 74 6 85 143 253 243 156 92 152 44 247 253 140 235 120
    238 247 191 202 79 60 220 109 15 231 248 216 191 103 91 172 126 2 5
    219 253 185 77 202 253 41 98 254 45 218 123 94 222 134 39 80 2 49
    207 215 38 87 186 82 120 253 118 112 124 56 47 213 20 245 235 153
    172 24 5 241 29 156 73 16 242 51 189 88 87 33 250 108 206 239 253 62
    253 255 253 189 255 248 219 223 252 127 238 137 253 235 107 252 127
    218 123 93 255 183 182 93 211 63 239 215 176 87 57 246 253 249 125
    124 124 123 47 215 53 245 123 189 172 24 5 242 29 156 77 16 242 115
    189 219 87 40 254 105 142 230 241 223 255 163 88 61 117 142 79 159
    125 105 101 194 253 185 98 252 125 154 121 71 254 8 38 252 83 59 215
    151 227 83 49 113 219 253 38 229 53 74 70 77 143 253 179 156 92 152
    44 247 253 140 235 121 206 247 175 194 79 53 92 13 32 139 117 56 242
    249 190 144 186 86 245 67 2 129 130 41 140 161 11 228 33 110 219 41
    251 182 230 72 67 35 254 223 184 101 48 127 184 233 116 120 92 115
    46 215 49 51 107 185 232 58 3 244 29 156 64 22 242 183 253 218 23 32
    254 13 160 143 123 56 243 250 246 208 190 70 245 64 18 137 226 11
    204 225 11 245 33 110 155 41 123 180 166 73 67 35 254 223 128 101 48
    127 184 233 116 120 92 114 46 247 49 51 107 187 236 58 7 244 29 156
    64 22 242 183 253 219 87 96 254 92 49 187 245 120 162 250 111 80 186
    211 53 193 192 131 82 234 205 179 67 198 45 198 219 140 218 178 207
    64 37 53 234 71 18 21 187 54 252 233 85 112 108 177 110 231 5 129
    111 155 172 24 71 240 29 28 73 20 242 59 187 88 23 97 246 45 254 238
    205 63 189 215 49 189 253 214 251 255 126 124 77 240 245 99 187 245
    119 211 247 121 126 149 54 124 223 127 235 207 104 215 186 222 120
    249 125 124 93 122 47 213 116 245 111 185 172 152 13 242 29 156 93
    54 242 119 189 219 223 44 250 92 57 187 245 120 179 248 255 208 186
    211 53 195 192 147 66 170 205 179 67 198 45 198 219 142 218 178 207
    64 45 53 234 71 18 21 187 22 252 233 117 80 108 179 110 227 5 129
    111 155 172 24 199 240 29 156 73 84 242 59 251 88 23 97 246 5 142
    130 65 8 210 160 70 0 160 2 192 130 115 131 0 10 73 33 99 198 37 206
    115 77 139 0 39 20 8 1 71 183 38 85 154 80 56 233 54 225 60 56 134
    209 16 209 107 25 172 24 5 240 29 156 72 16 226 51 189 72 87 32 251
    112 57 155 215 42 199 216 103 214 244 87 213 215 210 147 90 254 215
    96 99 198 45 195 215 155 218 246 111 66 137 212 110 199 38 117 190
    86 120 235 116 112 92 177 110 249 20 177 111 153 172 25 71 240 29
    156 73 17 242 51 189 88 87 33 250 245 50 119 161 220 176 171 252 230
    255 208 123 239 139 146 81 234 197 47 99 73 129 174 60 14 219 57 43
    210 8 51 63 81 37 28 187 82 116 37 84 116 64 56 31 195 0 216 149 152
    172 24 1 240 158 140 73 144 240 33 157 92 87 32 186 247 50 119 131
    252 244 143 248 230 255 176 122 239 11 147 81 235 213 47 99 72 129
    174 124 14 223 57 43 214 10 115 59 85 36 92 187 82 116 45 86 116 64
    56 31 193 0 216 21 152 173 28 5 240 158 140 73 144 240 33 157 92 87
    32 186 13 18 117 33 248 181 163 112 184 188 194 71 196 93 153 1 226
    237 195 98 240 33 74 248 12 56 4 230 124 68 49 223 87 64 221 168 116
    186 105 36 253 20 26 6 69 161 219 67 184 60 24 33 242 157 156 73 38
    194 19 133 202 71 36 242 92 58 243 245 62 225 248 245 216 187 210 53
    199 196 155 210 251 205 235 107 239 45 238 159 141 203 166 239 78
    197 53 238 119 171 109 191 127 191 249 119 249 108 243 110 239 165
    139 123 187 236 92 195 240 28 156 73 196 242 147 251 248 39 33 246
    252 239 247 213 242 95 251 251 255 213 255 255 223 254 251 236 251
    213 126 111 31 157 182 247 255 255 191 61 237 218 94 187 242 103 119
    219 210 119 223 252 215 125 185 54 237 174 217 190 141 173 215 255
    219 63 149 79 80 252 113 63 95 77 35 248 196 11 146 85 232 131 106
    231 10 161 131 6 210 192 3 2 100 137 122 199 207 173 66 211 130 74
    186 238 0 132 162 34 79 55 69 187 88 56 230 68 112 124 48 47 233 124
    171 47 153 172 24 67 241 93 156 67 17 251 19 181 88 119 161 234 211
    13 146 86 64 70 88 34 2 133 21 198 18 192 20 26 125 195 52 135 6 175
    225 135 154 119 183 108 0 146 210 32 66 63 32 21 10 12 94 72 17 224
    165 235 139 120 61 174 193 128 81 210 44 74 16 195 65 115 112 83 112
    49 145 170 198 33 131 17 200 130 2 204 130 35 3 6 210 192 131 18 96
    1 57 70 206 165 66 67 6 194 188 111 128 136 35 2 71 39 69 171 24 40
    101 86 96 80 16 10 209 92 161 39 153 172 24 5 241 93 28 195 16 122
