<?xml version="1.0"?>
<opencv_storage>
<ImageFile>"332.jpg"</ImageFile>
<Features type_id="opencv-matrix">
  <rows>324</rows>
  <cols>64</cols>
  <dt>u</dt>
  <data>
    62 236 239 248 58 127 245 111 253 252 222 253 127 188 255 238 219
    252 227 107 245 119 254 119 125 255 149 183 127 215 127 239 135 238
    71 190 247 122 249 124 124 93 254 167 213 245 119 235 191 172 159 13
    242 29 156 92 60 246 127 253 251 223 44 254 197 134 146 101 233 240
    170 144 40 185 128 79 130 81 2 1 45 139 173 211 201 37 107 88 0 95
    89 230 148 7 163 86 223 177 88 1 113 137 236 35 65 28 42 183 225 73
    191 49 24 218 24 33 245 230 216 235 19 219 151 133 80 115 20 74 63
    245 125 222 55 157 93 27 231 102 189 184 61 106 180 95 255 246 98
    113 183 114 209 39 213 247 231 127 123 248 221 233 139 44 150 190
    194 120 243 127 54 219 125 233 180 116 245 79 147 166 152 15 98 25
    223 93 56 179 115 191 187 215 172 219 61 254 117 202 221 63 39 122
    247 124 236 249 109 127 236 221 251 246 231 32 245 96 153 118 222
    253 113 59 255 90 121 237 218 102 213 190 68 240 61 124 119 215 58
    183 85 145 116 199 128 181 20 12 232 29 143 13 56 180 103 191 218
    215 44 184 57 254 117 170 223 111 39 89 255 92 142 249 45 127 252
    221 251 246 231 112 245 114 153 118 213 253 113 57 255 90 251 233
    216 102 215 190 194 112 253 125 125 223 62 175 85 113 244 109 128
    181 152 12 234 189 143 77 56 180 103 191 218 223 44 250 254 254 250
    255 235 157 222 137 95 121 255 251 182 242 238 252 247 147 124 155
    223 175 187 92 243 95 243 123 199 255 239 246 175 253 78 87 255 215
    250 247 219 95 225 255 249 239 159 23 237 207 148 251 252 231 219
    235 87 255 244 39 126 121 187 29 210 17 138 54 23 66 92 14 198 163
    149 240 51 202 4 90 63 18 54 211 131 174 225 15 38 215 243 47 19 171
    198 104 3 190 38 222 170 44 122 95 96 232 165 105 187 89 181 110 81
    174 18 195 104 16 116 115 153 51 240 91 57 53 177 74 188 253 255 237
    255 255 251 253 253 221 254 255 255 124 255 237 251 253 255 111 117
    127 182 253 127 255 127 191 255 95 126 191 255 103 95 255 214 119
    253 245 251 221 126 62 221 183 255 247 189 189 30 13 250 191 159 77
    80 244 123 191 95 95 46 250 239 204 238 221 239 213 223 129 61 255
    61 203 155 248 63 79 137 253 56 251 220 119 210 123 125 223 147 54
    89 243 55 111 215 48 87 40 210 121 248 122 114 127 104 47 213 20 245
    123 157 172 24 5 241 29 156 73 17 242 115 189 90 87 40 250 246 59
    147 87 252 198 130 133 202 165 23 126 231 210 147 121 126 199 58 7
    207 173 79 197 142 194 252 239 130 168 195 46 167 175 71 159 90 25
    239 86 193 92 0 202 201 120 153 39 252 172 137 67 240 243 28 227 84
    126 16 63 120 85 116 251 246 187 243 119 222 198 195 199 202 37 23
    126 231 210 146 121 126 199 123 199 207 47 107 199 174 218 126 239
    134 191 210 174 135 175 71 159 90 53 239 86 201 88 128 202 201 120
    185 183 253 188 137 203 240 247 28 227 80 252 80 191 120 117 117 254
    199 59 243 117 244 162 127 218 192 175 193 251 195 195 130 91 98 197
    63 111 143 141 98 95 142 218 191 175 82 12 34 63 83 37 116 187 82 60
    229 215 80 72 56 191 203 8 217 63 136 172 24 1 96 190 156 73 16 242
    49 159 92 87 32 186 191 255 125 223 255 191 223 121 255 95 213 251
    255 123 252 93 242 245 126 123 244 119 210 119 125 254 245 63 126 91
    125 235 223 108 214 190 214 123 249 125 244 223 123 63 213 180 245
    111 157 189 24 13 242 29 159 93 56 246 115 191 218 223 46 251 142
    234 238 201 50 93 133 231 61 223 62 248 27 62 254 238 129 84 125 105
    197 82 236 48 125 207 13 35 125 203 59 91 245 102 86 250 82 115 237
    180 118 255 120 63 214 150 116 224 157 173 30 4 219 29 135 12 144
    228 35 188 89 94 34 248 250 242 255 245 124 246 255 252 236 255 241
    218 239 129 146 91 123 197 127 107 174 173 238 60 141 223 191 175 83
    11 115 255 211 37 60 251 82 125 225 247 88 74 56 191 211 24 217 61
    153 173 28 1 240 31 148 73 144 242 49 157 92 87 32 191 61 55 117 119
    216 229 235 120 224 31 194 119 229 75 145 85 250 229 231 98 247 47
    155 255 142 254 119 175 214 14 115 255 95 38 93 190 81 56 249 116
    125 68 186 143 197 97 179 111 184 172 24 65 240 29 156 65 0 242 83
    191 88 87 33 250 123 93 220 254 55 207 92 39 87 230 93 188 60 238
    172 222 191 214 16 251 143 249 227 43 185 194 226 95 123 121 221 109
    147 183 52 243 231 95 242 119 18 235 237 105 191 30 229 111 215 226
    123 199 44 8 183 239 217 183 123 251 89 44 187 231 76 34 195 161 216
    225 162 244 64 172 194 53 209 134 155 66 74 73 195 66 201 1 206 153
    12 8 140 133 64 140 49 206 117 5 69 187 20 242 77 86 56 64 16 6 69
    164 11 243 25 44 88 33 241 28 28 64 132 106 11 185 72 7 32 246 171
    221 254 222 39 79 221 139 63 213 45 203 30 253 100 255 239 246 60 47
    22 252 180 51 123 223 179 122 255 115 94 61 146 103 48 208 194 87
    250 245 83 255 252 119 185 22 253 238 197 161 86 29 248 7 183 79 57
    246 112 63 83 93 7 251 200 205 142 159 2 79 116 167 61 224 46 141 30
    180 127 238 237 154 49 231 92 129 228 50 91 77 184 72 193 130 58 49
    240 36 81 250 83 114 201 244 242 95 56 62 220 22 231 236 153 172 94
    5 248 31 149 73 144 240 41 188 92 86 34 248 7 128 138 117 237 144
    218 8 56 187 5 234 138 91 34 1 0 45 32 147 204 39 66 123 4 210 146
    39 80 41 33 66 215 184 84 162 115 56 232 55 80 60 40 109 209 80 177
    107 25 174 24 5 245 29 220 72 16 243 51 189 88 87 32 250 109 236 255
    153 218 111 119 253 249 230 207 188 85 236 255 239 235 252 91 102
    125 177 118 182 223 125 188 141 193 207 127 235 221 37 71 251 18 115
    205 124 56 221 92 46 85 255 231 108 157 44 94 5 242 29 148 73 152
    238 43 189 89 79 34 242 175 254 238 235 62 189 213 19 125 255 44 235
    255 63 254 79 217 253 239 187 245 87 91 255 113 119 21 183 124 223
    247 231 223 200 215 36 251 217 249 122 124 93 106 173 213 117 119
    235 185 252 136 13 246 29 218 92 54 246 247 189 219 219 108 250 251
    61 245 182 223 47 95 59 247 109 219 55 175 239 150 95 242 119 119
    244 253 175 147 103 222 254 254 31 218 152 234 237 75 45 70 191 139
    62 225 253 88 220 29 139 205 121 237 79 169 164 24 8 224 62 28 65
    120 182 115 185 186 214 40 232 175 222 238 239 191 189 223 17 61 255
    28 235 191 127 116 77 144 253 108 187 245 119 91 127 113 126 151 54
    124 247 119 231 223 248 223 48 251 121 248 61 124 125 106 175 213
    117 247 107 189 254 152 15 246 29 156 93 54 247 247 191 251 251 44
    250 232 207 111 169 226 127 183 245 253 223 238 143 95 181 255 238
    235 216 127 111 124 131 180 180 89 125 189 168 201 150 58 184 248 44
    71 250 83 115 205 252 250 94 56 62 213 119 210 108 153 173 30 5 248
    31 157 73 144 240 33 188 92 86 34 249 104 140 254 219 106 223 211
    181 255 245 46 142 157 190 127 238 223 179 248 171 252 247 95 182
    217 103 156 54 105 211 223 227 207 12 67 36 219 219 252 120 254 29
    100 167 149 246 247 111 191 200 137 15 246 29 153 223 63 247 123 189
    251 211 104 250 44 162 109 137 170 221 150 1 61 246 7 142 217 118
    125 68 137 25 66 162 213 117 90 224 121 84 21 180 44 223 31 194 135
    216 195 0 218 218 232 42 52 61 100 37 85 244 245 107 191 236 136 15
    183 77 88 24 30 195 90 181 99 219 104 226 58 243 92 206 38 29 30 33
    111 82 61 202 189 51 124 94 255 147 100 253 21 116 17 246 217 85 245
    248 111 250 244 176 218 60 70 190 203 88 160 113 118 95 57 61 245
    244 246 108 155 175 144 7 250 29 223 93 16 243 51 189 121 83 104 186
    116 117 245 220 0 15 92 103 99 66 41 176 86 227 180 94 247 146 98
    102 31 168 113 167 218 11 230 89 1 140 252 32 242 38 38 190 128 100
    19 220 22 202 156 203 186 62 197 206 145 36 114 214 34 24 23 73 153
    242 105 186 24 100 163 161 51 21 144 22 7 2 84 10 82 128 21 225 38
    194 4 26 102 147 32 147 198 45 193 103 128 154 226 15 82 40 128 104
    151 38 48 178 115 72 234 117 80 216 185 107 153 20 245 111 145 166
    25 5 240 24 152 73 17 179 51 187 24 119 164 202 56 255 125 202 38
    157 158 49 127 223 45 202 189 51 124 95 247 179 108 253 117 116 17
