<?xml version="1.0"?>
<opencv_storage>
<ImageFile>"333.jpg"</ImageFile>
<Features type_id="opencv-matrix">
  <rows>346</rows>
  <cols>64</cols>
  <dt>u</dt>
  <data>
    45 172 239 232 63 127 245 127 189 254 220 253 127 61 191 239 219 252
    243 107 244 87 222 255 125 125 21 182 125 215 127 239 207 104 215 48
    247 248 249 124 124 221 126 175 213 245 119 107 189 172 158 13 242
    29 156 92 62 246 255 189 219 223 44 254 242 177 154 118 23 194 89 14
    214 171 149 240 35 202 132 95 63 54 54 211 135 47 229 15 166 215 243
    111 83 187 230 226 7 190 174 223 170 45 122 95 104 232 165 105 187
    89 181 111 121 174 58 211 236 16 116 115 153 179 247 251 185 181 177
    74 77 34 243 161 216 228 163 244 200 191 194 53 193 135 147 98 106
    77 139 98 233 1 206 153 12 136 44 167 64 12 49 207 117 37 85 187 20
    182 109 86 88 64 16 14 67 128 11 179 25 44 88 33 241 28 156 65 128
    106 3 156 72 7 32 246 252 254 255 253 255 255 251 253 253 255 254
    255 255 255 255 253 251 253 255 111 253 127 191 125 255 255 127 191
    255 95 127 191 255 103 95 255 86 119 253 244 251 93 122 62 221 183
    255 247 189 173 30 5 248 191 157 73 80 244 123 189 94 95 34 250 19
    16 130 117 62 160 216 54 18 188 81 69 12 69 17 19 124 206 0 179 230
    45 207 91 172 10 230 222 90 37 225 110 87 187 60 53 127 172 122 71
    89 104 203 78 203 0 139 123 168 210 90 195 228 186 156 65 199 51 251
    219 240 39 133 166 187 255 125 207 246 189 223 121 127 213 215 250
    255 123 252 93 246 247 127 111 245 117 211 118 237 254 241 127 126
    94 247 169 215 100 213 158 210 121 249 117 116 95 57 63 213 20 245
    111 157 173 25 13 240 29 159 77 48 246 51 189 88 95 44 250 118 117
    247 222 66 7 92 71 103 70 41 144 95 230 180 94 247 146 38 102 31 172
    49 39 222 199 231 93 3 188 252 40 98 38 6 159 130 100 19 222 54 202
    157 107 254 28 197 142 193 164 82 214 34 24 21 75 153 178 113 187 28
    100 163 161 250 18 86 247 255 145 218 168 158 185 87 123 189 122 155
    84 118 147 216 155 207 47 207 124 169 90 242 127 126 233 245 254 127
    255 76 55 247 219 254 119 249 125 227 94 225 173 155 19 191 207 157
    227 244 229 153 251 67 255 247 219 248 63 177 222 118 117 241 220 66
    14 93 67 231 70 41 144 95 228 180 94 247 147 54 102 14 173 48 35 222
    199 231 93 131 188 252 41 66 39 6 159 130 100 87 222 38 202 188 233
    190 28 229 158 197 164 80 212 42 24 55 75 153 126 113 57 92 116 49
    160 98 205 89 154 67 206 87 9 47 64 45 156 189 111 252 254 251 19 52
    36 6 112 144 99 93 215 177 61 35 186 30 41 130 230 71 146 162 72 251
    126 38 219 44 225 21 28 244 46 193 164 144 12 172 1 38 191 24 118
    120 57 24 85 58 170 65 18 196 18 93 162 11 126 52 62 82 21 168 75
    128 1 98 213 1 98 192 39 202 123 8 138 162 7 90 9 49 111 87 38 20
    186 86 120 97 116 80 68 26 14 193 0 193 79 153 172 24 5 240 28 156
    73 16 242 51 157 88 23 32 250 253 51 231 245 116 39 121 250 196 239
    209 114 239 201 146 75 226 197 127 111 42 141 194 247 14 186 182 175
    82 8 48 185 82 37 52 187 82 124 193 213 208 72 56 30 203 8 201 31
    152 172 24 1 112 62 156 73 16 242 49 159 92 22 32 251 122 247 124
    254 55 63 30 49 119 114 125 186 189 50 124 95 247 147 108 252 85 242
    145 118 209 93 245 253 127 250 245 240 218 44 70 190 219 120 161 117
    126 223 57 63 213 247 214 79 137 175 16 15 122 29 159 89 16 243 51
    189 120 82 40 187 235 205 142 223 39 221 223 133 63 215 47 206 159
    252 127 175 175 247 52 47 94 247 246 115 121 231 179 62 123 83 30 59
    247 36 83 112 211 75 250 232 242 95 124 47 213 22 245 111 157 136 26
    13 252 13 157 201 17 242 123 189 83 95 10 250 122 243 92 254 55 31
    30 33 119 114 125 186 189 50 124 94 247 147 108 253 85 242 145 118
    209 93 245 125 107 250 245 240 218 44 70 190 219 120 161 125 126 223
    57 63 213 247 246 79 137 175 16 7 250 29 223 89 16 243 51 189 121 82
    40 187 104 7 181 154 2 31 37 99 167 70 1 128 21 168 188 70 230 145
    65 100 18 52 208 115 93 136 164 12 2 128 56 41 210 4 71 186 0 104 1
    72 180 83 60 47 84 20 101 78 153 172 24 4 114 29 157 73 16 242 51
    189 88 86 32 251 61 182 125 168 63 253 177 121 245 124 222 53 125
    126 253 229 251 252 67 114 245 114 209 246 93 188 228 153 126 214
    127 235 223 108 87 190 215 122 233 124 124 93 126 47 212 181 247 111
    185 172 153 13 242 29 156 73 56 242 51 189 90 223 44 250 109 110 247
    221 248 247 163 245 237 253 200 189 207 253 251 239 251 237 251 110
    253 239 126 191 223 107 174 182 233 220 123 215 235 43 71 191 212
    182 245 126 254 126 90 158 93 251 203 211 188 108 220 121 243 255
    157 83 230 252 67 183 250 198 43 245 205 34 55 37 216 98 170 244 64
    190 234 55 64 3 131 35 41 40 195 194 121 161 39 144 128 41 189 226
    200 6 163 210 105 24 69 164 61 48 105 236 108 4 50 134 228 97 178
    108 56 172 8 3 208 30 24 65 6 177 23 176 46 82 96 104 252 46 247 217
    250 127 227 247 253 253 222 31 223 252 251 236 243 221 251 102 255
    223 222 191 219 110 190 238 237 215 122 255 255 39 71 255 87 247 253
    126 254 93 216 54 93 175 203 247 189 44 157 253 243 127 157 203 84
    252 115 189 222 70 51 252 107 13 231 190 67 7 45 79 37 102 81 22 29
    236 187 78 235 213 33 102 204 133 210 51 94 200 176 13 82 152 50 105
    215 36 85 186 82 120 225 124 48 92 60 47 85 20 229 111 153 172 24 5
    242 29 156 73 24 242 51 189 88 70 32 242 78 198 236 157 171 157 159
    129 61 255 37 202 153 56 63 79 128 253 32 99 220 119 210 120 93 215
    149 54 88 241 55 75 215 48 87 42 210 120 232 122 112 31 104 45 213
    20 245 107 153 172 24 5 240 29 156 73 16 242 51 189 90 87 40 251 5
    134 0 136 72 222 38 65 41 102 10 4 208 37 125 161 141 105 129 32 192
    113 88 201 85 84 25 70 32 6 27 67 149 208 211 8 0 202 236 2 36 53
    108 161 53 156 118 99 16 72 40 44 151 69 8 10 27 75 2 165 64 211 72
    226 1 142 132 136 143 221 132 21 61 124 14 5 24 61 59 165 205 122 65
    176 208 64 95 161 83 117 24 96 185 86 155 67 221 34 83 32 91 66 44
    40 116 21 8 47 84 244 118 225 153 72 24 12 182 13 136 9 27 192 43
    180 66 67 0 234 42 140 174 136 15 221 132 55 61 254 30 141 28 188
    125 175 205 250 97 176 240 86 223 113 91 117 29 100 121 215 187 227
    205 106 83 32 83 74 108 104 116 21 126 47 85 180 118 229 153 72 152
    12 242 29 136 93 59 224 43 189 83 219 8 234 16 50 17 0 136 16 162 49
    66 58 66 2 192 1 25 16 84 138 195 192 193 32 1 208 200 16 228 200
    128 132 225 210 106 24 195 36 25 8 0 64 172 0 16 132 112 225 130 77
    186 76 8 67 52 29 73 81 6 83 19 148 112 242 104 33 120 14 231 151 74
    199 47 239 37 238 90 23 159 172 187 70 235 213 33 98 220 133 206 59
    95 200 184 47 82 24 59 111 87 37 117 187 82 124 229 118 112 92 56 46
    207 20 229 111 153 172 24 5 242 29 156 73 16 242 51 189 88 70 32 242
    250 125 243 55 251 15 95 139 207 109 243 123 255 234 250 220 246 179
    126 246 127 143 147 127 223 222 255 255 194 249 254 254 67 45 70 255
    219 63 245 254 216 94 213 203 201 127 137 31 237 166 144 139 106 31
    29 195 88 247 113 185 62 86 184 185 61 243 117 199 180 181 251 240
    218 29 87 123 237 83 209 81 126 206 206 46 117 104 3 214 168 59 245
    249 236 106 214 185 158 120 221 148 255 17 216 117 253 29 187 151
    225 161 251 78 170 191 141 235 248 164 154 85 102 211 86 207 114 191
    229 219 125 23 117 252 114 255 99 119 181 92 206 21 93 253 185 230
    235 220 67 102 246 104 148 51 94 252 166 156 120 86 120 233 210 38
    85 186 82 114 217 124 60 92 24 46 85 133 231 110 153 44 28 5 240 29
    158 73 24 242 59 189 88 71 34 242 60 55 113 53 48 165 59 113 192 142
    211 52 193 4 209 98 114 200 199 79 187 40 129 214 156 60 167 141 64
    142 241 184 106 4 37 190 156 56 193 92 56 64 177 174 230 161 130 126
    139 173 48 67 232 28 12 65 4 243 91 217 104 6 97 178 66 134 204 139
    235 157 130 1 47 113 23 74 156 123 43 20 228 147 8 176 204 117 219
    97 80 80 24 126 44 152 153 99 151 100 67 10 90 88 236 106 244 29 104
    15 213 156 245 7 153 204 24 13 182 13 153 203 16 118 50 181 80 83 32
    218 127 255 116 126 255 62 15 11 255 120 250 123 191 251 204 92 243
