<?xml version="1.0"?>
<opencv_storage>
<ImageFile>"334.jpg"</ImageFile>
<Features type_id="opencv-matrix">
  <rows>384</rows>
  <cols>64</cols>
  <dt>u</dt>
  <data>
    44 172 239 168 31 127 245 127 253 252 222 189 127 188 191 238 219
    220 243 123 245 83 254 191 125 237 20 151 121 215 63 239 205 106 71
    184 247 250 249 124 124 93 118 47 85 53 119 235 191 172 159 13 242
    29 156 92 62 246 239 189 219 95 46 254 69 34 211 33 216 160 171 244
    192 174 194 53 64 131 131 67 106 68 131 64 201 129 206 25 14 136 44
    143 210 12 33 79 117 37 60 187 16 182 5 86 145 64 16 14 74 0 9 209
    24 44 88 0 96 30 156 65 128 112 35 156 76 6 34 245 254 17 121 244 55
    162 95 8 134 103 209 240 175 74 20 87 124 215 22 215 170 123 226 110
    172 147 243 127 82 57 245 169 19 188 158 159 234 121 50 215 64 202
    181 73 243 25 209 31 83 182 16 67 104 176 244 113 217 179 115 219 56
    183 185 191 210 9 138 23 64 66 218 135 66 131 17 134 18 194 3 26 60
    3 60 215 15 173 103 131 155 83 255 236 2 166 162 48 66 63 0 229 27
    12 198 64 64 104 181 104 155 28 131 190 223 138 26 211 241 89 112
    211 195 123 17 113 60 49 209 234 178 1 138 54 7 66 88 14 150 162 149
    240 51 202 34 94 56 50 52 211 135 63 225 15 54 147 243 15 82 185 196
    96 7 190 38 150 171 12 114 95 72 232 165 105 187 89 177 111 81 174
    26 195 100 0 116 208 153 51 247 251 57 177 177 75 60 189 125 168 63
    253 241 125 253 92 222 181 125 126 253 244 251 220 67 114 245 114
    209 246 253 188 228 153 126 223 255 235 223 108 215 190 223 122 249
    124 248 93 95 47 212 183 247 111 187 172 153 13 242 29 157 89 56 242
    59 189 91 223 46 250 215 52 17 55 217 98 46 204 66 33 161 122 98 131
    134 19 111 7 53 85 10 137 102 8 132 219 249 235 211 40 163 45 17 165
    52 219 2 36 37 214 65 72 56 75 203 25 188 20 73 164 82 4 96 18 52 97
    144 184 33 152 28 86 48 42 252 59 247 117 116 39 41 250 192 141 195
    55 227 192 147 67 226 205 103 103 59 141 66 215 142 170 182 141 80
    12 48 184 106 37 116 187 88 60 193 213 216 64 16 142 235 41 137 238
    152 172 24 83 112 62 156 65 16 178 19 159 76 22 33 250 26 16 148 87
    175 161 218 52 22 191 81 81 172 72 17 18 124 215 64 211 238 47 203
    255 168 58 230 126 80 101 245 238 95 191 60 53 95 173 114 67 121 104
    227 78 195 36 155 123 186 210 24 199 228 184 156 65 195 51 251 219
    240 39 161 166 187 255 124 207 246 189 223 113 127 213 253 218 255
    121 252 93 246 247 124 239 247 117 211 118 253 255 241 127 126 30
    247 41 215 100 84 158 210 121 249 117 116 223 57 63 213 20 245 111
    153 173 24 13 240 29 159 77 16 246 51 189 88 95 36 250 193 134 146
    35 201 162 162 128 0 1 0 75 130 1 2 25 110 43 189 197 200 5 43 65 2
    90 89 102 144 0 130 23 159 33 16 17 49 137 44 160 65 0 56 131 201 25
    218 149 72 208 24 52 245 226 136 227 83 157 150 133 16 83 20 75 104
    7 253 152 2 29 5 111 167 70 11 128 29 188 189 198 239 212 65 100 26
    210 208 51 93 157 164 8 83 152 56 41 208 36 85 186 66 122 129 92 48
    91 60 47 84 148 101 110 153 172 16 4 114 29 149 73 16 242 51 189 88
    86 32 250 122 243 92 222 119 31 30 33 119 112 61 186 189 114 252 94
    247 147 100 244 93 178 145 118 209 93 225 125 99 248 245 240 218 44
    70 182 219 88 161 117 114 95 49 47 212 246 214 79 153 175 144 7 122
    29 159 89 16 243 51 189 120 86 32 249 1 54 16 2 200 128 0 0 66 32 34
    3 224 67 1 17 118 162 131 144 193 2 25 196 210 32 108 200 128 132
    193 66 173 12 66 52 25 0 1 200 200 20 16 130 64 113 130 77 184 108 8
    2 180 9 73 65 38 115 151 180 48 114 96 73 65 6 134 3 201 146 130 22
    50 184 2 65 128 91 1 1 98 229 129 34 192 39 202 115 2 138 136 6 18 8
    1 71 215 36 80 48 82 24 45 100 208 84 10 142 193 0 209 75 153 172 24
    5 244 29 156 73 16 242 51 189 88 87 32 251 2 142 138 11 235 156 130
    129 43 241 7 78 156 51 43 20 204 147 40 178 204 117 91 105 81 208 24
    110 38 187 155 70 151 228 67 0 90 217 238 42 100 29 104 45 149 92
    253 51 157 204 24 45 182 69 152 235 16 86 178 53 80 89 48 218 122 19
    94 119 255 177 218 176 222 185 87 123 189 122 17 84 118 147 88 251
    239 47 203 127 168 122 247 127 126 249 245 254 95 239 36 55 247 153
    254 127 121 109 227 78 225 173 155 51 191 207 153 225 244 236 152
    235 67 255 247 219 248 63 177 222 1 6 4 138 137 205 4 53 45 116 14 5
    24 61 111 165 205 50 193 160 208 2 223 32 81 125 24 0 57 82 27 71
    205 34 83 48 81 66 45 40 117 21 8 167 69 148 126 225 145 64 88 12
    150 13 136 8 58 96 35 180 66 67 0 234 84 3 16 149 0 0 42 161 2 130
    67 6 144 196 3 2 36 11 64 198 10 164 66 130 152 18 240 200 128 166
    162 16 74 20 65 170 25 8 192 72 32 0 21 42 229 4 163 46 155 174 0 67
    242 24 24 65 1 115 17 177 8 50 96 106 29 18 81 165 221 160 171 88 16
    59 194 119 160 73 129 17 98 221 133 66 224 44 138 122 14 138 226 131
    218 1 33 255 119 165 60 187 53 252 33 245 73 68 26 10 234 1 203 91 8
    52 88 5 224 158 156 73 128 178 183 142 76 7 32 52 65 18 204 50 93
    178 43 126 48 62 66 17 160 73 128 67 98 213 129 35 192 37 202 123 12
    138 162 7 90 9 49 111 87 36 20 186 118 120 33 116 80 68 26 14 193 4
    193 79 153 44 24 5 240 28 156 73 16 242 51 157 88 23 32 250 65 6 134
    2 73 146 130 22 48 56 2 69 128 91 1 1 98 245 129 34 192 39 202 123 2
    138 168 6 26 9 33 71 215 36 84 48 82 56 33 100 208 84 10 14 209 64
    193 75 153 172 24 5 244 29 156 73 16 242 51 157 88 87 32 251 253 254
    255 237 255 253 255 253 253 255 238 255 255 127 255 253 251 245 255
    107 253 127 255 253 255 255 123 191 255 95 127 191 255 103 95 255 86
    127 253 244 123 93 122 62 221 183 253 247 157 173 30 5 248 159 157
    73 16 246 51 189 94 95 34 250 58 50 113 166 63 161 155 120 214 88
    211 115 237 90 144 85 242 215 3 112 193 34 193 118 140 152 224 15 86
    24 113 239 215 44 85 190 94 120 169 117 113 92 27 15 192 5 245 79
    152 172 25 5 240 28 156 73 0 242 51 157 88 87 36 250 65 8 138 81 73
    210 98 86 20 175 4 0 130 200 35 11 9 57 185 79 142 151 206 11 2 99
    26 38 80 1 32 71 95 131 147 33 17 141 103 10 48 32 224 101 31 200 39
    179 95 72 56 176 149 249 248 178 83 76 171 159 192 177 209 230 194 9
    138 154 2 67 4 167 4 130 124 128 19 128 19 170 9 17 113 215 0 151
    229 3 31 193 157 4 67 128 50 200 224 45 39 235 26 108 37 24 48 96 52
    41 31 28 21 236 95 168 122 145 81 88 52 146 208 224 41 120 13 16 80
    234 53 50 117 3 221 224 131 252 194 56 130 55 229 27 139 81 250 231
    131 16 193 1 203 196 132 184 120 41 154 12 195 111 93 36 85 190 84
    56 45 84 101 84 26 14 69 128 240 101 152 60 24 4 176 28 156 65 4 48
    23 188 24 71 36 82 206 205 142 248 35 127 126 135 61 247 47 202 26
    248 126 175 137 121 61 111 6 247 244 51 121 215 147 54 81 99 62 83
    242 18 210 97 83 73 248 176 242 191 124 125 247 30 119 106 29 136 58
    5 217 93 189 156 17 194 123 189 65 122 9 251 122 233 109 254 38 223
    95 35 85 222 127 148 93 118 125 238 145 213 80 239 182 121 193 243
    125 238 166 157 107 250 60 233 246 52 117 186 222 122 218 125 242
    255 245 110 247 22 229 110 159 172 153 79 250 29 157 92 89 247 123
    251 123 126 107 250 68 3 131 16 0 2 32 71 0 162 2 4 64 128 145 2 74
    77 33 68 128 5 192 3 12 128 140 13 0 12 48 72 87 4 85 170 16 120 5
    84 32 64 48 10 69 20 33 238 25 44 24 4 240 29 156 72 16 98 51 189 72
    87 32 250 252 57 251 245 112 119 127 255 216 187 245 250 231 194 146
    90 251 141 127 95 63 173 119 151 223 123 247 175 195 156 226 170 207
    45 102 255 218 61 233 252 120 92 177 191 251 121 183 111 153 174 24
    67 240 31 156 65 16 242 113 189 124 87 32 250 252 34 227 161 216 98
    163 254 212 190 210 53 97 142 147 194 235 220 131 96 233 129 175 60
    14 217 56 131 210 15 51 255 113 165 93 187 87 246 37 86 88 68 16 14
    71 5 66 209 153 44 94 0 224 30 140 73 128 240 35 184 76 6 32 182 149
    150 214 103 61 32 249 254 50 253 84 81 14 91 131 17 110 198 161 99
    192 45 230 115 46 139 240 91 126 41 97 111 247 36 52 186 118 48 233
    245 209 92 27 142 232 0 209 79 152 188 88 5 240 30 156 73 16 242 51
    159 88 23 36 251 68 3 131 16 0 2 32 71 0 162 2 4 64 128 145 2 74 73
