<?xml version="1.0"?>
<opencv_storage>
<ImageFile>"335.jpg"</ImageFile>
<Features type_id="opencv-matrix">
  <rows>360</rows>
  <cols>64</cols>
  <dt>u</dt>
  <data>
    44 175 239 137 54 221 133 125 237 214 150 254 221 62 191 79 219 245
    99 107 245 119 210 119 93 255 181 61 126 222 127 235 199 36 87 186
    210 120 233 124 116 93 60 47 213 20 245 111 153 172 152 13 242 29
    156 89 16 242 51 189 91 223 40 250 45 175 237 137 54 253 135 125 253
    214 150 254 221 61 191 79 219 245 99 107 245 119 210 119 93 255 181
    63 126 222 127 235 215 100 87 186 210 120 233 124 116 93 56 175 213
    20 245 111 153 172 152 13 242 29 156 93 56 242 51 189 91 223 40 250
    69 38 247 21 216 224 171 116 200 189 194 53 192 193 131 2 42 77 139
    98 233 41 206 153 12 168 172 167 64 13 33 15 117 37 53 187 20 179 69
    86 208 64 24 14 105 0 201 19 25 44 88 37 241 156 156 73 192 106 51
    153 72 6 32 246 45 188 239 168 63 253 189 127 189 254 222 189 125 61
    191 207 219 252 227 121 244 87 222 127 125 253 181 183 127 215 127
    239 205 232 215 190 247 248 249 125 124 93 126 175 215 245 119 107
    187 172 152 13 242 29 220 92 60 242 255 253 251 223 44 254 238 204
    234 173 222 103 188 199 45 111 169 202 94 172 118 253 233 248 55 241
    121 133 63 56 86 79 189 171 211 23 186 247 225 44 94 219 74 117 161
    246 122 74 56 191 222 95 214 156 153 172 82 5 104 31 149 73 144 240
    33 188 92 86 34 185 166 242 105 99 253 180 219 137 188 191 50 123
    169 75 80 53 0 229 158 27 204 35 62 124 36 146 47 39 222 123 33 30
    103 233 222 49 254 185 239 183 203 110 66 216 211 66 153 19 56 221
    24 33 221 165 189 243 20 210 246 159 230 215 56 189 199 36 225 129
    200 132 142 197 43 103 9 14 208 103 179 36 128 97 24 32 138 229 90
    104 94 192 156 127 128 169 27 71 119 149 70 11 0 227 39 142 6 42 76
    136 177 28 201 17 21 76 24 37 23 89 20 171 24 78 16 52 204 84 122
    229 238 236 226 173 222 102 172 199 41 107 169 202 90 165 118 253
    233 248 39 241 105 133 63 56 86 79 185 171 211 22 186 246 225 44 94
    219 91 116 161 246 122 74 56 191 222 95 214 156 153 172 82 5 96 31
    149 73 144 240 33 188 92 86 34 185 62 245 124 170 55 63 85 27 247 82
    148 248 125 62 244 223 251 182 71 249 49 114 113 54 245 181 225 217
    123 253 252 225 152 108 134 254 234 120 145 253 90 223 126 41 146
    117 118 76 179 174 138 14 104 29 123 93 62 179 127 188 59 219 110
    203 237 63 231 117 116 39 171 250 192 191 195 115 195 129 146 67 226
    205 111 111 57 141 194 223 15 170 190 143 80 12 48 223 119 37 116
    187 82 60 229 213 216 68 58 142 203 41 201 255 152 172 24 1 240 62
    156 65 16 242 51 159 92 86 32 251 206 42 171 49 152 116 168 199 200
    187 194 62 194 128 147 74 200 200 99 195 233 133 127 157 158 9 190
    171 192 132 51 210 101 44 71 191 91 52 161 116 216 76 48 142 211 117
    131 125 185 172 24 3 240 29 28 65 148 242 19 181 92 82 96 243 195 30
    146 3 201 194 130 128 10 1 1 74 162 193 2 25 108 131 60 149 74 141
    43 72 66 83 121 110 146 2 130 55 23 167 24 81 1 133 110 194 65 0 40
    211 201 8 186 149 64 208 80 48 213 226 128 227 83 29 160 5 4 49 144
    74 62 182 125 174 63 253 177 121 247 92 222 245 125 126 253 245 255
    254 67 242 245 114 209 247 253 188 228 217 126 222 253 235 223 108
    87 190 223 122 249 124 124 93 126 47 212 181 247 111 185 172 153 13
    242 29 156 89 56 242 59 189 90 223 44 250 208 18 151 87 253 131 219
    184 222 185 81 123 167 83 3 18 118 199 248 27 206 47 207 221 136 250
    250 126 22 41 197 126 127 189 60 53 85 153 238 71 81 72 227 62 171
    44 153 55 190 218 57 227 244 234 156 235 65 127 182 91 248 21 181 94
    242 187 211 247 254 182 211 137 206 149 87 127 167 210 146 120 118
    199 124 111 79 141 195 85 175 218 253 239 182 187 214 174 135 175
    118 215 255 25 255 215 193 93 163 209 233 8 185 183 222 156 137 251
    245 231 184 243 100 124 80 95 120 93 53 223 108 39 109 152 18 29 5
    69 165 102 139 52 89 175 189 70 139 84 3 100 25 210 208 48 92 128
    140 9 18 156 56 9 80 36 69 186 66 122 1 92 52 64 28 47 84 148 228 76
    25 44 16 4 34 29 151 8 24 226 59 188 72 70 32 242 143 36 233 33 189
    176 59 216 144 171 193 122 195 11 130 71 8 93 39 65 233 135 194 120
    4 153 153 163 208 41 35 139 85 144 156 171 115 125 41 23 120 72 58
    41 211 17 242 49 25 172 24 5 193 157 156 32 16 162 51 157 76 23 32
    250 211 212 210 119 253 162 255 152 90 41 161 123 166 203 134 25 110
    231 188 87 235 45 171 105 166 223 123 127 214 43 227 119 95 231 188
    83 51 189 127 183 65 106 235 219 235 25 217 147 76 215 80 245 109
    226 156 227 209 159 180 15 148 117 149 15 199 2 128 34 221 34 34 136
    32 33 194 34 162 131 2 1 72 41 35 212 105 135 3 84 66 24 216 171 210
    4 35 194 217 44 70 186 89 16 37 68 108 80 24 143 193 113 162 77 24
    172 24 1 240 28 216 73 0 240 23 180 8 87 32 72 199 2 128 35 221 34
    34 136 32 33 194 98 162 195 2 1 72 41 39 212 105 135 43 84 66 89 217
    171 210 6 35 194 217 44 70 186 89 48 45 68 108 80 24 143 209 113 178
    77 24 172 24 1 240 29 216 73 16 240 21 180 8 87 32 72 141 38 233 33
    189 176 169 216 184 251 192 122 193 11 130 71 136 125 163 65 233 134
    202 120 4 153 153 163 80 13 35 139 85 16 221 170 113 249 41 53 120
    76 58 45 211 1 246 113 24 188 24 37 193 157 156 8 16 162 51 157 76
    87 32 242 67 1 138 87 77 130 90 0 2 161 21 202 130 194 2 27 36 3 48
    151 206 45 67 67 0 194 242 110 2 40 129 98 151 183 16 33 58 8 226 97
    64 40 165 105 177 24 181 111 17 138 24 67 245 120 88 195 83 59 51
    179 56 113 145 202 242 49 211 215 54 198 91 172 210 165 87 53 127
    230 146 114 126 198 82 103 139 169 231 143 140 138 230 159 66 169
    245 174 115 45 36 255 206 119 195 215 80 192 145 74 171 12 137 62
    155 164 203 195 112 26 20 73 196 114 57 217 120 6 32 254 210 145 138
    118 239 130 92 10 6 3 21 74 170 195 6 25 52 147 60 215 198 47 195
    107 38 210 243 127 146 57 132 36 23 191 28 95 235 13 242 211 65 234
    161 73 233 92 157 31 81 134 24 195 101 96 190 235 81 51 112 31 48 53
    145 235 110 227 76 90 55 27 6 1 237 18 61 186 188 51 236 74 211 179
    111 252 85 246 17 246 209 85 245 185 111 218 180 176 218 44 70 190
    75 24 161 124 62 223 56 63 213 247 246 79 185 173 16 4 122 29 203 93
    16 242 51 181 121 82 104 186 110 227 76 90 55 27 6 1 231 50 57 186
    188 51 236 94 243 147 111 252 93 246 17 246 209 85 245 189 107 158
    177 176 218 44 70 190 75 56 161 116 126 95 56 63 213 245 182 79 185
    173 16 4 106 29 203 93 16 242 51 149 120 82 104 58 15 204 203 107
    187 252 255 13 189 255 2 237 145 46 237 205 139 125 185 43 228 127
    218 121 117 223 3 39 95 99 61 79 151 194 255 33 119 253 251 50 97
    124 110 105 183 85 125 115 253 216 56 37 231 133 252 172 23 202 246
    175 211 223 185 246 109 206 207 107 249 254 231 93 185 255 78 205
    131 63 237 141 139 125 185 43 252 93 90 121 113 223 27 183 125 67 59
    79 135 211 249 1 181 221 253 35 101 61 106 229 63 157 125 179 252
    216 56 61 247 229 190 174 119 206 254 239 211 207 29 246 69 238 207
    233 248 254 231 80 57 255 2 205 142 55 221 137 139 109 185 47 204 93
    90 121 105 215 31 183 61 99 27 95 151 211 249 1 117 223 255 35 101
    61 234 229 63 152 125 179 254 217 41 253 183 229 174 174 111 206 214
    239 211 253 93 246 237 54 100 49 221 34 43 248 180 63 208 55 239 203
    130 103 226 213 7 99 233 167 136 126 12 222 187 47 210 14 51 127 115
    36 20 187 82 120 97 244 80 68 26 14 193 0 193 93 153 172 24 5 240 28
    156 73 16 242 51 157 92 22 32 184 68 35 131 16 0 66 32 230 0 162 66
    20 82 128 147 34 8 72 3 70 2 141 108 131 14 136 134 129 0 140 48 74
    97 6 37 170 16 38 5 68 128 32 144 2 10 4 1 202 89 44 104 209 17 24
    20 0 128 96 1 208 72 4 65 224 84 35 19 213 32 192 40 225 2 128 67 22
    208 192 137 2 46 139 0 70 15 172 128 195 152 28 179 200 0 134 162 24
    66 52 101 154 0 104 202 68 32 64 177 38 239 140 171 46 137 172 49
    119 178 30 20 65 1 115 17 241 72 39 33 34 111 46 231 169 90 207 175
    111 173 230 219 54 217 173 187 70 235 213 33 102 156 5 202 121 95
