<?xml version="1.0"?>
<opencv_storage>
<ImageFile>"336.jpg"</ImageFile>
<Features type_id="opencv-matrix">
  <rows>351</rows>
  <cols>64</cols>
  <dt>u</dt>
  <data>
    255 253 254 255 255 143 223 11 255 71 189 250 191 234 182 93 246 247
    62 247 215 127 211 119 247 223 243 127 122 121 244 107 215 109 22
    191 210 125 251 125 114 223 253 111 213 28 245 111 157 174 24 13 240
    61 156 75 24 246 115 191 123 95 184 251 255 253 254 223 255 143 223
    11 255 103 189 250 191 234 182 93 246 247 60 247 215 127 211 103 247
    223 243 127 122 121 244 107 215 109 22 191 210 121 251 125 114 223
    253 111 213 92 245 111 157 174 24 5 240 29 156 75 24 246 115 191 120
    95 184 251 45 172 239 168 31 255 165 127 189 252 204 253 127 60 191
    239 219 124 227 107 245 87 222 255 125 253 21 183 125 215 127 207
    205 232 247 184 247 248 249 60 125 93 126 167 85 245 119 235 189 252
    185 13 242 29 156 92 62 230 239 253 219 223 44 254 76 140 175 216 74
    223 226 119 61 252 78 133 81 180 59 238 137 89 249 42 212 117 222
    179 89 104 156 4 105 215 31 207 199 18 67 32 86 234 237 40 112 61
    108 38 85 182 101 235 159 232 169 13 179 93 152 88 23 238 59 189 91
    71 10 254 76 142 174 216 42 223 162 119 61 244 78 133 89 180 59 238
    137 89 249 42 212 117 222 243 89 100 140 148 105 215 31 207 215 16
    65 32 86 202 236 40 116 61 108 38 85 182 119 107 159 232 169 13 179
    93 152 92 55 230 59 189 91 75 106 254 77 34 199 37 248 224 171 244
    80 188 210 53 192 131 131 66 42 77 131 98 233 5 206 153 14 40 156
    167 64 13 33 79 93 33 85 186 87 184 105 84 120 68 25 14 197 33 203
    107 25 172 24 5 240 28 156 73 4 242 51 157 72 7 32 254 1 131 134 87
    233 144 218 48 58 185 6 77 130 81 1 1 46 199 188 11 196 45 74 251 33
    82 19 38 28 67 1 118 223 243 89 48 119 153 250 33 209 60 234 102 241
    4 217 115 185 220 24 101 245 229 152 203 23 219 182 143 208 127 165
    254 1 139 150 87 232 146 210 16 58 153 6 201 130 81 1 9 44 195 184
    171 198 45 74 219 33 82 19 118 60 99 129 118 159 243 89 33 119 153
    254 33 113 60 170 103 241 128 217 115 185 218 8 103 245 229 152 235
    87 223 246 135 208 123 149 222 1 146 6 69 253 176 250 112 24 187 2
    77 128 81 1 1 36 205 137 11 196 45 206 123 40 90 34 38 92 67 33 119
    127 162 221 48 118 249 234 39 209 124 106 14 209 0 217 123 184 220
    24 5 244 141 156 73 23 210 182 143 208 87 33 254 255 253 255 255 55
    253 221 159 255 199 181 250 191 250 182 95 251 247 62 127 63 127 243
    119 255 255 243 63 123 123 254 43 215 109 52 255 210 125 251 125 114
    223 253 111 159 28 253 63 221 174 26 133 248 29 188 77 24 246 115
    255 121 93 162 251 197 134 130 101 233 178 162 208 40 177 130 75 130
    81 2 1 12 169 189 207 205 45 59 88 34 95 25 230 148 7 131 22 159 145
    88 1 113 153 236 2 65 52 42 183 225 73 191 49 24 219 8 33 213 230
    154 227 23 95 150 133 192 115 149 74 242 17 154 55 23 66 88 142 214
    171 149 242 35 202 2 95 127 19 54 211 139 175 231 15 166 215 243 111
    83 187 230 98 7 172 46 223 170 45 106 87 104 200 165 105 187 93 181
    63 113 234 26 195 236 16 116 243 153 51 244 123 61 49 144 74 215 121
    211 247 253 162 250 216 74 171 97 123 166 195 130 25 102 199 60 71
    15 141 175 89 174 219 251 111 214 41 226 63 115 167 60 219 49 245
    119 215 65 74 171 90 235 12 217 151 204 151 112 245 109 226 164 235
    209 188 177 11 92 37 145 181 47 207 236 221 55 221 223 25 189 215
    149 200 159 125 124 205 137 245 106 59 150 119 210 115 117 247 151
    54 125 123 31 75 215 120 223 138 210 120 250 57 116 61 109 45 183 84
    245 107 157 190 152 13 243 29 158 92 57 214 114 191 123 223 44 250
    46 207 236 221 55 221 223 89 189 223 157 202 159 125 124 77 137 245
    106 59 214 119 210 115 125 247 147 54 125 251 31 75 215 120 223 170
    210 121 250 57 116 61 123 47 149 20 245 107 157 190 152 13 243 29
    158 92 57 214 114 191 123 223 44 250 245 51 231 117 60 38 57 250 192
    191 241 115 239 201 146 67 226 197 47 107 235 175 226 255 14 186 183
    175 82 12 113 111 87 45 52 187 90 60 97 245 88 72 58 31 203 32 209
    127 152 172 24 5 240 62 156 73 16 242 51 159 92 87 32 251 124 41 171
    245 50 67 248 239 216 186 215 181 115 134 155 234 59 1 122 95 15 141
    231 151 159 91 182 165 66 238 54 186 111 61 101 255 222 63 203 84
    248 124 181 110 175 45 35 254 255 174 239 211 241 29 52 80 196 107
    31 249 45 37 225 246 232 142 238 221 238 255 254 181 61 255 126 207
    159 253 59 239 169 249 121 235 252 87 254 249 91 127 189 182 125 215
    55 231 223 41 87 49 215 249 253 126 120 92 122 47 213 53 255 123 189
    236 24 5 245 29 156 77 18 246 179 189 218 87 32 254 232 142 238 221
    238 255 255 181 61 255 94 207 159 253 59 239 169 249 121 235 252 119
    222 249 91 127 188 182 125 211 55 231 223 41 87 49 223 249 253 126
    124 93 122 47 213 53 255 123 157 236 24 5 245 29 156 77 18 246 51
    189 218 87 32 254 123 148 222 119 255 163 219 56 222 185 87 125 174
    91 0 84 118 215 24 179 229 47 195 127 168 234 226 127 94 121 229 111
    223 173 20 183 255 121 250 245 209 92 203 78 225 5 217 111 185 238
    25 7 244 60 156 201 82 247 247 191 250 55 160 255 246 185 251 119
    222 238 91 6 202 37 85 254 239 194 150 120 126 231 63 231 175 143
    107 223 191 219 126 239 198 191 242 172 7 175 47 223 202 61 255 95
    73 200 161 249 203 120 63 183 247 244 131 210 225 246 54 243 113 188
    81 251 252 181 209 254 98 205 8 154 195 204 86 1 47 69 13 140 145
    238 124 254 239 19 52 36 14 60 145 35 89 215 147 45 35 186 30 41 130
    167 67 146 162 75 223 122 34 249 164 225 21 30 253 38 197 132 145 44
    175 1 166 171 25 106 120 57 24 101 59 234 121 190 253 221 234 223
    223 37 123 253 31 141 221 117 61 116 253 251 232 162 254 125 82 251
    217 118 230 254 104 247 221 103 215 176 67 36 222 250 250 123 116 29
    237 111 245 52 245 111 159 238 137 79 246 29 152 89 63 247 243 191
    250 243 233 254 246 186 147 247 248 146 250 169 218 177 87 255 167
    210 147 122 118 135 252 15 143 173 71 212 169 202 252 239 134 171
    199 190 167 189 102 247 253 153 239 247 201 93 227 112 169 12 153 55
    255 158 169 251 245 231 56 243 100 127 148 75 121 85 245 223 246 69
    49 158 66 14 95 11 135 66 41 130 21 230 244 126 247 19 52 36 14 188
    144 34 222 215 243 121 131 186 94 41 2 151 15 223 160 108 82 222 34
    234 165 233 183 28 245 30 197 164 16 92 42 82 38 171 153 122 112 57
    28 100 185 160 243 189 218 87 255 155 219 40 222 241 151 255 190 122
    38 92 118 183 60 151 207 47 195 119 163 250 243 127 126 123 199 111
    159 173 20 247 254 89 250 255 209 221 235 111 217 28 253 47 157 174
    25 79 252 189 156 227 113 247 246 191 250 55 180 223 40 7 253 152 2
    159 5 107 167 102 161 128 93 169 60 70 230 148 67 96 144 118 208 55
    93 128 164 12 98 128 56 105 210 36 70 186 66 120 1 88 52 91 60 47 84
    20 69 79 153 172 24 4 114 29 157 73 24 242 51 188 88 86 32 251 110
    239 108 222 54 63 30 51 45 86 61 186 157 183 124 207 153 219 108 253
    23 118 145 243 89 87 181 125 125 250 180 160 210 124 215 170 203 120
    240 117 126 223 57 63 215 244 246 110 155 175 20 7 234 29 159 93 16
    247 51 189 121 83 104 186 65 14 134 214 47 167 153 62 180 252 2 197
    11 217 35 15 170 213 97 35 212 47 194 123 73 106 162 6 88 1 49 111
    223 36 117 176 83 120 233 116 80 92 58 46 209 52 209 111 153 172 24
    5 240 29 156 73 16 242 51 189 88 87 32 250 120 186 247 201 254 181
    175 249 239 126 218 26 253 124 251 85 243 213 203 106 252 119 158
    125 222 236 46 63 190 217 125 255 103 197 223 63 212 242 181 119 44
    87 71 30 85 174 221 19 190 189 156 41 50 189 159 127 64 238 219 143
    219 207 60 244 215 50 80 117 253 162 138 72 10 33 211 123 226 83 192
    81 98 133 62 83 207 47 139 89 6 222 251 47 150 47 161 94 27 165 220
    155 112 184 237 87 65 80 11 73 193 13 184 19 200 247 16 37 245 244
    220 235 64 62 183 151 24 87 180 30 193 14 142 19 105 214 130 22 60
    253 6 193 130 153 2 15 9 93 185 43 196 39 238 123 73 75 156 38 88 65
    51 71 215 32 81 48 119 216 237 96 112 124 42 47 209 20 113 107 153
