<?xml version="1.0"?>
<opencv_storage>
<ImageFile>"337.jpg"</ImageFile>
<Features type_id="opencv-matrix">
  <rows>342</rows>
  <cols>64</cols>
  <dt>u</dt>
  <data>
    60 252 239 252 62 253 253 127 253 254 220 253 95 253 189 207 155 252
    227 107 244 127 218 255 125 255 183 183 125 215 127 239 207 234 255
    60 247 252 249 125 124 125 255 175 215 181 119 107 191 188 184 141
    242 29 156 92 62 246 255 255 251 223 45 254 222 48 75 163 150 113
    155 252 220 171 214 52 97 2 147 242 122 212 87 89 9 130 239 28 45
    137 60 139 211 139 51 186 113 44 60 223 94 115 5 214 152 64 17 30 66
    14 8 52 155 45 87 1 88 30 132 73 192 240 41 216 76 22 32 183 197 134
    146 101 233 178 162 208 40 49 130 75 130 81 2 1 44 137 189 211 205
    45 107 88 98 95 89 102 148 7 131 70 159 179 88 1 81 153 236 34 97 60
    42 183 225 73 191 51 24 222 8 33 213 230 216 235 19 219 150 133 64
    115 149 74 246 209 138 118 23 66 93 10 134 163 181 242 35 202 4 94
    61 23 54 215 131 47 225 79 164 215 243 127 83 187 230 104 131 190
    174 223 170 45 122 87 104 232 165 105 187 93 181 47 83 174 18 195
    104 16 116 115 25 179 245 219 61 53 177 10 242 129 138 54 7 66 88 14
    198 163 149 242 51 202 6 94 57 19 54 215 131 47 225 71 54 215 243 47
    82 187 198 104 135 190 38 223 170 12 122 95 104 232 165 105 187 93
    181 47 83 174 146 195 236 16 116 243 25 51 240 91 57 53 177 74 133
    182 146 101 232 240 226 208 10 49 132 107 194 81 130 17 108 139 189
    195 207 45 74 217 162 95 91 238 196 7 131 102 143 147 25 1 89 153
    110 38 113 48 40 247 233 73 191 51 25 222 8 115 245 224 88 227 23
    219 150 135 208 115 213 78 149 191 147 117 232 240 226 240 90 153
    192 123 198 81 131 24 109 139 191 195 239 45 11 219 166 95 119 238
    204 7 227 54 159 219 73 5 61 153 255 102 105 60 187 231 253 113 191
    183 184 222 41 243 244 228 88 225 71 219 215 135 176 115 213 78 189
    254 125 222 127 63 117 122 247 124 252 249 127 127 252 205 251 244
    239 96 245 122 185 247 127 255 117 59 255 91 125 237 218 102 214 190
    198 112 249 125 127 223 122 191 213 179 244 79 160 181 156 12 234 29
    143 13 56 246 115 191 218 223 44 186 93 34 199 37 248 224 187 244 16
    188 210 53 192 167 131 66 104 201 3 98 233 5 206 153 14 104 188 167
    64 13 35 111 93 33 21 186 95 56 233 92 120 68 25 14 197 33 203 107
    153 172 25 5 240 28 156 65 4 242 51 153 72 7 32 254 189 246 125 218
    63 63 117 123 247 124 252 251 109 127 244 93 251 244 231 97 245 122
    185 118 220 255 245 59 255 91 125 237 218 102 214 190 198 112 249
    125 126 223 126 175 213 49 244 79 128 181 152 12 234 29 142 13 56
    182 115 191 218 223 44 250 255 125 243 118 118 238 91 34 202 167 209
    254 239 206 150 90 127 231 63 255 175 143 99 223 191 255 255 239 66
    191 246 236 67 175 45 223 202 61 237 95 89 200 181 235 203 120 191
    191 237 164 16 195 232 62 54 227 80 183 113 251 253 181 48 190 246
    185 179 119 254 198 216 2 202 165 21 254 231 194 150 89 124 195 62
    215 135 47 99 207 175 218 246 239 66 191 210 102 135 175 47 159 202
    61 239 87 73 216 161 235 139 120 189 191 253 244 129 211 240 242 48
    227 80 187 80 251 120 53 245 238 144 146 158 211 44 53 142 240 54
    191 48 195 143 81 18 19 126 215 101 235 196 37 235 122 137 91 183
    106 92 5 179 111 87 36 90 56 82 104 232 98 112 76 42 63 211 4 209
    111 153 136 24 1 240 29 156 73 17 242 51 157 84 87 0 254 144 146 158
    195 46 149 218 180 62 255 49 202 143 113 50 1 124 215 108 171 196
    101 239 122 41 83 183 106 84 129 179 119 215 164 218 56 82 232 232
    98 112 92 104 63 211 4 209 107 153 200 24 1 244 29 156 89 17 242 51
    157 80 87 0 254 208 18 151 85 60 50 138 242 210 191 112 195 206 193
    18 19 110 197 47 107 204 173 234 254 141 219 183 46 82 5 51 110 87
    36 116 57 90 60 225 231 80 76 58 63 211 4 209 127 152 172 24 1 240
    28 156 73 16 242 51 159 92 87 32 254 120 220 63 223 234 223 255 245
    255 254 14 141 21 124 123 228 255 214 216 42 220 51 255 188 249 253
    190 30 207 211 127 254 229 37 79 125 214 243 232 122 112 93 68 62
    119 182 229 127 157 136 94 5 190 29 156 91 145 254 107 189 215 79 42
    246 120 220 63 223 234 223 255 245 255 254 78 141 61 124 127 238 255
    214 219 106 220 243 255 188 249 253 190 62 223 211 127 254 225 36 79
    125 214 243 232 122 114 93 69 62 119 182 229 126 157 141 94 5 254 29
    148 89 145 242 107 189 223 79 42 182 78 239 251 249 227 191 174 201
    45 219 169 170 213 226 255 93 153 57 185 110 14 85 90 121 215 213
    123 245 13 226 54 146 151 211 223 1 177 237 254 35 44 47 110 121 55
    221 119 179 254 219 56 247 135 229 126 190 95 205 220 39 183 249 217
    50 198 1 130 119 233 130 90 141 2 41 161 105 162 194 2 17 36 3 28
    214 202 169 166 11 6 203 234 111 147 41 33 102 35 181 20 59 99 37
    102 199 67 106 1 200 233 25 137 27 73 198 90 3 101 114 180 227 209
    123 181 29 28 100 147 73 202 207 174 241 39 31 221 139 45 247 43 202
    155 249 118 143 129 125 45 107 30 254 240 115 85 215 147 50 125 178
    62 211 210 114 210 8 194 108 250 162 102 63 120 125 211 30 117 171
    93 137 16 5 211 93 191 28 17 198 113 191 69 215 9 186 247 253 215
    126 203 74 85 142 123 101 29 255 190 255 238 250 239 163 60 55 47
    205 115 99 247 223 251 127 235 59 206 45 151 247 97 215 171 205 255
    126 101 157 237 227 189 24 253 175 197 230 107 254 252 103 48 239
    121 253 240 107 153 125 149 206 114 49 241 182 54 134 91 75 198 70
    17 114 175 75 148 87 242 213 4 103 194 45 192 103 12 138 166 15 82
    40 49 105 87 36 20 186 66 120 195 212 80 72 24 75 193 20 225 79 153
    164 24 5 96 24 156 73 16 242 51 189 88 87 32 251 220 33 57 53 16 97
    58 225 64 170 251 54 208 198 209 98 2 8 71 194 123 160 5 154 156 62
    183 169 192 142 163 154 106 20 69 171 29 56 193 220 56 64 177 46 230
    37 130 125 155 172 16 67 216 29 28 65 132 115 17 241 44 50 96 160
    249 222 255 253 255 255 255 255 253 255 254 255 255 252 255 253 255
    253 255 111 252 223 255 125 239 255 123 191 255 87 255 255 255 103
    95 253 119 119 253 244 251 93 122 62 221 55 255 247 189 173 30 5 248
    191 157 73 84 252 55 191 222 95 34 250 133 239 109 201 242 221 215
    112 235 85 13 222 221 63 252 232 203 245 126 45 22 113 130 224 121
    245 29 60 173 139 94 41 150 71 89 218 66 91 255 62 55 191 40 55 21
    184 124 164 133 181 167 44 153 193 130 14 120 76 40 13 209 221 38
    218 237 254 119 105 248 251 162 253 249 185 234 127 228 119 235 233
    227 169 219 106 253 97 63 220 243 108 108 246 237 71 235 246 253 195
    205 117 125 179 253 182 223 30 74 150 116 227 138 81 172 95 78 127
    213 239 201 201 246 220 199 164 246 74 255 93 196 42 19 241 216 98
    174 203 72 187 234 115 66 198 193 179 99 141 173 71 205 141 44 27
    135 223 59 175 130 2 35 94 96 135 124 59 49 182 101 198 193 68 16 90
    107 15 10 209 200 101 116 240 197 126 5 233 196 120 129 164 76 6 49
    52 105 142 238 91 106 223 211 53 191 244 46 142 156 127 127 238 205
    179 248 174 245 119 219 247 89 119 157 54 45 219 223 99 159 72 67 36
    215 90 255 120 244 29 108 167 149 242 245 107 191 236 137 13 183 13
    217 223 62 247 122 189 251 251 108 218 72 5 172 152 2 31 28 103 33
    70 41 128 88 164 60 2 141 88 64 228 18 112 80 131 88 1 164 220 65
    132 60 64 208 20 1 168 10 104 128 72 50 138 60 47 54 20 231 78 19
    160 26 6 32 25 23 24 153 227 59 184 89 82 74 226 69 14 185 136 72
    223 162 71 41 230 10 4 80 52 251 163 137 105 137 32 132 81 94 131 85
    84 24 196 32 6 27 67 133 146 211 8 0 202 237 10 164 53 76 32 53 222
    101 235 20 104 40 60 151 93 80 154 53 78 2 165 64 211 91 226 254 57
    255 247 118 119 255 255 222 247 245 250 255 242 146 222 251 215 127
    255 63 173 231 151 159 127 255 255 67 191 246 171 207 45 118 255 218
    125 249 253 120 92 177 63 219 61 255 63 157 174 26 195 240 63 156 73
    80 247 113 191 124 87 160 250 186 255 92 218 55 31 30 11 255 210 61
    250 189 58 252 222 247 179 100 249 85 246 17 118 209 215 245 123 111
    218 245 112 218 44 70 190 219 88 161 124 114 95 56 61 213 246 244
