<?xml version="1.0"?>
<opencv_storage>
<ImageFile>"338.jpg"</ImageFile>
<Features type_id="opencv-matrix">
  <rows>315</rows>
  <cols>64</cols>
  <dt>u</dt>
  <data>
    122 253 255 223 54 223 223 63 255 246 223 220 255 60 127 222 189 247
    122 251 182 119 211 255 249 119 247 126 111 251 223 235 207 252 227
    46 222 89 250 123 124 221 237 109 183 252 245 111 191 234 169 207
    246 61 250 94 121 247 251 255 251 251 236 222 150 48 73 163 190 240
    153 248 198 163 247 116 105 2 209 112 114 212 7 89 137 34 173 28 172
    137 101 43 86 11 49 254 112 44 60 158 90 113 41 214 145 64 49 14 194
    6 24 52 139 45 86 1 120 28 132 73 144 242 33 216 88 22 32 189 45 222
    237 253 63 253 253 121 189 255 252 249 221 125 125 207 153 252 227
    123 246 126 218 255 125 255 151 182 125 247 125 239 223 218 255 44
    247 249 248 59 124 255 239 239 247 241 119 107 187 250 185 79 246
    157 255 92 63 215 255 255 243 255 237 254 133 134 146 101 233 240
    162 208 40 145 130 79 130 81 2 1 44 169 173 219 197 45 123 80 32 95
    81 102 148 6 131 86 159 49 88 0 113 136 232 32 65 60 58 183 225 65
    255 107 24 218 24 33 245 70 152 201 19 219 182 133 64 115 133 74 61
    254 125 202 127 127 53 122 245 124 252 241 109 127 252 205 251 244
    239 104 245 80 184 119 126 253 49 51 255 91 125 237 216 100 212 186
    198 112 185 125 119 223 122 191 213 145 244 77 129 181 22 12 232 29
    143 13 56 246 51 157 218 223 44 184 130 18 130 87 44 16 154 176 18
    187 17 195 138 1 2 3 44 203 36 155 200 165 107 218 129 19 183 226 4
    5 163 70 95 184 248 37 95 136 234 227 80 76 43 63 147 96 147 123 184
    202 24 67 244 73 152 200 23 83 151 149 244 115 64 238 194 18 130 87
    44 50 158 144 18 187 17 195 130 193 2 3 44 203 44 155 200 173 107
    218 128 91 179 226 0 37 163 70 95 184 240 33 127 172 226 227 80 76
    35 63 147 96 147 123 184 202 24 67 244 88 152 193 23 243 151 151 244
    115 64 238 130 130 142 81 172 144 154 176 56 187 17 202 138 113 18 1
    12 203 108 187 204 117 107 218 137 87 151 242 12 167 163 86 215 216
    202 32 127 136 250 35 100 44 107 61 147 96 243 123 58 218 8 67 212
    201 216 220 7 211 150 23 228 243 64 238 247 180 249 38 54 236 91 0
    202 39 81 254 239 130 150 90 127 199 55 209 171 143 99 93 189 223
    255 239 66 191 243 172 71 173 45 223 202 61 233 95 25 200 49 235 203
    120 189 61 217 164 16 131 224 150 54 97 80 178 49 249 252 23 48 190
    189 254 125 206 127 127 53 123 245 124 252 251 109 127 252 205 251
    244 239 104 245 114 184 118 127 255 49 59 255 91 127 237 216 100 215
    250 198 112 249 125 119 223 122 191 213 147 244 77 128 181 22 12 234
    29 143 13 56 246 115 191 218 223 44 186 99 140 136 139 207 207 198 5
    47 100 14 12 156 110 111 221 237 119 56 36 206 113 218 97 119 213 25
    109 179 123 31 39 149 231 81 27 34 65 239 98 33 149 108 105 21 156
    253 183 213 140 26 44 183 225 148 235 89 44 40 57 17 77 28 226 182
    176 243 39 190 196 218 4 202 165 85 254 231 2 150 90 124 199 54 211
    139 47 99 205 173 219 254 239 66 191 243 46 135 173 45 159 202 61
    235 87 9 200 161 235 139 120 189 63 217 180 0 195 224 146 52 99 80
    179 16 249 120 85 48 238 149 255 147 93 160 112 240 242 82 144 229
    251 194 81 131 24 109 139 162 198 71 44 67 211 226 95 247 232 196 38
    130 48 158 26 65 140 29 24 250 97 121 60 185 231 253 113 183 111 187
    254 41 243 240 69 88 65 7 219 22 131 48 115 197 74 210 241 138 118
    23 66 88 10 198 131 181 240 35 202 4 90 61 23 54 215 131 63 225 15
    164 215 243 127 83 187 198 104 2 190 174 223 170 45 122 87 96 232
    165 105 187 93 181 46 83 170 18 195 104 16 116 115 153 51 240 91 61
    49 177 11 69 36 199 37 216 224 187 116 16 173 211 53 192 163 131 66
    40 73 3 98 233 1 198 153 12 40 188 167 64 13 33 111 85 52 5 186 94
    56 233 124 120 76 25 14 193 49 203 111 153 172 24 5 240 28 156 73 16
    242 51 185 72 7 32 250 98 201 72 154 193 204 71 1 47 69 45 142 157
    111 220 188 203 19 52 36 14 232 145 96 89 213 25 61 163 170 26 9 146
    231 67 146 34 65 255 126 38 249 44 225 21 28 124 182 193 132 145 40
    173 1 166 175 25 108 40 57 88 69 51 170 163 204 12 143 170 205 215
    37 63 85 62 207 157 63 126 172 239 246 116 33 212 112 179 96 121 245
    157 50 187 211 95 107 149 100 83 112 211 67 250 104 247 223 108 175
    148 22 244 109 149 136 155 13 190 13 157 207 57 246 122 60 83 93 10
    250 251 221 222 254 55 79 92 7 63 229 29 187 62 238 38 223 191 243
    52 191 31 253 243 35 57 203 242 123 123 121 222 37 147 183 52 243
    227 77 210 253 82 251 237 123 187 28 237 62 213 162 122 223 108 170
    179 239 251 183 121 123 31 60 147 235 46 50 116 162 159 189 166 73
    237 88 202 55 253 55 249 117 242 186 71 240 241 114 25 124 212 12
    104 137 110 214 249 148 56 236 79 158 105 250 9 134 141 85 92 14 68
    231 238 21 168 117 144 44 98 133 203 57 10 98 151 164 74 14 40 16 16
    65 25 20 0 196 90 97 66 170 19 20 208 4 81 50 46 2 4 67 138 168 128
    138 156 148 167 72 0 170 49 56 66 20 37 170 8 40 66 66 48 96 177 106
    38 4 32 62 3 169 48 67 40 24 36 64 129 98 27 249 76 6 97 162 80 0 25
    19 200 4 154 161 66 170 59 6 208 64 19 50 4 3 0 130 200 177 199 138
    152 0 164 106 128 168 147 90 99 20 1 44 28 40 98 202 32 64 133 136
    164 20 129 79 19 236 25 3 180 24 92 83 5 51 18 48 40 18 104 228 127
    60 229 52 95 47 49 122 245 100 214 55 127 239 156 102 242 53 67 112
    241 207 145 183 94 168 204 159 250 220 125 237 155 109 101 190 142
    50 145 220 220 213 95 139 200 115 230 79 165 38 201 140 226 30 31 5
    104 182 247 184 170 134 46 92 6 131 19 101 32 192 216 69 2 130 3 84
    64 4 137 48 42 64 0 75 134 40 196 75 45 146 38 9 6 42 19 94 6 150 61
    154 0 186 203 22 129 96 160 104 34 132 49 62 65 56 118 69 48 0 180
    96 145 66 56 205 64 5 33 178 179 220 202 143 239 207 223 137 63 197
    61 202 191 122 38 93 237 247 52 183 196 55 243 101 119 215 249 63
    115 59 87 43 151 44 20 218 210 89 234 126 114 223 44 43 213 28 245
    47 153 172 24 5 248 29 156 75 24 242 50 189 88 95 34 251 101 239 103
    217 232 159 135 243 171 212 42 139 217 119 253 204 131 225 232 46
    214 125 16 227 91 103 7 52 172 216 25 91 231 66 71 170 208 122 247
    44 246 63 40 183 21 230 213 75 145 173 140 77 179 29 159 75 52 110
    82 61 90 85 105 248 82 0 153 19 200 2 138 165 66 162 57 6 144 68 19
    48 86 3 0 134 202 177 199 134 152 192 236 78 130 168 147 106 39 28 1
    44 24 0 98 202 32 64 5 8 180 28 129 79 19 140 9 3 182 24 88 211 73
    51 18 48 40 144 104 108 54 16 112 166 29 160 25 76 150 96 213 53 37
    14 128 84 118 150 128 16 193 34 193 102 132 128 224 73 18 168 197
    233 5 164 150 182 164 24 1 85 0 193 7 128 224 1 128 79 50 54 153 9
    32 16 252 81 40 50 190 152 58 7 36 92 248 201 158 159 34 95 240 231
    29 212 126 141 31 188 127 238 239 210 121 111 92 145 230 50 123 77
    184 8 209 194 62 59 240 37 117 250 83 119 201 244 242 95 60 62 220
    150 101 236 157 172 94 5 248 31 149 73 144 240 41 188 93 70 34 251
    252 252 255 253 255 255 251 255 253 253 254 255 255 255 255 237 251
    221 255 111 253 143 254 125 111 255 59 183 255 95 126 255 255 103 93
    251 119 127 253 116 251 93 122 62 221 55 255 247 189 173 30 133 248
    191 157 73 80 244 119 191 94 95 34 254 83 33 154 186 0 66 88 134 82
    226 37 128 82 160 7 26 13 11 48 199 11 133 103 131 154 67 186 236 65
    164 162 33 213 20 21 235 27 108 98 120 48 202 61 105 191 28 103 238
    91 168 42 215 240 88 112 202 215 251 57 241 28 112 80 227 202 1 138
    247 63 115 94 142 212 187 125 240 59 194 50 107 9 84 126 219 143 251
    231 31 45 195 150 55 83 249 55 238 55 188 182 99 255 93 242 243 90
    233 231 121 179 29 151 107 127 234 159 199 215 185 244 190 211 179
    181 91 173 184 212 254 186 255 92 218 55 31 30 1 127 210 63 250 189
    58 124 223 247 179 100 249 85 246 17 118 209 215 245 121 119 154 245
    112 210 44 198 190 219 88 161 124 114 95 56 61 212 86 244 111 153
    173 16 5 248 29 207 89 16 242 51 189 88 211 104 186 189 223 255 253
    62 253 253 255 189 255 253 217 95 253 255 239 191 220 111 107 254
