<?xml version="1.0"?>
<opencv_storage>
<ImageFile>"339.jpg"</ImageFile>
<Features type_id="opencv-matrix">
  <rows>280</rows>
  <cols>64</cols>
  <dt>u</dt>
  <data>
    45 254 237 253 62 253 253 121 189 255 220 217 221 125 253 207 155
    253 227 107 244 126 218 255 125 255 183 182 125 215 125 239 215 216
    223 44 247 249 249 127 124 253 255 175 247 245 247 107 187 253 152
    15 246 29 158 92 60 246 251 255 251 223 41 254 62 48 203 167 54 241
    153 126 198 162 247 112 99 2 145 114 122 212 71 91 129 2 229 23 173
    139 164 11 82 9 49 250 117 44 52 158 90 120 33 214 216 64 49 14 194
    4 1 110 155 172 27 5 112 28 148 73 144 242 51 216 88 22 32 251 129
    135 146 85 33 114 240 146 16 145 134 71 130 81 2 1 108 139 37 219
    198 45 99 83 34 95 81 106 84 6 130 98 159 50 81 0 83 8 232 96 81 60
    56 167 209 1 247 111 153 202 24 5 240 13 216 73 19 211 55 151 80 115
    133 74 54 176 113 38 30 236 25 0 194 37 85 244 237 2 148 80 126 198
    6 209 163 46 67 79 172 154 244 235 66 191 243 236 135 172 47 158 202
    56 233 95 9 200 49 233 193 112 181 47 153 164 0 67 224 20 52 65 16
    178 17 185 120 87 96 254 151 245 152 84 53 122 88 18 82 0 149 226 98
    83 4 25 108 139 36 211 199 44 97 211 162 31 243 234 64 39 130 96 158
    58 145 174 75 8 234 113 120 152 187 239 241 113 183 111 153 238 9 67
    248 29 88 65 23 179 183 183 56 115 229 75 189 254 125 138 127 63 55
    122 247 124 254 113 109 63 252 205 251 244 231 96 241 66 185 116 127
    253 121 59 255 91 121 237 216 100 212 186 198 112 185 125 119 223
    122 191 213 147 244 77 128 181 22 12 232 29 143 13 56 246 51 188 218
    223 44 184 54 176 121 38 62 236 89 1 194 37 87 244 231 2 148 80 126
    198 6 209 135 46 99 207 173 154 244 235 66 191 243 236 135 172 45
    158 202 56 233 87 9 216 49 233 195 112 181 47 153 164 0 67 224 20 52
    65 16 178 19 185 120 23 96 254 255 221 251 252 98 23 93 199 51 231
    45 138 94 232 166 127 229 187 60 103 30 253 116 35 247 199 227 127
    65 57 254 33 226 22 20 235 194 125 210 248 82 250 188 233 187 30 197
    110 221 174 18 95 120 93 181 79 25 255 121 191 95 244 219 251 189
    246 125 138 127 127 55 120 247 124 252 251 45 63 252 221 251 244 231
    112 241 114 185 118 125 253 121 59 255 91 127 237 216 100 215 254
    198 112 185 125 119 223 122 191 213 145 244 77 128 181 20 12 234 29
    143 13 56 182 119 189 218 223 44 186 150 241 152 246 55 2 92 10 134
    131 181 240 39 202 4 90 60 22 54 215 3 62 225 7 164 151 243 127 83
    184 228 104 130 190 172 222 170 44 114 215 96 234 181 105 179 28 181
    46 83 174 18 195 104 16 116 113 153 179 113 219 57 53 177 171 150
    209 138 118 23 2 92 10 134 131 181 240 51 194 4 90 61 18 54 215 3 46
    225 7 164 215 243 127 83 186 196 104 130 190 36 222 170 44 114 87 96
    234 181 105 187 92 181 46 83 174 18 195 104 16 116 115 25 51 112 91
    57 53 177 138 77 32 195 53 248 224 187 100 16 173 211 53 192 163 131
    66 40 73 3 98 233 1 198 153 12 168 188 167 64 13 49 111 85 53 21 186
    82 56 233 94 120 64 24 14 193 0 203 107 25 172 24 5 240 28 156 65 16
    242 51 189 72 7 32 250 34 197 12 138 34 93 21 7 55 84 60 193 29 63
    124 164 207 242 192 160 208 112 241 34 121 165 129 16 59 218 29 97
    148 100 83 48 247 66 138 104 118 159 44 39 148 22 244 110 145 168
    155 13 182 9 155 77 59 242 58 188 83 95 42 250 69 5 25 26 17 18 107
    74 130 130 1 178 32 131 133 2 2 5 160 68 2 38 192 67 12 144 131 13
    18 40 0 8 82 6 148 170 0 40 3 80 160 226 184 193 51 152 1 78 18 172
    48 16 33 24 253 2 0 42 59 219 8 70 225 115 183 253 209 46 9 204 81
    12 251 69 5 253 190 127 238 252 255 178 164 49 231 108 114 103 245
    223 241 123 107 187 207 109 151 228 97 150 163 217 251 126 101 157
    44 225 245 80 253 111 209 166 137 15 244 5 56 109 56 242 246 173 154
    87 163 218 110 235 233 218 34 223 94 1 13 194 27 158 145 118 255 78
    153 81 96 102 23 117 210 99 89 215 151 53 2 250 30 136 198 20 215
    138 194 88 235 48 32 125 245 109 181 156 245 47 151 172 152 13 179
    29 220 26 0 226 114 189 89 219 105 250 183 253 93 46 27 200 209 8
    251 197 29 253 190 111 236 248 255 162 36 51 231 104 115 103 245 223
    241 123 107 59 207 111 151 228 101 150 187 89 251 126 101 221 45 225
    245 16 253 111 201 166 75 15 252 5 60 109 56 242 178 185 152 87 162
    202 205 42 227 97 216 160 161 220 152 187 194 127 194 193 131 9 10
    109 187 75 236 15 74 217 7 218 30 167 92 5 35 206 95 211 253 41 53
    189 125 38 109 36 250 246 111 233 59 179 124 92 56 241 213 246 188
    36 70 140 151 207 204 7 149 118 58 177 253 222 54 31 93 39 71 198
    125 144 95 226 180 94 246 214 96 107 135 124 193 99 189 130 230 93
    34 249 220 233 151 244 60 158 206 124 210 223 50 203 229 105 182 22
    197 110 215 166 163 207 42 17 55 93 72 115 122 219 121 60 107 247 85
    35 153 218 16 18 105 74 194 198 1 146 1 194 133 82 2 69 160 70 2 244
    192 67 12 146 163 13 18 40 48 73 66 6 148 170 0 108 3 64 160 106 181
    65 51 28 1 78 18 172 48 84 34 25 125 16 1 42 19 203 24 212 233 51 21
    21 146 21 8 66 216 198 18 186 2 69 82 68 131 48 108 202 128 131 197
    45 206 75 142 10 178 79 0 77 179 103 119 178 29 184 54 248 235 116
    81 68 8 74 225 4 209 111 153 236 24 5 240 24 156 73 22 115 51 189 88
    55 33 234 4 4 12 136 0 157 6 1 35 66 11 4 144 37 60 37 133 104 0 160
    144 112 16 192 80 84 137 92 32 150 157 65 128 16 211 8 128 72 10 2
    36 145 44 161 52 20 246 41 17 200 32 14 38 73 80 26 27 3 18 36 0 241
    72 234 82 1 0 23 128 128 26 160 2 162 19 6 144 0 1 50 4 3 4 134 10
    160 128 64 136 148 179 104 128 170 135 24 98 20 1 139 8 40 66 74 32
    64 37 40 166 28 160 61 19 138 16 39 0 24 116 99 1 35 16 112 44 18 96
    34 37 237 109 139 192 220 135 0 175 69 13 222 157 63 220 236 139 119
    60 36 22 100 146 96 121 245 29 61 47 154 90 9 150 68 65 154 130 89
    255 62 55 191 40 165 21 24 124 36 129 165 161 44 153 1 130 174 56 78
    120 45 80 221 62 218 77 50 68 2 221 51 162 252 112 56 194 53 44 27
    139 1 98 237 201 176 241 3 13 244 2 40 8 134 252 68 33 199 125 33 84
    176 85 146 5 116 221 20 26 22 64 225 66 193 56 109 77 0 244 60 139
    73 38 224 135 148 202 6 36 88 45 54 101 52 188 180 43 112 224 62 83
    48 205 75 145 67 2 236 67 226 249 96 17 223 140 40 166 151 74 28 113
    203 115 44 198 190 216 56 33 93 76 64 27 142 192 96 131 79 58 172 24
    3 226 28 28 81 44 178 19 149 234 214 104 240 186 255 124 218 55 29
    28 11 255 210 61 250 189 58 124 94 247 179 100 249 21 246 145 118
    209 215 245 121 103 250 245 240 218 44 198 190 219 88 161 124 114
    223 56 61 212 118 244 111 155 175 16 13 250 29 223 93 16 243 51 189
    121 211 104 186 58 117 125 182 34 141 25 41 239 231 215 176 253 42
    244 86 246 146 71 241 191 114 209 119 221 170 228 219 98 188 253 248
    226 44 70 158 202 58 129 222 158 91 85 136 210 119 128 15 155 174
    145 11 114 29 21 93 40 242 115 248 123 214 42 249 251 221 254 222
    231 95 215 154 63 85 45 203 191 253 100 253 245 247 60 63 118 127
    176 115 115 255 243 126 255 115 94 57 146 103 18 209 195 91 254 249
    83 191 252 127 217 30 245 238 197 145 150 13 248 103 159 207 121 254
    120 63 83 221 159 217 45 50 101 48 188 181 43 112 224 46 83 48 205
    107 145 65 66 236 67 224 249 96 17 222 140 40 164 159 72 28 113 195
    115 44 198 190 88 56 1 95 92 64 24 142 192 96 130 79 56 172 24 3 98
    28 28 81 44 242 19 148 232 214 96 240 186 247 92 154 55 29 28 11 247
    210 61 250 189 58 252 95 247 179 100 249 85 246 145 118 209 215 245
    121 115 250 213 112 210 44 70 190 219 88 161 124 114 95 56 45 212 86
    212 109 153 173 16 5 250 29 223 89 16 242 51 189 89 211 40 187 195
    71 0 22 205 2 2 0 34 1 33 66 138 83 0 17 0 101 36 148 66 172 17 98 6
    214 153 47 178 42 2 17 146 53 82 154 72 8 106 133 101 32 24 201 193
    72 244 15 0 167 0 0 81 98 138 171 17 51 16 23 8 119 52 72 37 239 103
    217 232 159 135 241 171 92 42 203 221 125 253 237 129 225 234 46 212
    101 26 226 91 103 5 52 173 220 25 83 239 66 71 170 208 122 255 172
    246 62 40 183 21 242 213 75 177 173 136 9 179 29 159 91 52 102 82 53
