<?xml version="1.0"?>
<opencv_storage>
<ImageFile>"34.jpg"</ImageFile>
<Features type_id="opencv-matrix">
  <rows>231</rows>
  <cols>64</cols>
  <dt>u</dt>
  <data>
    42 204 140 138 39 221 221 15 127 230 61 200 191 62 124 222 157 119
    32 187 150 119 211 111 121 215 145 62 63 243 29 107 135 236 83 16
    251 72 250 42 112 255 109 105 151 20 245 107 151 136 153 13 182 5
    188 220 57 242 122 253 211 221 8 254 7 52 208 54 29 34 34 94 16 40
    128 113 32 75 128 19 98 175 3 209 225 47 201 87 4 10 224 15 82 12
    225 100 95 44 20 190 51 56 1 84 72 64 26 11 192 81 131 79 24 38 24 4
    224 28 220 65 18 178 183 149 24 23 164 74 7 48 208 54 29 34 32 90 16
    40 192 113 32 75 128 17 98 167 3 208 225 47 201 87 4 10 224 15 82 12
    225 100 95 46 20 190 51 56 1 84 72 64 26 11 192 81 131 79 24 38 24 4
    224 28 156 65 18 178 183 149 24 23 164 74 126 177 255 85 119 163 219
    126 214 155 213 243 239 74 130 82 250 197 114 215 247 47 195 215 172
    122 246 223 82 125 228 234 95 47 188 191 222 60 251 117 89 72 179
    110 227 49 145 111 187 190 25 195 240 56 156 65 68 179 119 219 56 55
    165 254 2 3 16 182 1 2 0 66 2 0 3 70 2 65 128 16 102 194 4 68 2 44
    128 99 14 154 160 73 146 40 0 9 18 36 84 154 0 104 65 196 1 64 24 75
    200 4 225 78 129 164 16 5 112 24 148 73 16 114 49 189 88 87 32 248
    208 17 18 215 192 2 90 224 2 129 33 66 130 194 128 18 102 195 28 71
    11 172 165 2 136 22 243 104 130 42 130 49 50 55 48 219 0 77 70 199 1
    32 145 82 171 12 200 22 64 129 113 247 56 250 32 235 193 57 16 67 12
    36 145 168 80 11 147 215 32 194 218 229 74 163 3 148 146 192 147 2
    110 197 56 111 142 173 230 19 13 154 182 46 66 8 48 42 87 39 117 187
    82 124 195 84 208 104 177 110 171 12 137 63 153 172 56 5 240 28 156
    75 17 114 51 253 88 23 33 251 68 33 147 213 80 130 232 103 2 234 3
    20 194 192 147 2 106 197 1 103 142 45 198 91 14 138 162 15 82 8 48
    107 87 39 52 187 18 124 67 86 144 96 152 14 203 12 193 127 153 44 24
    5 112 24 156 73 16 114 51 157 88 23 33 243 80 1 147 215 32 130 218
    231 66 171 1 148 146 192 147 2 110 197 56 111 142 173 198 27 13 138
    182 46 66 8 48 42 87 39 53 187 82 124 195 86 208 104 176 78 139 28 9
    63 153 172 56 5 240 24 156 75 17 242 51 157 88 23 33 251 140 238 239
    109 238 253 190 209 57 255 104 203 222 113 126 169 141 205 191 235
    220 85 62 248 255 95 191 246 237 87 63 214 247 241 221 41 254 255
    248 163 255 30 106 191 247 246 254 49 189 221 28 103 213 253 159 109
    23 215 19 189 246 95 74 191 62 50 117 182 190 165 59 124 214 62 211
    53 237 67 145 80 242 214 67 98 225 40 195 255 140 170 230 159 82 29
    245 239 119 44 20 190 94 120 161 87 216 68 27 14 192 5 193 79 152
    172 24 3 240 28 156 73 0 178 51 153 88 6 32 244 201 206 191 89 234
    223 190 241 121 187 173 206 222 245 110 169 205 169 63 235 220 213
    126 217 211 119 189 254 197 23 187 118 255 24 65 45 90 171 236 234
    250 30 104 191 213 126 247 57 153 201 8 7 240 93 157 73 21 247 147
    189 80 83 74 251 9 51 17 48 17 32 32 94 64 0 194 53 96 65 128 3 98
    76 135 65 162 40 161 23 4 138 34 137 82 4 33 201 88 6 52 186 0 112 1
    212 200 64 24 6 96 1 66 78 8 36 112 4 96 28 134 9 128 178 35 142 8 6
    37 57 201 206 191 89 234 223 190 209 121 251 173 206 222 245 111 169
    205 169 127 235 220 213 126 217 211 119 189 254 205 23 187 114 255
    16 67 45 218 250 236 234 122 30 120 191 213 127 247 109 153 204 8 7
    240 93 217 73 22 247 19 181 88 211 106 251 226 205 206 155 203 95
    151 129 61 103 46 206 155 110 126 237 203 245 61 103 68 247 146 114
    95 215 185 47 211 154 51 107 215 36 87 187 82 120 237 116 112 92 56
    47 213 28 245 111 153 172 24 5 240 29 156 73 16 242 51 189 88 87 32
    250 11 196 8 162 239 152 31 9 61 99 61 74 184 123 36 5 128 117 4 241
    192 115 146 120 68 214 137 55 82 49 61 75 151 164 80 50 115 72 168
    178 66 94 88 9 209 20 244 75 153 172 24 5 245 5 156 41 16 242 51 189
    88 87 50 249 205 207 239 217 234 127 226 245 57 253 110 207 218 245
    123 237 129 253 109 98 252 229 62 242 91 111 149 166 249 7 59 211
    255 34 87 186 82 114 249 244 242 60 56 62 213 54 243 107 153 172 24
    5 240 29 157 73 16 242 51 189 88 86 34 249 131 5 130 18 201 130 128
    10 34 3 0 66 162 203 0 17 106 39 37 19 192 39 32 99 70 146 177 15 18
    8 0 67 215 38 84 186 82 40 107 244 64 64 24 9 209 80 245 207 25 172
    24 5 240 24 156 65 16 114 51 189 24 87 32 250 193 207 214 223 233 78
    158 195 43 217 43 207 150 247 239 237 235 213 60 103 78 173 18 115
    71 223 187 47 211 10 58 51 214 37 85 187 82 126 233 116 114 94 56 47
    221 30 245 111 153 172 24 5 240 29 157 73 16 242 51 189 88 87 34 250
    26 16 24 50 15 176 26 4 18 162 85 68 44 2 0 18 116 138 1 211 193 32
    195 83 136 10 224 206 66 32 225 226 215 44 20 182 91 8 224 240 88 88
    48 8 208 21 163 111 155 172 24 5 240 29 220 73 16 243 51 189 88 18
    32 235 195 148 128 2 221 162 135 30 242 41 128 235 162 75 6 25 110
    103 181 151 192 47 123 111 98 243 89 38 18 9 195 71 159 175 184 53
    50 8 111 37 97 96 42 235 137 112 61 227 112 244 24 0 245 162 88 131
    59 48 182 23 144 117 148 74 135 229 105 152 158 156 95 73 43 103 173
    234 218 107 228 93 194 117 36 97 143 116 58 106 101 215 179 47 83 47
    19 97 151 134 222 138 2 121 251 246 114 250 44 105 209 92 245 59 145
    172 16 4 224 21 156 41 24 178 50 189 88 215 42 251 7 21 144 22 25
    130 0 10 34 1 0 65 130 75 128 17 102 103 36 1 194 44 40 99 70 146 97
    111 18 8 1 101 23 38 20 154 0 8 107 196 65 64 40 139 201 80 245 207
    16 164 24 0 240 24 156 65 16 50 50 189 24 85 32 250 14 5 109 168 6
    63 23 67 164 70 21 0 89 60 60 71 128 124 3 96 192 114 208 114 92 128
    132 24 112 148 61 201 150 52 211 170 66 120 129 80 52 155 28 13 212
    20 229 78 25 172 152 12 114 29 159 25 24 226 51 188 72 86 40 248 20
    35 209 144 16 192 0 103 66 160 83 52 81 198 153 82 106 64 3 66 131
    41 206 131 140 136 38 13 2 140 17 78 87 38 101 154 8 50 75 86 129 64
    144 2 14 140 33 166 153 36 105 64 48 24 20 73 128 98 11 241 72 7 33
    246 252 157 255 221 34 95 216 247 63 212 95 159 223 180 251 238 255
    211 122 111 30 253 198 243 249 126 182 120 104 222 222 43 215 38 117
    254 214 127 219 124 240 93 189 62 191 54 117 110 159 168 57 157 240
    29 156 77 16 246 123 253 89 85 35 250 1 13 146 20 0 194 232 70 2 130
    3 132 2 129 1 10 12 72 160 15 134 13 100 131 9 2 130 68 0 4 0 65 119
    18 113 8 16 108 66 0 144 32 56 38 170 16 65 238 17 40 120 21 48 88
    180 72 145 66 50 229 64 37 1 227 141 207 204 200 32 61 164 82 57 223
    44 202 142 121 118 45 133 105 173 111 116 116 82 242 97 119 17 242
    125 6 58 1 214 82 210 40 81 104 248 160 118 62 58 181 213 82 119 227
    153 153 56 4 209 93 155 12 27 212 51 165 80 211 79 251 14 42 195 241
    24 240 224 196 24 187 82 21 131 134 155 194 11 92 137 107 205 45 206
    91 45 218 18 135 94 75 51 223 87 163 125 179 119 255 109 20 65 116
    242 110 79 132 105 243 89 44 126 181 213 21 188 40 148 96 43 255 73
    7 49 246 250 249 251 251 210 237 253 175 223 239 89 190 183 230 255
    254 255 215 113 102 62 157 215 61 223 223 243 169 211 251 126 187 66
    38 95 255 147 127 253 118 48 77 245 120 95 29 125 182 223 172 18 181
    234 159 180 121 216 240 105 251 95 95 59 178 56 49 251 214 50 135
    216 119 210 252 87 149 119 144 147 82 190 215 98 107 134 45 195 215
    141 138 246 223 66 237 245 238 199 52 53 190 222 120 232 117 80 92
    177 46 227 20 225 111 155 174 25 71 240 28 156 73 4 243 51 249 121
    23 32 254 62 253 249 254 63 238 251 79 255 249 255 255 191 110 254
    252 251 151 177 83 229 127 211 127 245 207 243 63 123 251 255 239
    135 228 127 182 247 122 249 117 235 221 247 105 245 23 245 111 221
    174 153 13 242 21 253 125 24 242 247 185 59 95 186 222 175 212 109
    221 191 189 223 121 189 127 189 251 191 121 244 109 161 245 118 123
    244 118 146 126 125 255 167 55 127 123 117 127 215 108 222 186 210
    121 249 253 114 223 123 47 213 22 245 107 153 189 24 13 248 29 159
    77 56 246 115 191 219 223 46 251 52 33 81 22 16 3 24 110 194 0 215
