<?xml version="1.0"?>
<opencv_storage>
<ImageFile>"340.jpg"</ImageFile>
<Features type_id="opencv-matrix">
  <rows>174</rows>
  <cols>64</cols>
  <dt>u</dt>
  <data>
    129 138 146 71 232 210 130 144 42 17 2 71 130 83 67 1 110 195 173
    166 197 45 11 208 130 94 57 110 132 10 131 22 215 35 89 16 81 152
    237 100 101 20 40 23 197 0 255 103 152 204 24 37 244 15 152 203 18
    90 18 165 80 87 32 122 129 154 146 195 232 210 162 208 42 25 2 71
    130 81 67 1 110 195 173 38 196 37 11 208 2 94 57 110 148 2 131 23
    215 35 89 16 81 216 237 100 101 20 56 23 197 4 249 103 152 140 24 37
    240 13 152 203 18 88 18 165 80 87 32 122 61 255 109 253 62 253 253
    113 189 255 221 216 221 125 253 79 153 253 99 107 246 124 210 251
    253 255 183 254 125 119 125 239 215 212 223 42 222 249 248 127 124
    127 251 239 247 181 247 123 155 191 24 79 242 29 158 93 57 243 115
    255 251 223 105 254 108 5 236 136 2 95 39 117 37 196 95 148 29 188
    63 198 217 56 65 100 56 209 214 176 89 109 156 152 97 212 30 137 200
    36 67 170 195 66 129 120 60 29 60 167 84 53 102 108 155 172 137 12
    242 29 144 93 56 224 41 184 91 214 46 218 171 222 238 203 38 255 213
    147 253 255 60 202 255 61 126 207 221 245 127 187 180 119 91 247 113
    119 21 54 125 215 215 227 207 106 195 100 250 121 249 120 124 93 122
    189 151 116 119 239 191 232 152 13 240 29 248 92 55 246 119 253 211
    219 108 250 251 220 238 237 239 253 223 177 61 255 125 207 159 125
    127 236 173 253 124 251 252 119 246 121 125 255 187 126 125 119 119
    255 215 249 93 121 215 121 248 123 112 93 107 191 215 20 255 123 157
    204 24 13 252 221 156 77 16 247 115 189 219 223 40 254 171 223 238
    219 63 255 213 147 253 255 60 203 191 125 126 207 221 245 127 187
    245 119 91 255 113 119 183 182 127 215 247 227 207 106 215 36 255
    121 249 121 124 125 122 189 215 117 119 111 189 248 152 13 242 29
    220 93 55 246 119 191 251 251 108 250 7 140 138 245 255 144 219 9
    188 251 23 207 155 90 33 69 0 221 32 243 196 39 194 123 45 218 178
    55 84 59 55 111 215 184 85 58 250 121 232 119 112 124 105 47 209 20
    241 107 153 174 24 5 244 29 156 73 16 243 51 189 120 87 32 250 3 150
    8 67 236 152 218 16 58 59 6 79 128 81 73 17 12 171 132 146 197 100
    27 216 160 18 115 230 12 39 131 118 223 216 201 4 127 139 234 35 241
    28 74 204 241 224 179 123 185 219 8 99 180 133 88 225 23 83 150 167
    242 251 224 79 242 219 255 223 247 31 95 187 111 69 61 218 191 251
    118 92 255 215 124 247 94 245 211 119 219 247 249 127 187 186 214 41
    150 109 214 255 202 89 250 125 116 223 185 63 213 28 245 47 151 174
    153 15 240 61 158 223 120 247 113 61 120 213 60 250 242 219 222 223
    231 159 95 169 111 69 61 218 191 251 126 92 255 215 124 247 94 245
    195 119 219 247 249 127 186 186 214 41 150 109 211 255 202 89 250
    121 116 223 185 61 213 28 245 47 151 174 153 15 242 61 158 223 120
    247 113 61 120 213 60 250 220 57 219 245 48 83 120 231 82 170 117
    176 87 194 147 218 59 198 56 111 15 173 230 147 141 139 246 253 67
    44 182 42 119 55 53 255 222 124 243 117 240 104 177 127 187 28 209
    110 219 174 126 215 240 30 180 73 208 243 121 219 125 52 161 251 222
    57 251 252 50 83 248 231 82 170 245 176 115 194 147 218 59 196 50 79
    7 173 231 151 141 139 182 157 67 172 182 234 231 52 53 251 222 124
    211 117 240 104 177 110 187 28 129 110 219 174 127 215 240 29 180 72
    208 243 121 251 125 52 161 243 254 41 235 252 50 115 248 239 212 138
    213 176 115 130 147 202 186 156 114 95 7 189 230 151 157 139 182 137
    67 172 54 168 231 60 37 250 222 124 195 117 248 124 181 110 187 53
    131 110 219 174 127 199 240 29 52 80 208 243 123 251 121 54 225 251
    108 175 239 216 98 255 243 119 189 252 86 133 95 252 59 238 153 121
    251 47 244 127 82 247 89 106 132 150 108 212 60 202 207 90 67 160
    223 90 248 56 252 61 247 166 245 247 247 107 191 172 137 75 243 93
    153 92 63 230 119 189 123 251 111 218 2 0 142 150 47 151 154 55 22
    254 21 68 154 120 49 6 108 211 96 163 212 55 195 115 8 114 180 110
    80 145 149 99 215 44 81 48 83 72 232 96 112 92 48 47 213 20 245 111
    153 168 24 5 244 29 156 73 17 243 51 189 88 87 32 250 35 6 0 158 207
    140 6 5 46 96 6 9 188 127 44 21 116 179 0 176 200 35 155 104 80 0
    224 110 50 185 217 103 151 172 83 48 99 64 234 106 100 93 76 9 212
    84 245 79 145 196 24 12 182 9 152 201 27 115 178 181 16 83 32 72 60
    238 127 121 186 253 251 229 249 254 234 189 253 117 253 254 243 152
    203 106 253 112 95 254 253 47 231 247 111 215 255 254 255 194 79 191
    255 251 249 254 254 94 251 46 246 247 211 123 187 237 60 103 242 29
    157 93 158 246 255 188 251 94 107 181 126 41 235 240 54 119 121 127
    212 206 215 180 115 128 147 206 138 92 115 79 55 183 228 151 45 171
    182 141 83 220 54 232 71 46 181 250 94 124 201 84 248 252 181 46 211
    53 33 110 155 172 59 133 240 29 180 84 144 242 59 251 73 151 104 251
    61 50 247 245 62 241 253 254 212 191 242 113 239 75 145 81 251 220
    227 107 229 44 238 255 140 191 247 167 94 79 113 255 87 166 253 190
    118 252 249 119 121 68 251 47 207 129 219 123 184 189 28 1 240 156
    156 73 132 178 183 223 218 23 36 182 60 238 127 249 58 253 251 229
    249 254 232 189 253 119 253 254 243 152 203 107 253 120 95 254 253
    175 231 255 111 215 255 254 247 194 79 190 255 251 249 254 254 94
    249 190 246 247 211 123 187 237 62 103 242 29 157 93 150 242 255 252
    251 94 107 181 2 32 128 50 0 0 40 7 80 186 66 5 16 2 17 2 4 10 129
    194 193 32 85 159 144 8 166 128 64 164 161 194 101 24 3 32 61 10 0
    72 200 96 16 136 98 101 131 75 57 104 40 67 244 12 56 64 151 227 23
    148 42 34 98 97 56 190 239 217 62 255 255 117 253 254 94 157 221 125
    125 238 217 253 251 43 244 127 222 255 121 127 166 182 125 211 127
    239 223 234 215 52 255 250 249 123 124 125 239 174 213 181 247 107
    191 236 153 77 246 29 156 93 63 246 255 255 251 223 107 254 123 25
    158 214 63 163 89 58 150 255 85 209 191 202 20 94 118 215 52 123 198
    47 195 127 43 218 226 62 82 113 117 111 215 166 52 48 215 124 250
    119 80 236 235 111 251 20 245 111 153 174 24 133 244 28 156 73 17
    242 115 255 216 23 161 254 57 213 124 94 38 63 85 50 119 84 85 0 60
    121 60 21 244 186 67 246 119 122 17 247 210 42 228 220 104 212 220
    161 222 126 194 164 207 2 208 105 254 159 159 135 212 241 231 78 187
    174 137 79 242 29 219 89 63 243 127 183 122 243 238 201 65 6 205 139
    170 157 7 117 63 254 2 138 157 57 63 7 202 245 65 40 216 225 218 248
    73 96 188 54 56 8 57 75 213 36 85 184 82 122 161 112 244 94 40 47 85
    148 245 101 153 172 24 5 240 29 157 73 16 242 51 188 88 87 32 251 63
    244 125 174 63 63 189 91 247 126 252 241 125 123 252 253 242 246 71
    113 245 114 241 118 221 171 229 155 123 89 125 235 247 44 86 190 242
    122 233 252 250 95 122 47 208 119 245 79 185 172 24 13 240 29 157 73
    48 242 51 188 90 214 42 249 253 255 255 255 255 255 249 255 189 253
    252 255 191 255 238 253 251 245 191 111 253 15 254 127 111 255 243
    63 223 91 114 255 223 103 125 251 86 125 253 116 115 92 250 63 221
    21 253 247 157 172 30 149 240 63 156 73 16 246 115 191 94 87 32 250
    63 244 125 174 63 61 189 91 247 126 252 241 125 123 252 253 243 246
    71 115 245 114 241 118 221 175 229 155 123 89 125 235 247 44 214 190
    242 122 233 253 250 95 122 47 212 119 245 111 185 172 24 13 240 29
    157 73 48 242 51 188 90 214 42 249 255 113 247 118 55 34 125 250 214
    165 245 243 239 219 128 94 250 215 119 87 63 174 225 55 140 255 247
    255 114 62 230 253 218 47 52 254 218 56 241 93 120 72 185 239 233 57
    183 111 137 166 145 195 248 30 156 65 120 178 113 219 56 23 165 218
    255 113 247 118 55 34 125 250 198 165 245 243 239 219 128 94 250 215
    119 87 63 174 225 55 140 255 247 255 114 62 230 253 218 47 52 254
    218 56 241 221 120 72 185 239 233 57 183 111 137 166 145 195 248 30
    156 65 120 178 113 219 56 23 165 218 54 50 121 138 150 93 15 13 239
    70 27 52 61 46 255 244 251 214 64 36 81 210 149 36 220 133 252 25
