<?xml version="1.0"?>
<opencv_storage>
<ImageFile>"341.jpg"</ImageFile>
<Features type_id="opencv-matrix">
  <rows>239</rows>
  <cols>64</cols>
  <dt>u</dt>
  <data>
    63 246 125 253 190 189 255 121 253 255 253 250 221 125 124 95 189
    253 110 251 252 118 210 252 253 255 247 255 125 119 255 255 223 252
    223 46 222 249 248 123 124 223 107 45 247 181 247 123 191 255 24 15
    250 157 223 93 56 247 243 191 251 223 104 254 252 41 235 177 18 103
    249 255 212 142 215 180 83 138 147 238 219 85 123 79 63 159 230 151
    31 235 190 141 67 156 50 168 100 47 37 255 86 125 69 220 216 96 181
    62 139 44 1 236 223 44 127 145 209 63 180 80 208 248 41 249 77 20 32
    251 124 175 247 221 58 255 245 255 125 252 110 223 223 255 251 238
    235 213 233 107 244 45 214 243 93 255 179 55 126 218 63 255 247 39
    117 186 214 122 249 124 244 125 184 62 221 134 245 111 153 172 28 13
    240 29 157 77 16 242 115 189 90 87 33 250 3 146 24 71 172 152 218 0
    122 187 7 79 132 82 105 17 100 139 128 146 197 36 11 219 161 18 243
    238 4 39 129 118 223 144 217 4 123 139 234 99 241 28 10 12 241 196
    179 111 185 219 8 71 244 5 216 201 23 211 150 165 112 115 224 235
    239 206 238 253 239 191 255 241 189 255 253 203 223 248 127 78 189
    253 127 235 252 127 218 123 127 255 183 246 124 247 119 255 199 248
    95 41 247 253 248 123 120 125 251 191 247 53 247 123 189 204 24 13
    240 93 156 77 19 247 243 191 251 223 8 254 64 0 138 57 200 194 34
    199 0 171 64 140 82 128 3 10 75 9 51 70 200 135 238 9 30 201 190 38
    67 133 35 78 69 135 5 59 18 165 109 122 48 96 52 171 87 28 53 179 29
    172 26 1 209 88 20 194 216 168 35 185 12 87 16 226 250 255 255 223
    246 223 95 185 239 87 61 218 255 249 126 92 255 247 126 255 30 253
    147 246 223 247 247 127 255 186 214 41 214 108 215 223 202 121 251
    125 118 223 185 63 213 60 245 47 159 173 144 15 242 29 158 95 24 246
    113 63 120 221 40 250 45 254 125 169 186 253 171 249 253 254 202 189
    253 61 249 229 243 252 195 98 253 112 158 188 93 236 172 191 95 207
    123 255 241 132 95 186 82 242 233 126 254 92 88 46 84 183 224 113
    153 45 28 5 242 29 157 73 144 242 59 188 218 86 42 180 250 251 255
    223 246 159 223 248 239 85 189 250 255 249 254 92 255 247 126 255 95
    253 211 247 223 247 247 127 255 254 214 41 222 109 215 222 218 121
    251 125 116 95 185 63 213 60 245 47 159 174 153 15 242 61 158 95 120
    246 113 191 120 223 44 250 239 254 239 249 62 255 247 251 253 255
    246 251 255 251 254 207 219 253 255 251 245 119 219 255 125 127 53
    183 126 223 119 239 207 106 215 182 255 121 253 124 124 93 122 191
    213 117 119 235 189 236 152 13 242 29 156 93 54 246 247 191 219 223
    44 254 110 254 239 249 126 191 247 115 253 255 222 251 255 127 252
    77 219 253 251 251 245 127 91 255 127 127 183 183 126 223 119 239
    223 106 215 186 255 120 249 125 124 125 122 175 213 117 247 107 189
    236 152 13 242 29 156 93 54 246 247 191 219 223 44 254 51 20 148 158
    139 141 30 5 54 106 17 5 156 111 45 20 116 179 0 178 213 47 219 107
    208 2 226 94 26 241 221 103 215 180 83 52 211 72 234 106 116 92 76
    139 212 20 247 79 145 236 24 5 182 9 152 73 27 243 51 181 82 115 32
    226 14 170 235 117 61 178 251 88 152 187 198 251 195 83 129 73 136
    77 171 75 228 39 202 91 77 218 147 167 92 1 33 206 215 176 213 170
    119 184 233 55 120 124 58 175 213 17 179 107 185 172 24 1 241 29 156
    72 20 242 183 189 216 87 32 254 255 49 255 116 54 35 125 126 210 180
    253 243 111 211 134 122 242 207 119 95 39 173 224 151 140 171 231
    219 122 124 228 233 250 60 180 254 222 60 209 245 90 203 179 111 250
    49 131 110 187 166 139 195 248 60 60 69 100 179 119 219 121 54 229
    219 120 142 239 219 126 255 247 53 253 254 94 221 157 124 123 236
    219 221 251 106 244 127 222 255 121 127 150 182 125 211 127 239 223
    110 215 48 223 251 249 120 124 125 255 46 213 182 247 107 191 172
    153 13 246 29 156 93 61 246 123 191 219 223 40 254 45 207 237 216 55
    253 245 123 189 212 214 252 217 125 252 207 137 125 99 107 244 118
    210 247 125 127 149 54 124 223 29 203 223 106 199 170 210 120 249 60
    124 61 124 167 213 116 117 107 187 172 153 13 242 29 156 28 56 226
    115 189 219 223 44 218 254 49 255 116 54 34 121 126 210 152 245 241
    111 211 134 90 242 207 119 95 103 173 224 151 140 171 227 223 122 44
    228 232 186 60 180 254 255 56 209 245 90 202 179 111 234 49 147 110
    250 166 139 195 248 60 60 69 100 179 119 219 56 54 229 219 187 253
    125 186 55 31 85 11 247 70 61 240 63 250 244 255 243 246 39 115 119
    118 241 55 221 143 229 25 115 152 252 105 210 44 70 190 66 120 225
    252 114 223 60 45 208 86 245 78 153 172 24 13 240 29 157 73 24 242
    51 189 88 214 42 249 59 213 124 222 39 221 221 59 55 220 61 197 60
    124 108 245 247 246 68 187 212 114 209 115 113 54 225 88 127 115 221
    113 254 100 145 176 246 90 218 249 210 223 127 47 212 22 245 111 153
    175 26 13 248 29 157 77 59 243 127 189 91 223 46 251 5 33 255 177 24
    48 169 252 208 254 192 55 193 99 147 66 234 196 131 98 225 33 198
    114 12 138 176 139 82 12 51 107 119 36 85 186 82 120 73 116 80 76 24
    14 208 16 193 111 153 172 24 5 240 29 156 73 16 242 51 189 88 87 32
    250 18 145 25 22 143 136 91 8 194 3 21 74 163 66 4 17 118 151 4 19
    134 47 195 79 164 146 226 47 18 41 1 104 151 164 152 30 34 73 234
    211 64 200 37 73 145 28 181 47 145 166 24 5 36 1 252 99 17 50 50 187
    16 85 176 251 67 22 192 35 221 178 139 24 162 59 130 38 172 11 3 21
    100 231 1 208 200 71 91 124 4 208 248 47 146 24 225 67 87 44 215 191
    90 56 45 70 68 68 24 140 209 64 193 77 152 172 24 1 240 29 220 73 16
    114 51 181 88 215 32 122 37 33 255 145 16 116 161 254 208 222 192
    118 97 99 147 64 234 196 131 99 193 32 196 246 12 154 178 137 82 12
    51 123 247 6 85 186 82 120 73 116 112 68 56 14 208 20 209 111 153
    172 24 5 240 29 156 73 16 242 51 189 88 87 32 250 243 17 17 151 254
    134 95 24 198 7 49 66 167 202 16 17 118 215 28 100 74 173 128 108
    142 210 239 111 146 40 112 57 82 37 28 159 66 125 2 215 80 194 24 11
    193 12 200 31 129 165 16 5 104 186 156 235 16 50 49 28 92 22 48 184
    227 206 66 139 203 216 130 137 46 97 62 78 190 63 111 188 231 147 28
    180 200 129 191 104 118 196 121 47 183 187 155 55 181 229 81 83 114
    83 173 254 71 93 72 56 213 30 252 177 213 77 20 45 149 231 132 235
    80 252 160 60 84 93 50 220 187 245 125 222 55 31 95 185 239 69 253
    250 253 127 252 124 247 215 118 117 55 250 145 118 253 255 245 57
    243 186 222 185 210 108 84 222 202 121 217 253 114 223 61 63 212 62
    244 44 129 167 145 13 120 31 159 77 56 246 113 61 121 95 46 184 242
    17 147 215 234 6 95 139 198 5 49 83 151 194 146 80 118 215 28 102 74
    173 164 38 138 138 174 77 146 8 80 56 114 37 20 255 82 116 7 212 208
    66 24 30 201 12 201 12 137 173 16 5 120 26 157 203 80 112 49 28 92
    20 48 185 190 178 127 225 62 245 185 216 254 255 208 250 239 59 178
    87 250 212 103 107 224 96 238 124 141 155 181 43 94 11 115 255 215
    164 222 186 82 248 233 118 112 92 106 63 211 20 209 125 153 172 24 5
    240 29 156 73 16 242 51 157 216 87 32 255 59 17 255 246 63 163 121
    122 214 253 213 241 191 200 16 94 246 215 98 115 230 47 194 127 140
    170 226 30 82 97 117 239 223 36 52 190 214 120 242 247 80 76 251 111
    241 21 241 111 153 174 24 5 240 28 156 73 17 242 115 191 216 87 161
    255 253 255 255 255 255 255 249 255 253 253 254 255 255 254 255 253
    251 221 255 111 253 15 255 127 111 255 123 183 223 95 118 255 215
    103 125 251 119 127 253 116 121 92 250 63 221 23 255 247 221 172 30
    149 240 191 156 73 80 254 119 191 94 95 33 254 190 178 127 225 62
    181 185 248 244 255 208 251 239 27 178 87 250 212 103 107 233 36 238
    124 141 155 181 171 86 15 115 255 87 164 222 186 82 248 233 119 112
    76 122 63 211 4 209 125 153 172 24 5 240 29 156 73 16 242 51 157 220
    87 32 254 127 54 245 35 255 179 163 56 244 62 210 115 237 91 161 85
    242 247 67 240 241 103 91 253 196 56 236 159 122 29 225 239 223 44
