<?xml version="1.0"?>
<opencv_storage>
<ImageFile>"342.jpg"</ImageFile>
<Features type_id="opencv-matrix">
  <rows>280</rows>
  <cols>64</cols>
  <dt>u</dt>
  <data>
    239 204 238 253 239 183 223 169 189 255 253 203 159 248 63 78 189
    253 122 251 252 127 210 123 127 255 183 118 125 247 119 239 199 185
    87 57 210 125 248 127 112 95 121 175 215 20 245 123 157 174 24 13
    240 93 156 77 17 247 115 189 251 87 40 254 242 57 179 119 220 206 75
    66 202 37 17 94 199 194 150 88 126 199 62 103 15 175 171 79 174 218
    127 111 130 187 210 44 7 175 13 223 74 53 111 86 9 192 129 201 201
    88 189 183 197 164 193 210 96 242 52 227 65 60 80 59 124 53 49 254
    242 57 147 215 220 198 211 135 202 37 23 86 199 210 146 88 126 199
    58 71 143 45 107 71 174 210 126 111 130 187 210 46 7 175 7 223 74 21
    111 87 129 208 129 201 137 72 185 183 212 180 129 251 176 242 52 227
    97 62 80 59 120 53 117 254 47 222 109 249 62 253 253 113 189 255 221
    216 221 125 125 207 153 253 99 107 182 118 218 123 125 247 183 191
    125 247 125 239 215 220 223 42 218 249 248 123 124 255 239 109 247
    180 245 107 155 237 152 79 242 29 158 92 57 242 123 255 251 223 105
    254 172 238 239 233 62 255 245 251 253 255 254 251 255 63 255 205
    219 253 255 251 245 87 91 247 125 127 21 183 111 215 119 251 223 106
    199 176 255 121 249 60 124 93 122 63 213 117 119 235 191 189 137 13
    242 29 220 92 54 246 119 189 219 219 108 250 174 254 239 233 62 253
    245 179 253 255 222 255 255 63 254 205 217 253 255 251 245 87 91 255
    117 127 21 183 127 215 119 247 223 106 215 180 255 121 249 124 124
    93 122 63 213 117 119 235 189 252 136 13 242 29 156 93 54 246 247
    189 219 223 108 254 109 239 231 248 51 127 101 127 253 84 238 177
    125 253 253 239 139 124 235 110 119 254 208 183 95 253 135 145 125
    222 62 137 202 102 119 186 208 114 221 60 62 255 190 183 92 247 119
    238 188 165 253 28 211 29 143 28 56 228 107 191 75 206 47 242 81 18
    144 181 200 160 170 116 0 234 66 5 192 64 3 18 108 203 129 66 200 45
    202 219 140 10 162 238 64 4 177 103 87 34 85 57 17 232 97 68 112 68
    24 14 197 20 195 127 153 172 24 5 240 28 156 65 3 242 19 177 88 87
    32 226 223 50 227 53 116 34 187 250 192 165 209 119 195 131 146 75
    226 205 63 103 43 141 226 93 14 218 190 175 210 12 34 175 87 37 52
    187 82 60 229 214 88 72 56 14 203 9 201 61 153 172 24 1 112 62 156
    73 16 242 49 157 92 23 32 250 1 2 132 129 205 177 162 112 44 61 2 71
    136 89 59 5 72 253 201 32 240 7 154 248 2 120 24 38 156 0 49 71 95
    97 219 48 81 248 45 32 245 84 26 14 65 224 251 81 152 156 24 5 247
    189 156 73 18 210 51 149 64 87 36 122 254 50 127 181 60 244 187 252
    228 191 209 250 239 35 146 83 251 213 63 107 169 163 238 60 141 219
    191 171 83 15 115 254 81 164 28 255 82 249 233 246 88 72 56 63 211
    28 241 61 153 172 28 1 240 29 156 73 144 242 49 157 92 87 32 191 109
    236 125 185 218 253 187 253 253 238 207 188 85 108 255 230 251 252
    83 98 253 241 30 188 221 236 188 143 193 207 127 255 233 4 71 255 18
    243 233 126 186 93 92 46 85 255 230 53 157 44 26 37 242 29 148 73
    152 242 43 188 220 70 42 241 50 185 138 87 239 144 218 9 222 177 21
    254 191 114 50 92 124 147 120 147 207 63 195 79 179 210 246 127 6
    187 199 110 135 172 71 22 218 25 250 127 112 93 225 109 145 124 185
    63 191 238 153 67 244 1 216 243 81 115 242 191 248 121 176 222 15
    134 202 117 255 176 219 8 188 187 85 235 139 91 34 5 0 125 33 115
    228 39 194 123 69 218 146 55 92 33 33 79 215 184 213 162 115 120 232
    55 112 124 58 109 209 21 241 107 153 174 24 5 245 29 156 73 16 242
    179 189 88 87 32 250 232 204 78 139 195 95 134 231 61 216 46 157 56
    190 239 236 235 208 57 100 76 131 165 48 91 205 57 8 211 10 58 57
    240 36 85 250 82 114 141 244 242 94 24 62 85 150 192 228 153 45 94 5
    248 31 133 73 144 240 43 188 92 86 34 249 117 32 211 163 152 132 171
    228 64 239 80 53 193 3 147 82 98 197 1 98 201 1 206 89 12 136 172 47
    82 8 49 111 117 36 29 187 18 120 33 86 80 64 24 142 195 16 193 119
    153 44 24 1 240 28 156 73 0 242 51 184 88 23 32 242 193 142 146 229
    233 242 162 144 56 241 6 79 130 89 2 1 108 139 189 159 204 5 171 120
    98 95 89 102 212 7 131 23 159 241 89 1 113 201 236 34 97 28 42 183
    201 9 255 49 152 219 24 37 213 231 152 235 83 221 182 133 80 115 20
    74 242 222 146 127 233 222 222 129 59 249 47 235 182 243 78 188 247
    131 188 159 223 175 191 124 243 95 251 127 175 187 207 54 175 251 72
    85 243 151 254 254 227 94 233 247 253 95 191 177 237 207 20 255 253
    231 217 235 83 221 244 37 246 121 153 13 237 142 238 245 62 255 253
    119 61 255 244 201 223 249 54 207 169 253 251 107 244 125 254 251
    109 127 183 182 125 85 55 239 215 48 86 56 214 248 249 117 112 126
    122 47 215 20 247 107 153 172 24 5 240 29 156 77 22 246 115 191 219
    87 32 254 5 6 0 33 221 184 162 80 40 17 130 103 224 17 169 1 64 41
    129 208 193 0 27 80 4 28 89 166 148 6 161 67 29 128 211 32 113 152
    45 0 101 20 26 133 69 193 246 65 24 92 8 32 243 197 202 9 6 66 151
    164 0 83 100 74 82 33 154 186 0 66 120 135 66 162 81 132 82 160 19
    26 109 10 48 199 3 133 103 131 152 67 182 204 65 164 178 96 199 20 5
    171 27 108 66 72 48 72 181 105 183 28 39 110 91 168 58 215 240 24 48
    65 145 243 19 241 24 113 65 226 19 210 24 71 232 152 218 0 90 27 7
    79 160 82 104 17 100 131 4 146 197 36 3 203 160 22 243 110 4 35 133
    114 223 184 73 4 123 11 234 97 241 28 8 77 245 68 183 127 177 203 8
    71 180 1 88 203 23 83 150 181 112 115 224 74 186 253 124 10 55 31 31
    11 247 82 61 250 61 58 108 223 246 179 36 245 85 246 17 118 209 215
    225 121 243 250 220 112 210 44 70 254 202 88 161 252 242 223 60 45
    212 86 244 77 137 175 16 13 122 29 207 89 16 242 51 188 88 210 40
    185 197 13 130 52 73 2 97 206 128 160 162 53 2 203 131 38 98 5 5 70
    66 143 172 3 14 138 130 5 146 8 0 95 34 39 36 187 16 54 7 220 194 96
    24 194 72 26 129 206 73 44 88 17 81 26 132 67 16 104 35 184 8 4 51
    249 187 255 124 26 55 31 31 11 231 66 61 250 61 58 108 223 247 179
    36 245 85 246 17 118 209 215 225 121 211 186 221 113 194 44 70 190
    202 120 161 252 242 223 60 45 212 86 244 77 137 175 16 13 122 29 207
    89 16 242 51 188 120 210 40 185 2 0 140 150 46 147 154 50 18 242 23
    196 154 112 32 2 12 219 32 179 196 53 67 211 9 82 160 110 64 17 149
    99 223 48 81 32 91 72 232 96 112 28 56 47 209 20 247 111 153 200 24
    5 244 29 152 73 19 243 51 181 80 115 0 234 253 254 239 253 255 255
    251 252 253 253 254 255 255 255 251 237 243 253 255 123 253 255 190
    124 111 239 251 183 255 95 127 255 255 103 213 251 118 247 253 245
    223 93 90 62 221 183 251 241 189 189 94 5 250 191 157 77 112 244 191
    191 223 94 38 253 65 4 138 25 200 194 34 198 0 170 0 4 82 128 3 10
    75 9 51 70 200 135 238 9 30 65 156 38 193 133 34 66 69 7 5 43 18 164
    101 90 48 96 52 168 85 120 35 177 31 44 26 16 209 88 20 130 216 168
    43 185 12 19 16 226 122 241 217 222 118 159 94 37 87 103 61 216 157
    98 52 94 181 215 56 175 142 121 227 107 185 199 227 127 35 249 221
    105 151 245 180 147 238 89 242 215 34 235 237 105 183 28 245 15 215
    162 147 207 46 33 55 255 73 119 122 91 89 61 249 254 109 54 239 145
    220 247 163 252 244 255 194 119 203 95 147 69 234 253 203 99 249 37
    206 255 78 250 188 167 88 73 51 239 87 38 85 187 86 120 109 116 88
    84 26 142 209 32 241 107 185 172 24 5 240 29 156 73 20 242 51 189 90
    87 32 250 64 0 138 24 67 67 2 166 0 162 213 132 18 128 3 10 73 17
    115 212 8 131 239 131 26 65 152 12 65 132 34 74 201 45 1 171 10 96
    37 90 48 64 52 43 85 60 37 232 27 172 26 4 209 88 84 2 208 160 41
    185 8 82 32 234 249 223 255 221 230 159 223 113 111 85 61 218 223
    253 126 92 253 215 126 111 30 125 210 243 255 119 181 124 252 158
    214 41 214 116 85 158 202 121 250 125 116 221 185 63 245 60 245 47
    159 172 153 15 240 29 158 95 56 246 113 189 88 215 40 250 98 142 204
    139 234 157 150 1 47 117 23 74 157 59 63 84 239 211 56 32 204 117
