<?xml version="1.0"?>
<opencv_storage>
<ImageFile>"343.jpg"</ImageFile>
<Features type_id="opencv-matrix">
  <rows>332</rows>
  <cols>64</cols>
  <dt>u</dt>
  <data>
    45 206 236 200 38 253 245 119 61 222 76 201 157 61 125 207 137 252
    225 43 244 117 218 243 121 119 17 182 125 215 63 195 207 82 251 32
    247 216 248 56 124 189 126 165 151 181 119 107 191 248 169 13 246 13
    250 28 63 198 254 239 211 219 109 222 45 206 109 136 2 253 165 113
    61 214 140 200 217 61 253 207 137 120 227 41 180 116 90 241 113 117
    21 176 109 214 31 193 207 80 195 0 145 200 248 40 124 189 126 167 53
    241 119 107 187 184 169 12 242 13 90 28 62 194 94 173 211 219 108
    218 63 254 125 235 190 157 221 1 127 95 61 250 221 123 124 221 245
    247 44 185 213 116 155 121 253 215 101 127 127 255 253 123 151 220
    223 14 250 251 249 123 247 223 105 61 212 150 244 63 155 253 28 15
    254 5 223 125 24 215 178 173 211 219 106 255 45 206 237 233 63 253
    253 121 189 254 204 217 221 61 253 207 139 124 227 107 244 118 218
    255 125 255 23 182 125 215 63 207 223 202 223 32 247 248 249 63 124
    125 126 47 215 245 119 107 191 252 184 13 246 29 158 28 62 230 255
    191 219 223 40 246 187 220 238 170 55 63 93 155 183 87 189 250 63
    187 246 255 243 244 53 113 112 214 177 118 119 255 249 59 251 91 126
    105 208 44 150 250 194 124 161 244 82 223 60 61 208 22 244 77 153
    173 18 13 248 29 159 77 24 242 49 188 93 214 42 249 251 222 108 250
    191 188 31 9 175 127 57 234 189 63 124 95 245 247 44 249 236 118 145
    124 85 215 249 63 127 58 255 97 146 236 214 190 235 120 249 123 102
    222 56 173 213 82 244 111 153 173 16 5 232 29 255 125 24 246 51 189
    88 215 40 186 194 9 130 22 65 66 64 143 130 161 37 115 34 195 130 10
    107 7 52 7 70 175 229 7 66 211 179 47 146 10 2 122 211 39 4 187 82
    52 103 244 80 88 48 175 217 24 145 238 153 172 24 1 240 24 156 75 16
    114 51 61 88 85 32 250 85 37 219 212 16 2 120 103 18 224 69 177 18
    194 130 74 106 213 33 71 135 45 194 3 12 138 162 13 82 8 48 105 215
    38 53 186 18 120 195 116 112 104 185 47 243 20 225 110 153 172 24 5
    240 28 156 73 16 242 51 185 88 86 33 250 43 5 236 154 23 151 29 43
    247 110 17 178 189 238 52 70 226 245 65 243 212 118 209 119 92 186
    164 13 82 216 117 105 215 44 87 186 82 120 225 124 112 92 60 47 212
    20 229 111 153 172 24 5 240 29 156 73 24 242 51 189 88 87 32 250 85
    53 219 60 48 2 121 110 146 128 85 176 83 130 131 90 106 215 32 71
    135 45 192 67 141 202 162 77 66 40 48 105 215 36 53 186 18 120 193
    116 112 88 185 43 255 20 241 110 153 172 25 133 240 28 156 73 16 242
    51 249 88 87 32 250 58 141 192 190 27 204 21 3 111 68 31 86 189 126
    252 116 251 211 33 226 197 38 211 119 93 222 177 45 82 154 115 105
    151 36 85 186 83 122 233 124 112 93 56 47 213 20 245 111 153 172 24
    5 240 29 156 73 16 242 51 189 88 87 32 250 47 236 238 171 63 189 245
    89 189 255 108 249 155 59 189 79 131 252 161 107 245 118 218 123 117
    223 1 39 127 89 49 235 215 192 223 178 115 120 233 52 122 95 122 45
    214 85 117 107 185 172 24 5 240 29 156 92 16 242 55 189 91 223 40
    250 46 205 236 216 34 221 220 1 61 247 13 200 220 52 124 207 157 57
    98 251 183 118 83 251 113 119 151 246 109 247 191 194 207 216 203 4
    203 73 250 43 124 191 237 237 183 117 247 107 191 202 168 79 246 77
    122 28 63 199 254 247 243 251 201 202 82 1 155 246 96 2 120 7 2 226
    85 16 22 226 2 26 124 139 48 71 134 173 194 3 158 202 242 79 66 160
    244 104 135 54 0 190 131 76 194 88 64 72 181 105 249 28 129 111 219
    174 25 199 112 24 60 201 81 243 115 185 56 54 145 234 45 222 108 200
    255 189 247 113 189 93 110 217 157 127 252 237 195 252 255 40 245
    114 184 248 121 125 13 178 253 87 125 255 253 224 222 112 247 243
    185 188 255 223 106 63 212 247 246 65 173 253 158 12 254 5 143 93 62
    214 254 172 211 223 46 189 46 236 238 235 63 189 253 27 189 255 124
    251 187 58 188 79 130 245 161 123 245 118 219 127 125 159 133 51 126
    89 53 235 215 236 215 178 119 120 233 52 122 95 122 45 214 21 117
    107 185 172 24 5 240 29 156 92 16 242 55 189 91 95 40 250 35 5 200
    34 23 128 145 14 198 0 21 116 184 90 0 84 98 215 1 242 193 39 195
    103 12 138 160 13 82 24 17 105 151 44 84 186 90 88 201 116 208 92 24
    10 208 20 241 79 153 172 24 5 240 29 156 73 16 242 51 189 88 87 32
    251 71 2 0 161 217 130 138 76 16 59 0 65 128 3 129 17 98 85 129 0
    200 33 138 120 12 136 40 7 146 9 33 79 117 165 28 59 112 240 37 214
    65 64 10 8 67 4 200 81 24 44 24 4 228 16 156 105 144 114 163 156 76
    22 48 181 46 178 109 227 191 184 161 25 252 91 210 127 169 27 224 69
    130 245 135 25 229 102 218 125 37 154 1 167 126 91 33 206 223 232
    223 178 127 120 233 53 253 92 122 141 208 197 240 107 184 189 24 1
    240 133 222 89 22 242 183 157 90 95 36 91 198 0 130 49 201 130 34
    135 0 35 2 38 130 194 3 3 8 9 57 214 201 135 75 73 6 74 152 39 128
    132 34 2 71 39 71 171 17 44 101 70 96 32 16 137 65 93 163 145 25 236
    24 1 209 125 24 130 82 168 51 181 8 83 48 106 77 34 247 161 216 228
    163 244 208 191 194 53 193 143 147 98 106 77 131 98 233 1 206 153 12
    168 172 167 64 13 51 207 117 36 85 187 16 188 109 94 88 68 24 142 67
    0 75 243 153 44 24 1 240 28 156 65 144 242 35 189 72 23 32 242 13
    198 108 173 46 189 191 113 61 255 103 203 217 121 125 69 136 253 99
    99 244 119 210 122 93 255 149 54 124 87 55 255 215 48 87 40 210 120
    232 112 112 28 120 47 213 20 247 107 153 172 24 5 240 29 156 73 16
    242 51 189 88 87 32 250 250 178 18 247 251 208 218 169 94 177 87 127
    181 82 155 116 118 147 24 155 207 187 199 92 185 218 248 127 230 251
    215 190 167 189 65 119 255 219 234 119 193 93 193 80 225 141 153 63
    191 206 137 235 246 231 184 243 102 127 246 121 250 63 181 94 250 18
    19 247 235 144 250 168 222 177 87 127 181 82 147 80 118 151 216 27
    206 43 199 92 169 218 248 127 198 233 199 190 183 181 97 117 247 219
    234 119 193 93 193 86 225 141 153 55 191 207 141 227 244 167 184 243
    69 123 182 75 248 31 181 95 249 253 125 154 223 111 39 122 255 68
    220 255 47 127 252 253 251 247 119 100 117 230 185 118 223 255 121
    63 251 26 122 233 218 103 215 254 194 114 253 124 124 221 62 175 85
    49 244 237 128 180 144 12 232 61 142 77 56 180 99 191 218 215 46 250
    253 252 255 255 255 255 255 255 253 253 254 255 255 255 255 253 251
    221 255 111 253 143 255 127 111 255 187 183 255 95 126 255 247 103
    125 251 119 127 253 116 123 92 122 63 221 23 255 247 157 173 94 133
    248 191 157 73 80 244 119 191 94 95 34 254 60 191 109 168 22 253 161
    125 253 86 222 52 125 126 253 228 251 244 67 112 245 114 209 246 253
    172 36 153 126 222 127 233 206 108 199 190 222 114 201 124 188 93 20
    47 84 183 245 110 155 172 137 12 242 29 156 89 56 242 123 189 91 223
    108 250 175 244 245 143 255 165 155 220 191 127 161 251 173 107 167
    93 226 245 16 96 201 65 158 120 102 168 168 63 251 57 125 47 245 229
    28 187 210 113 161 247 215 74 72 14 208 22 200 21 153 172 24 5 112
    158 157 105 24 246 51 156 220 86 34 249 253 253 125 138 223 111 39
    122 255 68 204 255 47 127 252 221 251 247 119 100 117 246 185 118
    127 255 125 63 251 90 123 233 218 110 215 254 194 112 253 124 124
    223 62 175 85 113 244 229 132 181 144 12 232 61 142 77 56 180 99 191
    218 215 46 250 251 255 254 95 255 253 223 152 255 255 61 251 174 251
    238 255 255 247 188 187 255 127 127 127 243 247 243 127 127 123 223
    119 215 255 254 119 255 221 250 255 119 223 235 253 191 218 253 55
    247 223 62 255 252 167 255 255 255 255 246 127 255 249 255 191 109
    173 247 124 80 111 227 246 241 252 206 183 94 253 175 239 235 237
    251 38 245 79 88 247 211 106 28 148 104 70 122 231 223 67 103 181
    181 186 221 124 221 61 26 166 125 243 103 239 189 44 169 253 241 127
    152 197 126 254 127 175 218 231 191 218 125 61 255 157 218 111 119
    245 233 228 223 60 93 252 251 230 251 253 91 102 127 177 151 182 223
    125 188 157 225 222 255 187 201 37 85 255 218 115 205 92 56 93 92 46
