<?xml version="1.0"?>
<opencv_storage>
<ImageFile>"346.jpg"</ImageFile>
<Features type_id="opencv-matrix">
  <rows>308</rows>
  <cols>64</cols>
  <dt>u</dt>
  <data>
    69 38 243 53 248 164 187 100 192 191 65 113 193 67 147 64 106 197 3
    99 201 45 206 121 12 138 166 47 82 13 33 111 119 36 28 187 80 184
    105 118 80 72 56 142 227 0 217 95 25 172 24 1 240 28 156 73 16 242
    51 157 88 87 32 251 215 114 16 117 253 162 218 24 202 41 211 123 226
    67 64 17 116 143 62 210 207 47 137 76 134 222 251 239 146 47 227 126
    11 189 92 31 124 169 238 71 73 72 195 203 233 73 186 27 168 215 17
    99 253 226 8 227 71 27 150 179 176 55 181 12 215 50 16 119 253 162
    138 8 10 33 147 119 160 82 64 17 108 135 28 210 203 43 139 76 134
    222 249 111 146 47 131 86 11 189 80 31 105 144 238 71 65 0 131 195
    225 73 186 19 136 215 1 99 245 226 136 227 64 59 149 147 168 39 180
    12 190 50 75 163 182 113 153 252 220 187 214 118 227 18 147 194 122
    212 95 105 9 130 239 60 45 153 60 43 214 9 51 190 113 44 188 250 86
    125 33 214 216 64 50 30 194 132 8 52 139 61 86 1 120 158 132 73 144
    240 41 220 92 22 32 191 214 48 75 167 180 32 152 252 210 187 208 251
    227 130 131 82 106 196 31 89 9 128 239 28 172 152 184 171 210 9 35
    62 113 165 60 251 94 125 1 215 209 64 51 30 202 4 8 52 139 45 94 133
    120 154 164 105 192 240 33 88 92 22 32 183 242 57 147 247 54 230 219
    162 222 165 87 247 167 146 146 82 126 199 124 159 143 45 227 71 173
    154 244 239 82 187 215 239 135 173 54 246 255 25 235 215 193 93 231
    105 169 8 185 111 255 190 137 203 244 162 60 243 100 51 114 123 249
    21 52 255 187 221 254 222 55 95 93 11 255 199 61 250 191 254 124 223
    189 247 118 255 54 254 241 119 255 247 247 121 123 250 222 169 130
    126 247 222 202 93 250 121 118 255 253 253 191 94 245 110 215 171
    147 223 250 29 255 93 57 247 121 127 123 253 141 250 45 174 229 168
    27 109 161 255 253 252 206 53 125 63 251 229 235 252 195 96 245 195
    254 52 93 237 24 131 251 83 59 207 253 100 85 186 119 114 233 124
    255 85 90 182 84 151 230 105 185 44 92 13 242 31 156 73 56 240 39
    188 218 70 46 248 5 140 8 136 200 222 162 65 41 102 14 4 80 53 105
    161 137 105 129 32 192 80 24 192 81 84 24 68 32 6 27 67 133 144 211
    8 0 194 108 10 36 53 76 161 85 86 116 225 17 72 40 60 151 69 8 10 59
    72 2 164 64 211 72 234 187 254 124 10 63 31 23 9 255 86 61 250 189
    58 252 221 246 179 101 241 117 246 17 118 209 247 229 59 251 218 253
    113 250 44 70 190 219 88 161 252 250 223 56 45 212 118 212 77 137
    173 16 13 122 29 207 89 48 242 51 188 90 210 42 185 5 34 209 1 217
    160 163 216 192 42 130 55 224 75 139 65 106 101 131 64 201 37 74 76
    6 152 56 41 146 12 35 75 87 4 85 186 16 56 105 84 32 64 24 10 69 16
    241 69 24 172 24 5 176 28 156 65 16 34 51 189 72 71 32 114 186 241
    125 222 54 29 93 59 247 70 181 250 127 123 52 94 255 214 102 115 150
    116 241 119 221 183 245 59 115 154 212 105 214 44 86 190 202 120 249
    124 114 223 61 47 212 20 245 111 153 172 152 5 240 29 156 89 24 242
    51 189 88 87 40 251 187 254 124 42 63 31 23 9 255 86 61 250 189 59
    236 221 246 179 37 241 117 246 17 118 209 247 229 59 251 218 253 112
    250 44 70 190 219 88 161 252 250 223 56 45 212 119 212 77 153 173 16
    13 120 29 207 89 16 242 51 188 88 214 42 185 47 32 97 162 31 102 161
    74 180 92 214 119 41 10 177 69 202 117 3 96 225 6 136 119 14 152 24
    3 82 10 51 219 87 36 85 186 114 120 73 20 209 84 24 14 65 5 224 105
    25 44 24 5 240 28 140 65 16 226 51 189 72 23 32 250 60 183 125 216
    54 125 241 127 245 220 222 181 125 124 253 228 251 220 67 98 245 114
    209 246 249 61 180 152 125 214 127 235 223 108 87 190 223 122 249
    124 124 93 127 47 212 181 247 111 155 172 153 13 242 29 156 89 56
    242 59 189 91 95 40 250 149 243 90 98 17 112 224 250 210 144 230 117
    102 19 193 241 123 162 231 91 97 42 45 214 165 63 81 139 247 14 194
    242 184 78 45 222 85 16 73 148 217 21 50 54 72 97 50 236 169 63 231
    24 248 6 192 65 54 208 164 141 56 31 165 26 55 52 241 142 24 204 5
    77 231 68 10 53 53 46 188 84 251 214 1 96 193 32 210 99 92 157 176 9
    18 10 89 105 213 36 85 186 66 120 233 116 112 92 56 47 84 20 245 111
    153 164 24 4 240 29 156 73 16 242 51 189 88 71 32 250 62 54 112 160
    26 173 32 7 99 64 194 53 124 54 184 85 244 186 1 208 241 48 81 211
    213 8 224 205 106 252 253 224 5 40 70 182 169 90 129 92 140 149 84 0
    64 71 230 79 184 100 137 14 98 29 27 89 46 115 23 180 27 11 110 72
    30 52 120 164 26 171 48 71 83 64 199 53 116 22 168 80 244 154 129
    208 225 48 81 211 212 8 224 205 98 252 253 224 13 16 71 166 171 90
    129 84 136 149 85 0 96 197 163 79 153 38 137 14 98 29 91 81 62 179
    31 176 58 11 110 73 192 1 130 20 64 2 8 231 2 130 1 4 66 192 147 2
    98 0 0 70 10 137 229 3 30 130 174 8 130 140 32 24 96 39 36 187 0 36
    7 196 146 98 16 138 10 28 1 156 25 44 80 17 1 26 20 66 129 104 33 24
    76 4 3 161 44 182 253 138 26 221 5 95 231 68 6 180 29 62 188 69 251
    244 97 96 209 50 216 119 93 157 52 9 114 154 25 105 213 36 87 186 66
    120 233 116 48 85 60 47 85 20 117 111 153 172 24 12 242 29 156 73 16
    242 51 189 88 87 32 250 115 21 16 22 65 78 86 3 3 64 15 4 52 228 108
    54 239 18 0 196 14 168 145 34 216 84 240 72 162 42 222 33 2 55 33
    158 128 66 210 76 0 145 157 99 45 28 237 46 129 34 81 12 42 26 16
    203 25 51 120 49 24 36 163 202 223 49 80 54 54 35 24 54 66 32 249 50
    102 194 130 115 116 198 4 209 99 160 225 134 136 43 224 219 82 44
    230 97 90 60 148 190 139 40 64 213 88 72 53 43 224 49 167 110 152
    174 25 7 242 24 24 65 8 179 19 145 56 82 36 104 41 134 109 169 63
    189 165 121 189 254 94 21 157 61 121 197 194 252 193 104 240 114 220
    120 93 168 160 146 126 209 61 255 245 224 215 48 119 250 169 124 254
    95 90 14 84 135 194 75 153 45 24 13 246 29 157 89 16 242 63 188 218
    223 42 245 90 1 154 150 3 3 88 166 6 130 117 16 19 130 19 82 118 18
    16 71 10 145 229 3 154 128 226 73 66 168 180 40 96 36 36 255 3 100 1
    220 146 194 149 10 138 28 1 206 91 40 114 149 40 24 52 65 144 114 41
    216 29 20 2 161 59 213 124 158 39 157 93 41 119 70 61 196 61 60 124
    246 246 214 4 177 212 114 177 38 249 134 224 88 123 122 221 41 210
    100 16 190 194 106 146 241 210 223 29 47 144 22 228 78 145 166 18 13
    40 25 159 77 24 243 58 188 89 30 42 249 145 149 146 87 161 0 208 137
    2 193 37 78 166 80 2 49 116 163 36 215 6 44 115 194 178 2 227 104
    132 42 194 49 174 54 48 222 130 9 218 201 147 25 177 194 168 90 185
    46 145 138 129 75 112 2 80 195 49 83 112 39 48 113 133 73 151 213 16
    55 201 64 158 136 2 33 41 106 162 67 130 48 103 130 36 67 139 168 39
    74 198 223 243 107 131 42 131 118 55 165 124 155 0 32 235 214 67 72
    40 203 168 24 189 31 193 166 80 1 116 2 52 99 144 114 48 61 28 85 49
    40 213 58 231 85 124 34 251 250 208 189 210 115 226 193 130 11 98
    205 63 111 237 141 75 223 142 106 190 174 208 13 34 110 127 39 52
    251 94 188 229 247 217 76 58 158 203 41 219 251 152 172 24 209 241
    126 156 73 84 252 51 159 92 23 32 255 47 52 236 170 63 253 19 116
    181 127 212 188 189 63 182 71 202 245 67 241 249 115 211 117 76 168
    172 31 122 92 61 233 213 44 215 186 82 122 169 116 80 93 28 47 213
    20 229 111 153 172 24 5 240 29 156 73 24 242 51 188 88 87 34 251 223
    49 220 54 55 35 28 54 82 32 253 50 110 194 162 115 116 214 6 209 97
    162 225 134 128 43 224 219 82 44 229 96 219 60 148 190 219 120 97
    245 88 73 63 43 240 117 167 110 152 174 25 7 240 24 88 65 26 179 51
    144 56 82 36 200 208 146 159 215 108 215 219 244 190 191 52 203 143
    57 18 154 127 215 254 43 212 107 238 254 169 251 191 126 93 195 115
    254 215 227 58 117 86 189 254 99 113 76 235 63 179 44 89 123 189 217
    126 1 244 238 156 207 213 254 178 79 245 87 1 255 34 36 73 138 2 77
    5 15 199 70 12 52 49 38 189 230 203 18 1 96 1 144 245 36 88 129 140
    9 3 152 24 41 192 36 7 186 2 82 1 92 50 195 20 9 20 22 100 76 17 36
    82 4 34 25 4 9 152 96 41 184 88 6 42 240 38 36 73 138 2 77 5 15 198
