<?xml version="1.0"?>
<opencv_storage>
<ImageFile>"347.jpg"</ImageFile>
<Features type_id="opencv-matrix">
  <rows>128</rows>
  <cols>64</cols>
  <dt>u</dt>
  <data>
    191 255 110 233 55 253 247 253 189 215 253 250 223 63 255 255 249
    252 127 255 117 114 246 116 125 255 189 185 127 223 126 187 228 108
    87 250 210 123 249 124 254 223 124 191 213 151 246 108 157 173 158
    13 250 29 159 93 56 246 123 189 219 223 42 251 189 249 255 87 247
    251 217 250 222 149 253 251 239 219 198 248 251 215 126 127 55 47
    227 247 175 127 241 63 247 46 198 57 222 109 52 222 206 121 251 253
    91 221 185 63 249 59 253 46 141 183 215 135 248 191 158 69 112 247
    49 255 120 95 164 219 173 237 239 152 54 117 221 243 181 222 60 215
    95 253 253 239 155 244 103 35 116 118 244 247 127 247 181 18 121 218
    126 251 194 108 215 250 214 120 249 125 116 93 126 175 212 52 245
    111 153 172 152 13 250 29 156 93 56 242 115 189 91 223 40 250 40 206
    237 154 62 93 21 63 181 124 46 133 25 190 252 239 131 244 224 41 212
    208 208 179 89 165 132 18 121 219 29 73 193 36 215 176 210 90 161
    116 242 223 122 175 212 182 228 107 145 172 156 13 242 29 159 24 48
    226 51 188 91 86 46 250 60 62 255 221 122 255 179 253 255 252 222 53
    221 126 251 228 251 213 203 106 245 115 214 247 221 236 180 157 108
    223 127 255 239 36 71 190 214 122 249 124 252 93 85 38 197 166 229
    111 191 172 153 13 242 29 156 89 52 242 123 189 91 15 40 254 184 254
    127 201 254 253 183 241 253 253 254 223 223 53 254 237 243 253 255
    41 252 87 62 252 249 125 61 182 237 215 127 254 253 233 239 117 255
    255 173 183 255 95 106 183 223 247 126 241 175 221 175 187 221 239
    143 252 118 220 182 236 247 223 110 191 122 69 45 180 39 31 31 11
    167 70 31 6 157 236 116 118 245 247 68 245 22 246 144 99 93 214 181
    92 114 178 94 169 146 44 83 186 202 106 216 72 20 217 60 41 213 28
    229 110 149 168 144 13 242 29 156 89 25 242 115 189 89 87 40 250 141
    250 239 73 191 241 181 252 188 189 246 251 207 57 235 201 201 253
    251 123 245 87 238 253 43 127 29 182 125 71 119 255 223 104 213 254
    86 185 253 61 253 31 122 55 213 225 91 225 190 253 141 133 241 189
    159 68 54 214 183 159 251 223 36 222 221 250 239 105 191 241 253 254
    248 191 244 251 238 153 131 75 201 237 251 251 253 71 239 253 39 127
    255 182 125 69 99 255 223 104 156 255 95 61 253 117 124 94 59 63 215
    225 87 243 186 255 28 133 241 189 222 68 118 246 183 223 250 215 228
    222 254 254 255 253 255 255 249 255 253 255 254 255 255 253 255 255
    251 253 127 107 252 223 254 63 127 255 191 191 255 87 127 255 247
    231 127 255 215 247 253 246 251 95 250 62 223 159 255 247 205 173 94
    149 248 191 157 77 208 244 115 191 223 95 34 191 253 254 255 253 254
    255 255 255 253 255 254 255 223 253 255 239 251 253 255 107 253 223
    254 63 127 255 191 183 255 87 127 255 247 231 125 123 247 247 253
    246 251 94 250 62 223 183 255 243 173 237 94 149 252 191 157 77 208
    252 251 191 223 95 34 191 121 177 255 254 118 247 251 126 210 188
    253 241 109 115 149 122 255 231 250 191 247 121 87 215 185 111 231
    255 111 255 245 235 207 109 135 182 255 56 250 125 120 221 179 231
    245 241 183 111 191 174 143 203 240 61 90 85 119 247 95 223 251 183
    237 222 42 223 12 218 47 159 222 3 63 219 61 202 159 124 124 93 148
    211 124 187 214 118 145 123 121 86 163 126 124 243 157 115 215 114
    219 32 243 73 250 97 118 255 237 109 149 20 245 111 151 137 24 13
    254 13 159 221 27 247 114 191 83 123 10 251 105 15 255 253 34 119
    253 247 189 252 111 129 93 252 59 238 239 220 107 111 252 245 198
    179 93 107 164 156 121 196 62 251 247 36 85 184 83 122 240 124 126
    95 56 46 213 182 195 110 153 172 28 5 242 29 157 73 16 242 51 189 89
    86 34 250 120 49 255 247 54 231 251 254 210 188 253 177 103 194 145
    242 127 198 242 223 183 57 101 151 169 111 231 253 67 255 246 250
    239 62 167 190 223 56 250 125 120 93 183 239 247 113 179 110 191 174
    239 203 240 60 80 85 247 179 95 251 187 183 237 206 187 221 108 254
    47 253 223 25 63 223 61 201 191 124 108 221 189 246 52 251 246 122
    240 114 125 223 243 126 127 115 127 107 215 124 152 120 242 123 250
    241 211 223 255 111 213 22 245 111 157 191 26 13 248 21 159 77 25
    247 123 191 83 31 174 251 248 223 239 253 54 127 253 255 189 222 255
    157 95 252 127 238 251 220 123 111 116 255 246 51 125 255 183 56 125
    83 126 251 247 100 117 250 214 127 249 117 118 93 125 63 215 150 245
    110 157 173 30 5 250 29 158 77 152 246 59 189 95 95 32 250 123 249
    255 126 126 255 251 126 246 28 253 249 125 123 157 124 255 167 250
    190 247 127 83 247 190 127 231 253 111 255 245 234 223 109 135 182
    255 57 250 125 122 221 243 239 245 241 183 111 191 190 139 203 248
    61 218 85 127 247 255 223 251 255 237 222 56 223 239 253 54 127 253
    247 61 222 127 157 31 252 127 238 253 220 121 111 116 249 246 51 125
    239 183 56 125 83 126 251 247 100 85 250 210 127 249 117 114 221 125
    63 215 150 245 110 157 173 30 5 250 29 159 77 144 246 59 189 91 95
    32 250 82 17 154 23 2 66 24 135 66 162 7 4 18 196 35 50 127 146 32
    195 200 165 103 3 140 203 244 104 66 140 178 98 71 36 5 190 90 104
    232 84 112 72 48 47 213 20 181 110 153 172 24 5 240 29 156 73 16 242
    51 189 88 23 32 250 253 186 255 193 254 183 163 252 252 189 214 251
    239 57 155 193 250 229 251 43 249 69 239 252 173 105 60 183 124 93
    115 255 253 105 212 190 94 251 173 125 253 93 122 62 209 163 216 101
    190 189 141 9 240 189 159 77 118 246 55 156 218 215 36 254 179 221
    222 143 55 205 220 245 123 197 29 220 62 44 111 255 255 214 16 103 4
    33 231 97 237 214 240 89 83 15 222 43 213 36 117 218 82 123 201 117
    83 222 60 46 149 22 245 110 153 172 26 5 248 29 157 73 16 242 58 189
    88 87 34 251 251 222 110 239 255 255 223 152 191 127 189 251 175 123
    118 253 245 247 63 255 254 223 186 124 103 255 123 127 255 123 127
    127 243 237 222 95 250 119 253 247 215 223 106 127 217 30 252 145
    205 213 86 133 237 247 143 239 216 252 240 30 223 221 54 189 255 187
    243 119 127 162 221 74 214 185 245 251 239 219 134 91 186 215 62 95
    231 47 227 127 174 219 243 191 94 61 228 239 215 175 60 191 254 125
    251 245 89 234 187 111 235 17 221 127 217 182 24 199 240 54 190 73
    80 247 247 223 248 119 177 255 179 221 220 143 55 73 218 245 91 195
    29 220 60 4 111 251 239 214 16 39 4 33 231 98 237 214 240 72 83 15
    222 41 212 36 85 250 82 123 203 116 82 220 28 46 149 22 229 108 153
    172 26 5 248 29 156 73 16 242 58 61 88 87 34 251 163 22 16 7 205 128
    143 8 38 105 33 67 174 73 0 21 116 231 36 209 200 38 147 108 66 158
    249 110 146 48 225 103 71 45 90 52 83 40 40 196 65 72 24 139 193 80
    156 95 136 132 24 1 240 24 156 65 16 50 51 149 80 87 32 120 251 185
    235 119 55 178 221 126 214 185 213 251 239 219 134 95 186 213 62 255
    167 47 227 127 47 219 243 63 95 125 100 239 215 239 60 255 254 125
    251 245 89 238 187 127 251 17 221 127 253 182 26 199 240 180 190 77
    80 247 247 223 249 119 181 255 126 59 243 253 122 198 127 71 199 239
    121 152 87 226 179 222 255 215 120 111 142 189 254 59 222 203 167
    127 19 185 117 239 103 167 118 191 144 244 247 246 38 106 229 233
    191 28 213 63 223 172 124 209 98 120 180 123 193 254 115 219 93 116
    185 246 20 50 151 199 56 209 170 117 218 186 82 21 193 22 153 66 122
    199 195 42 196 33 206 221 137 152 180 166 4 203 51 254 87 36 109 182
    92 186 233 116 249 84 227 46 231 164 185 123 187 172 9 67 244 29 156
    73 4 114 19 249 72 7 96 246 20 34 145 53 184 208 170 101 216 186 194
    53 192 4 153 66 234 201 131 66 205 33 78 221 205 88 166 167 64 13 33
    78 87 0 77 186 20 184 233 118 120 68 49 46 231 36 147 123 187 236 56
    99 240 29 28 73 6 242 19 181 88 87 97 246 156 172 254 253 186 245
    252 245 57 255 108 157 222 228 187 238 233 220 225 99 253 245 238
    185 75 43 182 242 217 69 63 255 247 48 21 120 87 247 225 244 122 94
    126 46 214 23 195 123 153 236 30 5 240 29 156 73 150 242 59 189 223
