<?xml version="1.0"?>
<opencv_storage>
<ImageFile>"348.jpg"</ImageFile>
<Features type_id="opencv-matrix">
  <rows>184</rows>
  <cols>64</cols>
  <dt>u</dt>
  <data>
    56 236 239 232 11 255 245 127 253 252 222 189 125 60 127 204 219 57
    243 186 245 87 219 255 247 125 85 180 109 215 223 238 143 202 195 36
    254 250 253 56 125 189 231 167 85 245 55 235 191 250 171 218 183 29
    90 20 127 199 239 233 179 235 205 70 248 255 255 221 250 119 255 247
    253 255 95 159 223 252 251 238 251 221 127 111 62 221 238 185 95 255
    191 190 253 215 126 191 243 39 117 251 82 127 253 118 112 93 248 62
    223 174 125 181 157 173 94 181 219 255 150 207 208 252 97 157 93 87
    49 254 175 255 124 126 255 61 223 24 255 127 173 251 175 123 228 221
    243 247 62 187 245 118 49 126 247 247 243 59 255 123 231 243 154 236
    222 247 251 89 251 253 126 223 110 253 245 83 244 95 228 255 144 15
    238 165 207 255 58 183 246 63 191 251 188 25 212 57 155 215 226 195
    218 228 90 163 85 190 214 230 147 90 126 131 112 199 15 173 231 131
    137 90 242 255 64 175 246 59 91 55 53 255 26 125 218 87 16 72 181
    110 251 28 235 63 159 174 27 231 240 29 20 203 81 251 57 251 92 55
    225 234 211 0 146 19 201 194 138 128 74 171 2 110 162 194 3 16 109 3
    49 215 203 165 79 200 130 95 251 238 130 3 163 118 95 167 69 55 27
    173 109 70 112 64 36 42 197 29 187 183 153 204 24 37 245 93 92 227
    82 56 145 177 28 51 48 106 252 233 255 253 50 127 241 255 221 252
    238 191 83 182 251 238 187 221 251 111 125 189 238 179 125 239 150
    183 109 199 62 255 255 3 119 251 87 255 253 124 250 125 245 54 255
    183 99 234 159 172 255 189 211 31 157 92 212 236 107 253 95 78 35
    254 71 198 231 168 15 150 5 11 37 238 40 136 9 175 45 15 137 124 33
    112 152 196 88 41 85 213 9 37 25 24 57 67 209 162 215 170 112 124 37
    42 38 98 56 169 87 16 84 225 88 172 24 4 67 29 173 12 24 224 35 188
    74 214 40 114 207 50 195 51 223 162 3 154 160 57 144 115 175 219 162
    89 96 253 41 246 233 143 74 117 6 218 248 175 210 8 34 70 215 47 86
    187 91 56 101 116 108 64 56 15 201 73 253 199 152 172 24 4 240 60
    156 73 16 244 51 157 88 87 48 122 42 214 109 234 238 189 31 89 253
    127 59 202 189 124 124 69 215 213 65 96 220 113 154 124 93 212 165
    62 126 211 61 233 215 100 223 186 194 121 249 114 118 223 124 45 213
    150 245 31 159 172 24 4 226 29 159 89 24 242 51 189 91 95 40 250 199
    50 195 51 223 162 3 154 160 49 130 115 174 219 162 81 96 239 41 246
    233 135 10 117 6 202 248 47 210 8 34 103 87 47 86 187 91 56 101 84
    108 64 24 15 201 73 253 199 152 172 24 4 240 60 156 73 16 244 51 157
    88 87 48 120 253 54 246 177 222 167 43 244 204 111 208 59 239 203
    146 95 254 255 123 246 249 135 203 253 142 106 254 239 208 20 243
    171 95 45 85 191 91 124 101 124 120 76 56 143 213 57 255 149 156 172
    24 5 240 189 156 65 80 246 51 189 220 215 32 250 207 26 198 49 223
    162 39 158 164 57 192 99 174 219 162 93 104 253 47 215 233 143 122
    117 6 219 249 175 210 4 34 199 223 47 86 187 83 60 101 116 108 84 58
    15 201 73 255 199 152 172 24 5 243 62 156 73 16 244 51 149 88 87 52
    122 20 229 124 140 34 95 28 103 99 66 45 148 92 55 252 226 137 200 4
    232 17 112 37 162 217 5 165 217 97 174 157 112 240 20 85 170 202 114
    129 244 182 155 29 39 180 150 230 78 131 173 103 7 40 29 3 13 154
    243 43 180 89 82 106 169 35 198 109 138 159 157 133 25 175 126 42 4
    141 63 125 101 194 244 1 32 208 114 152 124 80 164 37 17 190 26 25
    91 241 100 215 186 82 114 41 126 182 86 8 142 84 194 208 65 152 45
    24 4 178 29 143 73 24 226 35 188 88 214 42 241 58 185 255 222 54 95
    221 39 247 212 223 245 127 254 254 252 255 210 242 191 119 127 241
    247 255 247 247 221 111 254 222 232 134 126 227 150 254 90 218 125
    125 189 247 101 189 244 245 110 247 182 175 219 178 5 122 93 127 247
    126 235 115 249 205 218 251 252 239 237 255 191 223 153 255 127 189
    235 255 121 118 93 244 245 127 247 252 247 26 124 231 254 255 127
    255 127 255 255 215 237 222 255 218 125 253 247 94 222 122 63 209 94
    221 29 157 189 24 5 248 189 157 111 88 246 51 189 254 223 58 251 44
    198 109 141 170 221 188 209 61 255 139 207 217 52 255 229 137 248 67
    105 216 80 90 248 85 61 189 178 76 215 63 215 205 48 95 42 210 251
    169 118 116 93 120 47 214 246 254 49 153 204 24 37 242 29 157 73 16
    242 51 188 91 95 40 250 80 33 145 148 0 131 58 101 66 160 83 20 208
    128 147 2 110 129 64 67 139 169 195 131 137 10 164 206 64 140 177
    110 95 36 101 186 18 120 225 86 48 64 49 46 227 44 161 111 153 172
    57 7 240 28 28 73 0 114 51 249 88 22 32 250 68 162 19 1 232 144 138
    208 10 187 2 79 192 65 203 1 12 195 184 6 204 37 74 200 137 84 63
    102 132 14 131 22 87 145 221 1 60 169 238 34 97 84 34 45 181 136 185
    51 154 220 24 99 181 225 28 235 71 75 18 37 68 81 113 246 80 32 145
    21 32 131 58 101 66 161 87 20 208 132 147 2 110 129 64 67 137 161
    195 145 137 8 172 142 64 140 177 110 95 36 101 186 90 120 225 86 80
    80 49 46 227 36 129 111 153 172 25 7 240 28 28 73 0 114 51 249 88 22
    32 250 58 253 253 222 54 95 221 43 247 86 159 240 127 126 252 220
    255 246 98 191 55 126 81 231 253 247 247 221 111 254 222 232 134 126
    239 158 238 124 218 125 125 221 183 233 191 244 245 110 247 182 137
    203 162 5 126 93 61 243 126 235 115 253 237 218 195 22 134 147 207
    162 131 56 166 125 18 67 175 201 2 5 116 255 105 246 248 7 218 113
    66 122 249 110 144 16 227 67 223 45 83 181 91 40 109 96 100 84 58
    143 213 113 245 79 152 172 24 1 242 61 156 193 0 178 51 181 88 87 36
    122 77 204 252 248 42 127 117 119 53 124 108 133 28 253 252 238 205
    248 225 105 244 241 216 51 89 127 129 86 121 199 63 231 211 18 83 32
    119 218 249 120 118 191 126 39 245 150 247 107 157 172 187 12 242 93
    155 13 59 246 59 189 91 86 47 250 252 169 255 253 112 119 249 255
    221 252 254 189 87 242 155 234 187 205 251 111 125 221 230 151 187
    107 158 183 109 205 118 255 255 19 37 255 215 253 253 125 120 125
    243 54 255 173 83 238 255 172 239 251 209 127 156 222 246 252 111
    223 255 181 217 254 68 5 152 24 65 142 38 75 36 64 6 0 16 126 172 5
    194 57 129 4 208 119 80 99 80 0 136 68 48 200 8 64 142 0 195 160 33
    74 5 104 36 151 28 129 84 212 165 78 49 36 137 12 50 25 219 25 58 34
    63 180 10 194 46 72 250 223 254 255 255 255 223 247 63 253 125 223
    191 254 255 254 251 213 125 111 63 223 231 57 111 255 187 63 255 91
    126 191 243 103 61 251 210 127 255 247 115 255 249 127 223 142 253
    183 205 141 86 181 251 255 151 239 209 252 121 95 93 109 19 190 227
    23 134 146 221 162 7 26 98 101 144 35 174 219 2 5 116 231 97 214 249
    165 83 243 194 122 248 110 144 24 226 1 223 47 86 190 91 24 101 100
    100 64 26 143 193 121 247 207 152 172 24 0 240 56 156 65 32 178 19
    149 88 87 36 90 201 30 214 97 221 226 162 216 40 57 130 99 166 81
    162 17 110 237 173 99 224 13 59 121 70 223 121 167 222 7 35 87 95
    227 94 49 113 180 109 166 77 84 106 159 201 65 250 241 232 213 88 52
    247 230 142 233 22 220 135 133 196 87 20 126 219 17 178 53 223 227
    91 254 66 165 213 118 226 200 2 18 126 19 51 215 235 175 195 71 142
    122 242 110 210 4 226 43 207 47 21 191 26 104 109 94 112 72 52 43
    201 25 191 47 153 172 24 5 240 24 28 65 24 178 49 185 24 87 32 234
    209 17 146 151 223 131 90 246 66 161 213 54 242 204 3 90 126 19 113
    215 203 173 195 195 138 122 250 110 208 12 226 43 207 39 21 191 26
    104 109 86 112 72 52 43 205 60 191 47 153 172 24 5 240 24 28 65 24
    178 49 185 24 87 32 234 252 249 255 221 98 95 248 231 91 244 127 157
    95 246 251 250 255 218 249 111 31 157 231 179 251 79 250 249 233 207
    254 255 245 39 117 251 223 119 255 124 242 93 253 54 255 158 235 236
    223 172 239 223 242 95 149 207 212 252 105 125 95 108 19 254 251 222
    254 247 255 191 127 217 63 117 127 218 191 251 246 93 246 215 61 111
    254 221 178 121 127 206 249 63 254 81 126 175 215 101 84 251 83 127
    245 246 210 223 88 31 217 30 221 149 157 173 24 5 248 63 159 73 80
