<?xml version="1.0"?>
<opencv_storage>
<ImageFile>"349.jpg"</ImageFile>
<Features type_id="opencv-matrix">
  <rows>196</rows>
  <cols>64</cols>
  <dt>u</dt>
  <data>
    40 236 236 232 15 255 245 127 253 254 222 173 253 124 125 204 219 57
    251 186 245 119 91 255 117 125 85 180 109 215 255 230 143 202 195 36
    255 138 253 56 60 189 230 165 85 245 55 235 191 250 169 216 183 29
    90 20 63 199 255 239 179 235 205 70 248 255 255 221 250 119 255 247
    253 255 127 159 223 252 251 238 251 221 127 111 62 221 238 185 95
    255 191 190 253 215 126 191 243 39 117 251 82 127 253 118 112 93 248
    62 223 174 125 181 157 173 94 181 219 255 158 79 208 252 113 157 93
    87 33 254 171 255 124 122 255 191 95 24 255 95 173 234 191 123 236
    93 151 183 126 185 247 118 17 119 247 119 243 191 255 127 199 241
    138 204 214 246 235 89 250 249 126 223 126 253 245 115 246 111 230
    247 128 78 238 165 203 181 62 247 246 191 187 251 252 26 253 50 247
    49 222 167 43 244 192 47 208 59 238 201 146 83 254 255 123 246 249
    135 203 253 142 106 254 238 208 20 243 175 95 45 21 191 91 125 101
    94 120 64 24 15 197 57 239 149 156 172 24 5 240 188 156 65 80 182 51
    157 220 215 32 250 252 171 255 253 114 127 241 255 221 252 238 191
    87 246 251 238 187 221 251 111 125 189 238 179 127 239 150 183 109
    207 62 255 247 7 119 251 215 255 253 124 250 125 245 54 255 183 99
    234 159 172 255 189 211 31 157 92 212 252 107 253 95 94 35 254 220
    49 219 215 242 195 90 228 90 163 85 190 246 230 147 122 126 131 112
    199 15 173 231 131 142 90 242 255 66 175 246 58 83 55 53 255 26 125
    218 87 16 72 181 106 235 28 233 62 159 174 27 231 240 30 20 203 81
    251 57 251 124 55 241 234 56 214 109 248 190 189 63 121 253 127 251
    154 221 124 124 69 214 245 67 96 252 112 218 120 93 252 165 62 126
    209 125 235 215 68 215 186 194 123 249 114 118 223 124 47 212 150
    245 127 155 172 24 4 226 29 159 93 24 242 51 189 219 223 40 246 207
    50 195 51 223 162 3 154 160 57 128 115 175 219 162 89 96 253 41 246
    233 143 90 117 6 218 248 175 210 8 34 198 215 47 86 187 123 60 101
    116 108 68 58 15 201 73 255 199 152 172 24 4 241 60 156 73 16 244 51
    157 88 87 48 122 207 50 195 51 223 162 3 154 160 49 130 115 174 219
    162 81 96 239 41 246 233 135 10 117 6 218 248 175 210 8 34 103 87 47
    86 187 91 56 101 84 108 64 24 15 201 73 247 199 152 172 24 4 240 60
    156 201 16 244 51 157 88 87 48 120 207 58 194 113 223 162 35 154 164
    57 192 99 175 219 162 89 104 253 47 215 233 143 90 119 6 218 248 175
    210 20 34 198 223 47 86 187 91 60 101 116 76 84 58 15 201 73 255 199
    152 172 24 4 241 126 156 73 16 244 51 157 88 87 52 122 20 229 124
    140 34 95 30 103 99 66 45 148 92 55 252 226 137 194 4 232 17 112 37
    162 217 21 165 217 97 174 157 112 240 20 85 170 202 114 129 244 182
    155 29 39 180 150 230 78 131 173 103 7 40 29 3 13 154 243 43 180 89
    82 106 169 107 198 100 170 7 142 7 3 37 238 40 136 152 175 61 79 139
    117 33 224 176 87 217 105 81 245 25 37 59 26 57 65 209 36 87 178 65
    104 37 44 36 118 60 169 87 80 116 225 24 172 24 4 131 29 172 12 24
    224 35 180 74 199 40 242 35 198 109 138 159 157 133 25 175 126 42 4
    157 63 125 229 194 244 1 32 208 114 152 120 88 164 36 1 190 26 25 91
    245 100 215 186 82 114 41 124 246 86 8 142 84 146 212 69 153 45 24
    12 176 29 143 73 24 224 35 188 90 214 42 241 62 253 253 222 54 127
    221 63 247 212 223 244 127 126 252 221 255 246 98 255 55 127 209 247
    253 247 247 253 127 254 222 169 142 126 239 158 206 88 250 125 125
    221 247 239 189 244 245 110 247 182 137 207 242 5 250 93 61 243 122
    255 123 253 237 218 68 162 19 1 232 144 138 240 74 155 3 78 192 65
    139 1 12 195 184 6 204 37 10 200 136 84 59 102 132 14 131 18 87 17
    221 1 24 169 238 2 97 84 32 45 181 12 185 51 154 220 8 99 181 225 28
    235 71 91 18 37 68 81 113 230 252 185 255 255 114 95 240 231 95 252
    126 157 95 246 255 250 255 218 249 111 119 153 231 147 251 79 246
    221 233 223 254 235 229 39 117 246 223 119 253 124 242 93 245 54 253
    150 119 238 223 172 239 223 242 31 145 77 214 253 107 249 91 108 3
    254 77 207 236 248 42 95 118 71 53 116 44 133 28 253 124 239 205 248
    169 107 212 249 216 51 89 95 129 86 121 199 31 99 147 18 83 32 115
    218 249 120 118 191 124 39 213 150 247 107 157 172 28 12 242 93 155
    13 27 246 59 189 91 118 35 250 251 252 239 237 255 191 223 153 255
    127 189 251 255 121 118 93 244 245 127 247 252 119 147 124 231 254
    255 127 255 127 255 255 215 237 222 255 218 125 253 247 94 222 122
    63 209 95 221 29 157 191 24 5 248 189 157 111 88 246 51 189 254 223
    58 251 44 198 109 169 186 253 189 209 61 255 138 207 221 60 251 229
    137 252 195 105 248 80 90 248 85 61 189 178 92 215 63 215 205 16 223
    42 210 251 169 118 124 93 122 63 214 247 254 49 153 205 24 37 242
    157 157 89 16 242 51 188 219 95 40 250 250 221 254 255 247 255 255
    255 63 253 125 255 191 254 255 254 251 213 125 111 63 223 231 59 111
    255 187 63 255 91 126 191 243 103 61 251 210 127 255 247 115 255 253
    126 223 158 253 182 205 165 86 181 249 255 151 239 208 252 121 223
    93 108 147 190 237 42 239 147 217 247 163 248 172 255 194 126 171
    235 179 69 138 117 123 102 252 199 206 124 14 255 29 39 210 10 51 27
    95 39 85 187 82 124 109 60 112 116 56 47 85 56 113 177 25 172 24 5
    209 61 140 8 16 236 51 189 76 215 32 250 84 33 145 149 32 195 58 117
    66 160 83 20 80 128 147 98 106 192 66 67 139 169 199 139 137 10 166
    206 64 140 177 110 107 36 37 186 18 120 225 86 16 64 49 46 227 36
    129 111 153 172 56 7 240 28 28 73 0 114 51 249 88 22 32 250 251 222
    254 247 255 191 127 249 63 117 125 218 191 255 246 93 246 215 61 111
    126 221 179 121 127 222 251 63 255 81 254 175 211 101 84 251 83 127
    245 246 210 223 120 63 217 30 253 149 157 173 24 5 248 63 159 73 80
    246 49 189 92 86 50 249 80 32 145 21 32 193 58 101 66 169 83 21 208
    128 147 66 106 129 66 67 139 169 199 139 137 10 166 142 64 140 177
    110 111 36 101 186 26 120 225 86 80 64 49 46 227 36 129 111 153 172
    24 7 240 28 28 73 0 114 51 249 88 22 32 254 68 5 184 152 65 158 38
    75 36 64 4 32 16 126 172 5 194 57 129 4 208 119 208 99 80 128 136 69
    56 200 8 64 142 0 195 160 33 74 5 104 36 151 28 129 84 212 229 78 49
    36 137 12 178 25 219 25 58 34 63 180 10 210 46 72 243 55 198 146 221
    162 7 58 98 125 144 35 174 219 2 5 116 231 97 214 249 165 83 247 194
    106 248 238 144 28 226 1 223 47 86 190 89 56 101 100 100 84 26 143
    193 113 231 207 152 172 24 1 242 60 156 65 32 178 19 181 88 87 36
    122 252 185 255 253 114 119 249 247 217 252 246 185 95 243 155 234
    187 205 251 47 117 221 230 159 187 107 158 246 109 213 118 255 255
    91 37 245 255 253 253 125 120 61 243 182 255 165 83 234 255 174 239
    219 209 127 156 92 246 255 127 223 255 189 205 254 251 17 178 55 223
    227 123 254 70 161 213 126 226 200 2 90 126 23 51 215 235 175 195 71
    142 122 242 239 210 4 226 171 207 47 21 191 18 108 109 94 120 72 52
    43 201 25 191 47 153 172 24 5 240 28 28 65 24 178 49 185 24 87 32
    234 209 49 146 151 223 131 90 246 66 161 213 54 242 202 131 90 126
    19 113 215 203 173 195 199 138 122 242 110 210 12 226 43 79 39 21
    191 26 108 109 94 112 72 52 43 201 61 187 47 153 172 24 5 240 24 28
    65 24 178 49 185 24 23 32 234 226 221 222 223 231 154 94 143 47 227
    45 202 190 243 110 191 245 179 56 183 14 253 115 99 215 199 251 127
    179 56 158 33 151 119 210 219 202 77 254 243 118 255 172 105 157 94
    253 191 213 138 24 221 177 253 249 239 89 255 112 63 89 113 157 219
    78 14 128 168 71 79 6 133 45 234 26 132 24 172 123 167 201 88 9 252
    24 147 254 56 89 205 24 4 17 210 59 195 69 33 115 33 83 70 45 2 36
    20 124 187 7 158 102 240 28 8 94 4 135 127 164 142 136 196 41 180 71
    71 24 98 59 208 109 103 191 241 217 24 246 63 213 253 239 109 52 117
    184 244 6 251 224 118 234 127 44 190 231 59 126 123 119 239 215 236
    159 126 254 121 248 247 89 204 107 109 210 85 245 123 187 190 26 5
