<?xml version="1.0"?>
<opencv_storage>
<ImageFile>"35.jpg"</ImageFile>
<Features type_id="opencv-matrix">
  <rows>305</rows>
  <cols>64</cols>
  <dt>u</dt>
  <data>
    254 253 255 255 54 255 255 251 255 223 255 251 255 254 252 254 247
    247 127 111 127 255 209 247 253 255 247 253 127 254 254 185 210 108
    87 254 222 123 249 253 126 223 253 63 245 183 245 110 159 173 155 15
    250 29 159 93 56 246 123 191 123 223 42 250 255 253 254 254 55 63 93
    59 255 215 253 250 255 255 124 255 245 247 126 255 55 255 241 119
    253 127 247 255 127 255 254 169 218 124 230 254 202 125 250 253 126
    223 253 255 255 127 247 110 191 175 147 207 250 61 255 93 56 247 115
    255 251 255 174 251 233 222 253 169 222 127 39 245 189 127 236 139
    221 189 255 239 219 253 251 96 252 209 126 184 93 109 189 178 249 85
    127 235 253 64 215 249 215 243 181 248 126 223 126 191 85 183 246 81
    189 172 30 12 226 61 159 93 190 252 43 188 223 214 42 241 60 191 255
    253 62 255 245 255 253 252 222 253 255 124 251 206 251 221 235 107
    244 125 214 247 125 255 181 183 126 215 127 255 223 100 87 186 215
    122 249 116 252 93 251 63 213 167 247 111 157 172 157 13 242 29 157
    93 16 242 115 189 91 95 40 250 62 252 111 175 254 253 147 177 191
    253 94 223 157 62 121 244 249 255 67 242 245 115 222 124 125 253 189
    127 126 219 127 255 215 108 71 182 255 123 233 124 248 93 126 46 213
    54 245 111 189 172 153 13 242 29 156 89 56 242 59 189 219 95 40 254
    255 255 239 255 63 191 221 27 255 255 189 250 191 251 254 95 187 247
    122 123 247 127 211 119 117 255 247 63 127 123 119 235 215 108 215
    190 218 121 249 125 124 95 123 109 245 85 245 111 157 174 24 15 240
    29 156 93 56 246 115 191 251 223 44 250 62 253 253 250 31 255 101
    127 253 124 252 185 127 255 252 255 251 247 115 122 246 127 216 127
    247 255 103 191 127 219 125 239 207 238 215 190 231 252 255 127 126
    255 254 239 93 245 117 239 254 180 153 204 230 61 222 93 57 182 255
    255 219 239 175 214 255 254 125 239 255 253 255 152 255 127 253 255
    255 127 252 253 243 247 127 120 253 119 155 124 255 255 253 191 255
    123 255 255 247 237 223 255 255 243 249 255 255 223 123 61 213 159
    252 53 159 189 30 13 236 181 159 125 120 246 251 190 255 223 62 189
    124 57 125 248 63 63 123 123 189 250 206 183 117 198 253 247 242 221
    219 107 245 127 216 127 197 206 226 223 90 199 61 234 235 6 215 191
    247 250 249 117 218 221 118 46 246 183 231 111 189 172 184 5 242 61
    221 89 16 178 127 191 91 94 175 242 191 252 127 239 255 253 223 153
    255 125 252 251 255 127 228 253 243 247 63 113 245 87 191 124 247
    255 121 63 255 123 255 255 189 237 222 255 254 115 249 253 95 223
    126 189 213 23 252 117 189 191 30 13 248 181 223 109 56 246 247 188
    219 223 62 221 124 190 255 254 54 127 245 255 253 252 252 189 127
    190 191 238 251 220 99 107 245 241 247 183 93 239 180 159 123 223
    127 235 215 100 87 186 87 122 249 124 126 93 124 47 213 183 247 111
    157 172 158 13 242 29 156 77 24 246 59 189 91 95 34 250 254 253 247
    247 127 239 223 255 223 253 255 255 255 238 254 254 251 215 126 127
    255 191 231 127 255 207 243 127 127 251 254 255 247 237 124 255 246
    127 251 247 211 223 255 127 235 30 253 127 205 166 91 133 250 190
    189 109 216 246 115 251 255 15 178 254 254 253 247 255 255 239 223
    235 255 253 255 255 255 254 254 254 251 215 62 111 255 47 227 127
    255 223 247 127 127 251 254 255 215 231 125 255 214 127 251 247 243
    223 253 127 239 30 253 63 205 167 95 133 250 63 159 109 88 246 123
    255 255 79 179 255 255 253 255 246 55 191 93 91 255 245 245 250 255
    250 182 95 246 247 119 127 247 127 243 119 221 251 243 127 123 92
    252 233 215 44 86 190 218 120 249 245 82 223 60 47 209 20 245 111
    157 172 24 5 240 29 157 73 16 242 51 189 89 87 34 251 127 255 254
    255 255 191 223 25 191 127 223 251 191 127 252 93 255 247 122 115
    247 127 211 127 255 254 243 127 126 123 255 239 215 255 95 191 242
    121 251 119 125 93 255 111 245 29 253 127 157 190 24 79 242 189 158
    77 89 247 243 191 251 127 185 254 249 158 239 253 254 247 255 253
    189 253 214 207 223 253 59 205 191 253 251 107 252 127 222 255 123
    127 63 182 125 87 119 239 223 235 223 49 247 253 252 63 125 125 235
    191 221 53 255 243 189 220 152 173 247 253 156 221 127 254 247 191
    211 223 13 254 253 254 247 253 250 189 231 249 253 253 234 127 255
    255 251 237 243 245 255 106 253 239 158 124 79 254 63 191 254 79 123
    255 115 231 125 251 84 247 253 246 255 84 218 62 79 143 89 147 140
    53 92 180 242 191 143 109 192 252 99 143 223 78 35 180 189 254 255
    237 255 253 251 249 253 255 222 255 239 125 255 237 251 253 255 123
    245 127 255 252 229 127 119 246 125 87 255 255 255 232 223 117 255
    251 249 53 223 93 122 190 213 227 251 115 188 253 30 45 252 189 159
    77 54 214 255 175 251 223 46 255 58 215 124 207 191 157 219 25 255
    87 63 252 189 126 124 117 244 247 68 187 214 122 147 102 249 246 231
    127 62 251 221 59 215 124 223 150 218 91 250 255 243 223 237 109 149
    22 245 47 151 191 152 15 190 133 223 91 49 243 114 191 115 223 174
    251 221 186 247 117 252 243 243 254 252 189 214 255 239 253 147 201
    251 253 251 111 253 79 238 255 171 106 222 246 124 69 247 255 255
    235 117 53 117 191 253 127 221 61 235 118 233 233 219 243 252 221
    237 249 247 254 152 207 103 254 247 207 251 47 149 222 173 182 101
    100 61 123 243 126 240 157 246 113 111 121 192 229 226 236 207 123
    245 106 125 246 37 43 69 147 124 85 97 239 255 104 196 190 127 48
    249 253 223 92 58 159 192 99 147 79 184 191 76 9 240 29 159 69 54
    242 183 158 250 215 164 217 59 215 124 250 175 189 117 27 55 116 124
    73 61 121 100 29 246 246 5 242 246 126 153 115 66 170 227 90 255 81
    253 225 223 102 82 56 67 96 240 224 214 223 90 79 208 23 247 79 153
    133 24 12 98 29 159 73 25 242 115 159 80 94 134 249 60 189 252 254
    55 255 125 55 183 214 95 180 29 126 61 246 253 250 67 251 183 126
    209 247 249 62 230 220 120 246 252 233 206 62 231 174 223 90 216 125
    120 157 181 239 246 245 231 110 187 174 153 79 242 29 216 93 59 243
    123 255 123 251 239 250 249 223 191 223 238 191 63 187 191 125 126
    203 159 253 124 173 247 247 125 102 252 135 146 243 91 255 173 126
    249 82 122 187 242 37 82 185 211 122 228 248 114 94 56 175 213 62
    245 79 157 172 24 13 240 29 157 73 16 246 51 189 90 86 32 248 1 6 12
    130 41 94 2 51 38 86 2 70 12 57 2 37 108 211 1 225 192 38 192 114 72
    24 176 10 80 2 51 97 215 36 81 184 83 104 232 96 240 92 56 143 209
    20 241 111 153 172 24 5 240 29 156 73 16 242 51 189 88 87 32 250 254
    185 254 247 55 179 219 139 255 251 213 250 191 250 166 94 254 151
    126 223 175 63 211 119 245 219 243 127 82 255 246 235 223 60 23 255
    218 125 250 117 120 221 181 111 243 29 245 111 157 174 24 71 240 29
    156 73 17 243 115 191 121 119 161 251 125 49 255 116 127 227 127 126
    212 188 212 49 109 218 129 194 251 220 219 254 245 43 229 191 140
    107 226 157 89 69 245 255 123 45 53 191 95 112 241 117 120 76 219 14
    205 161 195 78 191 174 95 133 240 60 156 65 230 242 63 219 248 6 164
    246 221 56 223 117 125 98 123 254 208 191 212 187 238 235 134 90 122
    207 187 127 237 141 239 191 175 251 250 255 219 101 227 239 223 161
    52 255 127 189 245 127 88 206 251 127 251 57 203 251 253 238 94 215
    253 126 156 195 214 255 191 219 252 23 177 255 237 190 231 229 253
    247 235 252 252 255 194 255 239 95 147 237 235 253 255 107 253 15
    238 253 111 255 63 167 223 71 51 255 127 227 253 251 119 253 253 55
    125 108 122 190 223 161 91 241 188 253 92 181 213 255 156 109 214
    252 167 143 222 95 53 254 63 189 255 182 55 247 185 123 246 221 246
    243 255 123 176 95 254 255 103 115 245 39 211 247 221 255 245 239 82
    158 243 235 223 44 87 190 91 120 233 124 120 92 56 47 213 53 247 111
    153 172 24 5 240 29 156 73 16 242 51 189 88 87 32 250 189 190 247
    225 255 245 163 248 252 253 242 127 239 89 243 101 251 253 255 106
