<?xml version="1.0"?>
<opencv_storage>
<ImageFile>"354.jpg"</ImageFile>
<Features type_id="opencv-matrix">
  <rows>183</rows>
  <cols>64</cols>
  <dt>u</dt>
  <data>
    171 204 110 235 255 125 213 153 189 221 60 235 191 59 111 237 203
    244 189 59 116 86 188 124 119 255 25 51 255 91 127 191 148 231 223
    208 247 85 253 60 247 255 122 189 93 151 124 241 205 189 222 12 221
    167 175 108 56 212 238 45 215 223 62 155 56 205 238 206 98 223 215
    39 47 196 95 204 159 124 126 236 255 241 121 111 182 125 210 115 123
    255 21 60 103 211 94 169 135 103 115 154 194 75 254 26 53 189 253 39
    221 30 245 174 159 168 131 141 243 5 144 223 121 214 120 237 83 223
    13 250 252 253 255 253 118 127 127 251 253 255 253 187 127 254 255
    254 243 221 127 111 127 253 228 183 255 255 183 191 123 223 126 251
    242 101 52 255 215 125 241 253 122 223 253 63 255 55 215 111 159 173
    31 135 248 29 157 93 88 246 123 255 123 94 43 251 124 255 255 255
    255 255 255 255 253 252 254 191 255 255 255 252 243 223 251 126 255
    255 215 191 255 235 230 255 255 221 255 255 255 111 85 255 223 119
    249 125 254 95 255 126 253 183 219 111 191 175 223 207 242 63 157 93
    92 254 255 255 251 110 171 253 236 44 239 152 82 127 37 247 117 254
    236 157 95 181 191 238 203 120 251 109 249 213 126 179 95 105 140
    134 105 213 58 203 245 3 87 235 90 118 117 252 126 191 124 183 93 62
    103 232 93 44 238 156 211 93 148 28 252 236 107 188 91 212 74 249
    186 221 238 223 54 223 223 131 63 215 29 222 159 62 126 223 189 247
    124 47 150 117 242 115 121 247 183 127 127 251 94 43 151 116 243 218
    210 89 250 123 118 223 237 125 183 156 245 47 151 185 159 13 250 5
    190 223 57 247 122 127 91 221 62 250 56 238 109 136 2 93 37 127 237
    212 222 148 93 60 125 238 219 252 67 104 180 114 208 247 217 125 132
    152 105 214 95 233 205 44 67 190 202 122 201 120 62 29 116 167 84
    246 117 110 159 172 137 12 242 29 159 93 56 242 123 189 91 223 106
    250 189 54 247 247 255 167 251 120 212 253 210 119 239 74 146 85 242
    255 255 83 245 47 251 255 174 250 246 255 94 81 245 239 79 173 190
    191 255 253 233 245 89 76 211 142 201 33 155 127 188 182 153 137 240
    190 156 65 100 178 247 155 250 31 36 254 93 173 255 221 32 255 249
    247 185 252 207 157 87 180 255 234 139 220 251 111 190 89 118 179
    253 239 150 246 109 199 62 239 213 83 113 232 148 255 250 61 114 61
    255 54 191 182 125 234 159 168 239 255 243 93 52 76 253 206 107 239
    219 205 75 254 45 142 239 221 42 255 243 117 189 253 78 207 221 125
    255 237 130 253 227 43 244 119 90 251 121 106 132 182 109 215 63 239
    223 96 67 48 247 250 249 124 254 61 122 38 245 118 247 107 185 172
    152 13 240 29 157 93 62 242 119 189 218 223 42 251 61 188 255 140 55
    127 245 127 255 212 222 245 127 191 254 236 251 252 243 41 245 87
    253 247 251 125 85 247 125 223 222 239 157 72 243 222 214 218 249 61
    125 157 255 39 189 181 119 239 255 182 239 157 242 13 154 93 126 214
    238 233 251 221 44 222 44 140 239 217 42 255 243 117 189 253 70 207
    223 124 255 236 138 249 251 43 244 119 218 251 121 106 148 182 109
    215 63 239 223 96 67 48 247 250 249 60 250 61 122 39 213 118 247 107
    185 172 137 13 240 29 157 73 54 242 119 189 218 95 42 255 254 253
    254 247 247 191 95 219 191 197 189 250 191 250 244 127 247 247 62
    119 31 255 176 119 255 223 247 127 243 59 254 57 210 45 86 255 210
    121 249 245 82 223 60 47 209 30 245 47 157 172 16 5 248 29 157 73 16
    246 49 189 88 87 34 251 61 186 247 117 190 245 249 252 249 189 254
    253 239 123 217 233 251 239 235 123 245 111 95 223 249 127 247 247
    108 215 231 254 255 234 239 52 255 185 249 125 253 93 243 182 253
    227 155 107 186 255 141 203 244 157 154 85 38 243 215 207 250 255
    237 222 57 134 125 207 235 221 155 61 255 255 30 221 189 127 127 228
    247 247 218 43 220 115 219 252 121 98 172 54 124 219 95 111 223 232
    71 52 214 251 249 126 244 93 107 46 213 118 245 107 189 236 152 13
    246 29 156 93 54 246 183 189 250 223 42 254 122 44 216 190 35 139 84
    15 115 112 213 177 62 182 46 218 189 154 176 153 205 213 227 51 209
    75 192 215 107 241 157 229 159 176 32 48 255 74 176 120 242 159 125
    97 189 21 231 111 215 226 171 143 246 29 123 157 62 243 191 249 27
    114 222 207 56 134 109 207 238 221 219 185 255 255 22 223 189 126
    123 228 246 247 216 43 220 115 223 252 121 98 188 54 124 219 95 127
    239 232 79 52 222 251 233 126 240 93 106 174 213 246 241 123 189 236
    24 13 244 13 156 89 22 246 246 189 250 223 42 254 58 221 254 206 39
    223 220 35 127 210 63 220 61 54 125 254 253 147 112 187 150 116 209
    99 249 215 227 124 47 251 220 105 134 252 235 4 238 75 250 123 50
    223 229 109 183 150 245 111 215 187 147 207 190 5 251 223 89 215 122
    249 115 249 202 222 243 18 72 227 255 176 139 24 238 59 179 106 175
    75 0 21 116 247 44 147 200 103 155 124 6 210 251 63 150 56 225 115
    23 236 222 23 251 56 232 195 196 76 43 201 209 73 209 31 154 222 24
    1 244 165 220 243 0 55 182 151 184 211 188 30 57 190 255 117 62 253
    251 248 253 189 254 253 255 125 217 236 255 253 255 123 245 127 223
    255 189 127 231 246 124 215 247 255 239 233 239 52 255 187 248 127
    125 93 243 190 245 227 191 107 191 255 141 203 246 189 158 85 103
    247 247 239 251 255 173 222 47 151 236 252 63 191 255 25 61 254 245
    232 189 120 61 87 148 253 99 251 245 119 211 119 85 122 225 255 126
    117 245 227 223 60 215 174 251 120 248 121 120 95 122 45 213 117 247
    111 185 174 24 13 242 29 221 89 18 243 55 189 122 211 40 250 210 217
    154 215 224 208 216 192 10 235 57 202 134 192 19 58 111 199 60 103
    14 173 230 73 143 215 179 107 210 43 178 59 87 55 29 219 82 125 234
    119 112 72 185 127 255 28 253 55 217 140 16 37 240 159 156 107 145
    242 49 63 92 85 49 186 210 217 154 223 160 208 216 160 10 139 49 202
    150 194 87 58 127 195 52 239 15 172 167 72 138 87 243 104 131 42 178
    48 82 52 29 251 83 125 234 116 112 72 185 127 183 28 253 62 153 141
    16 39 232 27 156 235 145 243 49 29 92 117 33 178 210 217 154 223 162
    80 216 161 74 139 57 202 150 226 71 58 125 131 52 159 15 172 231 138
    139 87 243 104 131 170 182 48 82 52 93 255 90 125 234 116 112 72 177
    127 183 28 253 62 153 174 16 71 232 27 148 203 145 243 49 61 92 117
    32 178 239 206 238 233 255 253 215 217 61 223 46 202 159 61 126 205
    137 253 253 47 252 87 250 121 119 247 25 55 127 91 30 183 151 195
    219 65 242 221 253 59 117 191 106 53 159 156 124 177 223 217 188 189
    223 229 239 190 122 220 246 47 215 217 28 254 47 207 238 249 63 191
    255 83 61 254 228 235 222 120 61 79 128 253 227 251 245 119 83 119
    85 126 181 182 124 85 117 227 223 56 215 168 243 120 249 125 124 95
    122 47 213 117 247 111 185 172 24 13 242 29 220 89 22 243 119 189
    122 211 40 251 73 4 239 145 203 199 195 253 180 229 4 206 147 232
    179 78 202 85 57 103 218 39 206 105 14 219 152 38 80 11 51 79 215 39
    21 187 18 121 109 118 112 113 124 47 213 28 113 163 29 172 24 5 241
    29 156 74 24 254 51 189 72 87 32 250 249 158 254 253 255 247 255 181
    63 253 92 207 159 125 59 253 253 255 251 191 252 127 254 121 107 127
    126 118 253 87 255 255 255 251 89 117 247 253 252 119 125 93 234 62
    221 189 255 243 189 220 30 141 245 253 156 207 127 222 255 191 211
    95 22 254 51 221 206 222 39 223 93 7 63 214 61 200 63 255 126 255
    189 246 48 187 150 127 243 39 121 199 226 61 127 249 220 97 151 252
    243 80 226 95 250 121 114 255 237 237 159 150 245 110 215 170 159
    141 180 5 243 222 57 247 122 127 115 249 142 219 121 156 254 237 255
    255 255 252 189 253 92 205 159 125 63 253 253 255 251 43 252 127 222
    121 111 255 255 118 125 83 255 239 215 233 93 117 247 253 252 127
    125 221 110 47 221 53 255 115 189 220 26 5 244 253 156 205 123 254
    255 191 211 95 48 254 85 17 158 86 32 83 88 54 18 142 5 132 6 195
    128 35 108 195 224 175 7 45 193 195 136 51 179 92 16 14 210 33 94 16
    177 160 17 72 218 65 112 8 187 39 183 48 247 110 147 168 56 87 176
