<?xml version="1.0"?>
<opencv_storage>
<ImageFile>"355.jpg"</ImageFile>
<Features type_id="opencv-matrix">
  <rows>50</rows>
  <cols>64</cols>
  <dt>u</dt>
  <data>
    199 222 255 85 253 178 223 216 190 191 161 234 143 217 196 31 12 237
    62 123 142 111 126 123 103 247 251 127 93 43 97 119 223 223 222 47
    210 189 254 115 116 110 42 253 243 200 217 59 216 223 28 49 253 253
    223 239 17 254 243 159 252 213 185 191 126 173 245 190 18 207 47 111
    239 76 251 183 253 175 254 254 251 53 99 100 183 47 219 111 221 253
    127 189 66 154 122 237 71 111 111 159 138 62 253 94 45 212 52 171 79
    122 125 191 133 164 208 8 226 31 21 85 168 182 81 185 191 207 40 178
    189 253 255 125 251 239 241 254 220 149 214 253 255 250 239 252 235
    245 187 99 247 63 238 127 63 251 118 191 127 95 118 255 159 239 45
    222 182 255 253 126 217 253 255 102 249 57 185 239 253 188 123 189
    248 55 156 69 120 254 255 235 251 159 183 223 126 255 246 255 255
    207 95 141 239 111 187 191 191 238 255 254 255 179 123 246 255 191
    219 127 215 255 251 127 211 251 255 239 79 175 111 191 202 127 253
    126 53 93 116 239 223 95 253 63 157 166 216 13 226 31 156 123 152
    246 241 189 223 79 184 178 58 149 252 158 39 221 219 53 255 212 87
    220 189 63 62 246 253 247 66 251 244 115 211 247 217 122 244 126 123
    250 255 235 207 60 71 190 218 122 232 125 120 93 57 175 245 52 245
    111 153 174 152 15 240 29 156 89 48 243 51 189 122 87 42 250 65 37
    179 48 17 98 33 94 192 174 128 32 98 137 131 3 106 229 35 71 233 135
    87 23 70 169 188 13 82 12 98 97 207 44 71 190 82 56 97 124 120 92 48
    175 209 113 161 110 153 172 24 1 240 29 156 65 16 242 51 189 88 87
    32 250 65 1 130 50 21 98 33 94 192 166 128 32 98 136 131 3 106 229
    35 71 225 135 67 23 70 171 188 13 82 12 32 96 207 44 69 190 82 56 97
    124 120 64 48 175 209 113 161 110 153 172 24 1 240 29 156 65 16 242
    51 189 88 87 32 250 208 19 18 151 209 130 2 193 6 65 3 6 160 210 131
    17 102 215 5 68 72 133 131 112 78 152 184 13 210 8 176 57 242 36 84
    186 82 112 1 84 80 80 24 14 193 20 192 76 153 172 24 5 240 28 156 73
    16 242 51 188 88 86 32 248 232 13 246 154 67 79 34 207 45 224 138
    182 55 174 251 238 235 145 33 102 93 135 247 51 95 201 184 13 211
    142 58 41 240 36 87 186 82 114 197 124 242 92 24 46 85 22 225 236
    153 44 24 5 240 29 157 73 16 240 35 188 88 86 34 250 208 19 16 22
    193 2 10 201 2 1 131 34 160 194 130 18 102 147 5 68 72 167 129 18 6
    154 248 77 210 8 160 40 82 36 84 186 82 112 129 212 80 88 24 14 193
    20 129 76 153 172 24 5 240 28 156 73 16 242 51 189 88 86 32 248 93
    238 247 153 88 39 167 246 209 252 124 155 93 253 155 200 235 77 227
    98 244 109 206 243 91 109 21 182 105 76 57 95 255 67 117 186 20 248
    117 124 119 63 187 166 125 50 81 203 155 172 41 189 243 29 29 77 108
    236 3 233 218 71 33 254 59 222 125 138 63 253 133 121 255 126 222
    245 253 61 253 213 255 246 227 48 240 82 217 125 253 253 101 127 126
    223 253 239 221 108 223 190 118 122 233 124 117 93 126 47 85 180 244
    111 185 188 152 12 242 29 158 93 56 242 55 189 218 223 44 254 190
    178 255 167 255 183 191 249 254 127 210 123 239 91 178 85 250 245
    111 112 241 87 155 253 190 252 253 191 222 223 119 239 205 44 223
    190 254 48 169 125 120 92 82 143 213 113 180 77 185 188 152 9 240 29
    156 81 52 242 55 188 250 215 40 252 5 22 69 193 189 176 138 88 42
    218 2 70 128 19 137 1 2 197 128 40 192 100 74 121 69 144 48 39 28 8
    33 75 87 208 221 138 112 248 233 3 229 84 42 173 103 128 241 123 152
    188 24 5 182 133 222 73 0 2 18 135 64 87 100 114 242 245 235 127 55
    150 223 137 246 175 189 250 175 203 22 31 54 167 126 219 191 239 115
    111 245 247 247 63 83 185 231 242 207 188 142 255 250 61 250 255 122
    202 33 233 179 121 149 63 249 174 152 75 252 185 252 119 48 243 247
    159 190 243 248 251 62 55 125 159 255 221 27 13 238 70 159 52 61 126
    249 245 255 246 66 240 95 114 151 52 220 132 228 89 243 186 223 41
    196 44 215 158 202 114 201 93 48 93 28 12 212 214 229 14 153 172 152
    13 178 29 148 89 16 242 59 189 88 215 42 248 251 242 85 231 254 244
    247 176 248 61 116 91 143 123 150 81 127 239 189 169 233 109 171 252
    170 255 61 247 254 99 247 239 151 233 185 117 127 217 125 55 125 205
    235 119 237 129 255 113 46 213 205 239 253 226 154 239 110 223 182
    207 242 223 52 254 211 209 154 126 55 242 93 30 215 171 61 252 46
    206 38 123 125 214 48 223 143 191 231 15 165 215 243 127 83 59 230
    107 151 190 189 223 234 125 250 119 50 234 167 105 191 28 181 62 211
    186 126 199 236 176 244 231 145 179 121 219 61 245 183 179 156 170
    215 229 56 249 164 251 24 249 238 115 195 87 217 224 235 221 173 107
    197 44 200 251 47 223 17 167 92 79 51 255 215 34 125 186 117 248 233
    52 113 84 58 55 205 135 255 107 137 189 29 5 240 29 159 73 20 242 51
    141 72 23 33 254 12 2 17 161 8 182 170 113 0 174 66 6 193 5 145 0
    226 205 67 98 192 37 194 217 76 216 188 238 64 132 49 234 87 36 85
    186 83 120 233 116 120 84 48 46 213 20 243 111 153 172 24 1 240 29
    156 73 16 242 51 189 88 87 32 250 237 255 239 245 63 191 253 123 253
    253 254 255 255 253 244 111 226 213 63 107 253 111 243 119 111 254
    179 63 126 95 63 255 215 36 84 186 82 123 249 244 210 95 56 47 209
    23 245 111 153 172 24 5 240 29 157 77 16 242 51 189 88 87 34 251 124
    59 247 244 58 191 105 122 212 255 210 49 223 243 144 82 250 221 235
    107 237 45 202 255 143 154 182 175 94 77 49 239 87 38 116 186 86 252
    241 116 252 86 251 15 203 132 209 207 155 172 25 133 240 29 159 73 0
    242 51 221 88 87 33 255 253 255 239 245 63 255 253 127 253 255 254
    249 255 249 244 239 235 213 63 107 253 111 231 127 111 255 179 63
    127 95 59 255 215 38 84 186 82 121 249 244 242 94 56 47 209 22 245
    111 153 173 28 5 240 29 159 77 16 242 51 189 88 87 32 251 59 151 125
    247 63 245 249 120 244 223 215 241 237 121 177 85 254 222 71 123 244
    42 195 119 205 191 231 255 94 54 245 251 223 44 85 190 211 120 233
    117 120 92 59 47 244 37 247 111 153 174 24 5 240 29 156 73 16 242 51
    189 120 87 32 250 127 52 217 62 95 194 82 46 82 32 213 53 252 198
    134 82 126 147 16 148 193 37 195 71 172 200 232 221 98 109 197 109
    159 45 21 190 46 89 73 117 80 201 159 35 229 21 231 111 147 166 9
    143 240 24 24 73 126 179 63 249 56 7 38 206 191 246 109 173 255 189
    191 121 252 127 252 251 253 59 244 85 243 245 111 97 249 114 146 124
    76 253 189 63 255 95 119 251 213 100 86 186 82 121 169 244 118 94 56
    63 213 20 244 77 153 173 24 5 240 29 158 73 16 242 51 188 88 87 32
    251 59 180 253 62 255 235 91 60 210 33 213 253 252 78 166 92 254 215
    50 208 227 63 195 111 174 250 240 127 122 125 213 109 159 237 149
    190 238 121 123 119 121 201 207 107 213 53 253 111 183 182 25 134
    224 184 222 73 120 179 191 155 185 31 166 223 208 17 146 19 201 192
    202 160 202 171 51 78 182 194 3 48 125 131 100 151 79 175 103 206
    130 87 247 110 128 138 226 50 79 46 77 165 25 44 110 72 120 64 180
    107 197 124 189 55 187 142 24 67 240 25 92 195 7 51 23 49 60 113 225
    106 122 25 254 247 55 255 253 183 94 254 255 52 127 220 123 246 61
    223 122 255 183 127 199 255 187 127 243 254 124 247 246 235 79 248
    185 101 255 125 250 89 120 253 247 125 239 173 247 111 255 250 191
    223 252 253 248 213 247 119 255 251 227 187 221 214 60 37 125 156 50
    37 61 119 228 68 213 48 93 60 181 70 242 220 67 96 241 50 209 183 92
    40 164 153 112 156 125 233 222 36 22 186 194 120 129 124 24 219 29
    14 208 52 195 78 153 172 24 5 112 29 157 73 24 242 59 188 88 86 34
    251 191 254 125 173 254 253 191 248 255 127 253 254 223 61 252 253
    251 213 71 97 249 64 166 116 207 253 189 63 223 31 127 251 245 36 84
    190 82 114 169 244 210 94 24 15 209 22 244 77 153 172 24 5 240 29
    157 73 16 242 51 188 88 87 34 249 28 33 125 176 18 165 42 117 68 102
    83 20 209 36 177 66 234 221 67 96 192 33 194 242 12 152 164 141 82
    140 49 232 87 36 85 186 82 120 129 84 112 64 28 14 197 20 225 79 153
