<?xml version="1.0"?>
<opencv_storage>
<ImageFile>"358.jpg"</ImageFile>
<Features type_id="opencv-matrix">
  <rows>85</rows>
  <cols>64</cols>
  <dt>u</dt>
  <data>
    250 253 255 255 254 255 255 237 255 255 125 191 191 238 255 254 255
    215 127 99 254 191 166 63 255 223 247 127 219 251 127 255 243 167 21
    255 214 119 249 119 114 221 253 126 221 30 253 127 157 173 30 5 248
    31 156 73 208 246 123 191 223 95 34 190 254 248 243 247 255 167 219
    233 222 237 213 251 255 202 146 92 250 215 127 119 171 143 235 125
    174 223 255 47 210 187 119 191 71 173 60 223 214 253 237 215 89 200
    229 127 203 28 249 181 207 164 83 177 248 190 156 227 64 252 177 89
    220 29 48 191 251 253 255 246 127 63 223 59 247 93 253 251 255 254
    182 92 247 247 126 247 247 127 243 119 255 254 247 127 127 251 254
    239 223 109 22 255 254 121 251 253 91 223 255 111 249 61 245 111 191
    190 155 207 248 61 158 95 120 247 119 191 251 255 190 223 251 254
    126 255 255 252 251 136 125 255 254 255 191 127 235 253 255 255 189
    251 239 127 191 124 247 223 123 247 255 115 255 191 183 235 223 117
    247 247 253 255 207 126 235 124 221 159 219 51 237 223 30 101 253
    231 253 239 215 221 247 175 246 255 187 189 127 186 247 241 255 246
    235 252 252 255 210 125 239 75 147 93 250 253 187 107 237 47 206 125
    46 234 122 167 94 93 113 255 119 231 221 187 119 253 125 119 249 100
    234 94 91 129 91 243 188 252 28 37 229 181 156 105 212 254 247 159
    222 95 177 183 252 254 255 253 62 255 255 255 253 255 250 253 127
    253 251 238 251 221 255 107 253 255 254 191 253 239 183 183 125 87
    127 255 255 233 253 255 255 255 249 247 254 92 251 62 255 167 215
    123 191 237 94 199 248 189 157 93 214 246 247 255 255 94 43 190 109
    190 231 249 255 255 227 124 189 253 202 125 239 127 251 237 251 253
    251 50 253 127 222 125 119 234 46 183 126 87 123 207 255 235 223 53
    119 243 253 62 253 117 202 174 93 235 255 243 188 92 156 45 247 253
    156 255 126 254 231 175 218 223 189 254 61 54 117 180 62 183 187 121
    244 126 210 115 253 123 179 85 242 221 67 98 241 39 195 246 204 186
    244 159 90 92 241 235 215 44 85 190 82 120 233 116 120 92 56 15 213
    53 247 79 153 172 24 5 240 29 156 73 16 242 51 189 88 87 32 250 56
    51 253 244 54 183 249 127 212 252 215 241 125 120 176 86 246 220 227
    115 244 126 193 247 157 170 230 158 122 244 245 235 223 44 215 190
    223 120 248 125 120 93 183 47 244 53 247 111 187 174 153 79 242 29
    156 89 36 242 119 191 122 215 172 250 59 150 125 134 63 181 153 56
    246 254 19 65 173 57 48 85 246 246 64 185 240 118 211 127 200 184
    228 126 126 121 245 111 215 108 214 188 218 120 168 117 116 92 107
    47 208 36 241 111 152 172 24 5 240 29 158 73 16 242 51 157 250 215
    32 250 124 45 252 30 34 95 48 39 121 192 95 180 92 182 127 234 253
    154 99 247 125 241 87 151 217 105 244 220 97 214 254 160 206 44 71
    190 219 90 201 124 250 93 60 47 213 119 167 110 153 172 137 15 240
    29 25 73 18 243 51 181 120 114 106 234 59 245 125 254 55 189 223 57
    247 86 253 240 189 122 244 85 246 246 70 243 247 122 145 118 244 190
    231 91 126 250 253 233 142 108 158 158 255 120 250 253 91 223 191
    109 240 119 245 79 187 191 153 79 248 21 223 89 56 243 119 191 122
    255 174 217 133 6 134 129 168 245 162 240 56 255 2 79 130 57 51 1 77
    253 225 99 248 69 90 248 72 127 157 98 92 6 51 71 87 16 211 32 81
    232 104 96 116 20 58 39 213 0 247 113 24 204 24 37 244 157 156 73 18
    210 51 149 64 87 32 250 255 254 255 175 255 255 159 249 254 127 253
    251 255 123 246 253 247 215 111 99 252 39 178 116 223 255 253 127
    219 27 119 251 215 36 84 190 82 120 233 244 242 94 56 47 209 22 245
    109 153 172 24 5 240 29 157 73 16 242 51 189 88 87 34 249 104 9 237
    255 247 255 127 125 253 254 223 158 249 188 255 206 139 85 123 108
    124 247 211 53 93 253 157 53 123 223 62 137 211 36 87 251 82 121 249
    60 52 253 124 63 215 156 245 122 29 172 26 5 211 29 158 12 24 230 59
    189 73 95 32 242 58 158 109 229 191 189 223 57 156 251 215 95 249 92
    121 69 128 213 42 186 196 119 194 121 45 222 179 55 94 123 53 111 87
    236 221 186 126 121 233 53 112 92 123 45 213 132 245 123 155 188 24
    5 240 157 156 73 16 242 59 189 72 31 32 254 255 254 255 255 255 255
    223 249 255 255 253 255 255 255 246 253 251 213 63 103 252 199 178
    117 111 255 189 63 223 27 127 59 215 37 84 251 82 123 233 244 210 94
    56 63 209 30 245 109 157 172 24 5 240 29 157 73 16 246 51 189 88 87
    34 251 67 5 128 18 207 130 10 1 6 35 17 66 160 72 34 5 100 179 32
    213 192 39 211 71 64 146 185 46 18 24 1 96 199 44 86 186 90 40 96 96
    112 72 48 143 209 84 177 79 153 172 24 5 240 25 156 65 16 242 51 189
    88 87 32 250 124 251 255 253 54 253 253 253 221 253 223 253 255 254
    219 222 251 221 251 107 255 127 199 255 189 255 247 255 127 255 255
    255 239 111 191 255 222 255 249 125 255 223 247 126 255 167 219 127
    191 191 255 235 250 189 159 93 236 246 255 219 251 175 175 247 252
    255 255 221 250 255 251 247 255 253 127 159 223 252 251 238 251 213
    249 111 220 189 230 179 95 255 183 62 253 75 62 127 247 37 117 251
    214 123 249 116 240 93 121 62 253 134 217 111 157 173 30 5 240 31
    157 73 16 246 51 189 89 87 32 250 127 52 125 178 95 47 39 75 228 102
    209 48 125 235 180 87 226 245 7 96 171 166 152 63 94 154 165 15 82
    25 113 237 211 38 20 154 66 112 37 86 56 194 24 15 81 28 101 135 153
    36 16 4 96 28 134 73 16 240 33 189 88 86 32 249 60 49 117 180 18 167
    59 127 214 68 213 53 125 106 145 86 242 212 67 98 241 34 192 119 76
    170 164 13 82 12 113 233 215 36 85 186 82 120 193 116 80 92 24 14
    208 20 225 79 153 172 24 5 240 28 156 73 16 242 51 189 88 87 32 250
    117 236 223 219 106 223 215 59 255 255 36 219 159 251 255 78 251 247
    248 35 220 117 90 227 219 247 189 62 41 219 87 107 215 36 87 178 210
    88 251 124 116 95 108 47 149 52 245 111 157 172 24 13 244 29 156 207
    24 246 51 189 90 85 40 250 255 60 243 255 223 230 235 207 252 255
    210 63 255 202 187 95 250 213 187 98 237 143 218 125 78 202 250 175
    218 89 115 239 87 167 125 187 119 253 253 118 121 76 126 107 79 21
    253 243 221 164 88 133 224 190 156 105 216 188 179 191 222 71 48 182
    252 126 255 253 118 127 251 255 253 254 250 189 127 191 251 254 251
    221 123 110 125 211 247 188 223 237 255 189 255 223 126 251 113 37
    119 255 214 119 241 117 254 92 123 62 223 167 195 124 157 173 94 133
    242 63 159 77 208 246 59 188 95 70 40 178 56 53 253 252 50 175 121
    127 245 220 215 149 93 124 185 70 246 220 67 98 244 44 208 247 221
    170 164 156 122 212 116 233 215 36 85 190 214 120 209 124 120 93 189
    47 212 53 231 111 153 172 153 13 240 29 156 73 16 242 115 189 90 87
    32 250 47 134 236 169 31 253 163 125 189 254 214 53 153 61 57 69 201
    125 195 112 240 83 218 121 93 248 8 38 124 81 49 207 221 232 215 56
    119 248 169 62 124 85 106 47 85 181 116 99 185 236 24 13 246 29 156
    89 48 226 183 189 218 215 44 254 122 177 253 214 118 151 94 51 215
    165 213 250 255 242 52 94 244 147 122 255 159 63 195 215 153 122 231
    255 98 253 212 232 207 63 36 190 202 120 242 125 120 219 181 111 241
    60 181 111 159 174 137 79 240 29 156 89 81 243 115 251 121 119 169
    251 254 253 255 247 255 111 253 251 254 125 253 251 255 254 182 92
    251 213 127 99 255 191 179 127 254 255 247 191 219 223 118 239 215
    47 20 255 214 117 249 245 120 223 255 111 221 53 245 111 157 172 24
    133 248 31 156 73 16 246 115 191 90 87 32 250 15 222 108 233 191 189
    173 80 61 255 224 201 143 121 124 77 232 252 165 107 228 102 154 123
    109 191 33 102 93 71 49 255 215 224 93 40 114 248 233 54 119 94 122
    47 212 20 247 107 153 189 24 5 240 29 159 73 16 210 51 189 218 95 34
    255 65 7 145 146 73 135 131 127 134 228 2 6 145 72 179 7 234 213 33
    102 196 39 194 99 72 218 180 44 16 8 51 107 215 36 85 186 82 120 233
    116 112 84 56 47 213 20 245 111 153 172 24 5 240 29 156 73 16 242 51
    189 88 87 32 250 13 222 244 232 191 253 165 87 61 125 128 201 142
