<?xml version="1.0"?>
<opencv_storage>
<ImageFile>"359.jpg"</ImageFile>
<Features type_id="opencv-matrix">
  <rows>111</rows>
  <cols>64</cols>
  <dt>u</dt>
  <data>
    175 254 108 111 255 189 255 152 253 127 252 251 175 123 238 221 155
    245 255 251 253 119 187 124 117 255 249 179 255 123 127 255 223 236
    222 247 255 249 249 61 127 223 123 189 213 243 254 113 191 255 28 45
    252 181 223 125 62 246 247 191 255 223 174 223 62 53 105 182 62 165
    59 105 212 238 209 115 253 106 144 86 226 213 3 99 225 38 195 119 76
    154 180 143 82 28 49 235 215 36 84 186 82 120 225 116 88 92 56 15
    209 20 193 111 153 172 24 5 240 29 156 73 16 242 51 189 88 87 32 250
    62 53 105 182 62 164 59 73 212 238 209 51 237 107 144 86 226 213 3
    99 225 38 195 119 76 138 164 143 82 28 49 235 215 44 84 186 82 120
    225 116 88 76 56 14 208 20 193 111 153 172 24 5 240 29 156 73 16 242
    51 189 88 87 32 250 175 255 108 106 255 62 63 24 189 95 172 235 174
    123 228 93 131 247 173 57 117 118 48 118 101 247 209 51 255 122 111
    65 154 200 222 162 243 88 185 189 110 223 58 253 245 81 244 77 248
    191 24 13 234 165 255 45 58 182 247 159 250 223 190 27 40 18 101 164
    29 38 171 95 164 126 194 21 105 73 179 69 226 220 3 98 224 34 192
    114 76 136 160 11 82 0 49 235 215 36 85 186 82 120 233 116 112 92 24
    14 208 21 209 79 153 172 24 5 240 29 156 73 16 242 51 189 88 87 32
    250 58 151 252 190 63 191 159 119 54 252 84 215 157 125 63 84 254
    215 1 99 196 39 195 115 77 154 240 95 90 24 241 235 215 36 85 186 82
    120 233 116 112 92 56 47 213 20 245 111 153 172 24 5 240 29 156 73
    16 242 51 189 88 87 32 250 58 150 124 190 63 189 189 115 54 254 86
    215 157 124 61 85 254 214 1 98 244 38 209 115 77 158 241 75 82 18
    241 235 215 36 85 186 82 120 233 116 112 92 56 47 212 20 245 111 153
    172 24 5 240 29 156 73 16 242 51 189 88 87 32 250 57 22 117 150 62
    165 161 127 214 124 82 21 61 121 145 84 246 214 65 98 208 34 192 119
    76 170 164 10 82 0 113 107 215 36 85 186 82 120 233 116 112 92 56 15
    212 20 245 111 153 172 24 5 240 29 156 73 16 242 51 189 88 87 32 250
    171 223 109 238 255 60 95 88 63 95 61 203 175 121 116 93 231 245 61
    105 102 108 176 122 111 255 51 59 255 123 127 109 214 231 188 219
    226 125 251 247 87 222 122 127 218 26 252 31 197 181 22 4 104 183
    143 109 24 246 112 159 220 95 54 185 51 16 144 2 15 128 128 12 214
    168 150 37 32 8 1 16 124 162 3 208 193 34 195 87 208 40 228 74 66
    148 225 98 207 44 71 180 91 40 169 124 120 92 48 142 212 113 179 111
    185 172 24 1 240 29 156 65 18 242 55 189 24 87 32 234 56 182 247 163
    190 181 163 125 252 252 86 117 253 63 187 85 250 213 195 98 240 103
    223 125 93 168 164 191 126 89 113 239 247 100 87 190 87 122 233 116
    252 92 90 46 213 133 209 111 153 172 24 5 240 29 156 73 16 242 51
    189 90 87 32 250 57 54 117 166 31 167 35 123 244 124 194 53 45 59
    177 85 242 244 67 96 240 34 216 127 76 168 164 15 90 24 113 239 87
    36 86 190 83 120 161 116 88 84 26 142 192 1 193 79 153 172 24 5 240
    28 156 73 16 242 51 188 88 86 32 248 57 22 117 166 63 165 171 125
    246 124 82 113 189 123 177 84 246 214 65 96 240 34 219 127 92 168
    224 15 90 24 113 239 215 36 84 190 83 120 161 116 80 92 24 142 192
    20 209 79 153 172 24 5 240 29 156 73 16 242 51 189 90 87 32 250 58
    180 125 182 63 189 187 125 246 124 213 119 189 126 182 85 250 246 67
    98 244 114 211 118 92 186 244 27 122 89 117 235 215 36 87 190 210
    120 233 116 112 93 24 15 212 20 245 111 153 172 24 5 240 29 156 73
    16 242 51 189 88 87 32 250 250 221 238 223 255 223 223 243 255 255
    61 219 191 252 126 254 255 213 125 103 220 247 247 119 95 255 189 63
    219 90 126 59 215 36 85 186 82 121 233 244 114 95 56 47 213 22 245
    111 153 172 24 5 240 29 156 73 16 242 51 189 88 87 34 251 59 149 253
    182 62 191 123 119 246 252 85 215 189 124 54 86 246 215 1 99 196 39
    195 119 205 138 228 79 82 0 245 107 215 36 85 190 82 120 233 116 112
    92 56 47 212 20 245 111 153 172 24 5 240 29 156 73 16 242 51 189 88
    87 32 250 192 202 130 55 201 64 172 129 8 171 40 203 178 224 66 168
    111 139 37 195 76 141 47 216 67 95 187 170 193 130 35 54 251 39 77
    187 83 100 237 230 114 92 56 47 223 21 191 181 137 172 24 5 240 31
    156 73 144 240 49 189 92 87 32 186 58 149 125 190 63 175 59 127 246
    126 85 149 61 108 188 86 246 214 1 98 196 34 192 119 204 138 228 79
    82 24 113 235 215 36 85 190 82 120 233 116 112 92 56 47 212 20 245
    111 153 172 24 5 240 29 156 73 16 242 51 189 88 87 32 250 56 17 125
    182 63 175 63 127 246 124 87 17 61 120 180 84 246 214 67 98 228 34
    193 119 204 138 228 15 82 8 113 235 215 36 85 190 82 120 233 116 112
    92 56 47 212 20 245 111 153 172 24 5 240 29 156 73 16 242 51 189 88
    87 32 250 24 33 149 52 0 161 32 119 80 32 86 1 80 64 17 2 116 8 195
    194 240 32 65 211 136 8 132 192 64 132 161 192 95 16 0 164 29 8 0 64
    88 1 21 6 224 37 131 79 59 172 137 67 240 28 24 73 7 243 19 177 8 19
    96 202 137 202 2 39 41 248 172 160 28 187 234 203 178 28 72 168 101
    169 231 217 245 6 173 221 17 127 249 162 68 199 163 214 233 40 79 48
    117 186 233 236 251 92 50 175 212 115 182 105 169 237 24 1 244 29
    157 65 6 243 151 180 218 87 32 62 195 205 130 87 201 66 220 134 42
    169 41 207 130 197 35 187 109 3 60 215 14 141 111 8 67 79 251 106
    195 3 162 54 247 167 117 123 83 37 238 230 115 108 40 122 223 92 191
    180 205 200 94 245 213 254 148 235 209 253 33 63 28 116 145 234 28
    32 131 181 200 224 170 224 0 174 211 22 208 100 19 32 12 9 131 194
    232 37 78 216 156 24 182 228 64 166 51 222 71 144 13 41 61 172 104
    74 40 64 21 8 103 21 163 123 27 236 24 3 242 28 28 81 6 227 27 177
    44 3 96 230 211 217 154 95 33 66 218 134 91 161 45 207 38 133 7 186
    127 130 188 159 14 171 231 14 225 79 243 106 211 39 194 54 189 183
    33 117 51 133 254 243 115 202 169 242 191 88 63 188 217 202 126 243
    252 234 48 231 211 189 236 123 53 113 147 207 59 54 124 42 191 253
    135 20 107 94 154 36 108 61 105 245 253 254 67 240 241 112 29 188
    196 37 104 216 63 86 253 243 124 76 219 12 219 114 137 67 174 85 90
    140 84 227 230 76 186 127 132 12 162 133 195 93 174 147 143 148 210
    202 110 16 137 10 2 39 41 233 172 176 28 187 234 99 162 8 72 160 101
    169 231 209 245 6 173 220 17 125 249 162 68 198 163 214 105 40 79 48
    117 186 233 236 249 92 50 175 197 99 182 105 169 239 24 1 244 29 157
    65 6 243 151 180 218 87 32 62 133 2 228 129 232 245 162 240 56 255
    66 79 192 49 147 1 136 205 233 34 216 101 74 248 72 120 29 178 188
    71 51 71 87 80 221 40 84 248 105 32 116 20 42 55 229 160 255 113 24
    220 24 33 209 157 156 73 6 194 19 133 192 87 32 254 243 221 154 95
    53 66 222 174 87 131 125 252 46 143 7 190 127 134 56 159 15 171 231
    38 169 215 243 121 83 43 198 40 156 45 181 247 247 5 218 117 114 202
    185 249 191 24 61 60 219 138 127 179 248 162 240 231 217 189 108 91
    61 113 151 202 59 149 124 246 63 189 253 123 247 252 255 247 189 126
    180 117 242 214 71 115 245 118 209 119 125 190 225 27 122 91 117 235
    215 36 85 190 214 120 233 245 120 93 59 47 212 21 245 111 153 172 24
    5 240 29 156 73 16 242 51 189 90 87 32 250 15 5 233 180 51 164 121
    74 180 238 209 146 153 232 180 86 234 221 35 99 196 38 194 115 76
    154 182 15 82 0 49 105 215 36 85 186 82 120 225 116 112 92 56 47 213
    20 245 111 153 172 24 5 240 29 156 73 16 242 51 189 88 87 32 250 57
    53 125 150 55 39 25 127 246 212 213 117 125 120 176 87 246 214 67 99
    213 34 193 119 204 170 228 73 82 12 241 105 215 36 85 190 82 120 233
    116 112 92 56 47 212 20 245 111 153 172 24 5 240 29 156 73 16 242 51
    189 88 87 32 250 62 52 245 162 31 165 33 127 198 108 210 53 125 42
    177 86 250 150 67 112 241 34 211 247 156 168 228 201 82 156 241 235
    79 44 71 190 90 120 41 124 120 84 16 14 196 53 225 111 153 172 24 5
    240 29 156 73 16 242 51 189 88 87 32 250 92 39 117 253 112 78 42 197
    105 228 75 21 84 119 251 242 235 200 9 102 15 169 68 146 221 201 166
