<?xml version="1.0"?>
<opencv_storage>
<ImageFile>"36.jpg"</ImageFile>
<Features type_id="opencv-matrix">
  <rows>255</rows>
  <cols>64</cols>
  <dt>u</dt>
  <data>
    233 205 239 201 235 223 211 253 189 213 46 207 159 125 127 173 137
    125 255 47 124 95 190 241 123 255 29 54 253 211 30 31 239 99 83 72
    210 67 254 40 247 61 124 183 221 254 253 161 157 153 159 61 219 255
    141 142 121 204 106 45 211 221 14 250 224 206 175 201 234 221 131
    129 173 245 46 206 155 60 127 173 129 117 125 44 220 87 158 120 123
    245 29 38 189 219 27 31 229 227 75 73 210 211 239 170 247 63 104 183
    21 222 124 177 149 9 148 44 151 79 143 186 48 204 96 44 195 221 26
    249 59 223 191 222 39 95 93 59 247 214 61 202 63 252 124 159 253 247
    126 191 54 118 209 247 249 247 247 124 127 242 222 169 202 124 195
    108 202 72 250 105 118 223 253 253 183 244 245 110 151 139 129 207
    250 29 255 93 57 247 123 255 115 249 204 218 48 32 23 215 152 229
    243 252 220 189 86 21 193 85 153 34 114 196 195 34 252 40 206 222
    169 42 166 130 72 203 49 254 111 174 37 52 94 187 235 86 217 116 195
    134 64 160 137 115 187 108 201 97 244 28 28 65 5 114 187 251 202 7
    33 246 184 221 125 222 34 93 85 127 231 196 63 148 93 188 126 238
    255 214 102 111 22 250 244 166 217 183 149 88 97 218 94 169 202 60
    99 254 202 90 210 121 182 159 245 55 180 182 229 110 151 169 231 143
    58 29 151 93 57 242 121 125 123 220 46 251 188 255 255 253 54 253
    253 255 253 221 254 255 223 126 255 238 251 253 251 111 117 127 246
    247 253 127 183 247 125 223 126 187 207 120 239 254 255 127 249 125
    127 93 255 63 255 183 255 111 191 189 175 207 250 157 159 93 126 246
    127 255 251 223 109 254 254 205 239 221 127 223 219 191 191 253 127
    223 159 254 127 238 185 215 248 43 214 127 254 123 123 247 151 118
    125 251 31 255 215 243 119 113 246 223 250 127 242 61 239 127 189 22
    245 107 159 174 159 207 247 125 157 222 113 246 251 255 251 125 191
    254 5 19 69 18 61 178 42 120 32 58 3 4 136 67 129 3 98 197 1 96 192
    33 192 242 8 8 160 12 80 8 33 73 95 36 85 186 82 56 129 84 84 68 24
    14 192 0 225 79 152 172 24 1 240 29 156 73 16 114 51 189 72 23 32
    250 242 201 203 214 35 78 93 11 135 197 61 222 147 238 246 126 171
    87 52 39 6 175 224 99 95 215 179 45 19 170 30 41 146 39 116 218 2
    124 219 252 82 248 189 107 189 28 245 46 209 164 16 5 240 25 188 75
    17 114 112 57 88 85 33 250 251 223 238 254 63 191 221 27 255 255 253
    234 191 249 124 95 183 247 126 251 246 127 211 127 119 255 243 63
    126 115 247 235 223 108 215 190 251 125 250 121 126 255 251 237 215
    113 247 111 191 191 24 79 242 61 222 93 57 247 119 191 251 251 172
    250 205 239 239 249 32 247 238 247 57 223 106 203 210 241 251 139
    137 105 251 111 191 125 126 251 89 127 23 182 109 70 58 147 223 83
    255 33 245 253 252 40 124 60 250 247 255 237 95 243 126 217 44 247
    211 253 189 156 215 205 87 231 199 251 217 242 253 253 255 223 247
    223 219 253 255 213 95 253 191 126 255 252 251 215 122 111 215 127
    247 119 127 255 183 63 127 91 126 63 215 103 117 190 210 123 251 125
    113 93 249 47 221 62 253 111 157 172 24 13 240 29 156 77 16 246 115
    191 91 95 32 250 3 146 64 162 189 176 138 8 98 11 131 114 172 11 128
    17 106 214 5 80 192 32 129 120 68 156 113 43 22 42 33 123 23 164 221
    154 114 120 169 84 97 76 56 9 208 4 244 77 152 188 24 5 240 21 156
    105 16 242 50 189 88 87 32 250 251 220 88 166 223 15 95 137 255 105
    61 123 191 238 102 253 247 247 61 244 72 146 177 44 102 223 249 59
    211 123 255 61 240 173 20 255 99 117 165 246 82 203 92 27 216 30 220
    20 197 165 82 4 104 190 133 235 152 180 41 60 92 30 50 185 250 209
    126 215 63 181 219 185 223 191 213 255 191 122 52 94 116 247 126 187
    254 127 211 255 185 118 247 126 126 243 247 250 207 124 134 116 223
    121 250 249 88 221 247 111 243 117 179 111 191 174 153 79 252 157
    220 85 119 247 255 251 251 187 172 223 60 182 125 253 62 181 191 125
    245 254 248 177 253 126 185 85 251 252 195 98 245 115 222 255 220
    255 231 255 122 221 125 239 207 36 87 190 215 120 249 125 124 93 126
    175 213 181 215 111 185 172 24 13 242 29 156 73 16 242 115 189 218
    87 40 254 47 174 108 233 187 252 243 9 189 117 134 253 189 127 252
    213 217 189 161 51 245 119 218 123 117 223 17 55 126 251 85 239 151
    224 83 34 247 216 249 62 109 29 110 225 213 81 245 107 185 252 137
    13 246 5 216 125 56 210 247 173 218 223 44 222 15 205 239 252 55 255
    253 79 189 254 221 200 95 189 62 207 137 125 34 107 182 87 210 123
    125 247 151 119 125 243 62 203 151 216 247 42 242 124 248 59 124 191
    127 237 183 20 245 107 219 170 184 141 241 93 252 28 57 214 115 255
    251 223 12 250 92 33 255 180 2 103 122 247 208 162 215 52 81 164 147
    98 251 136 115 198 59 177 231 151 156 105 246 204 64 196 182 168 105
    28 5 255 31 116 193 92 56 73 181 46 231 61 131 110 191 172 171 195
    240 29 20 81 196 243 25 249 125 50 97 230 105 207 239 217 104 159
    247 123 253 255 164 138 219 249 189 15 130 117 251 111 254 127 218
    255 93 246 135 54 124 193 57 79 223 71 83 57 80 252 255 58 116 127
    232 167 247 188 117 235 29 168 56 93 241 61 156 30 89 238 115 191
    219 215 137 254 125 190 247 199 255 255 223 249 255 253 222 255 255
    127 187 92 255 247 250 43 253 127 219 253 253 254 252 127 126 219
    255 239 207 109 87 190 246 251 249 125 117 93 235 175 213 52 253 111
    189 172 153 13 242 61 156 77 116 246 119 189 250 95 44 254 141 207
    76 234 39 61 188 19 53 90 44 203 156 59 108 77 137 56 228 185 117
    118 145 114 113 55 145 48 125 242 62 145 222 80 219 160 247 88 216
    57 116 191 62 61 244 149 246 108 59 191 24 13 218 13 219 28 62 195
    55 181 83 219 40 218 250 223 255 255 111 255 219 185 255 255 87 207
    191 120 127 222 255 215 124 187 254 127 211 127 249 255 247 126 127
    243 255 255 223 255 251 117 255 127 250 115 248 125 239 127 247 189
    245 127 191 219 153 207 254 189 157 223 113 247 247 255 243 255 157
    254 44 239 109 136 18 221 129 121 253 84 190 116 121 60 253 228 211
    244 67 100 85 82 145 244 125 180 5 1 127 222 30 153 228 108 79 154
    82 114 137 60 179 213 20 38 84 166 116 100 155 61 151 12 186 29 143
    25 48 224 42 172 91 223 46 248 38 54 97 128 29 0 129 73 230 74 128
    115 225 11 130 85 226 212 3 97 193 34 194 116 12 136 176 11 18 8 33
    105 85 36 84 186 82 120 1 84 64 64 24 143 192 4 208 77 153 172 24 5
    240 28 156 73 16 242 51 156 88 87 32 250 38 54 113 128 29 4 131 77
    198 72 130 113 97 11 144 85 234 212 3 97 193 34 224 118 12 152 160
    11 18 8 49 105 85 36 84 186 82 120 33 84 64 64 24 15 192 4 209 79
    153 172 24 5 240 28 156 73 16 242 51 189 88 87 32 250 122 221 255
    218 38 223 95 39 191 230 61 138 159 190 63 94 157 247 120 47 150 119
    82 227 217 247 183 126 41 251 95 107 199 28 195 38 218 72 250 123
    114 159 101 45 183 124 245 111 151 168 152 79 182 93 252 223 57 247
    122 253 123 217 72 250 255 254 111 205 255 189 223 89 255 127 188
    251 255 121 244 253 242 245 63 105 253 87 186 125 111 255 175 63 255
    95 127 127 247 101 220 251 210 125 185 247 215 222 122 31 209 22 252
    93 157 189 28 5 232 189 159 77 24 246 51 156 94 95 34 185 70 9 131
    214 0 194 80 7 2 192 37 208 19 226 150 10 42 85 32 39 6 45 194 67 77
    211 147 45 2 168 16 9 150 38 117 154 2 72 235 84 112 56 176 99 185
    28 245 110 81 172 57 69 176 24 188 74 17 114 50 185 88 85 33 250 124
    13 255 212 50 55 125 127 181 198 109 144 95 236 180 78 243 220 99
    103 54 190 208 51 93 171 166 89 80 200 60 233 210 38 22 186 210 120
    209 244 112 95 189 47 246 20 197 110 153 172 24 5 240 29 157 73 16
    242 115 189 89 86 33 250 206 206 78 169 223 62 14 129 61 123 56 202
    158 237 102 253 193 213 61 229 72 213 170 120 110 223 59 47 215 15
    58 59 240 37 220 251 82 117 165 246 82 206 24 61 211 30 220 149 205
    173 20 4 73 255 143 235 208 252 33 60 92 86 50 185 235 157 166 255
    239 235 250 187 61 249 222 207 190 252 111 175 165 187 121 215 252
