<?xml version="1.0"?>
<opencv_storage>
<ImageFile>"360.jpg"</ImageFile>
<Features type_id="opencv-matrix">
  <rows>78</rows>
  <cols>64</cols>
  <dt>u</dt>
  <data>
    109 54 231 161 220 183 163 252 244 125 194 55 237 185 147 69 250 253
    235 96 249 135 218 253 78 232 188 167 250 85 115 207 93 37 87 187 85
    184 37 124 124 68 26 142 69 161 203 193 184 44 24 1 241 60 156 73 0
    252 51 156 202 87 32 254 255 54 117 161 255 181 171 248 252 127 210
    127 237 11 243 85 242 253 79 96 249 3 154 124 14 252 61 175 222 95
    115 255 101 173 223 191 82 241 173 118 88 68 90 158 193 1 216 81 152
    172 24 5 240 189 156 65 16 240 51 188 222 87 32 180 255 54 117 161
    223 165 171 248 252 127 210 127 237 15 179 85 250 245 79 96 249 131
    158 124 14 252 189 175 218 31 115 255 97 165 95 191 82 241 45 118 88
    68 90 142 197 1 200 17 152 172 24 1 240 191 156 65 16 176 51 188 222
    87 32 180 58 183 124 222 63 189 217 57 255 94 215 244 189 127 61 85
    246 246 66 250 245 118 211 119 253 186 228 95 126 249 253 235 215
    108 215 190 218 122 249 117 244 93 123 47 212 148 245 111 155 174 24
    7 242 29 159 89 16 243 51 189 122 223 40 250 63 52 109 160 23 183 35
    124 228 102 212 52 125 42 177 70 226 212 3 96 225 34 193 118 76 136
    164 141 82 28 49 233 215 36 85 186 82 120 129 116 88 92 24 14 208 21
    225 79 153 172 24 5 240 29 156 73 16 242 51 188 88 87 32 250 53 48
    81 6 152 0 33 104 194 0 128 49 97 2 128 80 114 196 131 64 193 0 137
    68 140 136 108 9 130 8 97 108 112 36 60 158 0 176 1 212 1 192 16 2
    72 0 8 196 1 36 80 0 32 26 4 65 128 48 35 136 8 6 32 177 63 181 125
    190 55 191 191 123 246 254 213 243 253 123 180 87 242 215 67 99 245
    38 209 119 205 186 228 223 82 28 245 235 215 44 85 190 82 120 233
    116 120 92 56 47 212 21 245 111 153 172 24 5 240 29 156 73 16 242 51
    189 88 87 32 250 58 181 125 182 55 183 95 59 246 212 117 243 189 122
    180 86 246 215 1 115 213 38 193 119 220 154 225 93 82 24 245 105 215
    36 84 190 82 120 233 116 112 95 57 47 212 20 245 111 153 172 24 5
    240 29 156 73 16 242 51 189 88 87 32 250 63 53 109 168 22 53 5 123
    228 70 213 48 125 43 180 71 242 244 67 96 241 114 209 118 92 168 164
    9 114 156 113 233 212 44 87 186 82 120 129 124 112 95 60 15 212 20
    228 78 153 172 24 5 240 29 156 73 24 242 51 188 88 87 32 250 58 181
    125 182 55 189 95 45 246 84 117 240 189 122 180 86 254 214 1 115 197
    50 195 119 204 155 225 127 82 24 245 105 215 36 84 190 82 120 233
    116 112 95 57 47 212 20 245 111 153 172 24 5 240 29 156 73 16 242 51
    189 88 87 32 250 44 38 229 160 30 183 35 127 244 254 210 53 89 43
    179 71 234 220 67 96 241 35 202 247 76 168 164 135 82 4 49 203 215
    36 85 186 83 120 41 116 120 84 24 14 212 53 227 111 153 172 24 5 240
    29 156 73 16 242 51 189 88 87 32 250 62 54 117 166 30 39 43 127 228
    110 210 55 109 11 179 87 242 212 3 96 225 34 193 118 76 136 164 9 82
    8 113 235 215 36 85 186 82 120 161 116 120 92 24 15 212 20 229 79
    153 172 24 5 240 29 156 73 16 242 51 189 88 87 32 250 59 52 116 38
    31 38 1 30 230 68 208 49 45 11 160 85 246 246 3 240 225 34 209 119
    196 168 224 9 82 24 225 233 215 44 87 190 83 120 129 116 120 92 24
    143 192 81 225 79 153 172 24 5 240 28 156 73 16 242 51 188 88 87 32
    248 62 54 245 182 63 167 59 95 246 126 211 55 237 75 179 87 242 215
    3 98 225 39 195 119 204 138 228 15 82 24 113 235 215 36 85 190 82
    120 233 116 112 92 56 47 212 20 245 111 153 172 24 5 240 29 156 73
    16 242 51 189 88 87 32 250 50 17 253 214 55 135 89 47 198 196 21 240
    63 106 48 86 254 215 98 183 150 63 193 103 156 178 230 93 18 184 212
    105 199 62 7 190 218 120 218 93 112 89 181 111 177 52 245 110 145
    174 153 79 240 24 156 65 25 115 115 187 120 55 161 250 38 37 105 146
    23 13 5 11 230 70 21 48 61 42 180 86 226 212 0 116 3 50 145 38 92
    128 164 9 18 152 16 41 210 44 20 154 66 120 1 92 16 210 28 9 208 20
    228 78 145 172 16 4 48 25 148 73 16 114 51 188 88 86 32 248 38 165
    237 154 55 223 23 79 230 198 157 246 249 62 182 102 235 213 3 101
    197 39 195 119 77 214 180 13 82 30 51 105 215 36 85 186 82 120 201
    116 112 92 56 47 213 20 245 111 153 172 24 5 240 29 156 73 16 242 51
    189 88 87 32 250 50 148 93 134 63 157 155 41 246 116 23 87 189 126
    176 84 254 215 0 34 196 32 195 118 72 154 176 15 82 88 85 107 215 36
    85 186 82 120 233 116 112 93 24 15 213 20 245 111 153 172 24 5 240
    29 156 73 16 242 51 189 88 87 32 250 61 182 253 162 62 191 183 127
    244 252 214 117 125 63 187 85 250 212 67 98 245 35 195 119 205 184
    244 143 90 28 113 235 215 36 85 190 82 120 233 116 120 92 56 47 213
    21 245 111 153 172 24 5 240 29 156 73 16 242 51 189 88 87 32 250 63
    180 125 158 62 151 31 77 230 230 157 244 125 62 180 118 242 212 3 99
    193 34 193 118 220 138 164 15 82 28 117 107 215 36 85 190 82 120 233
    116 112 92 56 47 212 20 245 111 153 172 24 5 240 29 156 73 16 242 51
    189 88 87 32 250 63 180 125 164 62 157 31 73 230 102 149 244 253 46
    180 85 242 213 3 97 193 39 194 119 76 136 164 47 82 28 113 107 215
    36 85 186 82 120 233 118 112 92 56 47 212 20 245 111 153 172 24 5
    240 29 156 73 16 242 51 189 88 87 32 250 62 52 125 134 63 133 29 127
    246 100 149 113 61 126 180 84 250 214 67 96 209 34 209 119 220 184
    224 11 82 152 117 107 215 36 85 190 82 120 169 124 112 93 24 15 212
    20 245 79 153 172 24 5 240 29 156 73 16 242 51 189 88 87 32 250 61
    54 109 128 62 183 135 121 228 244 214 54 253 63 185 69 226 213 67 96
    241 39 193 119 76 184 164 15 82 28 49 107 215 36 85 186 82 120 233
    116 112 92 56 47 213 20 245 111 153 172 24 5 240 29 156 73 16 242 51
    189 88 87 32 250 45 39 229 208 16 53 33 127 164 230 2 52 89 255 185
    103 194 212 67 98 214 40 212 51 92 170 134 9 82 8 48 73 119 38 85
    186 82 122 209 84 180 116 24 14 84 132 193 78 153 44 24 5 240 29 156
    73 16 226 51 189 72 86 32 240 61 54 253 180 62 189 59 125 246 254
    215 55 221 121 187 86 250 213 67 99 245 101 210 119 221 186 244 127
    122 92 117 235 215 36 85 190 82 120 233 116 112 92 56 47 213 20 245
    111 153 172 24 5 240 29 156 73 16 242 51 189 88 87 32 250 61 183 253
    252 63 255 255 127 245 254 255 247 253 127 187 117 251 245 99 99 245
    127 211 119 221 255 247 191 126 223 119 235 215 108 87 190 214 120
    249 125 124 93 123 175 213 53 245 111 153 172 24 13 240 29 156 73 24
    242 115 189 90 87 40 250 45 166 237 128 48 183 167 127 180 222 194
    242 217 63 187 71 202 213 67 99 213 39 194 115 77 184 148 5 80 12 49
    75 215 36 85 186 82 120 233 116 112 92 56 47 213 20 245 111 153 172
    24 5 240 29 156 73 16 242 51 189 88 87 32 250 60 48 117 162 22 37 33
    127 198 70 208 52 125 42 177 86 242 212 67 96 241 34 193 118 220 168
    228 9 82 156 113 233 84 36 84 190 66 120 1 84 24 64 24 14 64 52 192
    78 153 44 24 4 112 28 156 73 16 242 51 188 88 86 32 248 62 55 125
    180 54 183 63 127 246 124 213 53 125 127 177 86 250 212 67 98 241
    114 209 119 220 186 228 29 122 220 117 233 215 44 85 190 210 120 193
    124 120 93 25 15 212 52 229 79 153 172 24 5 240 29 156 73 16 242 51
    189 90 87 32 250 48 17 53 130 0 133 1 127 198 70 19 20 85 32 145 82
    254 214 64 32 208 32 192 227 152 160 228 72 0 136 209 105 87 36 85
    190 18 120 1 92 112 80 28 15 192 20 225 79 153 172 24 5 240 25 156
    73 16 114 51 185 88 87 32 250 45 102 109 168 22 117 33 254 244 222
    254 53 93 61 249 231 227 252 67 96 113 194 164 52 77 173 172 129 91
    86 57 249 240 36 85 186 83 114 129 244 250 84 24 14 84 183 194 108
    153 45 30 5 240 29 141 73 16 242 43 188 88 86 34 248 52 51 117 144
    16 133 1 127 198 70 131 52 85 42 145 70 250 212 67 96 209 32 192 227
    76 168 164 9 16 140 49 105 223 36 85 186 80 120 129 84 112 92 24 15
    212 52 229 111 153 172 24 5 240 29 156 73 16 242 51 189 88 87 32 250
    50 16 17 130 2 132 1 5 198 68 21 4 21 34 17 16 118 214 0 32 192 32
    192 103 152 128 228 72 2 136 209 105 151 36 17 190 2 72 1 76 48 80
    20 11 192 20 225 79 145 172 25 5 176 24 156 73 16 114 51 185 88 87
