<?xml version="1.0"?>
<opencv_storage>
<ImageFile>"361.jpg"</ImageFile>
<Features type_id="opencv-matrix">
  <rows>303</rows>
  <cols>64</cols>
  <dt>u</dt>
  <data>
    56 249 239 216 55 127 93 127 247 222 157 184 127 252 191 207 155 244
    98 59 182 119 212 183 93 247 183 25 123 220 126 233 207 14 215 190
    214 120 251 125 120 255 247 47 151 244 117 110 187 172 186 77 242 29
    220 92 16 242 123 255 123 223 235 250 45 214 124 237 190 189 191 113
    57 127 238 203 220 61 124 69 229 253 229 169 245 116 26 248 253 127
    177 242 124 87 247 231 223 240 223 48 255 248 249 125 117 93 122 175
    213 149 246 107 185 253 24 13 244 29 159 77 62 242 183 189 218 223
    44 254 250 141 238 223 35 79 208 167 31 240 31 189 63 254 127 254
    249 146 112 191 87 155 247 35 123 207 144 25 243 251 158 107 165 37
    99 242 214 83 219 124 114 221 245 126 157 22 229 110 221 172 223 141
    242 31 144 73 16 242 107 125 91 93 34 218 59 212 108 255 63 189 221
    57 255 255 253 251 189 123 124 93 247 247 103 251 245 118 211 127
    117 255 247 59 127 251 245 239 207 236 223 182 255 121 249 125 126
    223 127 175 213 117 247 111 187 191 152 13 250 157 222 93 56 243 247
    191 251 223 172 223 60 55 245 244 62 61 121 123 228 116 215 52 125
    253 184 85 242 212 67 98 247 46 208 119 94 170 166 139 82 156 121
    235 215 38 87 190 82 122 241 116 120 92 24 15 212 52 229 79 153 172
    24 5 240 29 156 73 16 242 115 189 88 87 32 250 41 198 108 170 3 125
    165 93 117 214 204 132 125 61 125 231 223 244 67 104 48 114 209 118
    125 181 17 24 127 214 127 233 212 68 219 152 194 104 232 40 60 221
    60 173 86 149 118 108 155 168 184 12 242 29 222 92 56 226 43 189 83
    219 104 242 61 255 252 218 55 221 213 127 255 212 165 248 255 123
    252 221 251 246 99 107 183 118 211 247 245 119 117 57 127 222 222
    161 223 78 199 158 210 120 251 124 126 223 60 167 213 116 245 111
    153 172 153 13 242 29 218 93 56 242 115 189 91 223 44 219 45 254 109
    233 55 253 247 121 189 221 236 249 191 63 236 237 195 253 237 123
    245 118 210 113 117 255 65 55 125 91 125 235 223 96 223 186 211 123
    249 53 119 95 122 175 213 23 245 111 153 189 24 13 240 157 223 77 56
    246 119 191 219 223 46 218 255 252 127 239 255 253 223 216 255 125
    253 251 255 127 246 253 243 247 63 123 253 223 187 124 239 255 251
    63 255 123 255 191 247 237 156 223 254 119 253 255 95 223 239 127
    217 31 252 21 205 183 86 141 232 183 159 111 248 182 253 190 255 223
    62 189 237 214 109 253 255 189 255 249 189 127 252 219 221 125 255
    237 241 253 95 106 252 115 158 124 124 239 191 182 253 87 127 255
    255 109 223 251 215 243 253 255 254 94 90 31 213 183 223 83 157 173
    28 5 248 189 159 77 24 246 115 157 222 215 42 253 176 251 255 215
    255 213 217 251 222 213 151 255 255 249 211 220 255 215 126 63 30
    127 231 231 191 247 119 63 190 223 214 63 207 111 255 223 214 125
    255 127 113 93 227 255 141 40 249 183 167 189 159 249 184 187 156 87
    113 126 112 79 255 189 173 254 176 251 255 215 247 223 217 250 223
    213 183 254 255 248 254 252 255 247 126 47 22 127 247 231 191 247
    119 62 183 219 214 63 207 111 127 223 210 125 255 127 113 221 225
    119 189 168 253 183 135 191 215 251 184 187 150 87 113 126 112 111
    255 221 173 254 133 170 68 1 221 121 163 240 168 61 162 119 202 25
    194 33 75 237 239 32 241 6 42 248 2 125 29 34 188 14 3 87 221 96 217
    56 84 176 109 38 125 20 42 23 69 225 254 225 168 253 13 32 213 159
    138 65 38 80 134 4 192 87 36 94 204 8 142 169 110 243 178 182 29 191
    84 139 154 176 51 74 9 89 249 237 168 213 238 185 11 121 156 230 121
    197 54 231 221 177 49 97 95 205 236 114 120 29 111 63 223 61 127 241
    95 200 187 181 215 255 184 222 86 253 179 221 221 81 16 238 133 154
    70 65 221 249 162 240 56 57 130 103 238 89 202 33 75 237 239 184 225
    70 11 248 98 125 25 162 188 7 35 87 93 226 217 16 84 176 109 38 125
    20 106 55 69 225 126 225 168 93 28 32 213 175 138 73 38 84 134 133
    192 91 36 94 140 202 143 245 190 125 249 252 188 189 126 207 203 217
    123 171 9 92 255 43 252 223 238 184 43 127 23 178 253 67 55 223 253
    243 251 97 119 245 252 163 255 61 235 63 239 167 123 241 44 217 255
    245 223 239 142 188 215 204 231 79 231 31 133 190 205 46 175 117 252
    178 251 248 152 191 210 95 195 205 131 8 136 205 187 71 236 47 202
    217 14 250 190 166 216 71 35 207 95 187 93 33 119 189 237 126 120
    108 251 174 221 41 187 243 191 204 24 165 245 253 156 225 86 254 183
    191 206 23 49 254 105 223 116 120 193 189 39 81 45 85 236 138 174
    253 108 13 239 185 191 228 126 70 145 113 87 125 89 188 125 22 232
    145 218 71 83 184 193 105 124 104 62 159 56 167 93 249 126 135 140
    129 16 60 251 253 203 13 59 254 119 165 82 243 141 74 51 18 181 3
    204 176 131 88 226 63 130 65 237 89 17 17 126 231 99 18 240 39 91
    215 196 250 101 110 18 18 225 106 207 44 71 188 90 56 233 100 108 84
    50 175 213 112 181 111 184 172 24 1 240 29 156 65 20 242 19 189 88
    87 32 122 8 141 174 156 42 127 240 247 61 252 94 133 93 124 63 172
    141 216 225 226 244 113 214 179 89 109 148 212 105 215 63 235 223 48
    83 32 87 98 232 104 120 29 124 47 213 182 247 111 153 168 155 13 242
    29 156 73 23 242 59 189 82 87 2 250 62 185 251 138 18 221 145 7 207
    198 31 252 127 38 253 254 251 146 98 227 151 119 83 199 253 199 228
    45 35 190 222 232 135 44 71 158 202 90 235 126 176 93 117 169 150
    118 53 111 155 172 137 11 178 29 48 85 56 243 114 249 123 217 106
    234 69 19 212 116 93 162 35 90 36 48 194 115 174 91 128 5 98 253 1
    118 231 47 193 115 70 250 224 15 114 12 97 225 223 39 84 186 81 56
    97 116 92 84 26 135 193 1 247 79 152 172 24 1 240 28 156 73 48 242
    51 159 88 87 36 90 205 174 239 117 254 183 251 248 184 191 210 127
    203 237 27 72 136 253 251 55 252 15 202 249 47 250 190 182 220 83 51
    223 95 185 93 33 127 253 253 61 120 124 251 62 223 41 251 243 189
    204 24 165 245 253 156 235 86 222 183 189 206 87 48 254 122 249 255
    254 54 127 93 63 215 212 221 180 127 254 191 254 191 214 114 255 55
    61 229 55 253 239 246 93 83 255 246 233 215 60 53 254 222 124 250
    117 114 255 189 111 191 20 245 110 159 174 59 199 240 29 188 77 17
    243 123 251 121 127 163 250 122 32 187 179 216 162 122 109 80 171
    211 54 240 192 131 82 234 137 59 86 239 37 203 223 142 202 250 175
    66 5 161 238 95 167 85 187 91 248 229 118 120 76 145 14 213 29 163
    127 159 172 24 5 240 29 28 73 80 250 179 185 88 87 112 254 120 159
    255 223 255 191 255 255 255 221 246 219 191 249 255 220 254 215 249
    47 222 109 195 119 239 235 242 62 126 73 124 47 215 103 124 191 86
    127 255 117 245 95 251 127 253 134 221 127 157 173 28 133 240 61 159
    79 81 254 115 159 91 95 161 251 40 234 238 206 63 93 217 127 253 220
    222 245 123 126 253 236 139 48 226 186 245 126 253 255 123 63 6 19
    127 255 31 207 223 232 111 48 254 214 250 61 249 253 231 103 252 183
    247 107 251 255 207 223 190 5 155 28 54 227 254 239 227 237 175 222
    5 130 136 80 41 144 130 88 32 186 130 66 128 81 1 1 0 13 160 19 196
    101 74 91 1 18 144 38 20 0 1 66 223 144 209 32 112 152 234 34 224 60
    42 5 241 16 241 107 24 238 24 5 213 29 220 8 19 194 183 181 72 83
    229 90 92 41 251 244 98 71 122 103 80 196 85 148 83 226 146 90 187
    201 121 103 7 173 226 147 159 203 182 205 66 172 182 232 215 55 37
    187 30 124 211 124 112 125 181 111 255 28 231 110 223 172 137 215
    241 93 28 73 81 251 115 251 89 55 241 250 44 174 239 139 154 221 131
    237 253 244 222 189 121 62 251 236 139 84 195 34 245 115 223 53 125
    237 20 37 111 223 31 203 165 100 71 186 214 115 233 60 244 125 116
    38 85 182 245 98 159 172 207 13 211 29 156 88 56 226 107 189 75 79
    42 254 56 17 247 244 34 39 121 119 180 228 87 129 95 233 48 70 254
    220 99 99 246 47 192 247 89 170 166 158 80 128 116 235 215 38 118
    186 83 120 240 124 88 92 184 47 200 53 231 111 153 172 24 5 240 28
    156 73 17 242 51 189 88 87 33 250 88 41 187 244 66 71 122 103 80 230
