<?xml version="1.0"?>
<opencv_storage>
<ImageFile>"362.jpg"</ImageFile>
<Features type_id="opencv-matrix">
  <rows>381</rows>
  <cols>64</cols>
  <dt>u</dt>
  <data>
    186 221 238 223 47 253 221 179 255 255 127 203 191 253 126 255 253
    247 126 187 254 127 243 255 251 119 247 126 127 243 223 251 223 124
    211 116 222 127 250 249 246 223 239 63 149 182 245 111 191 155 159
    143 250 157 159 93 57 247 123 255 243 253 14 255 249 253 255 219 102
    255 119 125 127 245 253 200 255 189 126 255 255 255 254 191 190 253
    127 191 249 103 219 254 109 215 223 239 159 211 243 101 223 219 254
    251 254 191 239 119 183 191 119 107 191 219 175 255 255 253 251 222
    127 255 255 255 243 250 223 223 237 238 231 253 250 111 255 229 249
    255 120 219 95 237 255 236 185 125 255 107 254 249 62 186 255 255
    191 247 237 247 127 223 199 243 127 113 253 245 252 63 111 127 239
    255 255 155 255 243 236 213 126 255 207 247 62 172 239 205 199 239
    255 239 219 182 46 239 255 250 51 223 213 79 255 212 172 248 61 127
    253 223 219 180 107 123 183 118 209 119 117 247 85 61 127 219 93 235
    135 78 71 158 242 90 251 124 254 255 124 229 149 246 117 111 189 173
    143 13 242 21 251 93 56 246 122 189 251 223 175 219 63 253 236 222
    63 189 223 56 255 245 189 248 189 123 252 93 185 247 98 187 245 119
    211 119 117 247 229 63 127 123 213 235 223 124 215 190 218 120 249
    125 124 223 127 175 245 112 245 111 185 190 152 15 242 29 156 93 56
    247 115 191 251 223 44 250 126 252 255 253 127 255 255 127 221 252
    255 189 127 190 253 254 251 245 123 127 253 123 255 63 253 239 239
    191 127 223 127 255 233 45 103 191 222 123 253 127 250 93 247 175
    223 255 183 111 191 175 223 141 251 61 157 85 240 254 251 253 251
    222 56 254 77 142 238 185 34 127 181 247 57 254 110 137 92 189 127
    239 137 121 227 107 244 245 86 179 89 109 148 246 105 212 63 195 255
    16 83 32 213 234 248 104 126 63 126 39 247 119 119 107 185 168 56 13
    242 93 153 92 63 226 119 189 91 211 106 250 248 59 247 245 54 103
    249 254 220 255 210 119 255 204 147 122 255 221 127 111 108 157 231
    191 143 255 243 187 222 71 118 255 87 103 189 255 86 125 249 117 125
    69 247 63 207 133 255 255 142 181 95 149 226 190 158 77 192 180 51
    219 221 15 36 182 62 253 111 220 54 127 221 55 247 214 253 240 95
    250 252 255 185 246 102 251 183 122 245 183 253 55 231 219 125 255
    220 250 242 124 167 174 222 122 250 253 250 255 255 111 182 246 247
    110 187 191 175 207 248 29 187 92 63 243 123 255 251 251 239 255 58
    133 236 138 199 157 211 49 63 68 23 204 157 124 60 68 252 179 65 244
    84 119 211 99 121 114 68 124 124 216 220 41 158 108 67 158 218 90
    217 120 116 157 60 47 213 52 245 110 157 172 153 13 242 29 152 89 56
    246 122 189 91 223 44 218 61 253 125 254 50 189 125 121 255 247 237
    250 255 127 252 94 243 247 230 107 191 124 209 255 253 247 243 251
    107 251 253 235 219 212 247 190 210 249 251 127 126 223 253 229 183
    21 245 111 159 175 169 79 250 29 255 93 56 247 243 255 251 255 237
    254 216 27 183 149 236 39 187 250 140 189 243 83 195 200 18 46 244
    205 103 71 124 175 230 215 219 43 247 238 192 148 242 250 235 45 70
    190 91 56 224 252 216 92 49 143 217 51 147 111 153 172 24 1 240 29
    157 65 16 242 51 189 88 86 32 251 60 169 237 220 54 95 93 127 247
    252 223 149 93 124 253 238 187 212 66 107 246 122 208 247 253 171
    166 156 105 221 125 233 207 60 71 190 222 122 249 125 248 221 245 47
    244 54 245 111 155 172 153 15 242 29 157 89 16 242 123 189 123 95 42
    250 250 109 241 182 66 15 125 103 199 68 125 18 87 238 150 94 243 83
    53 101 14 173 160 39 222 207 167 13 195 184 124 169 130 39 36 251
    130 100 87 220 18 235 181 107 233 30 229 142 197 164 83 220 105 26
    39 139 201 252 97 121 93 4 17 184 243 54 117 35 221 100 131 220 238
    126 210 55 109 13 155 181 126 228 75 112 120 131 190 60 142 168 124
    9 210 24 99 191 101 45 95 191 90 50 5 86 141 64 26 158 64 226 136 20
    152 44 92 1 240 158 148 65 128 112 33 156 220 6 32 240 4 38 1 129
    168 148 170 69 8 254 2 69 192 81 153 1 64 201 129 98 192 33 74 216
    76 8 164 230 0 4 49 70 87 32 85 40 88 184 233 102 96 84 24 142 213 4
    209 107 153 172 24 1 240 29 156 73 20 242 19 181 88 87 96 250 125
    254 239 221 254 255 251 253 253 253 255 221 223 125 251 238 187 221
    251 107 252 127 246 255 125 239 191 182 125 215 127 255 255 101 117
    251 214 123 249 125 254 93 251 62 247 182 249 123 159 173 159 141
    242 29 157 93 96 246 123 253 219 223 42 254 91 157 158 222 35 195 92
    39 23 234 85 184 62 234 7 94 253 155 112 219 151 47 231 187 217 107
    242 126 65 181 246 99 223 62 37 190 219 124 250 125 112 94 189 111
    255 53 247 111 155 170 24 199 240 29 156 73 19 243 115 251 121 115
    161 234 187 222 124 167 255 189 191 25 63 95 255 127 175 93 124 125
    244 255 29 240 244 86 155 120 230 252 121 255 254 115 255 255 215
    237 223 95 251 123 249 247 223 221 91 31 213 135 254 21 140 183 24
    13 238 167 159 105 24 150 183 190 214 223 62 188 109 38 101 136 90
    207 167 101 165 84 78 21 93 63 185 228 195 125 195 100 241 83 216
    241 92 236 12 133 104 218 123 203 229 36 71 186 144 114 205 124 124
    85 28 166 85 54 228 111 153 44 153 12 242 29 156 73 56 230 51 188 90
    215 42 248 250 221 250 158 87 7 93 143 119 97 61 250 63 238 38 95
    255 215 52 119 78 191 241 39 126 223 243 63 211 121 254 105 211 39
    20 251 194 125 243 245 114 203 124 107 221 28 245 78 221 164 26 5
    232 26 156 75 24 182 121 59 93 84 50 251 124 51 247 244 126 167 123
    123 244 252 210 115 239 235 144 87 250 221 123 103 247 45 195 247
    142 250 246 175 90 28 112 235 215 39 84 191 82 120 253 116 120 92
    184 143 209 53 243 111 153 172 24 65 240 29 156 73 16 242 115 191 88
    87 33 250 108 166 101 136 74 223 167 101 245 212 78 21 93 63 249 228
    211 125 67 100 240 113 212 240 89 236 12 133 104 218 123 203 229 36
    71 186 210 114 205 124 52 93 28 166 85 182 244 108 153 44 152 13 242
    29 156 89 56 226 59 188 90 199 42 248 10 136 154 223 43 217 220 133
    63 249 37 201 158 176 47 158 189 154 176 155 140 61 255 105 113 67
    242 126 109 241 159 103 135 240 107 96 243 205 250 107 243 31 101 97
    191 20 127 59 221 202 190 63 182 69 249 254 19 211 254 101 179 121
    145 207 61 255 255 220 63 127 253 127 255 254 252 185 127 255 253
    255 251 247 251 59 245 127 217 255 253 127 231 255 127 223 255 239
    223 110 215 190 254 254 251 125 126 223 239 191 247 247 245 111 191
    175 30 79 250 29 159 93 62 246 255 191 251 223 171 255 227 236 202 3
    215 159 87 3 239 103 21 250 191 174 118 94 194 51 60 181 15 215 187
    101 127 214 189 63 162 187 30 41 146 237 198 219 74 95 167 222 80
    219 108 121 155 92 116 181 215 173 16 132 79 161 239 190 88 124 48
    61 93 217 90 187 59 214 108 254 63 189 223 24 191 127 149 250 189
    123 116 85 244 247 70 243 244 114 210 126 69 254 225 127 126 123 245
    235 215 108 215 190 218 120 249 125 116 95 123 47 213 85 245 111 153
    174 24 13 240 29 156 73 56 242 51 189 250 215 44 250 124 239 255 221
    34 95 249 255 223 246 95 156 87 244 251 238 159 221 250 47 30 223
    246 151 251 231 150 212 109 251 94 250 239 25 227 237 222 223 250
    121 250 61 245 118 191 190 165 238 255 170 239 223 179 125 245 222
    245 255 123 127 123 253 223 254 69 0 129 52 89 226 46 78 0 40 64 55
    128 199 130 3 43 77 177 64 194 45 202 91 14 216 154 167 82 1 35 79
    87 167 61 59 33 236 109 22 33 224 58 107 111 13 255 107 24 164 24 4
    229 120 156 8 16 42 179 155 8 7 49 246 252 250 239 253 255 253 251
    253 189 255 222 255 223 255 251 236 251 213 123 107 253 127 238 127
    111 239 182 55 127 91 63 255 247 100 85 251 86 255 249 118 210 95
    122 62 213 134 217 123 157 173 30 5 248 29 157 77 16 246 59 189 219
    95 34 255 126 250 254 239 187 249 255 205 255 251 238 189 191 190
    255 254 255 147 251 91 237 215 247 61 245 205 249 127 95 235 255 254
    253 164 71 254 247 251 233 124 250 221 117 63 247 151 247 125 189
