<?xml version="1.0"?>
<opencv_storage>
<ImageFile>"363.jpg"</ImageFile>
<Features type_id="opencv-matrix">
  <rows>372</rows>
  <cols>64</cols>
  <dt>u</dt>
  <data>
    61 245 253 222 54 159 95 118 247 84 61 216 223 127 180 78 243 247 98
    111 183 125 210 247 249 98 164 126 125 216 221 105 215 116 214 158
    202 88 251 125 118 223 253 39 245 52 245 111 151 172 137 79 114 29
    159 93 56 246 115 191 121 223 111 251 61 247 253 220 54 191 95 113
    247 85 125 216 223 127 180 77 242 247 106 111 183 125 210 247 249 98
    164 126 125 216 221 233 223 108 214 158 202 120 251 253 118 223 253
    39 245 54 245 111 159 172 137 79 114 29 159 93 56 246 115 191 121
    223 110 251 251 223 255 207 255 223 223 185 255 223 61 223 191 127
    127 253 255 247 124 63 94 127 183 124 255 247 255 127 255 219 223 63
    247 109 95 223 210 127 251 255 119 95 104 63 213 158 253 61 157 189
    30 13 248 191 159 79 56 246 120 61 223 221 42 187 63 247 125 174 63
    125 53 57 247 92 254 53 125 127 252 117 243 246 195 240 245 114 145
    246 221 44 228 153 126 222 253 233 222 108 199 182 255 122 217 253
    126 221 95 175 212 243 246 111 186 182 137 15 242 29 222 93 46 178
    119 188 251 222 110 216 51 182 80 35 255 176 139 24 254 59 210 115
    173 91 128 85 118 247 5 144 225 98 155 124 164 152 97 43 158 121 225
    239 15 236 222 22 255 152 41 119 237 68 66 137 192 193 144 87 184
    255 24 1 230 133 222 113 34 50 182 159 186 223 172 28 61 53 253 244
    62 181 251 124 212 252 213 241 245 90 145 86 250 221 195 107 244 41
    194 247 141 170 230 223 90 121 117 239 207 36 85 190 214 120 233 125
    120 92 179 46 241 49 209 111 155 174 25 7 240 29 156 65 20 242 51
    249 122 87 32 254 127 180 255 119 255 166 219 72 254 63 210 123 239
    107 130 85 246 247 59 114 237 47 203 125 206 218 254 111 218 29 241
    111 87 173 92 191 114 253 237 118 216 76 72 14 209 16 217 87 153 236
    24 5 244 29 156 73 16 242 179 189 216 87 32 254 126 50 247 247 254
    183 251 125 212 253 214 119 255 251 147 84 250 223 251 99 253 47 202
    127 142 250 246 191 94 217 117 239 215 175 21 191 247 249 249 117
    120 92 251 46 197 37 251 111 185 172 25 1 240 28 156 73 84 246 115
    159 218 23 32 254 29 178 84 224 255 185 162 120 116 56 214 117 236
    91 169 65 122 253 195 176 225 96 139 252 164 56 96 183 126 69 225
    231 223 96 213 176 119 248 233 117 125 84 90 15 197 161 247 75 184
    252 24 5 240 29 158 73 22 242 183 157 218 87 36 222 29 178 85 196
    255 185 163 120 124 60 214 117 237 123 169 65 114 253 203 50 229 97
    75 255 128 56 96 183 124 77 225 239 223 96 215 178 126 250 249 125
    253 93 74 7 197 161 247 75 184 252 137 5 242 29 154 73 54 242 183
    189 218 223 36 94 255 189 255 212 62 87 221 255 247 253 149 249 95
    253 182 222 251 245 115 107 214 47 254 127 95 235 182 63 123 221 119
    111 215 38 119 186 210 124 251 126 112 124 248 111 221 20 245 111
    153 172 24 5 240 29 156 77 16 242 115 191 88 87 33 250 63 252 124
    254 191 189 255 88 189 126 109 252 189 127 253 253 242 254 5 106 229
    114 152 122 109 158 227 95 95 91 125 255 243 164 220 186 83 251 241
    247 218 222 90 46 214 151 197 95 153 173 24 5 232 29 159 73 16 242
    59 189 216 86 34 177 126 173 255 154 98 223 215 7 239 196 31 156 159
    190 255 254 251 243 120 47 151 85 210 103 223 245 189 125 43 250 94
    233 135 229 103 159 242 94 255 124 36 93 229 97 31 156 117 239 215
    172 185 157 179 85 188 223 120 254 122 121 219 221 56 250 57 183 117
    254 62 189 189 121 245 254 208 177 253 127 189 71 251 245 99 107 245
    124 211 255 221 254 167 191 122 220 117 239 215 36 87 190 219 120
    249 124 124 95 122 47 213 53 247 111 153 172 24 5 242 29 156 77 24
    242 51 189 90 87 32 250 63 191 245 247 254 191 251 120 123 223 210
    251 238 123 132 89 242 223 185 111 229 109 195 127 237 218 227 255
    94 72 253 171 215 101 92 191 119 120 249 117 253 94 187 15 209 5 219
    95 153 188 24 5 240 29 159 73 20 246 55 191 90 87 32 251 63 188 235
    247 255 150 217 15 214 253 22 117 191 94 178 93 250 247 33 51 197 47
    218 127 62 202 226 47 94 121 117 111 135 174 85 182 118 120 235 126
    80 92 106 110 213 20 245 111 153 172 24 5 244 29 156 65 16 242 51
    189 218 87 32 254 186 254 255 255 190 253 251 185 255 255 215 255
    255 126 127 254 255 255 122 251 253 127 211 255 253 127 247 255 111
    247 255 255 207 252 207 52 255 123 248 127 252 93 247 191 247 247
    247 127 191 255 137 75 246 157 221 93 62 247 247 255 251 251 236 254
    55 242 117 139 255 188 135 88 239 95 170 122 173 63 252 85 243 247
    45 32 237 96 138 120 237 245 121 127 190 11 211 47 215 228 223 158
    82 121 233 119 101 92 106 45 213 128 252 53 152 189 24 37 242 133
    158 109 56 246 50 173 216 223 36 250 126 51 253 246 62 183 92 115
    246 190 209 240 255 243 144 86 242 197 99 251 247 127 195 255 156
    218 231 191 74 189 245 234 215 44 6 190 218 56 241 119 124 72 177
    175 211 100 247 111 187 172 24 67 240 29 158 93 16 242 115 159 120
    87 104 254 28 50 89 161 218 177 170 116 86 186 210 52 245 2 145 80
    122 213 65 96 201 33 207 216 140 8 232 207 82 141 177 239 117 164 29
    186 82 250 41 86 208 68 80 14 65 133 194 87 155 108 24 5 240 29 156
    73 16 242 51 156 88 23 32 247 30 48 221 180 31 163 121 126 214 190
    208 49 253 234 177 82 114 213 99 115 225 39 203 127 140 170 226 143
    90 77 245 239 215 36 21 190 118 120 97 116 120 76 126 47 213 21 247
    111 153 172 24 5 240 28 156 73 24 242 55 185 88 87 32 250 118 49 251
    150 50 7 88 103 198 174 121 176 87 194 145 122 118 210 98 71 135 46
    229 7 156 139 230 77 66 188 244 232 98 60 36 190 154 124 195 220 18
    74 181 106 178 20 129 110 153 172 26 67 112 24 20 65 144 243 115 249
    121 22 33 243 62 49 251 190 50 7 217 103 214 238 85 180 117 194 145
    126 118 146 66 195 151 47 197 135 157 138 230 205 66 189 245 234 231
    44 37 190 218 120 193 124 90 72 181 42 242 52 129 111 155 172 26 71
    240 28 28 65 16 243 123 249 121 22 34 243 126 63 255 250 62 183 127
    95 245 254 197 186 255 246 183 95 218 221 235 107 255 125 83 255 221
    202 182 191 74 253 53 234 215 6 215 190 251 120 241 117 120 127 255
    109 247 85 247 111 159 172 24 71 242 29 156 89 20 242 115 191 123 87
    233 250 124 185 255 255 54 231 249 255 215 254 213 249 127 234 147
    94 191 215 114 107 183 45 231 255 255 235 246 255 91 253 246 235 215
    52 53 190 223 124 250 125 120 92 177 111 255 53 247 111 153 174 26
    215 240 29 156 77 16 243 115 251 123 119 161 250 61 180 252 253 255
    191 251 120 253 124 214 127 253 127 171 69 250 253 195 242 245 127
    203 255 104 122 240 191 124 85 245 239 223 108 85 190 215 248 249
    125 125 93 127 47 213 53 247 111 185 238 24 5 242 29 156 73 58 246
    183 189 218 223 36 254 126 189 255 127 255 187 251 239 249 185 214
    255 255 247 175 90 254 159 187 251 237 127 195 255 239 202 242 255
    110 117 255 238 223 175 69 183 255 123 249 117 216 93 251 110 253 53
    243 111 189 238 25 71 240 29 156 73 86 247 247 191 250 119 179 255
    242 253 247 223 242 79 221 239 239 197 61 218 191 254 254 222 251
    215 60 111 14 157 231 103 127 215 183 63 183 187 94 47 215 103 117
    219 194 125 255 94 51 219 237 127 159 28 253 191 197 165 86 149 58
    27 183 111 88 118 120 127 93 77 51 251 63 48 125 166 63 181 217 124
    214 254 244 113 109 27 145 119 114 244 195 43 241 114 236 62 44 169
    228 19 126 89 117 239 117 232 190 182 246 240 33 245 218 78 99 142
    194 130 209 79 186 188 223 9 240 28 156 85 182 178 191 222 219 158
    44 245 8 19 221 244 52 118 125 95 180 254 97 129 7 193 180 27 239
    220 33 107 134 172 224 51 12 139 163 9 83 0 48 105 210 38 52 186 82
    124 241 117 112 202 56 47 242 20 245 110 153 164 24 5 224 28 158 73
    16 242 51 159 88 86 33 251 7 54 16 32 157 160 162 72 160 58 130 101
    224 67 129 17 96 168 3 210 225 34 27 214 196 24 100 207 0 4 225 66
    79 40 199 174 121 58 233 108 200 20 26 136 192 113 179 79 184 238 8
    1 240 29 88 65 22 179 151 181 56 211 96 72 199 161 203 213 52 144
