<?xml version="1.0"?>
<opencv_storage>
<ImageFile>"364.jpg"</ImageFile>
<Features type_id="opencv-matrix">
  <rows>247</rows>
  <cols>64</cols>
  <dt>u</dt>
  <data>
    28 51 113 52 20 34 41 126 192 138 211 53 97 64 129 67 98 76 67 70
    113 32 192 151 140 40 164 137 80 4 32 200 74 44 21 190 25 56 1 85 88
    64 18 142 192 33 131 78 24 44 24 1 240 28 28 65 0 178 19 153 72 22
    32 114 55 50 81 34 157 160 1 88 194 42 208 113 229 67 128 81 114 134
    7 80 193 34 9 78 132 136 96 139 146 12 225 108 95 174 156 190 106 48
    1 214 73 64 18 138 64 65 128 71 136 52 24 0 96 24 76 65 0 50 135 152
    24 22 32 25 255 253 255 255 255 127 223 251 255 125 253 251 255 254
    246 253 251 245 127 119 127 223 178 119 255 255 255 63 255 91 126
    175 215 109 22 255 210 125 249 253 115 223 127 63 221 28 253 127 157
    172 26 141 248 63 158 77 120 246 113 191 95 95 34 250 202 205 140
    222 39 27 92 3 51 250 5 202 154 164 108 15 141 59 52 191 134 116 80
    99 113 86 147 86 105 115 158 97 154 208 178 96 235 79 250 33 114 191
    109 105 183 84 247 107 213 202 40 79 239 77 123 158 31 215 254 55 51
    121 218 203 255 253 255 255 255 127 223 251 255 125 253 251 255 254
    246 221 251 245 127 119 127 223 179 119 255 255 255 63 255 91 126
    191 215 109 22 255 210 117 249 253 114 223 125 63 221 28 253 127 157
    173 26 141 248 63 158 77 88 246 113 191 95 95 34 250 124 127 255 253
    118 127 127 255 253 254 254 189 125 252 255 238 251 221 123 110 125
    215 214 183 95 237 174 189 123 222 126 169 242 37 87 191 214 118 213
    124 254 95 63 62 213 183 231 110 159 172 156 141 242 29 157 93 88
    246 123 189 91 86 42 242 255 254 127 107 255 125 191 217 255 127 254
    251 255 59 254 253 243 247 127 124 125 214 191 124 231 253 125 187
    255 95 255 191 240 237 222 223 122 119 189 247 223 222 90 31 217 255
    222 149 237 189 86 37 232 183 143 109 208 252 165 188 222 223 58 189
    252 207 230 220 226 127 245 243 37 84 95 23 95 253 255 236 241 249
    127 230 119 254 180 179 90 110 148 216 237 214 94 185 242 103 67 250
    210 82 217 252 31 61 156 182 220 190 231 238 141 45 197 157 218 31
    128 77 57 244 113 189 90 110 47 248 124 9 182 180 2 103 124 103 5
    192 223 20 87 228 178 198 255 24 67 103 62 186 228 179 217 43 230
    216 64 148 188 168 106 54 38 190 131 110 208 220 24 153 181 38 238
    53 199 110 153 160 251 223 114 28 21 77 137 243 115 249 57 38 33 234
    205 141 174 117 44 118 248 246 24 191 81 207 194 193 19 170 12 73
    255 235 254 173 230 155 41 43 150 246 93 37 55 222 103 179 56 97 247
    175 248 163 219 46 187 222 251 35 139 123 57 202 126 243 221 254 188
    68 215 219 115 223 230 55 131 191 44 38 101 168 30 191 35 123 177 94
    194 5 89 52 57 101 192 124 195 96 240 112 80 243 92 40 0 132 120 84
    57 201 77 0 211 168 125 122 137 96 220 21 26 142 68 167 226 79 184
    44 136 12 242 29 157 89 6 226 23 188 74 199 110 240 253 255 127 253
    118 127 255 255 189 255 254 157 95 253 255 238 243 220 255 111 124
    250 180 182 95 239 167 186 249 87 126 251 250 37 85 255 215 119 241
    253 254 95 123 62 222 183 199 110 141 173 94 5 248 31 157 77 144 246
    123 189 95 86 34 185 253 255 239 253 246 119 255 255 253 255 254 187
    223 252 251 239 251 253 127 111 125 255 246 182 95 255 183 187 249
    86 118 187 250 44 85 251 83 117 249 252 122 93 58 63 213 55 247 124
    157 173 30 5 248 31 156 73 16 246 51 189 95 86 32 250 253 255 239
    253 246 127 127 255 253 253 254 187 255 252 255 239 251 253 127 111
    125 223 246 182 95 255 191 187 249 86 118 187 218 45 87 255 211 125
    249 124 122 93 56 63 221 55 255 124 157 173 30 5 250 31 157 77 16
    246 51 189 95 87 32 250 63 252 253 60 51 109 125 111 241 252 252 177
    125 191 236 222 251 186 163 121 181 250 253 191 213 173 229 219 107
    245 237 239 137 236 37 190 191 186 241 126 126 223 253 227 254 115
    103 111 187 230 239 206 232 29 123 77 190 243 239 249 187 198 235
    207 108 39 231 148 92 39 35 255 132 252 82 23 65 217 147 70 234 213
    67 102 248 165 196 51 14 170 180 13 80 24 49 219 99 36 85 186 82 120
    65 84 80 84 16 142 193 0 193 111 152 172 24 1 240 28 156 65 0 242 51
    189 72 22 32 250 64 2 131 129 201 192 163 237 140 171 210 23 193 196
    147 0 74 85 163 2 200 135 206 73 14 216 60 38 146 138 35 30 71 39 77
    187 20 172 109 4 97 64 16 14 77 4 9 177 25 44 24 33 209 26 156 65 0
    96 35 185 76 7 32 246 201 140 142 213 168 245 250 181 24 255 85 207
    130 193 19 170 12 73 252 171 252 173 230 219 57 42 150 246 77 229 55
    215 111 177 40 97 247 175 248 171 219 44 227 158 251 33 139 123 59
    202 126 243 213 239 152 196 215 203 247 223 231 51 3 239 29 21 60 52
    1 35 57 126 20 4 213 52 48 8 1 6 4 58 195 208 241 50 192 131 16 40
    192 204 80 84 228 225 206 24 129 172 151 8 0 89 120 9 23 131 244 113
    163 78 59 174 137 15 240 24 88 81 42 179 63 177 42 146 236 74 42 70
    36 170 6 157 12 1 37 78 27 0 153 44 124 5 132 120 0 240 144 112 16
    107 84 148 165 28 2 176 61 65 66 60 90 8 201 106 128 10 36 74 28 169
    86 84 228 79 16 160 16 12 34 25 159 24 8 99 19 180 66 211 42 34 0 2
    131 129 201 192 163 237 140 171 130 71 145 68 147 4 74 85 227 2 200
    15 206 72 14 216 30 34 144 138 51 30 71 39 93 185 20 236 109 4 113
    100 16 14 77 4 25 241 25 12 24 33 209 26 156 65 0 96 35 185 76 7 32
    242 125 253 255 191 50 245 125 253 223 254 253 189 125 174 159 254
    251 214 195 106 253 243 215 190 221 237 246 185 123 217 127 235 231
    36 53 254 214 123 241 125 58 95 253 174 246 182 197 126 155 172 59
    141 240 29 156 93 232 242 123 249 223 198 42 247 65 1 139 81 0 18 90
    238 2 130 21 130 16 224 3 2 12 1 32 111 14 173 198 131 8 131 146 44
    0 8 16 41 214 22 16 170 18 104 66 72 176 40 184 79 147 28 65 46 27
    168 56 69 48 25 148 74 17 114 49 89 72 20 33 251 253 63 247 245 118
    103 125 254 220 253 242 187 239 217 147 207 251 221 255 111 125 143
    230 191 143 255 191 191 218 86 118 191 90 39 116 255 215 125 245 117
    124 68 187 63 207 161 75 244 172 165 94 149 242 190 158 69 196 252
    99 223 95 6 33 186 87 33 201 144 80 2 67 106 194 6 149 54 81 226 144
    82 74 5 50 70 11 173 192 3 14 210 150 13 2 174 16 9 18 7 5 155 2 120
    71 92 32 224 181 65 5 28 37 174 87 36 49 212 33 24 52 2 72 106 56
    121 8 4 49 242 255 54 247 167 255 229 187 248 254 127 210 127 239 11
    147 117 242 245 123 116 249 135 159 124 142 248 253 191 222 31 243
    191 117 45 93 255 214 117 173 117 253 68 26 158 193 41 248 21 156
    172 24 5 240 190 156 65 80 244 51 188 222 23 32 180 65 1 139 80 0 18
    88 230 2 162 21 130 80 192 3 2 12 65 32 79 14 173 198 131 8 146 146
    12 0 8 16 9 211 22 16 170 66 104 66 64 176 40 185 78 147 28 65 110
    27 168 57 69 48 24 148 74 17 114 49 217 72 20 33 251 44 101 101 152
    16 15 37 79 165 68 173 176 81 171 180 207 203 116 71 100 19 210 176
    34 92 149 133 9 179 136 24 9 128 4 6 218 0 112 1 220 54 203 60 163
    84 92 100 76 1 164 242 12 10 26 135 28 152 160 41 56 89 70 42 177
    191 242 127 119 60 52 253 154 240 191 81 250 239 155 150 91 62 239
    167 107 225 214 96 254 172 191 247 251 254 51 231 255 211 220 156
    102 255 189 248 115 124 74 251 253 243 113 182 121 122 255 24 195
    252 180 254 117 52 179 147 223 254 211 108 191 84 33 201 144 80 2 71
    106 194 4 149 50 81 226 148 66 10 1 50 100 11 173 192 131 14 214 145
    13 2 142 16 9 18 6 5 138 8 120 71 92 48 161 181 97 5 28 229 46 19
    164 1 198 33 24 20 10 72 106 25 121 8 21 113 234 191 178 249 119 60
    244 255 220 208 191 209 250 239 11 150 27 63 239 39 107 163 103 226
    94 172 255 247 251 126 51 231 239 151 220 157 15 255 189 248 115 108
    72 187 249 247 81 183 127 122 254 41 195 228 180 126 117 108 183 211
    219 252 211 125 254 20 33 179 148 16 199 249 118 198 164 211 20 81
    192 145 98 58 64 66 67 151 42 197 135 141 42 166 140 64 140 48 234
    103 46 39 190 26 58 195 92 152 96 145 14 162 96 129 110 25 44 120 67
    112 24 20 64 128 114 27 249 104 6 33 243 71 22 64 35 221 160 35 88
    164 47 130 55 160 15 130 37 66 117 3 64 232 130 138 124 6 136 40 35
