<?xml version="1.0"?>
<opencv_storage>
<ImageFile>"365.jpg"</ImageFile>
<Features type_id="opencv-matrix">
  <rows>417</rows>
  <cols>64</cols>
  <dt>u</dt>
  <data>
    186 220 238 223 47 221 221 167 191 255 61 203 191 62 126 254 157 247
    124 187 212 119 243 119 121 247 181 50 127 251 95 107 151 252 211
    112 247 89 250 121 118 223 111 61 149 22 245 111 151 138 159 13 254
    13 191 223 57 247 122 125 243 221 14 255 235 221 238 219 255 127 215
    154 255 95 188 250 191 251 102 253 241 245 63 255 124 247 179 118
    103 255 251 63 255 91 126 59 255 111 214 251 218 125 253 245 118 223
    122 63 209 94 245 229 157 189 30 13 248 189 159 79 56 244 115 191
    223 223 62 249 46 170 237 139 191 221 149 125 253 246 158 188 189 62
    255 238 219 212 67 48 220 115 218 116 93 229 148 49 123 219 31 235
    213 108 215 186 214 122 233 124 54 93 100 45 84 182 245 107 159 172
    153 13 178 29 221 93 56 226 59 189 91 223 46 246 173 222 108 235 255
    253 247 248 189 125 236 251 191 127 254 237 203 253 255 123 253 119
    187 252 113 127 25 182 253 87 127 255 223 105 223 240 247 249 253 61
    127 223 122 191 213 243 254 113 189 253 158 45 253 189 159 93 62 244
    247 175 219 223 46 222 46 232 237 139 62 221 215 253 253 246 94 188
    253 62 255 238 155 212 115 42 213 115 222 116 125 245 156 53 127 219
    31 235 197 108 215 250 222 123 233 124 50 221 117 45 85 182 245 107
    159 172 159 13 178 29 157 93 56 226 123 189 91 223 110 254 252 237
    255 221 98 223 87 247 175 229 125 158 223 252 255 238 251 213 122
    111 158 253 246 179 95 247 191 62 97 219 94 187 195 39 87 251 210
    123 255 126 50 93 253 63 221 190 245 47 159 172 151 141 250 29 148
    95 88 246 121 253 91 92 42 254 41 204 238 184 34 127 189 247 61 254
    108 201 95 189 63 239 141 248 225 43 244 117 118 243 89 111 148 246
    121 213 127 227 255 16 211 32 247 122 248 121 126 31 126 47 245 119
    247 111 185 168 24 13 242 29 157 93 62 243 55 189 219 211 106 250 58
    253 254 255 55 253 220 51 127 251 253 251 191 254 63 94 253 179 120
    187 183 125 211 255 241 127 243 254 127 247 255 231 207 254 255 117
    255 93 250 123 124 253 239 237 183 53 247 127 255 218 153 207 246
    165 248 253 127 247 255 251 179 251 205 206 215 235 155 245 248 242
    251 200 152 255 99 222 195 192 211 120 234 213 61 111 14 173 238 89
    47 223 187 47 214 43 50 63 87 167 125 219 82 253 237 118 241 108 184
    127 251 28 249 183 205 173 16 181 249 255 156 107 208 248 49 191 92
    87 49 186 212 235 147 245 248 194 251 234 24 251 115 219 195 192 211
    250 235 213 61 111 14 173 230 91 47 223 187 47 215 11 50 63 115 39
    125 251 82 125 239 118 113 108 185 127 251 28 249 183 205 173 24 181
    249 127 156 107 208 248 49 189 92 87 49 190 190 254 238 251 255 189
    215 157 255 127 180 250 255 123 127 221 244 247 123 242 253 119 219
    124 247 235 118 127 255 221 255 231 215 238 223 254 218 115 253 126
    254 95 74 159 213 247 215 87 157 236 24 13 244 157 157 89 24 244 243
    189 218 223 42 253 92 185 255 244 54 243 253 118 214 190 213 245 127
    148 18 90 61 223 250 255 183 93 231 223 175 123 246 254 108 229 246
    235 95 89 189 37 255 253 250 121 120 141 247 111 191 165 183 111 255
    250 175 215 242 253 122 212 103 159 223 219 243 185 221 222 124 206
    238 203 231 221 213 49 63 221 30 223 159 191 127 206 249 243 121 175
    221 85 210 113 123 119 185 62 125 219 94 43 215 100 87 186 210 121
    249 124 116 93 120 63 213 148 245 111 157 172 24 13 242 29 158 77 24
    246 115 189 91 95 40 250 174 253 238 248 55 127 220 139 61 219 189
    234 95 178 118 223 153 187 118 255 53 119 112 115 245 215 241 251
    107 246 254 224 134 24 198 230 251 88 248 241 122 159 63 109 247 85
    247 110 255 174 136 79 242 29 249 92 54 243 119 189 123 251 236 219
    60 244 125 174 22 111 63 125 247 78 237 241 125 47 252 247 251 246
    199 97 241 114 113 182 221 253 237 153 123 218 125 233 200 108 215
    190 158 112 185 125 126 223 127 175 244 115 244 108 184 164 154 11
    226 29 28 93 188 182 115 184 251 223 46 250 47 237 111 219 54 221
    221 65 127 199 173 250 253 107 253 255 131 244 38 251 159 116 81 103
    117 247 179 57 107 255 94 49 210 68 215 250 218 121 251 125 118 223
    124 45 182 86 245 111 155 174 26 15 250 29 221 93 24 247 123 189 91
    219 106 251 252 41 239 244 54 55 121 127 212 255 245 243 75 249 146
    78 178 221 103 103 244 175 226 183 15 171 182 151 88 148 52 235 223
    44 22 186 222 120 241 245 216 124 179 143 209 53 195 111 153 172 24
    1 240 29 156 73 16 242 51 189 90 86 32 251 51 245 124 14 255 159 31
    25 231 71 189 250 189 123 52 85 180 183 102 181 245 119 83 102 208
    246 253 127 58 250 221 97 143 124 198 158 202 88 248 125 116 223 61
    173 245 112 245 111 147 174 152 15 242 29 222 91 56 247 114 189 122
    219 108 218 250 217 218 255 38 71 92 167 87 230 125 154 63 238 127
    254 189 146 120 255 15 255 229 39 191 199 247 123 67 251 222 251 163
    189 37 255 207 93 242 255 50 219 229 121 191 30 229 46 223 170 215
    207 60 27 180 255 217 247 121 123 125 56 155 239 242 204 203 139 138
    220 146 129 123 227 21 202 190 51 127 158 223 147 56 185 140 213 91
    108 249 213 121 63 47 187 223 43 135 236 73 87 235 75 236 122 160
    223 108 185 23 28 124 181 215 200 137 175 188 133 121 255 120 244
    184 121 215 217 90 207 63 246 109 42 23 61 13 9 231 70 185 176 125
    47 60 85 245 178 67 240 241 114 81 118 212 164 228 217 107 156 253
    225 204 44 199 190 203 56 129 124 46 91 28 173 212 113 246 78 185
    174 152 9 226 29 220 89 56 242 51 188 58 211 106 112 242 221 28 214
    39 31 93 19 167 69 61 192 31 252 116 159 181 246 124 189 22 126 240
    35 209 231 229 92 49 184 220 33 146 60 114 158 202 74 210 225 82 159
    61 47 188 94 245 110 133 163 214 15 122 25 151 79 57 247 114 61 121
    84 6 250 250 61 255 215 55 167 217 191 214 253 215 115 255 218 50 95
    254 215 99 247 214 47 195 247 207 251 246 111 82 88 246 235 223 46
    84 190 94 120 251 117 112 92 187 111 217 52 241 111 153 172 24 69
    240 29 156 73 17 242 115 191 88 23 160 250 37 70 101 136 153 141 39
    89 172 68 138 20 209 125 253 101 194 116 3 96 240 34 152 112 92 188
    4 9 146 10 57 89 82 36 87 154 0 114 1 30 132 80 24 134 68 194 228 3
    8 37 16 4 34 29 143 9 16 226 51 188 72 70 34 176 45 38 101 9 217 189
    163 88 172 84 138 55 205 61 249 229 194 124 195 96 120 98 152 112 84
    188 12 1 252 14 59 153 120 68 87 186 16 114 13 28 188 20 24 150 68
    226 228 68 8 45 16 44 210 29 143 9 56 224 43 172 72 198 38 240 42
    132 108 174 55 125 157 53 117 254 94 149 61 62 121 230 171 212 65
    249 240 82 213 116 89 60 172 18 123 210 63 251 245 44 85 186 223 122
    169 124 248 93 57 46 212 55 246 109 153 172 24 5 240 29 157 73 16
    242 51 188 90 87 34 250 45 102 117 136 153 189 39 88 172 100 138 52
    197 125 253 101 194 116 131 96 248 98 152 112 92 188 4 1 184 14 57
    25 240 68 87 154 0 242 1 30 182 84 24 134 68 194 228 1 136 37 16 44
    114 29 143 9 56 224 35 172 72 198 42 176 186 221 239 221 55 127 221
    191 255 219 253 217 127 245 126 255 189 215 126 191 22 125 229 255
    239 119 243 126 127 119 254 251 254 125 188 125 254 127 250 241 211
    255 235 127 187 182 213 126 255 155 95 207 248 183 255 95 215 247
    254 95 247 253 207 191 179 223 154 87 39 16 216 155 122 219 49 203
    174 217 2 31 124 215 36 155 70 46 231 119 227 223 243 122 87 58 230
    115 255 60 124 188 218 124 234 245 81 94 59 191 219 20 209 111 153
    174 24 7 240 29 156 73 17 243 51 159 124 87 32 251 250 221 236 223
    255 221 223 57 191 255 189 251 191 126 124 255 255 247 126 191 254
    127 243 119 125 247 247 63 127 251 95 171 199 108 199 254 246 121
    251 125 114 223 231 125 149 118 253 127 183 175 154 13 250 157 158
    127 56 246 126 191 251 221 168 250 60 239 127 254 50 127 245 107 117
    92 254 245 127 254 253 252 251 212 103 110 119 120 181 183 255 191
    35 157 111 222 124 185 210 102 93 186 86 118 217 124 119 223 188 47
    92 151 247 238 141 165 86 4 250 29 143 77 152 242 107 189 91 79 34
