<?xml version="1.0"?>
<opencv_storage>
<ImageFile>"366.jpg"</ImageFile>
<Features type_id="opencv-matrix">
  <rows>170</rows>
  <cols>64</cols>
  <dt>u</dt>
  <data>
    255 253 255 223 247 95 223 235 255 213 63 250 191 254 254 254 251
    247 126 111 62 223 182 54 127 247 191 61 255 251 94 185 162 111 247
    223 194 127 255 255 183 255 253 253 159 158 125 180 199 189 247 253
    155 247 167 255 248 252 104 127 255 221 159 186 108 14 239 185 0 127
    161 247 189 252 238 157 83 188 251 238 139 124 251 107 252 215 222
    177 93 109 28 160 105 199 58 223 237 3 103 234 21 250 237 60 254 53
    124 54 93 183 103 225 157 44 255 61 211 95 157 12 56 236 107 188 75
    70 43 250 58 252 125 143 62 221 223 45 255 255 61 248 189 63 253 252
    255 246 96 185 245 114 211 124 253 245 229 123 127 251 221 239 213
    236 87 254 254 121 249 127 118 223 109 45 148 150 244 111 151 173
    159 13 190 29 159 93 56 246 122 252 251 223 42 254 122 221 223 223
    238 223 223 9 255 245 21 218 191 126 126 92 253 247 120 255 150 127
    211 127 249 215 255 127 127 251 215 111 151 253 91 31 202 89 250 123
    113 223 237 109 181 28 245 47 223 218 153 207 246 101 190 255 121
    247 242 255 241 253 156 254 231 108 239 145 254 87 25 247 156 239
    253 218 203 169 146 238 235 213 63 103 141 135 238 57 79 223 189 47
    211 15 50 123 211 36 84 251 82 125 237 246 112 92 56 63 211 28 245
    189 153 172 24 5 240 29 156 73 16 240 49 189 92 87 32 250 124 43 239
    253 114 119 127 247 253 254 252 189 95 244 187 238 155 221 251 111
    253 253 231 191 221 107 150 183 105 213 126 239 255 77 229 251 223
    255 241 125 126 125 255 54 255 167 199 106 191 172 239 223 211 61
    156 92 236 238 123 219 255 222 107 246 252 249 255 253 114 127 253
    247 253 253 126 159 95 252 251 238 251 221 127 111 62 157 230 59 127
    255 183 187 255 199 62 191 243 39 117 251 87 119 253 116 251 125 249
    62 223 158 91 182 141 173 126 181 217 63 149 77 208 252 105 255 93
    78 35 254 205 45 255 117 240 101 249 246 184 143 193 126 214 237 163
    107 233 237 39 103 127 173 118 242 206 127 183 250 192 6 114 187 255
    54 5 254 83 125 249 124 120 104 184 62 253 113 251 62 153 172 24 69
    240 31 156 65 16 242 113 191 92 87 33 250 47 100 109 168 139 221 7
    13 173 110 10 52 25 46 249 228 129 56 1 112 209 114 28 56 84 132 4
    17 235 219 61 83 49 200 71 170 115 114 137 30 166 21 76 8 84 214 228
    73 27 45 22 12 190 29 197 25 152 226 43 188 202 218 106 176 252 255
    255 253 254 127 255 255 253 255 251 255 255 252 251 254 251 213 127
    111 62 157 174 61 127 255 191 191 223 95 126 191 114 103 124 219 214
    119 253 247 211 222 249 126 207 142 93 180 205 181 86 181 203 191
    135 111 208 252 105 95 223 12 51 180 154 221 58 172 39 123 220 139
    55 218 253 224 63 152 108 255 253 158 36 157 4 214 244 51 101 151
    241 89 127 114 254 177 184 112 186 192 247 110 216 241 243 159 63
    121 158 23 118 108 203 187 118 141 234 7 231 92 155 147 124 126 23
    217 142 155 187 148 216 119 255 160 219 24 126 59 149 107 174 75 36
    85 118 247 60 147 236 47 139 125 166 218 243 63 94 121 229 111 87
    173 156 55 251 249 232 247 81 204 107 75 209 21 253 95 153 246 24 5
    228 164 156 233 16 179 183 159 184 23 180 254 205 15 231 53 221 231
    161 254 172 165 208 31 203 233 147 14 233 253 99 103 126 143 214 51
    94 251 190 238 208 20 50 139 223 47 69 187 83 60 237 124 120 92 56
    174 221 121 155 183 153 172 24 1 240 30 156 65 16 240 49 189 88 87
    32 250 56 220 236 205 46 221 218 53 63 254 22 205 156 61 125 206 157
    219 192 171 212 119 218 251 121 118 132 118 125 215 221 231 223 120
    243 32 223 91 248 57 244 157 111 47 151 180 247 107 187 216 153 13
    246 13 155 92 63 215 126 253 211 219 46 254 107 197 108 156 103 151
    91 17 55 102 21 140 156 105 52 15 228 251 17 231 254 115 210 115 88
    122 166 94 121 16 253 97 215 52 19 184 211 104 240 120 114 94 60 47
    209 20 231 111 153 172 24 5 240 29 156 73 25 246 51 189 88 87 42 251
    40 143 253 202 43 221 129 13 255 84 6 84 189 127 185 228 250 247 65
    34 244 119 211 119 89 226 4 31 126 218 93 235 135 102 67 186 210 90
    249 124 244 93 88 167 213 86 245 111 153 172 153 13 242 29 156 89 48
    242 115 189 90 223 40 250 109 37 239 49 215 163 35 126 132 102 213
    54 161 202 131 71 138 93 35 86 123 167 194 119 14 232 152 173 208 8
    50 137 223 36 21 186 19 120 65 84 56 64 28 15 213 57 227 47 25 172
    24 5 241 28 156 65 24 178 51 185 8 87 32 250 120 77 255 220 34 31 93
    127 183 196 125 144 95 248 180 78 255 213 114 111 22 255 208 183 91
    239 167 28 113 216 92 233 202 38 102 190 194 120 210 124 114 255 189
    47 189 52 229 110 149 164 153 141 114 29 159 77 57 242 115 253 123
    84 41 251 251 220 255 231 255 255 223 217 255 127 248 219 255 237
    118 253 255 245 63 119 126 143 190 124 111 255 127 63 223 83 127 191
    243 239 94 95 210 245 253 247 91 206 106 127 219 31 252 181 205 157
    86 165 201 247 135 235 208 252 225 63 214 93 18 188 125 220 125 137
    255 255 183 253 191 255 252 153 221 57 255 253 255 245 251 104 248
    83 222 124 125 233 45 127 255 221 127 239 245 108 215 254 86 243 173
    126 254 223 126 63 85 182 244 101 191 173 159 13 250 189 159 93 120
    246 59 188 219 223 46 253 232 141 238 217 39 127 241 255 189 253 84
    223 31 188 63 238 249 253 115 107 244 87 246 115 121 235 180 54 121
    209 126 235 223 36 87 248 86 122 249 124 242 93 124 47 213 52 117
    239 153 172 154 13 240 29 156 93 48 242 51 189 91 215 42 251 168 196
    108 139 171 221 191 245 189 255 127 206 157 60 127 228 139 112 196
    40 252 242 191 60 121 117 149 50 253 243 31 223 197 208 203 96 247
    211 232 59 118 157 111 53 244 182 252 49 191 217 223 45 158 143 211
    60 186 193 232 44 247 219 110 254 39 198 108 142 191 157 31 9 191
    126 61 40 157 127 125 85 128 246 0 176 220 114 146 108 112 164 165
    63 62 249 93 107 215 252 223 162 234 83 186 123 182 223 77 141 244
    214 245 91 147 174 24 15 166 9 223 57 56 99 122 188 250 223 42 241
    35 246 109 142 191 157 31 25 255 118 61 184 189 63 124 245 145 246
    64 184 209 114 145 100 121 181 165 59 63 251 93 105 213 124 215 190
    202 83 186 127 54 223 77 173 180 246 244 79 147 175 156 15 190 25
    223 93 56 243 58 60 251 223 46 249 124 57 255 220 50 71 121 231 215
    174 213 176 119 224 147 90 251 145 114 111 55 191 231 151 159 107
    246 157 67 253 244 232 207 46 37 255 222 124 243 125 120 233 181 111
    191 60 129 110 255 174 187 215 240 29 28 85 80 243 123 251 121 53
    225 251 63 246 125 237 63 189 189 121 255 255 248 249 253 123 253
    117 242 244 198 59 245 114 152 127 245 191 225 115 126 127 125 255
    255 232 223 190 246 248 249 245 127 95 107 175 244 247 212 111 186
    191 24 15 250 29 223 93 54 242 247 191 250 223 44 190 252 189 255
    253 126 255 251 255 253 253 213 255 255 254 191 222 251 221 123 111
    255 127 215 255 255 255 255 255 127 223 246 239 223 111 119 255 223
    125 253 125 120 93 255 63 255 61 255 127 191 172 155 207 242 61 156
    93 116 254 123 255 251 223 57 254 16 187 215 215 56 149 216 118 82
    221 83 85 199 113 145 80 118 197 224 43 198 45 194 211 141 138 166
    47 6 136 17 111 215 38 117 186 84 120 251 116 113 92 185 38 233 4
    241 111 153 172 25 67 240 28 156 73 4 242 51 157 88 87 33 250 39 182
    209 131 217 128 131 8 230 97 2 117 173 123 128 85 106 215 1 32 193
    37 139 109 70 146 96 47 22 8 1 111 151 164 85 154 114 120 105 118 97
    84 8 9 197 20 245 79 153 172 24 5 240 17 156 73 16 114 50 189 88 87
    32 250 16 187 215 215 48 149 217 118 210 149 87 213 215 115 146 90
    126 199 96 43 198 45 194 211 137 202 182 63 6 168 20 106 215 36 117
    186 94 120 251 117 81 92 185 39 169 4 245 111 153 172 9 195 240 29
    156 73 4 242 51 253 88 87 33 250 247 63 247 151 223 199 139 152 174
    239 147 126 191 235 179 93 252 247 59 247 207 175 194 125 206 218
    255 111 210 26 243 63 87 47 85 191 90 124 237 118 112 76 56 47 209
    28 249 55 157 172 24 5 240 61 156 75 16 246 51 189 92 87 48 250 179
