<?xml version="1.0"?>
<opencv_storage>
<ImageFile>"368.jpg"</ImageFile>
<Features type_id="opencv-matrix">
  <rows>351</rows>
  <cols>64</cols>
  <dt>u</dt>
  <data>
    63 244 125 174 55 125 157 125 255 212 125 188 61 63 253 246 251 246
    67 104 113 114 213 52 221 189 245 57 123 218 255 233 212 108 87 190
    210 120 185 124 126 95 61 175 212 182 244 108 153 172 155 13 242 29
    156 93 56 242 59 188 91 223 42 250 236 238 239 249 250 255 167 241
    189 255 234 219 219 125 255 236 131 125 239 107 252 245 222 248 93
    127 29 182 253 214 59 219 255 66 87 170 213 250 253 60 254 127 122
    191 85 183 119 227 191 173 156 13 211 29 143 28 20 228 115 189 91
    223 40 250 60 246 125 168 62 125 53 125 245 126 254 180 125 63 253
    229 243 252 67 104 241 112 21 180 221 45 229 217 109 215 253 251 232
    76 215 190 219 114 169 124 190 95 94 174 84 247 230 76 155 173 134
    15 250 29 135 93 188 242 43 188 219 222 110 177 63 249 255 222 55 95
    209 126 255 212 159 180 127 255 253 254 251 244 96 107 182 124 228
    55 125 255 208 29 127 219 94 105 151 100 117 186 210 122 251 125 52
    221 125 39 221 150 245 110 157 173 223 13 250 29 150 77 56 246 59
    189 89 79 38 218 44 205 108 140 19 77 213 111 183 68 15 244 29 126
    252 228 155 116 194 35 84 114 244 35 125 183 5 17 59 218 30 105 132
    68 71 154 146 82 219 60 115 189 60 167 180 22 245 110 145 172 251 13
    186 29 148 28 56 226 106 169 91 223 47 250 73 14 36 41 202 253 162
    177 57 127 106 15 216 53 121 165 196 185 219 224 252 113 30 248 81
    108 12 230 236 215 59 214 233 201 67 33 125 195 172 42 254 21 90 150
    85 231 202 81 188 77 140 45 215 253 201 249 118 204 143 180 194 202
    106 84 73 14 44 41 202 253 162 177 57 255 110 15 216 53 123 165 197
    185 219 240 248 209 30 248 81 108 12 230 236 215 59 150 237 201 195
    33 125 195 172 40 254 21 90 150 85 231 234 113 189 77 140 45 215 253
    201 249 54 204 143 180 194 202 106 84 221 48 93 165 118 243 187 120
    216 189 255 249 223 57 144 98 98 221 31 111 232 33 230 249 45 235
    169 191 88 79 117 127 247 37 52 187 86 121 233 245 80 92 57 47 211 4
    208 111 153 172 24 5 248 29 156 73 80 246 51 156 88 22 32 250 63 182
    109 236 63 189 191 125 245 254 212 245 253 127 189 85 250 252 67 114
    245 114 211 127 77 186 224 191 126 93 125 235 215 108 215 186 223
    120 249 117 124 93 122 47 212 21 247 111 153 172 24 5 240 29 156 73
    16 242 51 189 90 87 40 250 126 182 245 191 255 167 31 93 175 127 217
    187 173 47 182 95 242 245 91 117 249 103 218 125 68 202 232 63 123
    57 125 239 215 173 214 191 210 121 165 247 86 78 90 175 213 29 237
    31 156 164 24 9 224 188 156 109 24 182 51 189 218 86 62 251 254 48
    251 167 255 245 187 232 222 191 211 127 245 74 155 84 122 215 122 82
    249 183 207 92 190 248 254 191 214 251 119 191 71 173 79 223 214 253
    237 95 121 76 229 62 231 45 153 49 191 238 153 163 246 183 156 243
    64 254 185 249 255 159 56 246 45 238 238 201 234 253 231 113 57 253
    78 207 222 125 253 236 137 121 251 171 255 125 91 249 121 119 23 246
    109 215 223 199 159 210 203 0 181 219 254 43 125 61 239 229 245 245
    127 179 190 217 169 255 247 229 218 188 111 207 214 231 243 251 205
    206 60 178 125 104 62 189 189 120 241 62 198 113 237 53 253 65 146
    236 195 120 241 114 88 253 229 40 100 211 124 117 253 238 221 216
    207 44 253 186 185 51 252 159 91 5 244 231 246 75 186 255 141 11 230
    21 219 29 46 195 159 140 243 219 110 85 93 50 93 229 127 179 187 120
    180 191 246 113 109 57 225 99 98 213 31 105 224 97 172 120 44 185
    169 63 126 11 113 127 241 36 20 187 82 120 169 245 240 92 58 31 209
    134 208 111 153 173 30 5 248 29 158 73 16 246 51 156 88 22 32 249
    235 206 110 171 95 127 167 153 189 255 44 235 185 63 127 77 137 125
    249 185 240 87 219 124 113 245 25 54 127 83 59 215 223 200 215 33
    247 216 237 56 124 127 106 189 85 241 118 225 60 253 152 12 215 173
    206 156 62 228 183 189 203 219 60 94 59 245 88 222 55 141 93 15 247
    196 61 176 61 126 188 94 246 214 0 59 135 58 193 103 253 130 226 25
    115 121 221 105 151 38 53 158 194 122 219 125 50 223 237 107 182 22
    245 111 145 166 27 69 56 25 189 77 24 242 122 251 89 47 163 251 59
    213 220 222 55 77 93 15 119 196 61 241 61 126 164 254 247 214 0 187
    135 58 241 39 253 135 226 25 115 121 221 105 151 38 52 254 194 88
    211 253 114 223 237 107 148 22 245 110 145 166 91 13 184 25 189 77
    25 242 122 255 89 60 163 251 90 57 223 246 55 243 249 122 118 148
    119 245 63 250 177 122 118 215 57 111 134 45 193 115 173 138 227 29
    86 74 116 185 246 39 53 186 82 120 219 245 240 93 185 110 203 132
    241 110 153 173 24 5 248 29 156 73 16 242 59 159 89 22 33 250 125
    189 255 92 115 47 253 123 215 92 214 55 255 255 155 92 242 213 115
    102 247 47 211 119 126 234 230 29 122 92 124 105 207 38 85 190 214
    122 219 124 216 95 153 142 221 48 193 79 153 172 25 141 240 29 157
    65 56 242 123 187 90 87 43 248 141 138 134 101 232 243 162 246 24
    185 202 71 194 85 11 161 9 105 235 139 244 13 110 219 67 111 28 230
    204 71 35 214 255 51 81 32 117 170 236 32 121 52 114 182 205 227 187
    227 56 200 12 1 213 95 152 64 7 194 151 181 194 87 0 126 126 48 243
    39 255 167 155 173 222 191 210 63 253 78 147 84 122 151 91 210 249
    135 223 92 158 248 254 175 210 253 247 254 71 173 15 191 255 189 237
    95 88 68 71 138 199 109 139 53 189 238 24 1 246 188 156 243 68 246
    183 153 254 23 56 246 45 238 229 139 255 221 135 221 125 253 14 255
    189 63 255 237 203 245 233 40 249 81 219 120 121 245 25 55 191 91 27
    15 213 101 223 154 82 249 173 62 117 93 106 63 85 148 124 177 156
    189 28 44 151 189 142 46 56 228 34 172 218 207 44 250 252 238 255
    205 234 221 243 241 253 253 86 223 223 117 251 236 253 233 255 171
    253 125 94 253 251 127 29 246 109 215 255 254 231 249 107 117 254
    187 252 62 253 29 227 182 253 238 251 51 191 221 141 235 255 231 155
    255 119 223 222 237 243 255 121 254 255 60 226 51 223 162 131 216
    204 41 210 127 171 203 130 93 122 181 59 86 233 135 155 125 6 250
    248 47 210 29 99 174 207 175 212 191 82 53 109 118 88 84 18 139 201
    121 185 149 188 172 24 1 241 252 220 227 112 188 183 189 152 87 180
    90 26 49 95 246 119 115 251 254 86 152 244 117 109 91 145 113 114
    212 21 103 196 40 165 51 44 139 226 13 94 10 49 251 246 36 20 186 86
    112 201 245 208 92 155 14 208 4 193 78 153 173 30 5 248 29 156 73 16
    242 51 159 88 22 36 249 126 246 253 253 254 191 127 125 253 119 245
    184 237 59 180 95 242 213 91 109 185 115 211 125 221 202 172 191 127
    189 125 238 199 237 150 191 202 121 177 247 254 219 123 173 211 157
    197 31 159 172 156 11 96 189 159 125 80 246 123 220 123 86 62 255
    205 42 167 113 248 247 163 240 152 191 202 87 195 148 219 163 11 77
    235 107 252 133 78 216 11 127 31 166 204 70 51 222 127 18 213 169 21
    190 237 36 252 52 50 54 103 227 19 241 58 45 60 49 211 93 141 0 6
    200 7 133 78 23 97 254 250 220 254 223 238 223 219 165 255 245 31
    222 191 254 127 254 253 147 120 191 158 127 247 109 251 247 255 126
    47 251 223 47 135 253 99 85 254 207 250 123 115 221 229 105 191 62
    253 63 247 202 139 239 190 229 184 255 121 255 250 123 243 249 218
    222 13 34 103 161 156 180 169 248 172 191 194 126 193 73 147 65 138
    93 3 98 233 102 138 120 12 184 54 163 212 15 51 223 87 132 221 186
    80 249 105 22 108 68 74 14 71 129 219 49 24 124 24 33 208 157 156
    105 0 160 179 157 204 23 32 182 61 191 245 252 48 125 249 127 245
    252 236 245 95 125 188 255 251 252 227 107 245 104 116 179 221 171
    230 219 125 86 253 239 255 96 119 190 245 120 249 253 127 93 59 167
    244 179 247 110 184 164 92 79 242 29 158 77 62 242 119 191 90 86 39
    251 37 54 100 35 221 176 163 152 184 61 194 111 172 63 193 37 96 237
    143 176 249 66 27 252 64 56 104 167 252 87 97 215 125 233 223 49 117
    179 45 190 221 68 74 142 64 227 202 81 40 125 24 32 245 172 140 65
    54 244 135 148 202 135 36 28 61 190 255 253 62 255 251 125 249 254
