<?xml version="1.0"?>
<opencv_storage>
<ImageFile>"369.jpg"</ImageFile>
<Features type_id="opencv-matrix">
  <rows>149</rows>
  <cols>64</cols>
  <dt>u</dt>
  <data>
    44 238 239 233 186 253 167 241 189 254 234 155 217 61 251 236 139
    253 235 106 252 117 222 248 93 125 29 166 109 214 59 219 255 64 87
    170 85 250 237 60 126 125 122 191 85 183 119 97 187 173 28 13 211 29
    157 92 4 226 51 189 90 215 40 250 212 57 211 246 48 2 120 110 194
    129 245 241 103 194 150 90 114 199 54 111 15 173 225 135 143 139 231
    223 66 40 244 40 82 53 52 255 134 125 211 213 211 202 181 75 170 28
    233 46 195 166 115 215 104 26 52 73 192 187 113 251 121 52 161 251
    29 54 109 37 60 115 187 248 240 188 212 117 76 57 129 98 226 220 7
    107 225 32 228 118 44 184 164 139 94 15 113 123 117 36 21 186 86 120
    9 252 88 76 26 14 192 1 192 111 153 173 24 5 248 28 156 73 16 242 51
    156 88 23 32 251 223 49 219 246 55 51 249 254 86 144 245 241 39 218
    128 91 114 215 61 111 7 45 229 51 142 139 227 13 82 40 244 121 242
    38 52 186 82 120 211 213 208 72 185 78 233 4 193 110 153 172 27 133
    248 28 156 73 16 242 51 159 88 22 165 251 13 50 109 32 62 243 187
    120 240 190 246 49 77 25 177 99 226 252 15 104 224 98 140 252 44 185
    173 143 94 15 113 255 241 36 149 186 82 120 169 118 248 92 58 15 208
    161 208 109 153 173 28 5 248 29 158 73 16 242 59 156 216 23 32 251
    109 174 231 233 254 253 167 252 253 253 202 255 221 63 251 237 203
    253 251 104 253 85 222 252 109 253 28 183 252 95 59 223 221 229 93
    187 86 251 237 62 125 85 106 62 85 167 126 241 188 125 28 37 211 189
    159 76 116 236 163 173 202 79 36 254 44 39 101 176 19 53 37 127 165
    94 234 49 125 127 176 68 251 252 67 98 241 114 176 54 92 171 164 9
    122 216 121 201 198 38 86 186 82 112 1 124 124 87 24 143 212 21 197
    78 153 172 152 13 242 29 157 89 24 242 115 189 90 86 40 248 110 50
    101 184 191 189 47 93 229 123 233 184 237 63 180 119 242 244 67 112
    249 115 218 61 68 136 168 63 123 88 61 239 213 36 214 186 66 120 161
    247 110 94 90 15 212 23 229 79 152 164 152 0 226 29 159 89 24 178 51
    156 88 86 46 249 53 189 255 94 49 7 253 123 215 196 213 247 191 239
    151 94 242 247 34 103 247 47 209 119 255 170 230 93 82 24 252 105
    199 38 21 190 214 120 219 124 112 94 185 239 253 16 245 111 153 172
    25 141 240 29 156 65 56 242 115 187 90 87 43 251 126 48 251 167 255
    165 187 237 220 191 210 55 253 14 147 84 122 213 67 210 249 39 223
    92 156 232 252 175 90 221 245 238 71 172 7 191 255 185 41 126 88 68
    87 142 197 97 139 117 187 236 152 1 240 28 156 113 4 242 183 153 250
    23 40 246 179 55 209 118 117 130 89 75 198 1 145 115 175 75 132 21
    118 199 36 87 195 47 193 103 198 154 243 79 18 40 224 108 214 37 52
    158 66 56 203 85 65 72 57 203 201 16 245 79 136 166 24 1 240 24 156
    73 16 178 51 159 88 87 160 251 220 41 219 244 48 67 249 238 211 129
    213 245 87 226 146 218 171 213 178 111 7 173 230 19 173 203 178 29
    67 40 54 41 215 23 53 251 22 124 219 117 80 120 189 98 187 28 113
    238 219 174 123 215 240 28 180 76 209 250 115 251 89 53 161 251 13
    42 103 161 216 245 163 248 188 254 194 53 193 29 217 225 203 77 203
    104 249 1 142 249 15 252 28 133 220 6 51 223 117 3 93 187 84 246 45
    20 253 84 26 22 77 163 74 241 8 61 124 48 209 191 142 8 132 232 3
    140 76 7 32 182 125 61 255 222 114 39 121 123 215 236 213 181 127
    238 189 94 242 247 115 102 247 47 209 247 223 234 230 221 106 220
    252 233 231 39 37 190 150 126 211 124 250 223 157 238 253 50 193 111
    153 172 25 207 240 29 157 65 56 242 123 187 122 70 43 251 13 34 101
    161 252 255 163 120 248 60 194 119 205 61 155 65 202 237 203 104 245
    101 74 248 13 120 28 167 124 70 51 207 95 64 221 184 117 186 237 52
    253 84 26 38 69 161 247 97 184 188 24 1 242 29 158 73 38 210 23 173
    202 87 36 254 61 118 125 168 62 125 37 125 245 126 218 53 125 63 253
    229 243 252 195 240 241 82 29 188 221 44 236 209 121 215 253 251 233
    104 215 190 255 114 169 125 254 93 94 174 84 247 230 77 186 45 140
    15 242 29 223 93 62 242 31 188 250 218 110 244 126 50 241 183 191
    164 187 109 206 175 211 53 245 10 147 86 122 213 67 82 249 35 203
    125 156 136 236 175 82 185 117 238 71 172 69 190 214 185 161 94 56
    64 81 142 195 37 137 63 187 172 24 1 240 28 156 113 0 242 179 185
    248 7 32 246 242 49 243 214 55 2 93 75 198 1 149 112 119 202 180 94
    246 151 38 87 7 175 225 39 142 154 231 13 82 168 244 40 194 47 38
    158 66 124 83 212 80 202 181 75 201 28 129 78 129 166 80 5 96 24 148
    73 16 242 113 155 120 20 161 251 50 49 89 150 55 153 26 9 198 2 23
    116 61 98 48 80 118 214 66 240 195 50 193 102 140 130 228 73 82 184
    213 104 86 44 70 190 74 122 129 212 208 217 20 12 208 68 161 79 153
    172 24 5 112 29 157 89 16 114 51 188 88 22 34 249 251 212 92 190 223
    107 127 56 117 107 221 191 188 174 230 94 255 151 53 241 43 222 137
    60 100 253 251 59 251 103 255 237 89 229 61 251 39 253 125 127 49
    201 255 107 79 29 126 181 205 246 82 164 236 190 230 237 216 189 189
    251 157 47 176 134 141 138 167 97 232 251 162 240 56 189 234 71 194
    117 219 161 137 73 235 107 244 5 78 216 75 127 29 166 204 70 35 214
    255 16 65 32 117 186 237 32 253 52 58 182 197 227 147 225 56 237 12
    49 209 93 157 8 6 200 23 165 194 87 32 254 62 49 229 178 22 37 41
    127 212 14 210 53 121 134 177 67 242 212 67 80 241 18 229 151 140
    168 164 137 82 220 48 232 104 44 38 190 90 114 1 212 216 192 20 14
    66 101 2 78 185 36 218 0 98 28 148 81 144 178 43 156 73 6 32 240 121
    61 252 222 54 63 116 50 123 116 95 178 254 255 254 94 247 251 97 229
    117 245 83 247 219 126 245 252 104 212 254 225 223 108 71 182 203 90
    249 124 124 221 60 47 213 55 247 111 157 172 137 15 242 29 155 93 62
    247 51 189 91 243 104 234 235 220 222 127 239 223 222 137 63 113 45
    203 190 255 102 253 245 179 60 183 94 223 59 121 243 215 123 126 255
    115 222 55 155 255 90 85 243 197 254 251 119 191 110 125 221 95 255
    177 197 223 22 253 223 231 203 239 123 221 244 63 246 121 159 153
    127 53 117 126 83 39 101 110 196 68 209 49 125 235 132 86 250 148 3
    118 115 170 129 54 94 170 226 137 243 28 120 169 90 38 4 190 2 112
    17 92 28 194 157 203 64 17 193 78 25 36 91 4 96 24 148 73 136 242
    107 153 24 70 163 241 61 54 125 174 55 189 61 121 247 84 223 53 125
    62 189 84 242 246 67 96 241 114 145 118 220 168 228 25 122 216 253
    233 212 36 87 190 82 120 137 124 116 93 28 15 212 20 228 78 153 172
    24 5 242 29 156 73 24 242 51 188 88 87 32 248 51 55 117 134 25 140
    15 73 231 68 169 113 45 111 148 85 255 246 7 96 241 34 145 102 220
    191 229 9 18 24 249 105 198 36 84 190 192 120 33 92 101 74 56 175
    196 16 244 79 152 164 24 8 96 28 156 65 8 242 51 189 90 87 40 250
    123 116 124 190 63 165 95 45 247 238 253 185 61 170 164 126 242 182
    19 243 249 242 243 62 220 170 226 155 91 249 253 235 235 172 4 254
    255 121 161 253 90 207 125 169 210 21 195 79 155 174 26 13 232 29
    220 85 56 243 255 248 187 214 42 253 208 1 158 147 2 69 68 166 6 134
    61 134 30 166 51 98 93 82 112 173 11 213 231 161 136 117 189 104 32
    142 150 49 80 6 35 202 10 77 71 74 48 129 164 43 15 44 100 180 87 8
    179 148 26 90 32 222 217 113 40 81 77 176 64 226 249 158 231 253 255
    247 247 255 189 253 222 223 255 125 251 237 251 253 251 107 244 127
    222 251 111 239 58 182 253 87 127 255 255 227 253 113 247 255 253 53
    253 117 250 62 77 167 91 243 172 253 223 157 247 191 159 77 126 252
    239 207 223 15 45 254 61 189 253 86 87 175 113 123 215 84 214 117
    127 254 220 92 242 215 3 102 247 47 209 119 255 170 102 13 114 88
    248 105 198 38 85 190 214 122 219 124 209 213 157 143 200 18 229 207
    155 36 25 140 240 29 159 65 48 242 123 187 90 151 43 248 62 33 233
    176 18 77 8 79 197 226 211 52 113 134 187 246 251 84 3 66 135 176
    196 3 93 136 160 9 82 232 63 232 67 36 87 186 2 122 193 84 160 81 84
    40 214 20 229 110 153 172 24 5 242 29 148 89 16 242 51 185 89 86 32
