<?xml version="1.0"?>
<opencv_storage>
<ImageFile>"37.jpg"</ImageFile>
<Features type_id="opencv-matrix">
  <rows>188</rows>
  <cols>64</cols>
  <dt>u</dt>
  <data>
    42 204 238 203 170 221 215 5 63 245 46 204 157 126 127 236 157 179
    248 171 212 119 219 97 121 103 4 54 109 251 31 103 151 210 67 64 242
    219 250 58 247 191 108 101 149 214 245 99 151 200 143 45 183 69 251
    190 59 199 250 45 211 249 78 222 246 57 255 213 119 131 91 250 214
    129 213 242 239 202 146 90 114 215 126 215 31 175 195 199 142 114
    242 125 82 188 212 41 206 47 52 255 222 125 215 213 80 200 181 110
    155 60 129 174 223 174 153 211 112 56 156 67 80 63 115 219 56 53 177
    251 139 158 70 39 221 224 163 152 56 57 214 111 170 89 66 37 98 253
    173 208 224 14 175 120 34 188 89 34 254 67 35 95 125 227 217 112 119
    147 109 165 221 84 26 30 73 129 250 209 40 87 92 36 221 166 142 169
    50 148 167 142 134 7 132 92 139 158 2 103 221 224 161 152 56 57 194
    111 170 95 67 33 106 253 173 18 224 14 175 120 34 222 89 34 222 67
    35 95 61 227 89 112 119 151 109 36 205 84 74 30 73 129 250 209 104
    85 92 36 213 166 140 233 18 144 167 143 132 7 148 28 43 198 76 170
    47 158 159 9 189 247 37 202 153 59 52 5 128 245 8 105 196 119 210
    112 89 214 141 54 126 49 21 75 151 164 82 48 83 88 168 106 118 95 56
    45 213 20 245 107 153 172 24 5 244 29 157 73 16 242 51 189 88 87 32
    251 77 206 236 137 217 189 167 208 61 255 32 202 136 57 255 13 201
    125 169 104 248 85 218 120 65 253 25 38 252 3 59 3 213 64 223 41 81
    249 45 32 116 86 58 191 85 144 116 241 24 140 24 36 209 221 143 12
    24 228 51 188 72 215 40 250 13 198 100 169 216 252 167 208 61 127 34
    75 136 57 255 133 203 125 169 96 248 65 26 120 69 253 25 34 252 66
    51 23 213 64 223 32 113 249 45 32 116 20 58 183 85 144 126 241 24
    156 24 36 209 157 140 40 24 204 35 172 202 215 32 250 100 34 101 35
    216 178 162 120 196 42 194 50 225 3 145 1 82 109 203 68 249 71 27
    212 0 112 60 165 130 140 33 130 77 12 199 175 25 56 37 68 44 64 16
    141 69 233 146 85 58 44 152 32 243 61 76 81 4 42 19 148 72 211 104
    112 13 51 81 50 25 32 32 90 64 0 194 117 98 67 128 81 98 68 135 64
    225 44 137 87 6 154 33 137 82 14 32 89 82 38 85 186 1 56 73 84 201
    80 24 3 64 1 98 207 136 36 16 4 240 28 140 73 16 178 35 173 72 23 37
    250 60 59 247 222 50 207 113 127 215 244 222 181 125 190 185 238 251
    212 227 106 183 30 205 183 253 168 38 29 127 217 92 239 207 102 103
    190 214 254 219 94 181 213 229 38 14 166 101 238 159 36 255 220 178
    29 151 93 104 98 107 251 219 13 47 246 15 134 200 169 139 144 166 9
    61 251 32 202 152 57 36 7 128 57 33 249 200 87 218 121 85 208 25 39
    94 0 33 3 215 128 87 160 115 120 169 32 100 94 56 45 213 21 118 113
    25 172 24 5 241 29 220 40 16 242 55 188 88 83 40 251 58 56 247 158
    23 79 81 47 215 228 94 181 63 190 187 254 255 214 97 42 148 31 205
    39 251 168 228 13 123 217 220 239 197 39 53 190 214 118 219 126 177
    213 197 46 14 150 101 238 221 36 223 157 178 28 181 77 184 114 107
    249 91 12 34 246 173 238 111 109 189 189 255 217 57 223 236 235 206
    123 238 109 129 237 173 59 245 117 82 242 113 127 145 183 125 119 47
    211 159 80 209 160 245 216 248 57 126 63 123 181 245 211 247 107 186
    255 40 111 209 237 219 76 62 215 215 167 250 251 239 91 239 34 239
    245 255 181 251 248 188 191 210 123 235 153 178 71 128 221 95 123
    248 135 234 124 13 186 190 167 220 85 51 191 123 45 148 251 87 125
    165 245 216 78 58 30 211 37 202 17 25 173 24 5 217 189 159 72 16 242
    51 156 76 22 32 187 242 25 146 87 34 66 216 167 90 153 81 205 50 194
    3 186 127 130 124 223 15 173 231 151 171 91 243 236 67 166 230 52
    106 47 44 245 95 45 206 244 217 108 177 126 171 61 27 254 205 194
    126 211 248 14 48 195 215 251 97 243 125 33 145 171 207 245 109 208
    254 157 95 65 43 103 169 250 222 105 244 93 226 245 39 103 143 124
    48 122 78 215 179 63 211 14 53 33 210 38 28 155 66 121 251 214 18
    234 60 111 209 28 245 31 153 172 16 5 104 29 148 73 24 242 49 191 88
    87 34 187 129 207 222 90 40 91 212 135 123 185 44 203 30 247 110 184
    239 130 172 171 197 124 109 243 227 71 243 242 109 71 155 118 255 82
    80 96 127 218 250 224 246 63 106 119 180 150 247 239 185 233 46 87
    244 13 219 205 23 215 150 165 80 113 195 203 237 46 231 125 254 111
    163 255 253 253 234 63 207 253 251 237 171 253 251 110 124 143 254
    188 95 109 156 182 253 87 123 223 237 105 103 249 215 182 253 124
    255 92 90 190 205 227 239 241 172 172 92 9 211 255 156 77 126 236
    103 188 206 70 46 252 187 244 108 138 255 157 23 9 255 71 189 250
    189 127 228 85 243 247 22 113 201 114 145 100 116 214 121 63 254 59
    87 41 146 236 222 222 194 121 185 255 118 223 108 41 213 92 244 21
    133 181 16 12 232 149 206 123 56 246 50 189 216 223 44 184 120 175
    255 223 226 159 95 119 255 255 14 155 223 254 191 206 247 247 250 47
    254 255 210 247 219 226 190 60 105 216 92 169 199 71 71 181 214 127
    247 124 246 255 253 239 253 254 229 239 191 172 152 223 243 125 159
    223 125 254 123 191 123 253 251 251 42 9 139 186 3 76 72 15 79 98 27
    148 51 198 127 254 203 22 33 80 6 148 193 35 95 213 178 9 83 250 62
    105 135 166 85 186 35 110 203 86 32 221 116 105 30 22 101 238 211 44
    26 132 162 21 180 57 144 226 41 185 29 77 34 242 195 20 128 35 205
    128 2 8 194 33 128 98 162 73 2 17 108 35 39 208 200 7 27 69 194 90
    121 110 146 0 193 70 143 173 66 52 43 8 108 66 104 64 32 137 193 121
    191 7 56 206 24 0 244 8 88 227 50 50 151 181 16 83 52 74 118 117 121
    154 82 14 95 11 195 70 57 48 117 230 180 86 242 87 48 36 11 181 17 7
    222 214 231 13 2 184 92 40 130 12 6 191 138 120 67 92 34 203 149 105
    149 92 165 14 151 164 16 70 42 24 20 219 88 50 121 57 56 84 120 176
    3 16 0 34 5 0 4 8 2 0 0 96 32 10 4 17 102 34 5 208 193 34 129 70 0
    152 96 9 18 32 129 96 16 44 16 150 35 0 1 196 0 194 24 9 64 81 134
    78 16 38 16 4 96 0 72 65 16 50 55 144 24 82 32 73 197 142 119 169
    216 252 167 240 40 125 202 15 192 61 203 161 203 109 137 96 248 193
    14 248 78 253 25 162 188 6 59 31 117 193 93 41 20 243 45 38 101 20
    26 150 69 130 126 145 136 29 92 52 209 255 143 41 140 204 3 164 196
    71 36 180 186 81 155 246 39 66 89 175 198 130 245 144 119 192 20 90
    127 214 102 95 6 174 229 7 141 159 247 9 83 186 118 184 66 44 52 222
    74 124 194 213 48 200 181 107 154 20 177 110 203 172 83 129 104 26
    180 65 145 242 49 251 93 20 32 187 67 20 128 34 205 130 2 8 226 33
    128 98 162 75 2 17 108 35 33 208 192 7 27 69 194 82 120 110 146 0
    193 70 143 172 66 20 41 8 45 66 104 64 0 137 193 121 183 71 48 198
    24 0 244 0 88 227 50 50 150 181 16 83 52 74 61 255 238 248 119 191
    125 123 245 90 248 241 127 251 228 77 226 181 239 127 247 127 209
    119 87 255 227 181 126 92 112 233 222 102 92 187 214 124 241 244 126
    126 186 239 215 53 215 79 153 172 24 5 224 29 223 77 24 246 119 191
    90 87 169 251 214 50 83 165 124 98 187 232 192 190 83 23 193 4 209
    114 234 205 7 99 200 128 132 88 140 220 191 143 210 43 51 254 113
    165 125 187 126 124 169 86 65 68 17 46 199 4 200 125 137 172 88 1
    240 30 156 73 192 114 51 248 76 7 32 182 68 35 147 52 0 130 40 103
    192 170 195 54 192 192 131 2 10 9 227 66 207 45 66 211 144 26 150
    196 0 132 32 194 79 18 69 170 25 40 225 76 104 52 176 167 229 113
    163 111 185 174 8 67 240 29 28 65 5 243 19 177 40 115 225 106 133 6
    0 0 217 128 2 72 36 65 2 67 128 73 160 5 96 117 5 68 64 34 144 96 6
    152 25 9 144 8 33 1 84 36 86 154 0 112 5 132 65 64 24 139 64 64 208
    69 8 36 16 4 112 24 140 1 16 112 51 156 72 87 32 248 109 52 206 23
    95 163 177 126 240 184 196 117 174 203 163 75 234 245 35 211 241 39
    203 255 66 106 244 47 82 13 225 102 223 44 21 190 83 56 233 116 120
    92 58 47 213 113 179 111 185 172 24 5 240 28 156 65 16 178 183 189
    152 87 32 250 216 205 142 221 98 95 218 247 27 245 127 143 90 244
    123 170 141 153 248 175 30 221 231 147 251 103 154 246 105 199 158
