<?xml version="1.0"?>
<opencv_storage>
<ImageFile>"370.jpg"</ImageFile>
<Features type_id="opencv-matrix">
  <rows>245</rows>
  <cols>64</cols>
  <dt>u</dt>
  <data>
    62 117 125 152 54 29 29 99 103 70 185 16 93 109 253 84 245 246 66
    228 83 112 145 34 220 181 229 89 163 156 220 41 192 44 215 158 202
    112 129 92 54 219 28 141 212 148 244 78 147 172 16 13 34 29 151 89
    24 242 121 188 88 214 104 240 172 206 239 233 234 255 247 245 189
    253 238 207 219 125 255 237 137 121 251 107 244 69 126 241 123 127
    29 182 237 215 59 215 239 96 67 240 215 251 253 60 255 61 122 182
    213 247 247 227 185 173 156 13 209 29 157 12 54 230 119 189 74 87 42
    250 23 54 77 117 61 176 187 120 240 191 245 113 236 57 129 98 98 213
    7 107 233 34 194 126 12 186 165 63 86 15 97 127 243 36 20 186 82 56
    233 254 120 76 56 15 208 0 209 111 153 173 24 5 240 28 156 73 16 242
    51 157 88 22 32 250 63 246 125 142 55 253 29 121 247 86 253 180 125
    63 253 117 243 246 67 96 241 114 209 118 221 189 229 89 123 218 253
    233 212 108 87 190 210 120 137 124 118 95 60 175 212 22 244 110 153
    172 24 13 242 29 156 73 24 242 51 188 90 87 42 250 90 57 223 246 54
    179 249 122 214 144 117 245 127 242 145 122 114 215 121 111 198 45
    193 119 173 202 227 29 86 10 52 249 246 39 53 186 82 120 219 245 112
    92 185 111 201 132 241 110 153 172 25 5 248 28 156 73 16 242 59 159
    88 23 33 250 58 149 253 222 46 159 217 35 247 252 23 213 189 122 60
    84 246 247 96 35 244 119 211 119 217 170 228 94 122 249 245 235 215
    44 71 190 218 120 248 124 112 93 61 47 213 20 245 111 153 172 152 13
    240 29 156 73 16 242 115 189 90 87 40 250 93 242 77 33 126 243 187
    120 240 190 244 245 237 57 129 97 226 253 31 105 224 97 140 248 12
    185 169 175 94 15 113 127 241 36 149 186 82 120 169 246 250 92 58 30
    209 129 240 109 153 173 28 5 248 29 158 73 16 242 51 156 216 86 32
    249 126 48 251 167 255 181 187 172 222 191 210 127 253 10 179 84 122
    215 91 210 233 51 207 124 188 184 254 175 222 253 247 238 71 173 15
    191 255 185 233 127 217 68 83 14 195 101 155 117 191 236 24 1 244
    157 156 113 214 242 183 157 254 31 32 246 62 48 243 167 191 165 187
    236 222 191 211 127 253 14 155 84 122 215 67 83 233 43 207 124 189
    168 246 175 86 249 245 238 103 172 111 190 254 251 233 95 249 76 231
    46 199 37 153 55 187 238 153 1 244 148 156 113 0 242 187 249 251 15
    32 246 90 59 223 214 119 115 219 126 86 152 247 117 47 210 145 113
    114 213 121 102 198 45 165 115 46 139 162 13 86 10 48 123 246 38 21
    186 82 112 201 244 240 92 152 14 209 134 209 110 153 172 30 5 240 29
    156 73 16 242 51 159 88 22 32 249 110 246 101 173 255 173 47 93 173
    127 248 185 173 47 182 85 242 245 67 112 249 99 218 124 76 200 168
    63 123 25 121 239 215 164 214 186 210 120 161 247 94 94 90 175 212
    21 237 19 152 164 24 0 226 189 159 73 24 182 51 188 218 86 38 249 45
    174 239 233 168 253 225 245 57 253 78 221 220 61 251 236 139 233 251
    42 245 125 94 249 121 125 20 182 109 215 63 207 159 211 233 32 245
    219 253 42 253 61 234 182 125 163 127 227 191 217 173 255 215 229
    219 156 111 206 206 231 195 235 207 222 118 49 211 214 86 2 89 78
    198 0 17 48 119 194 182 91 126 215 34 71 3 175 97 7 142 147 246 77 2
    168 208 40 86 47 6 158 74 60 67 84 0 202 180 75 137 92 129 14 209
    164 16 65 96 24 20 75 16 114 49 159 120 85 33 251 61 189 255 94 51 7
    253 127 215 212 215 183 127 255 155 94 242 213 35 102 119 47 209 119
    127 234 230 29 122 24 124 105 231 38 85 190 214 126 219 124 240 94
    185 238 221 50 209 111 153 172 25 141 240 29 157 65 48 242 123 187
    90 87 35 251 18 49 201 146 54 155 90 6 198 2 23 84 29 98 48 80 116
    214 0 244 194 51 193 103 140 130 228 77 82 168 213 104 215 44 7 158
    74 120 201 84 144 217 20 9 208 20 225 110 153 172 24 5 240 29 156 89
    16 242 51 189 88 23 32 251 54 52 89 150 18 12 29 9 231 102 57 48 61
    174 180 86 242 214 0 96 137 162 145 38 92 132 164 9 18 184 121 105
    80 36 20 186 66 112 1 222 34 202 28 9 212 20 228 76 145 164 16 4 32
    24 148 73 152 114 49 184 88 86 32 176 45 182 109 169 254 253 167 117
    253 126 202 61 221 61 251 229 219 252 203 96 241 81 30 248 253 109
    44 183 253 215 123 207 221 192 223 42 95 243 173 62 124 85 90 174 85
    231 246 113 186 124 28 13 242 157 159 89 158 198 143 172 218 203 106
    244 62 178 253 171 63 181 189 125 253 255 249 184 237 47 191 87 251
    212 67 105 249 114 218 125 77 137 160 59 123 217 61 239 213 228 223
    186 82 248 169 119 126 78 122 47 214 149 245 123 154 172 24 1 224
    157 156 93 24 242 51 157 89 87 42 247 51 23 208 86 117 34 5 90 230
    80 129 115 167 91 128 21 118 199 0 84 194 47 129 119 134 154 240 77
    22 40 192 105 158 37 20 190 66 56 73 85 65 72 26 143 201 1 245 79
    136 166 24 1 240 24 158 73 16 114 55 159 88 71 164 90 55 55 117 6 26
    142 5 67 227 68 27 113 125 111 148 84 251 246 39 97 241 42 177 103
    220 255 165 31 50 26 121 105 198 36 84 190 192 120 233 92 101 88 56
    171 197 16 245 79 137 164 24 12 242 28 156 73 8 242 51 189 88 87 32
    250 114 49 145 22 247 130 94 10 198 1 21 114 191 194 20 82 118 151
    60 213 139 47 195 71 142 210 238 111 18 184 196 40 6 45 4 159 202 8
    2 215 0 202 165 73 137 28 181 15 213 166 17 67 32 48 62 227 81 51 50
    155 56 53 176 234 58 245 125 222 55 157 95 9 255 71 21 250 189 126
    252 85 246 247 116 183 215 127 211 103 253 214 243 127 126 250 213
    41 151 108 215 158 202 121 251 125 112 221 253 109 213 20 245 111
    151 174 152 15 226 29 158 93 56 243 114 191 121 223 40 250 77 42 167
    225 216 245 163 244 152 190 194 23 193 149 219 163 139 77 235 106
    252 133 78 152 13 125 29 166 220 70 51 223 121 2 221 169 21 254 45 4
    252 52 58 54 71 167 66 241 56 45 60 52 209 93 143 8 134 200 3 140 76
    23 33 178 109 54 109 41 255 191 163 121 189 126 194 61 205 29 249
    229 194 253 203 96 249 83 26 245 85 168 140 133 124 84 57 219 237 0
    215 186 85 114 133 116 222 86 26 142 85 231 194 69 184 45 24 13 242
    61 159 89 20 230 55 188 90 214 46 249 253 59 247 116 116 39 125 122
    244 61 193 115 239 235 150 95 242 237 255 103 127 175 210 247 142
    250 246 223 90 44 116 169 87 47 38 191 212 60 211 125 92 104 187 207
    235 121 167 207 248 164 24 211 224 62 156 69 120 190 115 159 126 119
    161 250 127 37 97 62 87 6 69 111 198 68 217 48 125 238 132 86 227 20
    3 116 115 170 145 38 94 136 162 9 211 24 120 41 194 46 20 186 74 112
    1 220 18 194 156 202 68 16 197 78 17 36 82 12 96 24 148 65 136 178
    105 184 24 70 34 240 109 38 125 9 216 247 163 120 160 118 198 20 193
    61 153 37 74 109 203 96 240 87 24 241 26 48 28 132 108 6 35 219 77
    66 129 170 16 178 77 26 60 16 24 134 85 225 98 227 27 44 169 56 177
    93 204 17 56 76 11 141 202 131 109 210 59 189 255 218 119 31 81 111
    215 84 214 181 127 254 156 92 242 247 115 102 247 63 209 119 255 170
    230 13 122 217 120 105 199 38 21 190 214 122 219 124 210 223 153 207
    221 18 229 207 155 172 25 141 240 29 159 65 48 242 123 187 90 151 43
    249 55 189 255 222 23 15 81 107 215 68 213 247 63 239 150 94 242 215
    50 103 87 47 209 103 255 170 230 13 82 24 88 105 199 38 21 190 214
    126 219 124 82 222 153 239 221 16 229 239 155 164 25 141 240 29 156
    73 24 242 123 187 90 85 43 251 46 39 101 186 22 55 5 123 229 70 216
    48 121 110 177 70 195 84 67 100 113 242 145 54 92 172 164 9 82 152
    56 201 64 44 86 186 66 112 1 92 60 67 20 142 84 52 196 78 25 44 24
    12 114 29 140 89 8 226 51 188 74 86 40 240 62 185 255 214 54 23 89
    126 215 198 213 240 127 226 148 90 246 214 98 107 151 60 193 215 173
    170 230 95 66 253 244 105 215 62 52 190 222 124 210 117 80 219 181
    111 186 20 209 111 155 174 25 199 240 29 188 77 17 243 123 251 121
    53 161 251 45 50 229 160 28 181 169 124 244 254 210 53 233 15 153 69
    202 92 195 96 225 32 202 125 12 184 36 131 90 77 49 207 85 164 221
    186 118 250 41 86 252 68 90 14 70 129 195 107 152 44 24 5 240 29 156
    73 16 162 51 189 200 23 32 246 62 53 109 186 54 63 53 123 245 86 253
