<?xml version="1.0"?>
<opencv_storage>
<ImageFile>"373.jpg"</ImageFile>
<Features type_id="opencv-matrix">
  <rows>98</rows>
  <cols>64</cols>
  <dt>u</dt>
  <data>
    124 255 253 252 55 255 127 123 253 255 253 251 255 255 252 95 251
    253 255 123 245 119 209 255 253 255 247 255 127 255 255 235 207 92
    199 190 222 120 249 125 126 223 255 175 247 117 247 111 191 174 152
    79 242 29 222 93 60 247 119 191 251 223 233 250 125 255 253 252 63
    255 127 123 253 254 253 251 255 254 252 223 251 253 255 123 245 127
    209 247 253 255 247 255 127 255 255 235 207 124 199 190 222 120 249
    125 126 223 255 175 245 117 247 111 191 175 152 79 250 29 223 93 60
    247 119 191 251 223 173 250 105 254 239 251 254 191 255 123 253 255
    104 219 191 255 252 207 219 245 255 107 254 127 219 127 95 255 183
    183 127 211 127 239 199 239 215 55 247 253 253 127 126 127 238 255
    213 247 247 251 189 237 152 77 247 61 159 221 121 254 243 191 251
    223 57 254 122 252 255 171 215 255 71 127 255 71 222 188 191 174 253
    254 251 247 123 124 191 87 223 61 255 253 125 45 119 219 126 169 196
    111 207 223 194 119 237 126 58 221 116 47 95 190 124 180 223 37 214
    156 170 189 135 255 216 252 105 248 95 205 58 178 122 124 247 139
    215 239 7 127 239 103 186 188 191 174 255 255 251 247 123 100 62 151
    159 45 95 253 125 45 211 218 126 173 64 47 127 223 194 119 109 94 50
    213 116 47 95 190 108 180 197 36 210 188 171 191 133 243 216 188 105
    184 95 76 58 178 110 207 236 138 215 223 7 11 191 86 14 62 189 254
    253 253 211 245 121 36 85 87 145 101 95 212 29 45 186 218 30 41 146
    103 87 187 66 122 205 124 54 213 28 45 85 222 116 228 149 44 152 12
    179 61 143 219 24 252 43 188 91 93 58 248 251 222 254 239 255 255
    255 241 255 255 252 219 255 253 126 253 255 255 255 187 252 223 191
    124 239 255 127 246 255 119 255 255 245 235 254 117 255 247 252 247
    255 223 235 127 223 255 126 177 237 217 126 253 221 231 175 239 255
    221 236 111 247 253 159 191 255 254 127 237 255 253 255 248 189 255
    252 251 239 125 126 253 253 255 255 187 253 255 186 124 231 255 123
    243 255 119 255 255 223 251 222 117 255 253 252 191 127 255 235 255
    255 251 254 49 236 223 158 239 207 231 207 255 127 221 245 47 247
    255 191 191 220 234 255 253 251 255 242 239 157 249 206 191 215 246
    251 238 251 157 251 111 253 159 238 59 127 207 186 231 221 199 63
    254 255 163 119 251 119 255 253 118 251 125 246 54 127 159 111 243
    253 44 126 181 243 127 157 73 212 252 239 173 95 79 179 254 253 253
    255 253 255 253 251 249 253 255 222 255 255 126 255 253 251 221 255
    123 255 255 175 252 239 254 115 187 255 95 255 191 255 231 221 255
    86 247 253 247 223 223 223 94 217 175 219 183 173 189 30 245 250 191
    159 109 216 252 253 175 223 31 183 189 255 252 255 249 255 249 251
    248 253 127 220 255 255 127 239 253 251 245 63 122 255 255 175 124
    231 254 123 191 255 95 255 191 255 239 157 255 126 247 253 247 223
    223 222 92 217 159 251 183 255 191 30 229 248 183 223 109 220 252
    253 191 223 159 191 189 220 185 191 85 232 243 250 244 26 187 198 79
    210 80 163 33 108 201 251 195 213 45 78 219 175 122 246 238 68 71
    179 118 255 50 85 173 94 248 233 116 216 92 50 14 241 117 147 111
    185 236 24 71 240 93 156 65 23 243 55 189 88 119 33 251 252 189 255
    253 126 127 123 255 255 253 214 189 127 254 191 222 251 255 123 111
    253 255 247 183 223 235 244 255 123 221 254 235 223 44 87 254 223
    123 249 124 248 95 127 46 213 55 231 111 189 172 155 13 242 29 157
    93 60 246 115 189 91 87 42 251 255 252 254 123 63 189 253 153 255
    255 237 250 255 251 236 127 247 183 255 251 255 119 91 127 245 119
    243 255 127 127 239 247 223 204 222 247 251 253 249 255 126 95 111
    253 247 115 247 127 255 255 24 79 254 189 253 125 62 183 247 191 191
    251 253 31 47 228 105 184 25 156 111 77 173 106 168 184 57 111 236
    223 139 60 1 96 167 114 218 59 85 205 3 39 83 185 57 205 149 198 95
    139 32 244 53 62 38 234 124 233 86 223 117 147 81 36 54 4 99 21 231
    60 152 226 235 189 200 214 59 177 42 150 44 136 46 157 158 53 63 86
    23 68 156 125 61 5 148 187 64 176 212 115 82 243 241 32 196 92 108
    213 221 227 223 88 195 36 219 74 168 105 244 31 94 44 213 244 247 79
    187 238 136 15 182 13 217 89 62 211 62 181 114 219 110 202 253 254
    255 237 250 191 255 249 253 255 254 251 223 125 251 236 179 253 255
    43 253 125 158 253 255 127 63 247 237 223 127 255 255 209 79 239 254
    255 253 191 255 95 235 182 253 163 219 115 191 253 141 255 249 253
    159 127 118 222 247 175 255 223 123 255 42 150 44 138 175 157 150 17
    63 86 7 68 156 125 61 5 148 187 64 176 212 115 83 243 241 48 196 92
    108 244 221 227 159 88 195 36 219 74 168 105 244 29 94 140 213 244
    247 79 187 238 136 15 182 13 217 89 62 211 62 181 114 219 110 202
    229 206 239 201 221 255 163 216 189 117 142 127 175 127 239 237 194
    117 159 36 252 199 190 120 118 236 24 39 255 91 91 31 253 231 223 91
    82 247 61 190 151 247 74 150 89 218 248 145 140 93 86 60 157 247 135
    171 248 204 168 44 222 205 62 181 251 253 255 247 55 245 249 250 223
    255 247 251 239 200 210 126 254 215 127 123 254 175 231 127 175 251
    247 255 90 119 246 191 127 47 60 255 215 125 251 245 216 204 251 126
    251 49 219 127 159 174 26 199 248 191 156 69 209 242 115 255 255 55
    161 191 55 53 121 214 55 136 89 79 198 98 149 240 37 74 132 86 122
    214 0 83 135 42 224 103 141 147 226 79 82 57 213 105 199 36 20 158
    194 120 227 87 176 218 177 105 146 20 181 111 147 174 24 5 96 25 180
    65 16 242 51 251 88 87 32 251 45 175 247 252 16 239 229 127 225 212
    202 181 87 247 221 202 235 108 227 106 183 44 92 211 223 255 22 149
    109 206 122 205 199 66 117 186 156 254 251 60 61 53 188 231 111 177
    119 234 216 164 237 254 242 29 30 12 44 202 75 235 203 111 237 246
    125 191 255 252 127 63 255 123 181 254 214 183 223 255 187 79 248
    253 251 111 245 119 210 251 221 126 254 247 120 213 255 235 223 56
    215 191 247 120 249 125 124 93 127 47 245 53 247 111 189 174 24 13
    242 29 156 93 30 246 119 189 251 215 40 250 237 54 231 49 220 183
    167 120 228 63 240 123 239 203 146 77 250 237 239 119 249 7 123 253
    134 251 253 167 218 20 99 207 95 47 214 191 93 60 109 116 124 68 58
    175 209 113 255 247 184 172 24 1 243 188 156 73 4 182 151 157 218 87
    32 122 254 185 255 247 54 251 249 126 254 157 215 253 255 250 178
    250 250 215 127 255 255 125 231 247 175 250 246 191 126 255 246 171
    223 45 53 190 222 123 249 245 216 221 187 46 249 53 243 111 159 174
    155 199 240 29 156 77 80 247 51 255 121 31 166 251 253 62 247 241
    254 247 171 248 252 255 210 123 239 249 179 69 251 253 251 102 253
    247 218 253 142 255 255 191 254 86 115 255 95 111 223 191 95 124 253
    124 124 68 122 191 213 33 255 119 190 172 24 5 242 189 156 89 100
    246 115 159 222 215 40 254 59 49 216 182 63 130 93 10 246 34 21 112
    189 74 32 87 118 247 0 145 195 62 209 111 132 146 226 31 18 121 213
    101 23 172 150 182 235 88 99 87 64 201 103 105 193 68 181 79 145 166
    24 7 102 16 254 65 24 51 179 159 57 31 164 250 92 41 191 245 34 247
    248 246 81 190 211 151 222 229 27 10 189 201 251 239 167 93 194 219
    175 94 182 246 76 231 182 238 87 243 45 109 127 237 254 81 121 164
    251 126 239 173 119 251 255 200 43 211 233 125 60 92 207 207 91 211
    101 41 209 166 253 54 247 113 254 183 171 248 252 191 242 123 239
    249 179 69 250 253 235 103 249 247 219 253 142 251 255 175 222 86
    115 239 95 47 223 191 93 60 125 116 124 68 122 191 213 97 255 247
    188 172 24 5 242 189 156 89 68 254 23 159 222 215 40 250 58 253 255
    223 63 189 221 59 255 253 221 249 255 127 252 95 255 247 242 187 247
    127 211 255 249 126 231 255 126 251 253 239 223 236 175 182 255 121
    250 125 121 223 239 239 255 117 255 111 189 254 137 207 252 157 158
    93 62 247 255 255 251 255 175 222 23 49 89 84 53 0 89 126 194 2 181
    240 103 67 132 83 106 198 38 67 7 40 224 67 140 147 227 73 18 40 64
