<?xml version="1.0"?>
<opencv_storage>
<ImageFile>"376.jpg"</ImageFile>
<Features type_id="opencv-matrix">
  <rows>303</rows>
  <cols>64</cols>
  <dt>u</dt>
  <data>
    172 206 238 205 170 221 247 245 61 245 15 207 159 60 127 237 157 249
    248 171 180 117 94 249 121 119 29 246 109 247 223 231 159 208 243 64
    247 217 250 59 117 189 239 55 181 180 127 35 191 219 175 127 223 229
    250 254 127 223 254 239 243 249 205 222 187 254 255 235 55 125 213
    187 255 215 253 250 191 63 126 253 255 247 122 187 245 119 211 119
    249 247 245 123 127 251 223 235 159 108 211 246 255 89 249 121 124
    221 127 189 149 245 245 111 191 191 143 15 254 5 250 93 62 247 254
    255 251 219 108 222 249 220 255 253 55 255 253 255 189 255 222 159
    223 188 255 238 255 253 123 107 252 215 214 115 125 255 185 190 125
    215 126 235 223 100 119 250 215 123 249 124 126 221 125 63 215 183
    247 111 159 172 159 13 250 29 159 93 56 246 123 253 219 223 42 250
    69 34 147 19 200 194 162 196 72 177 2 103 192 83 131 1 106 171 161
    66 197 37 74 219 194 90 188 239 0 8 35 70 215 134 69 178 17 152 237
    102 96 20 40 166 213 80 177 107 152 236 8 1 244 29 28 65 20 250 147
    181 88 87 97 122 69 34 147 19 200 210 162 196 32 185 2 103 128 83
    131 1 106 171 161 66 197 37 78 219 66 91 28 231 0 10 35 70 215 2 69
    178 17 152 237 118 96 20 40 167 213 112 177 107 153 236 8 1 244 29
    156 65 20 250 19 181 88 87 32 122 69 34 147 51 200 194 162 204 192
    160 2 103 224 83 131 16 106 139 169 66 193 37 74 223 194 218 124 239
    2 8 35 70 151 135 69 62 17 152 109 70 104 84 32 135 229 105 179 107
    152 236 8 1 244 28 28 193 4 250 147 165 88 87 97 122 92 59 215 245
    120 183 126 243 16 191 81 19 214 226 147 90 122 217 121 111 207 173
    194 155 142 90 182 255 64 141 180 238 83 53 53 187 86 125 241 86 112
    72 185 46 239 140 203 127 159 172 24 199 240 92 156 73 64 251 51 217
    92 54 33 246 76 14 246 213 200 207 162 231 61 253 10 5 215 244 187
    230 227 217 201 98 220 173 94 187 91 74 174 70 200 197 59 231 247 35
    71 187 80 242 237 252 212 92 88 6 197 22 195 111 157 172 24 5 242 29
    157 73 16 254 51 189 90 86 33 248 252 237 239 255 119 247 255 255
    253 255 253 251 255 254 251 238 155 153 251 255 255 255 247 191 127
    111 159 183 111 255 126 254 255 127 39 247 255 255 255 125 122 127
    255 126 255 255 219 251 255 238 191 255 219 255 253 222 255 255 255
    255 255 253 251 255 51 150 214 195 255 181 135 56 246 253 16 75 175
    59 16 21 126 247 109 185 240 71 219 125 138 250 125 62 62 89 241 111
    215 236 222 52 118 184 45 103 117 68 106 175 209 96 253 103 184 252
    24 1 246 184 158 73 32 246 178 157 218 215 36 254 252 253 255 253
    126 255 255 247 253 255 125 251 223 230 255 254 251 223 127 239 191
    253 255 191 255 127 191 255 73 223 254 254 227 175 175 255 223 253
    255 247 122 238 255 127 255 63 255 255 255 236 94 215 237 255 157
    223 223 255 123 255 255 127 251 183 124 57 255 154 50 223 126 119
    119 226 253 184 127 178 190 222 251 147 123 255 191 213 83 183 217
    107 252 253 97 220 252 224 203 12 71 190 139 120 241 124 58 223 245
    39 247 61 103 110 159 174 169 207 242 29 88 93 120 255 123 249 59
    242 104 202 13 140 140 156 34 221 216 37 27 250 15 141 16 54 45 234
    141 154 128 171 212 49 66 211 121 64 128 86 65 225 157 99 215 16 81
    32 223 74 232 120 242 29 125 46 180 22 231 111 155 234 24 7 244 29
    152 73 22 243 59 189 89 91 98 234 60 174 239 169 218 253 163 253 253
    252 222 189 93 126 251 236 251 252 219 98 245 115 222 188 123 109 28
    182 253 215 127 255 237 104 71 176 247 243 253 124 254 29 86 38 85
    183 247 97 191 236 143 13 242 29 156 93 62 230 239 189 219 207 46
    254 248 221 255 222 34 79 117 183 183 212 124 139 31 253 126 206 255
    246 225 47 118 223 244 179 91 127 183 120 249 210 94 169 218 102 115
    240 215 92 218 124 118 255 188 247 221 52 117 238 221 160 223 221
    242 31 158 77 57 244 123 127 91 125 137 250 184 223 255 95 190 221
    221 185 251 187 55 203 255 241 127 207 255 215 126 59 222 127 247
    255 251 255 247 58 127 91 63 62 223 110 109 126 218 253 250 119 248
    127 233 63 255 244 253 55 189 143 30 247 252 157 157 77 17 246 251
    191 125 93 129 254 217 222 12 251 239 191 126 49 61 127 120 11 156
    237 126 13 245 219 125 228 252 213 155 56 90 125 187 126 249 83 255
    231 211 97 89 113 87 69 180 96 118 206 126 63 85 159 254 213 157 193
    24 4 238 111 143 205 219 245 59 189 86 114 0 176 59 245 124 206 63
    29 221 57 247 84 189 241 61 127 124 85 246 246 70 184 245 114 145
    118 241 182 229 91 127 123 221 121 222 108 158 158 206 90 187 253
    247 223 207 47 212 246 244 79 163 183 145 15 42 5 223 93 56 243 126
    190 251 223 174 153 250 248 202 247 255 192 218 137 94 185 21 255
    191 78 50 92 126 147 60 147 207 63 203 79 183 214 243 63 86 251 199
    254 135 239 47 87 255 221 254 127 65 125 231 105 155 29 189 51 255
    222 153 227 245 229 248 243 87 255 246 251 179 125 177 206 204 206
    175 253 234 255 255 247 61 255 110 207 219 245 127 174 141 221 255
    111 254 221 254 185 127 127 159 246 221 199 63 255 247 243 121 105
    214 255 252 178 115 62 234 126 255 158 127 177 205 201 126 245 221
    255 157 238 215 220 105 111 215 125 19 190 125 187 247 241 120 183
    227 122 244 190 194 85 199 121 153 73 250 237 251 107 246 111 202
    255 171 122 39 166 92 71 113 255 95 67 125 189 21 188 125 124 125
    100 250 166 111 161 115 235 184 188 56 241 241 60 156 69 101 254 115
    207 218 199 161 246 193 222 154 123 253 176 236 254 24 187 224 251
    162 219 131 9 107 221 185 75 232 141 239 121 38 203 51 35 223 1 35
    127 255 167 188 241 119 245 109 117 115 110 58 30 219 145 91 211 24
    188 94 181 213 190 156 73 146 184 167 159 92 87 165 255 250 157 255
    223 119 255 223 63 255 245 245 251 255 248 54 223 191 215 122 127
    190 127 243 127 253 235 242 127 127 249 222 239 215 125 182 255 222
    125 250 119 112 255 239 111 191 28 253 111 159 174 155 207 240 189
    191 223 121 247 115 255 251 253 189 255 253 189 255 221 255 255 247
    255 255 245 215 255 255 254 255 204 251 253 123 127 255 95 222 255
    251 127 95 254 253 223 222 175 207 255 107 95 222 223 255 63 125 189
    239 247 253 253 253 179 253 222 139 255 215 239 152 255 121 220 248
    111 243 237 157 222 124 61 255 188 122 111 119 119 245 244 252 181
    125 254 191 126 251 187 115 102 245 247 83 183 223 111 244 253 105
    220 254 235 207 44 71 190 223 120 249 124 124 93 117 167 213 117 247
    111 191 172 137 79 242 29 28 89 60 246 115 185 123 215 104 250 250
    219 255 247 226 157 222 161 127 255 119 218 223 240 120 222 182 215
    124 111 158 125 210 123 255 222 183 126 110 243 190 191 242 247 126
    91 218 127 250 247 241 125 253 127 187 142 217 63 207 139 144 247
    251 245 191 255 81 255 113 255 117 125 153 190 252 187 255 213 254
    247 250 244 217 189 86 255 207 247 155 234 255 207 251 175 253 109
    111 223 171 123 246 246 109 199 247 254 223 123 229 117 255 157 255
    117 125 61 235 118 253 165 251 243 191 222 175 251 245 255 152 223
    103 223 215 239 251 127 229 222 50 30 116 131 203 157 131 33 47 117
    22 87 189 63 120 116 246 179 65 176 212 119 155 97 121 244 72 127 62
    219 217 111 135 228 67 20 246 218 233 78 197 21 72 134 197 6 252 103
    155 108 153 8 246 5 153 121 42 118 178 180 210 159 44 220 250 203
    239 247 226 157 222 169 127 251 119 202 159 240 120 222 180 147 124
    127 158 125 210 123 255 223 179 126 70 243 62 191 210 247 126 91 218
    127 250 251 241 127 253 127 187 14 217 63 207 139 48 247 251 245 191
    254 81 255 113 255 117 125 153 191 189 255 255 253 191 189 253 249
    255 253 255 255 255 255 252 125 242 245 254 59 255 127 210 255 255
    254 247 191 126 127 127 255 223 110 255 254 246 255 251 125 127 125
    251 127 255 55 253 127 189 191 153 207 248 189 156 93 52 246 247 255
    251 223 173 254 29 17 158 245 43 177 249 120 180 181 87 192 157 120
    49 6 52 223 65 107 238 63 194 115 9 42 162 254 112 161 117 235 223
