<?xml version="1.0"?>
<opencv_storage>
<ImageFile>"379.jpg"</ImageFile>
<Features type_id="opencv-matrix">
  <rows>179</rows>
  <cols>64</cols>
  <dt>u</dt>
  <data>
    251 222 239 205 255 255 223 248 191 125 191 251 255 125 126 253 253
    245 126 63 252 95 186 120 127 255 123 63 255 123 127 255 223 237 222
    91 254 255 253 255 247 223 111 63 221 158 252 49 141 223 30 45 255
    247 159 239 120 254 254 63 215 223 62 191 124 60 255 253 254 191 127
    127 239 103 213 186 223 252 191 222 242 213 123 102 255 213 210 181
    222 232 188 255 243 157 124 171 211 37 87 255 194 119 245 126 186
    223 93 14 221 158 197 15 157 172 24 5 112 61 157 75 80 254 57 189 88
    86 50 249 124 60 255 253 254 191 127 127 255 103 213 184 223 252 191
    222 242 213 123 102 255 213 210 181 222 232 172 253 243 221 124 171
    211 37 87 191 194 115 245 126 186 223 93 15 213 158 197 15 157 172
    24 13 112 61 159 73 80 254 59 189 88 86 58 249 252 255 255 253 254
    255 255 251 253 255 255 255 223 252 255 239 251 221 127 111 255 253
    246 187 111 255 191 191 93 95 126 191 243 39 85 251 82 127 253 244
    250 94 248 63 223 159 253 191 157 173 30 5 249 61 159 77 80 254 115
    191 93 87 34 187 45 239 239 252 58 191 253 123 245 252 236 251 223
    121 188 79 162 253 227 107 245 127 210 247 93 127 133 183 125 213
    125 239 223 96 87 186 215 120 249 124 126 95 122 175 245 49 247 111
    185 172 24 13 240 29 156 77 62 242 119 189 218 215 40 251 45 239 239
    252 62 191 253 123 245 252 236 249 223 249 189 79 171 253 227 107
    245 127 210 247 93 127 149 183 121 213 117 235 223 96 87 186 215 120
    249 124 126 95 122 175 213 49 247 111 185 172 24 13 242 29 156 77 60
    242 115 189 218 215 40 250 126 55 121 166 247 190 27 73 198 70 243
    118 237 10 176 117 246 247 7 212 97 34 145 84 140 152 233 205 82 62
    245 169 2 44 150 158 202 120 137 213 72 200 17 137 193 13 182 79 152
    174 16 7 96 21 158 65 16 242 51 156 120 23 48 184 46 50 101 160 31
    183 35 120 228 126 210 53 105 15 177 69 242 220 67 112 225 34 192
    119 12 136 172 141 82 16 49 201 85 44 215 186 83 120 1 84 108 84 18
    14 68 5 226 79 152 44 24 0 242 29 156 73 0 242 51 188 72 86 32 248
    170 204 204 175 47 219 158 9 63 251 189 206 190 117 110 252 229 147
    32 243 196 117 211 122 85 207 225 126 107 243 191 103 247 60 87 186
    219 122 232 254 242 95 120 47 213 23 247 111 153 174 24 5 240 29 157
    73 16 243 51 189 88 87 34 251 125 55 101 164 87 39 43 126 228 92 210
    53 109 11 176 71 242 245 67 101 241 35 224 55 76 168 172 13 82 28
    113 233 116 36 84 186 82 120 129 244 88 68 24 14 193 16 192 78 153
    172 24 5 240 28 156 73 16 242 51 188 88 86 32 248 204 206 255 233
    234 127 227 247 61 253 110 207 83 180 251 236 203 217 251 110 252
    217 254 184 123 109 28 166 237 199 59 223 237 195 123 105 85 247 253
    190 251 53 90 54 95 175 90 241 173 89 239 189 223 255 133 206 215
    204 233 236 199 14 27 244 109 109 237 184 23 63 125 123 181 70 253
    176 127 171 180 79 131 124 103 101 55 214 240 55 95 239 165 153 123
    212 124 233 218 12 150 186 195 124 177 252 126 223 60 173 214 117
    247 238 155 164 24 12 98 29 223 28 56 242 115 189 91 214 40 251 138
    204 206 47 239 217 154 137 59 251 188 239 190 113 111 253 228 155 37
    243 196 101 90 121 117 207 249 126 107 83 171 118 255 172 87 58 91
    123 233 246 242 94 120 47 213 87 245 111 153 172 24 5 244 29 157 73
    16 242 183 189 88 87 34 251 254 60 243 247 222 135 203 233 206 103
    211 126 255 202 179 92 242 213 123 102 223 143 203 125 158 218 254
    47 210 157 242 175 71 39 85 255 82 125 237 94 80 72 80 30 217 28 217
    151 221 172 24 165 241 255 156 227 80 252 49 189 92 87 48 250 77 37
    229 176 80 167 35 125 132 102 192 54 209 232 147 70 234 93 67 100
    248 37 194 243 92 168 188 141 80 12 49 201 87 36 85 186 16 120 1 84
    112 64 24 14 69 20 225 79 153 172 24 5 240 28 156 73 16 242 51 189
    88 87 32 250 108 35 229 176 218 167 35 125 164 102 208 54 217 234
    179 70 234 221 67 102 249 167 194 119 76 248 188 45 82 140 51 169
    215 36 85 186 82 120 233 116 120 92 24 15 213 52 229 111 153 172 24
    5 240 29 156 73 16 242 51 189 88 87 32 250 59 246 108 171 191 189
    155 25 255 255 214 255 189 62 233 213 250 246 193 184 241 114 155
    124 97 188 113 51 126 123 253 255 221 236 223 52 255 219 169 119 253
    93 106 60 212 231 254 113 186 255 152 13 246 133 223 125 54 242 182
    188 251 223 44 94 47 36 109 168 23 39 39 75 100 78 208 48 125 47 165
    71 194 124 1 96 225 112 208 50 92 136 160 141 82 28 57 233 80 36 148
    186 66 120 1 92 16 194 28 8 80 21 194 78 25 44 24 4 96 28 157 73 24
    162 59 184 88 150 42 241 18 144 216 215 63 144 216 4 86 179 21 248
    191 82 52 83 116 215 0 187 135 63 203 111 172 130 226 127 22 233 213
    110 151 190 150 30 250 217 250 119 64 75 229 105 176 20 209 111 145
    238 24 71 244 1 188 121 17 243 242 159 249 127 161 255 253 253 255
    255 255 255 255 255 253 255 252 255 255 255 254 254 251 213 127 111
    125 223 247 61 127 255 191 63 255 95 126 191 243 37 85 255 210 119
    253 244 250 95 120 63 221 30 253 253 157 173 30 133 248 63 157 77 80
    246 51 189 94 87 34 251 47 36 109 168 23 39 39 106 100 70 208 48 125
    45 181 70 194 116 1 96 241 112 192 114 92 168 160 9 82 28 57 233 84
    36 20 186 66 122 1 92 144 194 28 10 80 20 192 78 27 44 24 4 96 29
    157 9 24 162 59 184 72 150 42 241 205 254 124 109 252 188 126 80 57
    127 173 203 206 125 108 25 133 235 189 233 253 117 26 248 229 127
    251 246 252 119 239 55 219 209 218 97 235 249 252 51 127 158 122 181
    245 89 254 51 140 215 0 110 237 229 203 173 63 223 215 167 210 251
    253 186 61 245 125 158 55 63 61 123 231 198 245 176 125 58 180 71
    242 244 71 253 53 118 209 247 221 62 229 153 114 158 244 169 218 44
    215 190 202 120 201 125 122 223 61 47 212 117 247 110 155 172 153 13
    240 29 156 93 56 242 51 189 121 215 44 251 125 62 255 179 223 183 35
    120 252 127 194 59 255 251 187 93 242 245 123 102 253 215 219 125
    206 234 252 175 250 93 113 239 215 37 87 191 83 120 229 118 124 92
    88 15 213 29 231 215 157 172 24 5 242 61 156 73 80 254 51 189 216 87
    48 250 124 52 241 176 216 167 35 125 198 102 211 52 245 138 145 86
    242 213 67 100 249 39 195 149 156 232 172 141 82 156 113 233 71 37
    85 191 18 120 5 92 56 64 20 142 69 56 129 79 153 44 24 1 240 28 156
    65 64 242 51 185 88 22 32 242 61 246 124 236 63 189 189 123 245 254
    252 241 125 61 252 237 242 252 199 251 245 114 209 255 245 62 229
    211 125 87 253 247 255 104 86 188 255 122 233 245 254 95 122 47 212
    119 247 111 185 172 24 5 240 29 157 77 22 242 55 189 90 87 34 251 59
    182 124 46 55 61 181 62 245 28 212 245 125 61 60 85 254 254 195 249
    241 114 209 246 241 56 228 216 127 84 253 224 221 104 195 180 255
    122 153 125 252 223 59 47 212 245 247 111 187 190 137 15 240 29 219
    93 62 243 63 157 123 219 110 219 44 54 100 168 63 189 175 117 52 126
    210 53 93 63 185 69 234 220 195 96 241 114 216 120 92 184 164 145
    126 84 57 235 213 32 213 186 119 122 169 116 124 92 26 14 84 133 246
    77 152 172 24 5 242 29 159 73 18 242 51 188 90 87 40 242 45 54 108
    168 63 189 175 125 52 94 210 53 93 61 185 69 202 252 195 96 241 114
    208 112 76 168 168 145 126 84 57 201 213 96 213 186 119 122 137 116
    124 92 26 14 84 133 246 77 152 172 24 5 242 29 158 73 18 226 63 156
    90 87 40 242 126 48 245 182 223 167 59 124 212 108 213 53 189 202
    177 86 242 213 83 112 249 39 195 61 12 168 232 143 82 153 113 239 71
    45 21 191 83 120 1 124 216 72 20 14 193 21 193 79 153 172 24 5 240
    28 156 65 16 242 51 184 88 22 32 249 44 33 101 128 23 37 33 126 196
    70 210 52 105 10 145 71 194 116 67 96 113 114 208 182 12 168 132 9
    114 156 49 201 76 44 151 186 2 112 1 92 60 65 20 143 68 160 160 78
    26 44 153 8 34 24 156 17 40 34 59 152 72 134 44 240 63 245 253 254
    119 191 87 63 247 92 244 249 61 123 180 93 242 247 115 181 245 119
    211 119 245 235 224 31 123 121 221 233 159 108 150 182 255 88 177
