<?xml version="1.0"?>
<opencv_storage>
<ImageFile>"38.jpg"</ImageFile>
<Features type_id="opencv-matrix">
  <rows>329</rows>
  <cols>64</cols>
  <dt>u</dt>
  <data>
    62 254 125 237 54 253 253 253 253 254 255 185 125 62 255 254 251 252
    99 251 245 114 247 188 253 237 245 251 127 247 255 251 237 108 231
    254 223 123 249 125 254 223 127 191 214 247 247 108 191 175 159 15
    250 29 159 93 188 246 127 253 251 223 46 254 60 252 253 138 54 95 85
    127 247 212 126 181 29 62 253 238 251 246 99 104 245 82 208 247 249
    237 164 29 127 219 125 233 197 108 71 190 214 122 249 124 254 223
    124 47 212 182 245 110 159 172 159 13 242 29 159 93 56 242 123 189
    91 223 42 251 191 253 255 255 63 127 253 191 255 220 252 253 127 126
    255 253 251 246 251 187 245 123 245 247 255 239 247 251 255 251 255
    255 255 108 255 246 255 115 249 253 255 223 255 63 220 183 247 110
    191 191 223 143 250 191 159 93 254 246 255 255 251 223 174 221 191
    252 255 239 191 125 253 255 255 221 252 253 127 127 255 253 251 246
    251 187 245 123 255 255 255 239 119 251 255 223 255 255 253 236 223
    246 255 115 249 253 255 223 255 63 221 183 247 111 191 191 223 143
    250 181 159 93 254 246 239 255 251 223 46 255 253 254 109 248 54 127
    117 247 253 124 252 187 95 191 254 239 251 252 255 105 117 210 240
    182 125 125 157 177 253 215 126 233 200 108 215 250 215 114 249 253
    126 223 126 191 212 183 118 108 191 173 159 12 250 31 143 93 60 244
    107 188 219 222 46 250 253 254 125 248 62 127 61 123 253 126 236 186
    93 191 252 239 243 252 111 104 125 210 184 190 221 253 173 187 251
    223 127 233 192 100 215 254 211 114 177 252 126 223 126 191 84 183
    230 108 157 173 158 12 234 29 143 93 184 244 107 188 223 222 42 176
    59 213 108 174 39 61 31 25 183 86 61 200 61 63 124 245 245 246 70
    253 116 114 145 118 241 181 229 120 127 242 252 169 148 124 195 158
    203 88 152 249 126 223 61 173 212 118 244 110 187 175 144 13 250 13
    223 93 56 243 123 188 123 219 46 249 62 255 127 235 183 253 213 185
    255 215 253 250 255 127 253 253 253 246 127 251 183 126 219 119 253
    247 119 251 127 251 223 187 159 238 255 222 254 123 251 127 127 223
    255 125 151 183 125 55 255 191 143 207 250 133 255 125 60 246 254
    255 251 255 238 222 254 253 255 255 254 255 255 171 255 221 253 251
    255 126 254 252 255 183 126 255 119 127 243 247 255 255 247 255 239
    255 254 171 135 237 207 255 255 125 251 125 127 223 255 253 253 247
    255 111 255 191 143 207 250 183 255 125 126 247 255 255 251 255 255
    222 62 253 125 219 183 253 213 57 255 215 254 250 255 126 252 253
    255 246 127 255 55 126 145 119 245 247 115 121 127 219 222 185 158
    110 223 222 206 121 255 125 127 221 254 125 21 183 117 166 183 191
    135 204 250 165 239 125 57 244 110 255 219 255 237 218 42 142 237
    139 42 223 151 37 125 254 94 140 157 54 127 196 223 147 217 40 212
    113 218 121 121 196 28 22 111 209 61 235 213 196 67 32 119 219 169
    56 244 221 76 44 85 150 245 107 159 44 158 13 246 13 159 93 28 230
    59 189 83 223 106 246 45 255 247 252 50 111 101 87 235 68 143 249 95
    255 252 221 251 253 107 111 55 77 112 243 247 255 55 253 111 94 94
    161 134 103 119 154 192 126 251 124 119 191 60 231 253 90 117 238
    205 180 236 94 242 29 151 77 56 254 83 175 219 205 47 250 172 238
    247 233 250 125 164 245 121 255 106 239 223 183 255 233 219 232 233
    42 125 212 63 248 243 125 59 242 237 215 191 215 253 195 127 97 253
    247 253 52 127 93 106 54 127 231 126 241 236 221 238 255 223 239 139
    124 150 204 207 37 215 107 75 182 186 13 234 242 51 31 84 7 119 224
    95 242 63 254 182 94 251 147 97 243 247 127 209 119 95 222 240 27
    122 248 252 233 135 174 70 190 243 90 241 124 76 95 244 105 213 21
    231 111 221 172 153 13 242 29 185 93 24 242 115 189 91 127 40 250 59
    215 108 207 255 221 215 185 255 84 29 158 189 127 125 229 255 247 88
    246 118 122 151 244 121 125 245 60 255 218 223 187 206 108 71 222
    219 83 249 125 63 95 125 191 213 246 253 47 157 173 153 13 250 13
    157 93 56 246 123 189 251 207 46 250 61 254 255 205 190 253 251 241
    253 255 254 219 223 57 255 237 247 253 107 235 253 119 219 253 249
    111 181 254 125 215 255 239 223 108 215 62 223 251 249 127 254 95
    123 63 213 183 247 107 191 236 153 13 246 29 157 93 56 246 243 189
    251 223 46 255 248 251 187 87 118 87 217 255 222 157 247 249 115 210
    211 234 127 198 126 79 119 143 119 151 187 107 247 174 199 158 246
    186 239 47 103 254 218 53 235 252 251 92 177 190 217 114 145 238 185
    173 206 219 240 31 156 81 148 242 115 191 122 85 161 251 46 238 111
    169 58 253 187 97 189 255 246 249 221 58 253 236 137 253 235 107 245
    84 222 249 125 253 29 183 109 223 63 255 215 224 95 170 255 251 233
    62 252 93 122 47 213 151 246 107 187 237 152 13 242 29 157 92 54 242
    183 189 219 223 40 255 248 251 187 95 118 87 217 191 222 149 119 251
    119 210 251 254 127 199 126 79 62 143 119 151 155 235 247 171 199
    154 246 186 239 47 103 255 219 52 235 253 250 94 177 191 217 238 145
    238 253 173 206 219 240 31 149 81 212 242 113 191 126 84 105 251 120
    220 190 223 106 223 210 181 63 253 94 205 159 252 127 174 253 251
    248 171 252 127 255 251 249 127 157 246 109 215 223 231 207 251 99
    101 223 203 254 107 251 191 239 55 189 190 255 107 191 201 175 207
    253 109 155 223 119 223 255 255 243 251 31 223 237 239 255 249 248
    255 250 209 121 255 68 207 222 119 255 73 138 233 249 111 255 125 91
    249 251 126 63 182 237 71 251 183 215 195 223 65 245 255 255 62 125
    124 234 246 255 152 255 179 157 221 40 119 221 229 156 239 95 221
    218 175 214 251 219 255 255 252 239 237 255 255 255 253 189 255 252
    251 255 45 255 237 251 253 251 126 252 211 254 60 127 237 59 183 255
    87 127 255 245 225 159 123 246 247 253 183 251 223 127 62 223 159
    217 177 189 189 94 173 201 255 157 239 216 252 239 190 223 223 58
    181 239 222 239 237 255 255 255 253 189 255 252 251 207 125 255 237
    137 253 255 126 252 211 190 120 111 237 59 183 253 87 127 255 253
    225 221 121 246 247 253 183 255 127 74 158 221 159 218 145 189 221
    94 173 221 255 157 239 216 236 239 190 222 223 62 181 254 255 255
    221 246 191 223 123 255 87 255 250 223 127 252 253 243 213 126 111
    247 125 242 119 255 255 167 63 127 254 124 169 214 100 86 191 210
    123 249 245 246 95 185 63 245 30 245 111 157 173 24 5 240 29 159 89
    16 246 115 191 88 95 42 251 237 239 255 249 248 255 250 241 121 255
    68 207 222 119 255 105 203 233 253 111 255 125 91 249 251 126 63 182
    237 71 255 183 215 195 223 65 181 255 255 62 125 124 234 246 255 152
    127 179 189 221 40 247 221 229 156 238 95 221 218 175 215 251 219
    255 45 207 239 221 58 157 217 243 189 255 7 206 219 252 253 207 136
    253 102 107 214 124 208 251 93 54 151 50 125 223 63 91 199 54 87 170
    210 122 251 126 240 127 120 174 213 54 241 107 153 173 24 13 242 29
    157 72 16 242 115 189 91 215 42 251 76 47 239 184 112 127 35 255 189
    222 206 180 81 188 187 238 139 125 251 110 125 209 214 179 93 233
    156 133 121 198 62 137 221 0 87 171 17 122 205 60 252 61 60 54 117
    183 103 232 157 172 60 29 211 93 156 28 16 236 43 189 75 87 41 242
    252 190 255 253 250 255 243 255 253 253 238 253 255 255 251 238 251
    253 251 107 253 255 254 191 127 235 62 183 125 223 127 255 255 67
    127 255 214 255 253 124 255 125 251 54 255 167 91 243 191 173 255
    253 243 191 157 92 244 252 111 239 223 207 43 254 232 202 238 239
    251 251 247 205 253 185 238 251 191 189 255 237 227 181 255 121 252
    79 191 125 119 205 41 55 255 215 59 254 253 237 110 121 119 247 189
    182 219 223 74 62 221 239 222 145 237 69 94 181 221 191 143 237 210
    252 175 188 222 78 50 189 191 220 126 237 191 253 221 245 63 255 125
    219 159 127 254 253 255 246 125 235 253 114 247 120 125 255 181 123
    255 95 255 255 215 100 92 250 214 123 249 253 247 223 123 63 213 150
    255 127 157 173 30 13 248 29 159 77 24 246 123 189 219 95 42 251 60
