<?xml version="1.0"?>
<opencv_storage>
<ImageFile>"380.jpg"</ImageFile>
<Features type_id="opencv-matrix">
  <rows>321</rows>
  <cols>64</cols>
  <dt>u</dt>
  <data>
    41 207 230 136 3 207 129 71 61 212 46 205 31 125 124 173 137 57 229
    35 244 119 112 99 113 119 21 54 61 210 26 67 135 98 67 32 144 74 250
    40 247 61 60 167 213 118 117 235 153 168 152 13 242 13 152 76 57 210
    114 173 83 223 8 250 243 187 255 87 55 178 217 186 214 189 213 251
    239 155 150 91 126 231 126 255 191 15 227 247 169 251 247 255 126 59
    230 238 223 61 164 255 222 61 250 253 89 220 187 191 187 105 185 111
    185 191 137 195 248 190 190 69 116 247 183 223 248 149 164 223 42
    140 237 136 39 223 215 63 189 254 84 204 157 60 63 206 153 245 99
    187 244 119 210 247 121 119 149 54 125 211 95 235 207 104 195 160
    222 88 248 120 124 29 125 175 213 52 245 111 187 168 153 13 242 29
    220 92 56 242 115 189 251 219 104 250 42 142 238 153 47 221 149 63
    189 246 30 204 157 60 127 238 153 181 99 187 244 119 210 115 89 119
    149 54 121 211 95 235 207 104 195 160 222 88 248 120 116 29 124 173
    213 116 245 111 187 172 153 13 242 29 220 93 56 242 115 189 219 219
    104 250 92 35 147 240 16 162 104 110 64 170 195 52 65 194 129 82 2
    77 131 74 135 45 200 91 12 138 162 141 66 44 32 206 71 134 53 186 37
    254 67 86 136 96 145 64 107 133 3 235 90 44 57 210 96 28 60 0 0 106
    27 203 72 38 225 118 111 198 108 169 254 189 30 17 57 127 12 138 220
    117 108 69 192 249 13 240 221 116 27 120 85 84 169 183 126 87 57 103
    211 228 214 42 90 123 177 114 246 222 72 13 213 214 230 83 153 237
    24 4 236 29 159 77 26 246 51 188 218 210 106 249 0 138 147 197 32
    211 224 246 24 152 70 197 82 16 155 162 11 200 233 43 196 45 238 211
    41 75 16 166 4 67 19 94 119 18 121 48 85 218 234 32 241 52 163 38
    175 132 81 107 153 232 45 215 244 13 152 72 7 82 18 237 64 55 1 254
    42 148 136 138 239 217 22 29 63 120 156 173 188 30 46 213 253 146 32
    144 197 115 219 109 97 85 216 54 127 113 159 102 157 232 211 52 255
    65 232 115 112 157 110 41 213 213 247 107 181 254 155 12 182 5 218
    217 62 179 190 189 147 91 44 78 23 179 89 102 61 176 153 24 114 26
    212 113 44 91 128 81 98 198 128 48 193 96 193 115 172 136 96 89 126
    40 225 105 23 100 156 178 118 120 9 117 97 202 27 77 224 128 209 79
    152 190 24 5 224 0 158 73 20 178 54 143 88 23 36 251 120 50 255 179
    222 183 35 118 244 190 82 19 255 249 147 70 126 221 235 102 249 215
    203 181 138 104 188 166 120 212 241 235 95 44 7 189 95 120 101 124
    124 68 50 47 213 33 195 239 187 172 153 1 240 29 156 89 102 246 51
    157 90 151 32 250 199 1 131 53 221 34 123 218 16 169 194 119 130 201
    130 35 2 77 189 71 206 173 234 123 14 202 154 39 210 41 35 95 115
    179 52 251 54 252 101 215 192 100 155 74 233 25 201 91 72 166 24 21
    209 254 156 170 80 190 183 187 12 22 177 252 70 233 248 184 17 74
    100 79 37 98 169 176 82 134 236 223 203 20 35 77 7 212 224 35 71 215
    147 13 19 46 56 64 144 134 247 139 32 124 119 118 34 234 188 97 63
    28 101 238 86 160 114 148 11 81 103 30 152 168 105 123 29 112 219 35
    109 173 239 152 2 95 115 119 249 230 134 140 89 228 191 206 139 125
    99 102 150 117 82 179 93 249 148 148 105 220 62 73 215 6 71 186 146
    122 249 124 52 125 60 47 85 244 101 110 153 172 24 13 242 29 156 76
    24 226 123 189 91 87 106 242 91 148 72 174 207 139 94 5 55 122 28 37
    60 110 45 85 244 179 16 176 193 115 153 107 114 0 232 87 250 117 221
    103 183 248 18 36 255 66 128 248 210 223 78 72 84 215 195 79 181 110
    24 5 182 5 217 201 26 247 191 180 154 106 58 193 109 45 239 152 2 95
    97 119 185 230 134 132 89 228 191 206 139 125 99 102 150 117 86 179
    93 249 148 132 105 220 62 73 199 6 71 170 146 122 249 124 180 125 60
    39 85 116 117 110 157 172 24 13 243 29 156 76 24 226 123 189 91 87
    104 242 250 253 255 223 255 191 221 27 255 87 189 250 191 250 118 93
    244 247 126 183 247 127 243 127 247 246 247 127 255 251 222 235 143
    239 158 223 218 125 250 255 82 223 231 109 217 126 245 47 247 190
    152 207 250 181 223 223 121 183 242 191 251 253 190 223 41 214 76
    170 23 63 39 22 113 94 40 129 44 59 44 13 198 254 193 160 240 112 89
    243 64 41 40 148 121 80 121 225 221 96 214 176 119 120 33 240 118
    222 58 15 84 215 86 79 184 172 24 4 224 29 159 77 30 242 55 188 90
    214 42 249 250 251 246 254 55 127 109 187 253 217 248 251 175 251
    118 255 191 255 239 191 119 238 241 119 199 255 243 179 191 118 230
    221 218 123 254 245 253 124 250 229 111 127 251 255 255 55 255 239
    236 179 253 219 194 191 255 221 111 189 215 119 191 125 157 26 65 4
    128 50 201 66 34 134 0 32 2 4 0 197 3 34 108 10 1 68 72 161 78 2 2
    136 152 8 128 0 3 65 21 36 81 184 17 0 5 64 0 0 24 2 65 0 161 76 25
    44 88 4 176 24 20 65 16 96 3 180 8 6 32 104 227 140 206 150 95 79 93
    15 183 121 60 251 191 238 38 127 235 23 48 51 196 95 250 111 115 199
    250 55 59 121 31 111 151 175 52 115 242 93 255 246 114 255 108 107
    157 20 245 235 213 166 24 13 247 9 188 207 24 246 246 61 155 93 176
    222 44 253 237 248 54 189 253 81 189 247 37 202 223 120 252 79 153
    253 98 107 183 118 82 243 125 247 183 255 125 255 117 227 199 20 215
    170 210 120 248 123 120 255 125 45 247 116 245 111 155 172 24 15 242
    29 220 93 16 243 115 191 123 219 105 250 56 20 125 142 38 157 23 49
    231 68 31 4 125 60 125 70 246 246 66 224 208 114 209 228 217 52 196
    92 32 218 221 169 140 44 195 190 202 90 136 89 52 29 29 167 244 244
    228 110 147 172 137 15 178 29 152 89 56 243 59 188 123 223 110 218
    97 158 246 59 217 230 167 93 173 109 136 47 164 111 171 61 235 53
    169 102 252 47 26 109 86 236 120 47 186 24 107 7 207 167 87 187 176
    176 109 110 101 84 10 163 93 89 253 147 156 12 24 44 247 252 140 227
    40 188 199 181 154 71 57 112 192 207 78 223 102 95 220 179 59 219 61
    202 158 245 124 233 165 211 60 239 70 236 164 242 107 95 179 58 253
    11 54 114 242 118 85 250 82 124 250 245 114 126 185 63 245 22 245
    111 137 173 20 71 248 31 157 77 17 247 49 63 92 119 33 186 185 223
    255 245 55 247 253 255 253 255 254 217 127 249 123 239 255 252 255
    123 244 127 246 183 249 111 231 246 125 213 127 251 255 122 246 188
    223 121 248 253 254 127 255 62 247 119 83 111 191 186 191 207 242
    189 157 92 63 246 119 255 251 255 173 254 92 43 231 241 16 115 225
    246 192 190 210 149 67 193 155 202 203 76 235 111 14 141 238 155 15
    219 22 133 69 140 50 158 119 3 125 187 20 252 87 20 48 96 176 118 15
    140 73 242 90 41 127 240 209 126 164 12 197 232 9 203 77 5 65 182 16
    16 25 130 8 128 42 36 82 186 82 5 164 0 9 18 126 194 129 0 200 48
    203 140 136 16 232 198 10 65 225 110 85 128 145 52 61 136 32 66 112
    68 103 40 39 132 32 107 187 72 41 3 180 24 124 81 6 34 159 240 128 3
    96 230 24 16 25 130 10 145 42 36 82 186 82 21 148 4 25 18 126 194
    193 128 200 17 203 201 136 16 236 198 74 193 241 110 85 128 145 36
    63 200 32 96 112 68 103 40 71 132 34 111 187 72 25 5 180 24 28 89 6
    50 191 216 194 3 96 230 141 206 78 237 255 255 255 209 61 253 46 203
    159 125 252 237 129 253 189 43 228 103 184 120 107 223 153 54 253 67
    63 255 247 97 95 113 119 249 249 180 119 126 122 63 213 150 252 123
    141 173 28 5 253 29 159 77 16 246 51 189 90 95 32 186 76 43 191 209
    32 119 224 247 193 190 194 148 83 177 155 138 139 76 235 111 30 173
    110 155 141 91 22 164 69 134 50 154 119 18 109 171 20 188 127 0 56
    36 177 118 63 164 19 242 27 41 45 243 209 93 52 92 197 200 67 203 77
    119 65 246 205 207 255 220 50 127 253 247 185 223 175 202 83 248 254
    239 131 125 238 111 54 253 116 243 93 239 151 118 125 70 62 25 246
    18 246 170 144 254 250 177 246 63 252 55 179 22 117 110 157 169 60
    119 211 93 159 12 17 218 115 239 91 94 43 251 185 189 255 245 55 245
    253 255 253 255 254 249 127 252 251 239 255 252 255 123 244 127 246
    191 253 111 231 246 125 213 127 255 255 106 246 252 223 127 249 253
    126 125 255 62 246 103 83 111 191 190 191 207 250 189 221 93 191 246
