<?xml version="1.0"?>
<opencv_storage>
<ImageFile>"381.jpg"</ImageFile>
<Features type_id="opencv-matrix">
  <rows>28</rows>
  <cols>64</cols>
  <dt>u</dt>
  <data>
    61 50 101 160 22 53 33 126 228 94 210 53 109 59 177 71 242 252 67 96
    241 34 193 182 12 168 164 137 82 28 113 233 244 36 85 186 83 112 1
    116 216 84 24 14 80 37 194 76 153 44 24 5 240 29 156 73 16 242 51
    188 88 86 32 248 35 38 101 130 31 149 7 73 230 68 22 48 61 58 176 68
    226 212 1 96 192 34 144 116 92 152 164 9 82 152 49 105 212 36 85 186
    82 112 1 124 112 84 24 15 212 20 244 77 153 172 24 4 240 29 156 73
    16 242 51 188 88 87 32 248 1 6 0 160 9 160 33 76 32 78 2 4 0 9 1 1
    64 108 1 96 192 0 136 112 68 136 8 0 16 0 33 65 117 36 85 186 17 96
    1 0 196 64 24 142 64 0 192 73 24 44 24 4 240 28 140 9 16 98 35 156
    72 86 32 112 60 37 125 168 50 117 48 119 112 92 84 53 93 54 189 66
    234 216 65 96 113 48 192 179 220 8 160 137 104 204 60 233 212 36 85
    186 83 120 129 116 112 93 24 47 212 21 230 110 153 172 24 5 240 29
    156 73 16 242 59 188 88 87 34 250 203 206 206 223 234 223 222 161 61
    255 61 203 158 253 126 236 141 251 252 175 222 253 191 248 123 119
    27 118 237 247 159 55 247 243 122 65 255 223 254 170 247 191 237 127
    191 158 255 177 199 217 247 255 223 231 171 190 255 205 248 111 215
    249 219 191 61 55 125 168 55 61 33 127 244 92 198 53 125 63 185 71
    250 252 67 96 241 114 208 247 92 168 164 153 120 92 113 233 221 44
    87 190 83 120 137 124 124 93 58 175 212 113 247 110 185 172 24 13
    240 29 156 73 48 242 51 188 90 215 44 250 102 33 241 146 80 2 3 75
    194 66 129 50 113 194 144 82 226 85 0 102 11 173 128 7 14 130 170 13
    130 8 16 9 82 39 20 155 0 116 7 212 0 98 16 75 9 28 193 142 81 36 16
    4 33 24 132 75 16 122 48 57 72 4 49 177 60 49 121 166 19 37 49 127
    214 4 213 52 113 10 145 86 122 18 67 64 113 34 193 134 156 40 228
    137 66 156 244 168 204 44 5 190 151 40 1 92 120 65 21 2 192 53 162
    110 155 172 137 9 240 28 28 81 40 178 59 184 56 22 32 202 47 54 101
    160 31 181 41 88 228 94 194 48 109 11 185 69 194 252 67 112 241 98
    144 118 68 168 164 137 90 28 49 201 93 44 215 186 83 56 1 116 124 68
    26 142 84 225 194 79 152 172 24 1 240 29 156 73 16 242 51 188 88 87
    32 240 45 54 125 40 55 61 33 127 244 92 198 53 125 61 189 69 250 252
    195 96 241 114 208 247 84 168 164 137 120 84 113 233 221 44 87 190
    83 120 137 124 124 93 26 175 212 241 247 110 185 172 24 13 240 29
    156 73 48 242 51 188 90 215 44 250 50 49 16 150 38 0 92 35 66 0 21
    48 124 66 20 82 116 130 70 208 3 40 129 198 140 2 228 89 2 188 212
    32 66 60 4 158 202 40 130 213 16 202 149 11 224 52 165 78 145 166
    129 67 32 24 24 65 24 51 51 153 56 54 32 233 47 54 101 160 31 180 41
    88 228 94 194 48 105 11 177 69 194 252 67 112 241 98 144 116 68 168
    164 137 82 28 49 201 85 44 215 186 83 56 1 116 124 68 26 142 84 97
    194 79 152 172 24 1 240 29 156 73 16 242 51 188 88 87 32 240 63 255
    125 254 55 253 93 127 255 94 253 189 125 127 253 255 243 246 67 120
    117 114 245 55 245 169 228 25 127 88 252 169 252 108 215 254 202 115
    145 253 190 223 94 31 84 247 229 78 185 55 222 12 106 29 215 93 184
    242 111 190 123 206 46 241 60 33 125 152 2 13 52 119 229 196 213 180
    93 182 189 70 242 154 195 224 49 112 81 151 217 40 196 216 104 220
    252 168 202 12 71 190 141 90 129 124 62 31 53 167 116 117 167 110
    187 172 169 11 114 29 25 93 46 243 91 240 123 210 106 203 60 35 117
    146 16 5 33 127 198 68 67 52 117 46 145 70 242 212 67 96 81 32 193
    54 12 136 164 9 82 136 48 105 80 36 85 186 82 120 1 84 16 64 24 14
    192 20 192 78 153 44 24 5 240 28 156 73 16 242 51 188 88 86 32 250
    62 22 100 164 23 37 41 127 148 94 82 17 13 10 144 71 242 220 67 96
    240 34 192 54 76 168 164 9 82 24 113 233 80 36 84 186 83 120 129 116
    120 68 24 15 192 20 228 78 153 172 24 5 240 28 156 73 16 242 51 188
    88 86 32 248 60 53 245 176 16 39 41 127 198 70 195 52 117 170 178 86
    250 212 67 100 113 162 192 55 204 168 228 9 82 12 112 169 82 36 84
    190 66 120 1 84 24 64 24 14 192 20 193 78 153 172 24 5 112 28 156 73
    16 242 51 189 88 86 32 250 61 53 117 166 22 37 37 127 228 68 213 48
    125 43 180 86 242 212 67 96 241 32 193 54 204 168 228 137 82 12 113
    233 208 36 84 190 66 112 1 84 120 90 24 15 212 21 228 78 153 172 24
    5 112 28 156 73 24 242 51 188 88 86 32 248 60 49 125 166 54 37 49
    123 198 68 213 48 125 58 176 86 242 212 67 96 113 32 193 246 156 168
    228 137 82 156 112 233 208 36 84 190 82 120 129 84 88 88 24 15 208
    53 224 78 153 172 24 5 240 29 156 73 16 242 51 188 88 86 32 248 52
    51 117 134 50 5 25 123 198 68 211 113 117 98 144 84 246 214 67 96 81
    32 129 246 140 152 228 73 82 136 241 105 86 36 84 190 82 120 129 84
    112 88 17 15 192 20 245 78 153 172 24 5 240 28 156 73 16 242 51 189
    88 87 32 248 51 20 80 130 157 132 1 8 70 68 17 20 165 10 144 85 98
    214 0 32 192 32 129 96 76 128 160 9 18 8 17 41 84 36 84 154 66 112 1
    84 16 64 24 14 64 20 192 76 145 44 24 4 48 24 156 73 16 114 50 188
    88 87 32 248 54 49 249 150 51 1 92 47 214 138 213 176 117 194 147 82
    126 146 66 211 7 42 229 135 156 138 230 73 66 188 244 232 110 44 38
    190 218 56 195 220 216 74 181 74 210 116 129 78 187 174 152 67 112
    24 29 81 16 243 51 249 56 22 160 251 60 49 117 180 18 37 33 127 196
    68 209 52 117 42 145 86 242 212 67 96 241 34 193 183 156 168 228 137
    82 140 113 233 80 36 21 190 66 120 1 92 24 64 16 14 192 53 192 78
    153 172 24 5 112 28 156 73 16 242 51 184 88 86 32 248 62 49 249 182
    51 5 89 111 214 138 213 177 117 202 147 86 122 150 66 83 83 46 193
    71 156 138 230 73 66 184 244 232 206 44 6 190 222 56 193 124 248 74
    181 138 210 117 129 110 187 174 152 3 240 28 156 81 16 242 51 185 56
    87 32 251 62 49 249 246 54 7 93 107 214 68 245 241 127 234 148 94
    246 214 102 115 167 46 193 119 188 138 230 89 82 188 244 233 198 62
    36 190 206 120 211 253 88 219 181 107 240 20 245 110 153 166 153 71
    240 28 156 65 24 243 115 251 121 55 161 251 36 33 97 128 16 4 1 110
    198 68 1 16 65 8 144 70 226 84 2 100 0 128 192 38 12 128 164 9 18 8
    16 41 80 36 20 186 2 120 1 84 16 64 24 15 64 20 192 76 17 36 16 4 48
    24 148 73 16 114 49 188 72 22 32 248 63 180 109 166 63 165 63 89 244
    84 213 113 61 123 180 85 242 244 67 112 241 34 145 118 92 184 224 27
    82 24 117 233 215 44 86 190 82 120 169 116 120 92 24 15 212 21 244
    79 153 172 24 5 240 29 156 73 16 242 51 189 88 87 32 248 63 182 125
    160 62 181 189 121 244 254 210 117 253 63 185 85 250 252 67 97 241
    114 210 126 205 184 164 155 90 93 113 235 215 36 85 190 82 120 169
    116 120 92 58 47 212 21 247 111 153 172 24 5 240 29 156 73 16 242 51
    189 88 87 32 250</data></Features>
</opencv_storage>
