<?xml version="1.0"?>
<opencv_storage>
<ImageFile>"382.jpg"</ImageFile>
<Features type_id="opencv-matrix">
  <rows>72</rows>
  <cols>64</cols>
  <dt>u</dt>
  <data>
    45 150 108 169 191 189 187 80 57 127 196 205 140 57 173 69 192 253
    129 104 240 113 90 121 100 56 40 182 124 85 125 231 215 192 223 40
    115 251 185 55 252 94 74 14 209 213 211 83 152 252 24 5 244 157 159
    77 26 246 191 157 218 223 46 255 211 85 16 22 5 0 76 10 2 1 49 2 162
    202 4 19 102 7 36 213 10 174 161 2 6 150 227 41 146 42 128 41 18 39
    52 155 2 12 2 198 0 194 188 73 138 24 172 30 65 166 80 4 40 18 38
    163 145 50 48 27 28 52 145 41 186 249 255 223 190 221 221 175 255
    245 61 219 255 254 255 222 255 215 122 43 158 127 255 255 255 247
    247 127 111 249 223 255 183 255 111 95 254 223 250 127 247 255 237
    127 191 190 221 59 255 255 175 255 190 165 191 255 125 247 250 127
    251 125 159 255 63 20 109 134 63 181 155 25 182 127 149 116 189 58
    48 85 240 246 2 113 192 114 210 118 76 146 228 59 82 56 117 107 215
    44 214 190 218 120 233 117 80 92 57 45 208 84 245 111 153 174 24 5
    240 29 156 89 16 242 51 189 120 215 40 250 51 20 85 130 31 132 1 24
    246 68 20 49 45 91 128 85 118 214 1 96 192 34 193 118 140 136 224 9
    82 8 113 105 215 36 84 190 82 120 1 116 112 92 24 15 208 20 193 79
    153 172 24 5 240 28 156 73 16 242 51 188 88 87 32 248 63 53 120 52
    55 178 90 80 38 7 213 114 236 73 160 87 244 255 6 243 227 39 195 118
    204 154 231 255 82 60 245 225 215 60 20 190 218 120 233 85 120 72 57
    47 241 85 247 111 153 174 24 7 240 29 156 73 16 243 51 189 120 87 32
    250 210 81 25 214 19 2 92 42 66 2 49 146 51 194 134 90 102 86 36 71
    10 172 160 2 140 131 227 73 147 40 20 41 114 38 52 250 2 108 2 213
    18 234 181 73 186 28 193 78 67 166 114 197 40 26 52 73 145 50 57 91
    29 20 163 177 67 133 155 95 41 194 88 14 18 171 1 202 130 194 6 26
    46 215 48 35 142 45 194 107 13 211 179 47 19 43 19 111 215 166 29 59
    66 109 234 114 112 232 169 105 183 28 245 63 209 172 24 5 164 25 188
    235 17 114 50 63 88 85 49 251 59 245 125 214 55 189 93 59 247 212
    253 242 191 122 244 94 246 246 102 251 183 118 209 119 253 190 229
    91 122 250 244 233 222 44 150 190 218 120 249 253 82 223 189 47 208
    52 245 111 155 174 153 15 248 29 158 93 56 243 115 191 123 223 44
    251 250 249 219 247 255 249 223 168 223 251 127 251 191 218 214 216
    127 215 60 159 143 189 231 111 175 215 243 127 215 123 215 191 23
    237 189 215 254 253 250 119 97 221 231 121 175 12 253 63 199 215 215
    247 238 167 190 255 193 63 252 107 253 61 181 190 45 54 117 32 53 49
    33 124 240 30 194 49 109 59 129 65 226 236 195 112 241 98 80 246 132
    40 228 137 120 12 97 233 93 44 198 190 89 56 1 124 124 68 26 142 192
    97 194 79 184 172 24 1 240 29 156 73 52 242 23 156 90 215 32 120 13
    54 117 32 21 49 33 120 240 30 194 53 108 59 129 65 226 236 195 112
    241 98 65 246 132 40 228 129 88 12 97 225 93 44 196 190 91 56 1 124
    92 68 26 142 192 97 130 79 184 172 24 1 240 29 220 65 22 242 23 156
    88 215 32 120 45 166 109 232 63 189 165 93 189 254 174 241 205 57
    188 197 203 252 131 41 245 114 90 123 117 173 5 55 126 93 49 207 215
    192 223 40 116 248 233 54 117 95 106 165 212 212 117 107 184 252 24
    13 246 21 159 92 54 210 183 173 218 223 44 254 20 34 17 132 0 193 40
    101 66 130 83 20 81 6 153 2 126 130 67 64 129 32 197 148 137 8 164
    200 0 140 177 200 112 4 101 190 12 58 1 68 160 64 17 6 102 164 2 110
    155 44 105 3 50 28 20 73 128 98 11 240 72 6 96 226 5 2 0 0 0 144 34
    0 0 2 2 4 0 0 9 2 0 40 129 192 193 32 65 192 0 0 132 128 0 4 33 64
    77 16 65 160 25 8 0 72 32 0 16 0 68 96 162 79 24 44 8 4 178 25 88 1
    6 99 19 180 8 211 96 98 252 153 255 247 59 247 249 239 150 253 87
    215 159 254 179 94 251 215 97 107 212 47 230 123 93 223 183 63 90
    203 119 239 215 36 117 186 87 124 233 116 112 92 185 47 223 20 245
    111 153 172 24 5 240 29 156 73 16 242 51 189 88 87 32 250 247 221
    124 222 119 31 95 11 39 68 21 238 190 127 100 93 252 179 60 247 23
    127 209 99 245 246 241 125 114 58 222 33 150 124 87 158 194 88 218
    125 112 157 61 109 181 92 245 110 149 174 16 15 248 29 218 79 56 247
    114 189 120 253 174 218 255 245 125 246 127 191 223 57 255 253 253
    251 191 122 244 95 246 247 126 127 247 127 211 119 253 254 227 127
    126 123 245 235 215 109 20 190 222 121 251 253 82 223 255 111 241 20
    245 111 157 174 24 15 248 29 158 77 24 247 115 191 123 95 168 251
    252 153 255 247 59 247 249 239 151 253 85 223 159 250 179 94 251 215
    97 107 212 47 230 123 93 219 183 63 90 219 119 239 215 36 117 186 86
    124 249 116 112 92 249 47 223 20 241 111 153 172 24 5 240 29 156 73
    16 242 51 189 89 87 32 250 5 6 12 128 172 188 46 80 32 70 3 0 200 37
    32 1 132 232 1 224 192 112 16 240 64 32 168 216 16 4 49 65 84 20 215
    170 65 112 128 64 116 28 24 141 212 0 230 77 152 172 24 5 240 29 156
    73 16 243 19 180 88 211 104 248 237 238 231 169 222 253 167 220 249
    253 226 251 235 57 255 205 203 125 187 105 236 85 222 121 111 253 25
    167 255 67 59 223 213 227 253 123 117 255 173 54 253 85 106 55 95
    159 124 177 220 253 60 180 215 247 143 44 92 236 167 173 207 79 52
    254 84 33 17 144 16 6 32 103 66 38 83 20 81 134 147 66 98 64 3 100
    11 128 64 130 140 136 164 137 2 140 48 72 96 36 5 154 8 114 1 86 144
    64 16 14 64 12 128 12 25 44 16 0 96 24 20 73 128 114 1 184 72 6 32
    240 5 38 92 0 152 16 34 64 32 66 2 4 64 39 169 1 194 232 1 96 193 64
    1 240 64 0 168 137 192 12 49 65 208 4 85 170 81 112 1 116 116 84 24
    14 84 20 226 76 153 44 24 4 240 29 156 73 16 242 19 180 88 82 96 248
    4 34 17 0 8 144 34 96 64 2 2 4 192 5 153 0 66 8 67 192 193 32 65 208
    200 16 164 200 0 140 161 64 93 4 197 170 24 56 1 64 36 80 16 4 68
    228 162 79 154 44 8 3 178 29 88 89 6 98 19 180 72 83 96 98 77 142
    230 161 220 247 163 244 60 255 194 95 203 109 187 101 235 253 249 98
    252 5 206 121 111 123 56 166 92 71 51 223 215 225 93 57 119 249 237
    54 117 84 106 46 213 21 251 115 157 252 24 37 245 253 156 73 86 254
    179 173 218 95 32 254 94 32 81 178 24 4 40 71 192 34 81 52 81 130
    147 82 114 196 1 96 139 160 196 30 140 136 164 137 66 168 49 232 113
    36 20 154 74 112 1 214 128 64 16 8 66 28 128 12 153 44 16 1 96 28 20
    73 128 242 49 152 92 22 34 241 77 134 230 161 222 229 171 116 60 255
    194 93 205 109 179 69 234 125 233 98 248 101 218 121 14 248 56 166
    88 71 51 207 87 225 93 57 119 249 237 54 117 68 106 46 197 21 251
    115 152 252 24 5 245 189 156 73 26 182 179 189 202 87 32 254 37 37
    237 8 22 23 5 126 208 150 212 176 121 179 151 66 202 68 67 124 81 80
    197 151 8 33 132 129 97 28 16 73 220 44 149 186 94 120 1 124 112 211
    56 47 84 180 65 108 27 44 11 4 240 25 220 24 52 226 43 156 72 214
    104 251 35 17 64 134 23 128 8 8 38 64 17 112 168 74 160 85 98 214 4
    208 65 34 129 102 68 146 224 9 18 40 0 41 22 36 20 154 66 120 1 84
    64 64 24 11 192 20 244 78 145 164 24 4 96 24 156 73 16 50 51 189 24
    87 32 248 251 221 174 119 255 179 219 186 254 189 244 239 174 217
    102 61 116 247 126 155 244 111 251 127 163 106 230 254 127 119 231
    247 255 251 178 117 255 31 250 249 219 223 235 222 217 99 155 111
    253 219 159 203 252 175 219 197 119 183 247 159 242 191 150 223 249
    191 255 247 54 243 251 255 219 251 247 249 239 208 195 250 255 223
    255 127 252 45 231 223 237 255 243 255 95 103 247 255 255 37 125 181
    255 125 232 245 249 92 187 46 251 21 219 127 185 174 28 71 240 61
    156 73 86 243 55 255 122 87 32 254 211 31 134 87 239 82 130 134 34
    17 22 71 142 245 2 25 125 163 56 151 196 47 83 195 210 115 216 110
    172 144 194 98 159 57 67 36 123 8 238 104 100 29 40 167 157 104 181
    111 177 202 137 9 181 105 216 203 119 87 22 53 80 113 148 74 60 53
    125 188 50 37 53 127 247 84 221 53 125 62 189 118 243 212 67 96 113
    114 192 183 220 168 228 153 122 220 124 233 244 36 85 190 214 122
    129 124 122 95 29 46 212 182 229 78 155 172 153 13 242 29 156 73 56
