<?xml version="1.0"?>
<opencv_storage>
<ImageFile>"383.jpg"</ImageFile>
<Features type_id="opencv-matrix">
  <rows>214</rows>
  <cols>64</cols>
  <dt>u</dt>
  <data>
    195 13 130 23 193 194 82 198 10 161 5 14 130 201 131 26 107 17 53 71
    14 143 231 33 6 219 187 47 210 10 34 55 83 39 53 251 2 45 103 86 16
    96 56 106 201 24 169 181 89 140 80 181 209 122 148 227 81 56 49 57
    28 53 17 234 195 13 130 23 201 194 74 198 10 161 1 14 130 201 2 27
    106 17 56 71 10 143 239 41 6 219 186 47 146 8 34 39 83 39 52 251 2
    45 103 86 16 96 40 74 201 24 169 183 89 140 88 53 81 122 148 227 81
    56 49 57 28 85 17 234 46 238 109 170 26 31 5 67 165 78 40 210 25 110
    252 109 147 116 99 96 244 118 152 127 93 245 5 1 59 218 61 201 198
    76 79 138 194 120 233 60 46 127 116 173 84 86 244 107 25 172 152 8
    226 29 142 24 24 226 115 189 91 223 42 178 18 17 156 214 38 3 88 54
    22 4 21 64 30 64 18 18 124 210 96 163 198 45 193 227 136 19 246 94
    16 44 212 105 215 52 16 190 90 104 226 117 112 88 185 47 241 20 245
    111 153 172 24 7 240 24 156 73 17 243 51 189 88 119 32 250 18 17 156
    214 38 3 88 54 2 132 21 64 30 192 18 18 124 211 96 231 198 45 193
    195 136 26 242 92 80 12 212 97 215 52 16 190 90 104 194 117 112 72
    57 47 209 20 245 111 153 172 24 7 240 24 156 73 17 243 51 157 88 119
    32 250 57 189 253 222 62 95 209 127 255 252 222 245 125 127 255 252
    255 246 67 35 245 106 245 247 249 171 228 27 111 219 255 239 207 108
    71 190 222 122 249 124 222 93 121 174 212 118 245 111 185 172 153 13
    240 29 157 77 60 242 115 189 250 87 42 250 61 246 124 140 59 61 181
    125 55 252 254 241 61 63 239 228 243 180 195 56 241 114 213 118 85
    41 224 27 125 221 253 235 253 36 85 186 214 114 169 252 246 95 26
    174 212 183 212 77 153 172 29 13 240 29 157 73 48 242 55 188 90 86
    42 217 254 112 251 247 63 160 125 126 214 171 241 249 239 194 132 91
    58 199 62 219 175 173 231 31 140 139 227 191 83 61 229 238 91 173
    180 191 238 253 243 247 90 202 227 107 251 29 139 63 223 230 94 195
    108 188 182 109 208 179 247 219 189 118 177 191 45 175 237 252 58
    253 241 119 177 252 198 245 93 119 189 198 139 252 227 107 245 117
    82 243 93 59 132 151 108 221 61 235 215 112 87 186 214 120 249 124
    124 61 124 39 245 52 247 111 153 172 137 13 242 29 156 77 60 242 115
    189 91 95 40 250 251 222 247 207 255 255 223 249 255 221 127 219 191
    127 252 253 247 247 125 111 246 111 154 125 111 255 63 63 254 91 127
    255 215 103 125 219 214 127 253 247 119 92 251 63 223 30 253 55 141
    189 24 133 248 191 159 79 80 254 114 191 222 95 48 190 61 178 247
    165 189 241 161 124 240 188 210 117 237 95 131 81 250 244 195 34 225
    32 207 253 174 168 112 131 126 77 115 239 95 228 93 190 118 240 233
    116 93 84 90 14 196 1 241 111 184 188 24 5 240 28 156 73 22 242 183
    157 218 87 36 254 44 175 237 220 58 255 243 119 241 252 198 245 93
    119 189 198 139 221 227 107 245 117 82 243 93 251 132 183 108 221 53
    235 215 0 71 186 214 120 249 124 124 61 120 39 245 52 245 111 153
    172 137 15 242 29 156 77 52 242 115 189 91 87 105 250 42 253 104 235
    183 156 221 9 255 223 61 234 189 62 124 93 153 247 36 185 167 118 17
    125 245 215 243 63 127 251 215 177 150 220 223 134 235 89 250 59 100
    223 111 105 183 84 244 63 215 159 144 15 238 133 254 124 56 215 254
    191 243 219 252 186 68 19 214 244 121 162 105 90 164 57 1 99 131 219
    160 7 34 253 161 99 230 47 218 123 2 154 130 23 16 32 33 199 95 179
    118 186 17 188 115 71 69 32 186 199 233 65 209 203 88 166 24 81 244
    28 156 73 17 178 243 151 72 119 165 122 41 143 117 203 219 157 167
    89 237 84 6 86 177 126 249 69 194 245 137 34 214 117 154 117 126 128
    0 5 190 72 25 11 151 198 217 154 80 218 95 6 165 117 76 68 69 134
    221 131 150 60 137 44 51 133 143 41 32 106 90 175 64 207 47 80 124
    190 255 253 122 255 251 127 249 253 199 255 223 247 191 238 187 253
    251 111 253 117 82 255 221 255 188 191 110 223 119 239 199 69 71 191
    222 250 253 127 124 93 121 167 245 61 245 111 157 172 137 79 243 125
    156 95 124 254 115 189 251 95 120 254 40 166 117 203 219 157 167 121
    237 86 130 54 177 126 249 69 194 245 193 34 212 118 154 117 126 176
    0 5 62 72 25 75 151 198 223 154 116 250 95 22 165 117 78 4 84 134 85
    195 150 61 153 44 178 133 207 25 32 96 90 175 194 207 47 116 45 254
    239 120 63 253 253 127 253 254 206 253 255 61 253 239 155 252 227
    123 245 118 219 255 113 127 151 182 125 215 127 238 207 200 199 36
    247 250 249 127 252 125 110 175 215 247 119 107 191 255 188 13 246
    29 223 92 62 246 255 255 251 219 238 222 61 50 125 132 62 181 153
    124 246 124 214 53 109 27 185 101 242 244 67 96 241 34 221 254 156
    40 228 27 126 221 117 239 237 44 87 190 214 114 161 253 218 93 82
    142 192 226 192 79 185 44 156 9 240 29 157 81 48 242 51 156 218 150
    46 253 236 143 239 217 58 127 251 247 61 254 78 159 223 253 251 238
    235 221 107 107 252 245 214 243 89 110 180 190 89 199 63 251 247 36
    85 186 83 122 233 116 248 92 56 62 213 54 243 111 153 172 24 5 240
    29 157 73 16 242 51 189 88 87 34 250 59 20 144 54 31 35 0 54 70 40
    210 53 44 78 2 85 126 179 3 208 225 39 203 127 128 40 224 15 82 28
    225 103 79 44 85 190 91 56 97 92 120 84 16 15 197 113 167 79 153 172
    24 5 240 28 156 65 18 178 51 181 24 87 32 106 237 237 239 253 114
    111 119 239 253 245 237 251 251 252 190 206 139 85 185 111 62 141
    238 59 127 203 154 55 123 201 62 143 215 231 53 251 22 253 255 62
    115 255 253 119 191 28 125 178 93 160 127 253 209 254 180 174 217
    236 105 123 77 109 147 255 230 239 109 201 242 221 219 201 255 223
    15 254 217 62 255 238 139 245 126 47 220 117 210 104 125 215 159 55
    47 251 31 59 199 84 223 171 242 123 251 61 240 125 109 109 183 30
    245 59 159 174 24 47 179 149 253 126 80 254 114 61 123 223 122 250
    252 253 255 221 38 95 217 183 127 213 87 222 223 244 127 254 253 211
    122 175 87 125 215 243 251 119 183 126 109 255 222 235 199 126 71
    254 222 127 250 125 112 93 253 127 189 52 245 111 159 172 139 207
    242 29 152 95 127 247 123 255 123 249 105 250 159 48 88 38 61 176 56
    72 16 187 209 113 160 11 128 19 34 206 133 217 233 160 233 24 4 136
    224 211 90 101 165 255 113 144 188 48 55 251 160 247 202 206 91 8
    226 1 194 89 58 255 58 7 236 148 255 96 150 179 183 216 172 18 34 37
    31 48 72 36 61 176 56 88 80 187 208 241 224 11 128 83 2 76 133 217
    225 32 233 88 36 136 226 147 90 101 229 255 121 144 188 48 119 249
    33 247 202 206 123 8 242 1 194 89 58 255 58 7 236 148 255 36 150 179
    183 216 140 146 34 39 251 245 125 222 119 31 95 59 247 84 61 243 63
    251 246 92 247 215 124 245 85 255 161 54 254 255 249 93 251 88 252
    41 210 45 20 254 202 112 145 245 82 223 29 31 209 30 245 78 141 165
    26 5 120 31 159 73 24 246 51 189 88 86 34 249 251 253 125 222 247 63
    95 59 247 85 125 251 63 251 246 93 247 215 124 117 85 247 177 54 254
    255 249 125 251 88 254 41 210 109 20 254 218 112 145 245 86 223 61
    31 209 30 244 76 157 165 26 13 248 31 159 73 24 246 51 188 88 86 34
    249 120 5 229 158 22 135 29 127 230 102 81 16 93 232 181 70 242 213
    67 98 214 39 208 55 92 170 166 13 82 152 53 233 195 36 86 186 194
    120 225 92 48 74 52 47 212 20 197 79 153 172 24 5 114 29 156 73 16
    242 51 189 88 86 32 250 25 48 25 38 40 161 57 108 210 170 215 53 117
    2 129 82 118 142 128 80 224 32 192 134 136 136 224 216 66 32 229 234
    93 52 5 190 159 104 128 93 88 72 21 10 224 53 129 79 155 174 9 7 240
    28 28 65 12 51 31 184 56 22 96 238 5 7 16 80 9 130 37 75 164 72 2 5
    0 79 160 5 226 53 129 2 198 46 24 99 66 138 2 4 16 8 9 65 114 2 86
    186 0 170 19 132 5 96 24 194 96 64 193 79 0 36 24 4 34 24 141 9 25
    34 83 135 8 70 163 112 120 5 229 158 22 135 29 127 231 230 17 16 29
    232 177 70 242 213 97 98 222 47 208 55 92 234 166 13 82 152 53 233
    195 36 86 186 210 120 225 116 48 74 52 47 213 20 197 79 153 172 24 5
    114 29 156 73 16 242 51 189 88 86 32 250 50 198 28 138 2 157 5 1 103
