<?xml version="1.0"?>
<opencv_storage>
<ImageFile>"384.jpg"</ImageFile>
<Features type_id="opencv-matrix">
  <rows>179</rows>
  <cols>64</cols>
  <dt>u</dt>
  <data>
    122 253 255 254 63 207 93 15 255 238 93 188 191 238 254 254 255 183
    112 123 190 255 211 63 223 255 247 63 107 251 255 239 199 238 103
    191 255 125 251 126 124 221 229 233 223 20 245 127 223 174 154 207
    230 29 188 93 216 246 251 249 251 223 184 246 175 205 238 90 19 31
    85 75 189 71 172 234 191 255 228 79 139 53 55 61 55 86 208 103 119
    247 23 55 123 90 94 1 134 78 198 218 162 93 255 60 118 255 60 225
    157 88 117 227 85 188 176 28 203 5 238 190 56 188 112 47 155 221 191
    218 59 182 125 234 127 191 63 121 245 126 222 53 253 127 253 85 242
    245 75 112 245 115 145 127 92 168 236 159 126 89 125 235 223 108 215
    190 215 122 177 125 254 223 90 14 212 167 199 79 153 173 24 13 226
    29 159 93 24 246 59 188 218 222 42 241 253 250 247 245 252 231 251
    248 220 253 250 127 239 203 210 253 251 245 255 111 255 143 174 124
    175 255 127 191 222 91 115 255 103 231 124 255 244 245 253 247 221
    76 227 222 235 11 217 177 236 181 92 241 253 254 140 227 192 188 241
    143 222 87 177 188 253 62 247 245 248 231 251 254 252 253 234 127
    199 251 211 237 251 237 255 111 255 141 174 189 175 255 63 191 223
    15 114 255 119 231 125 255 20 181 253 247 93 100 251 246 235 41 219
    177 236 189 126 241 217 254 156 239 196 252 225 207 222 7 49 190 57
    140 236 222 47 221 221 53 61 252 86 205 157 124 61 206 157 186 224
    187 244 125 219 251 121 107 194 118 109 213 221 231 223 120 115 32
    255 219 250 57 241 189 239 47 245 181 247 107 191 234 139 79 246 13
    219 92 63 211 255 255 243 251 175 222 255 254 247 247 255 231 251
    248 254 253 250 127 239 203 210 253 251 247 255 127 255 175 191 124
    175 255 127 191 222 123 119 255 103 239 254 255 246 245 253 247 89
    76 227 255 203 11 249 179 236 245 92 177 237 246 142 227 208 188 245
    143 222 31 181 188 122 48 255 247 255 247 251 124 222 255 215 127
    255 72 178 85 254 247 123 115 253 119 203 125 142 251 254 191 90 221
    247 239 79 45 151 191 222 121 249 119 120 77 247 47 213 45 245 127
    190 188 153 13 242 189 156 81 104 182 115 155 251 159 44 254 61 236
    111 201 50 93 209 255 189 220 92 223 93 63 255 236 203 212 217 43
    244 112 204 114 125 253 21 17 127 219 63 123 245 100 61 250 214 123
    249 60 247 223 253 62 23 150 117 105 159 173 31 13 216 29 158 76 56
    228 106 237 91 143 42 255 233 252 255 91 239 253 247 157 251 255 140
    239 254 253 111 223 255 179 250 191 253 127 91 253 243 119 127 246
    111 87 223 39 223 203 235 117 255 223 254 123 127 255 238 245 191
    249 127 179 253 218 174 127 255 229 250 254 127 255 254 175 243 249
    223 223 250 48 255 247 255 247 251 252 222 255 211 127 255 72 179 85
    254 247 123 115 253 119 219 253 142 251 254 191 90 221 247 239 79 45
    151 191 222 121 249 127 120 77 247 47 213 45 245 127 190 188 153 13
    242 189 156 81 104 182 115 155 251 159 44 254 252 236 239 255 254
    255 251 255 253 253 254 255 255 254 251 236 251 221 255 107 253 125
    239 255 127 239 55 183 255 215 127 255 247 227 125 115 247 247 253
    190 251 125 239 126 221 151 251 243 189 237 223 205 255 63 157 77 86
    252 255 255 223 127 163 254 127 252 254 235 255 255 247 221 189 255
    222 191 189 126 251 253 251 213 59 98 253 215 223 124 127 221 120 47
    255 95 127 255 215 229 85 251 82 243 237 118 120 93 90 62 85 157 253
    177 157 172 30 5 241 189 156 105 80 252 187 189 218 95 50 254 126
    182 248 255 255 191 223 9 255 123 213 251 189 126 180 93 246 183 57
    243 237 119 219 125 245 218 232 127 126 249 253 239 151 172 87 183
    255 121 249 127 104 95 111 105 213 21 247 111 157 238 152 13 246 21
    220 121 16 246 247 189 251 95 56 254 118 237 251 220 112 142 95 75
    175 68 45 186 215 242 252 94 226 213 60 103 14 173 128 35 95 215 167
    125 3 170 28 41 146 7 116 155 2 124 215 94 50 251 189 97 189 30 245
    46 197 164 48 213 120 29 181 75 80 254 113 189 89 84 51 251 243 185
    223 87 255 131 219 184 254 175 145 127 239 203 146 89 118 247 126 55
    206 47 203 239 142 250 254 111 210 25 243 111 95 47 92 191 90 61 255
    119 80 76 170 46 209 56 249 55 157 172 24 5 240 189 156 195 80 182
    51 191 216 87 48 254 247 253 254 117 125 50 251 250 240 191 245 251
    238 217 6 31 124 239 127 255 255 239 115 255 230 123 247 254 125 53
    226 231 223 123 188 253 255 61 248 253 88 206 187 255 219 113 147
    127 185 254 26 195 248 252 222 69 119 183 247 159 254 247 165 251
    253 222 127 237 255 127 255 249 189 253 254 223 223 253 255 237 243
    253 127 111 124 143 190 60 127 255 63 191 255 87 126 191 240 101 125
    251 87 119 253 252 219 94 122 62 223 191 222 180 141 173 86 165 217
    191 143 77 208 252 41 188 223 94 34 189 92 57 251 244 112 103 248
    103 210 184 213 181 87 210 147 90 250 207 251 111 199 45 230 147 143
    138 230 207 66 172 244 234 247 55 53 191 94 124 249 117 216 92 177
    78 251 21 131 111 155 172 25 211 240 29 156 73 68 250 51 251 88 87
    35 255 124 189 255 255 251 255 243 239 253 249 222 189 255 254 235
    254 251 157 251 127 255 159 239 63 255 207 250 191 127 223 126 238
    255 39 101 255 87 255 253 126 251 93 252 126 93 191 127 231 253 172
    95 149 241 63 156 77 80 254 239 191 91 79 179 254 58 191 253 222 34
    159 93 3 239 230 7 148 157 126 253 94 246 243 66 235 183 126 81 247
    217 54 230 93 98 248 253 225 199 30 71 190 203 122 218 126 188 223
    253 109 247 246 229 111 153 172 152 79 242 29 159 93 57 243 123 191
    123 251 107 250 60 239 125 216 50 125 245 119 245 214 238 240 93 60
    253 238 219 248 195 107 117 114 84 247 249 39 133 208 109 220 252
    248 238 74 199 174 222 122 217 120 254 31 180 167 212 247 87 110 187
    173 175 79 242 29 219 92 62 242 123 253 123 251 111 219 107 159 236
    146 223 159 7 9 174 69 150 106 191 250 46 93 244 183 57 244 223 87
    147 117 86 242 120 45 242 152 216 33 159 47 83 159 74 88 237 124 116
    213 28 13 213 92 245 135 157 172 152 12 243 125 219 219 120 246 51
    189 88 223 60 218 134 249 235 213 54 223 220 131 43 195 61 250 219
    210 118 123 153 213 52 191 7 125 114 67 237 215 179 127 18 62 158 49
    134 20 215 202 202 125 250 243 112 61 165 105 183 28 245 47 215 190
    128 79 242 17 120 94 17 147 112 127 121 249 253 250 201 138 198 53
    207 227 170 176 60 191 98 207 142 233 115 43 237 253 125 231 236 135
    238 248 75 127 189 174 208 7 51 182 255 45 87 251 83 125 237 118 120
    92 56 62 217 125 251 181 153 172 24 5 240 31 156 73 16 240 49 189 92
    87 32 250 45 134 237 248 63 191 165 91 181 254 132 241 157 127 189
    69 202 253 227 107 244 119 218 119 85 254 165 55 124 88 113 235 215
    100 215 186 210 120 249 124 124 93 58 175 213 113 245 111 185 172 24
    13 242 29 156 93 56 242 115 189 218 215 40 250 62 176 253 247 63 181
    219 60 222 253 213 253 253 90 176 85 250 247 83 251 247 127 219 127
    173 250 246 255 126 249 245 239 143 236 159 190 255 121 249 127 89
    221 231 111 209 117 177 111 191 254 153 75 244 181 156 85 52 178 255
    219 251 159 172 223 249 254 255 237 254 253 243 249 253 253 254 223
    223 125 255 236 251 253 255 107 252 119 222 252 127 255 189 182 253
    211 127 255 215 101 87 250 214 249 253 124 125 93 123 63 213 182 253
    119 191 173 157 13 240 157 158 93 124 246 115 189 218 223 40 254 61
    254 125 126 63 189 253 122 241 126 252 249 237 123 236 93 242 254
    231 123 245 124 81 255 229 63 227 191 127 95 253 239 223 108 212 182
    255 248 249 245 126 223 123 47 244 243 247 111 185 191 8 79 248 29
    223 77 62 247 247 159 251 223 238 223 63 189 253 124 54 191 125 119
    247 92 253 177 127 251 180 94 251 253 99 255 247 127 209 247 221 107
    231 221 107 252 244 233 223 108 100 190 222 120 241 125 126 223 191
    239 245 113 247 111 187 166 137 79 240 29 159 93 62 247 115 251 123
    247 172 251 254 57 255 245 126 103 123 255 244 255 213 251 255 234
    178 94 251 221 123 103 255 175 227 63 206 251 255 191 210 159 246
