<?xml version="1.0"?>
<opencv_storage>
<ImageFile>"386.jpg"</ImageFile>
<Features type_id="opencv-matrix">
  <rows>187</rows>
  <cols>64</cols>
  <dt>u</dt>
  <data>
    122 253 255 254 63 223 93 15 255 238 121 184 63 238 190 254 255 183
    114 123 190 255 211 63 253 255 247 63 107 251 255 239 199 238 111
    255 255 125 251 127 124 221 229 233 223 84 245 127 255 174 154 203
    230 29 188 93 184 246 251 251 255 223 184 246 123 254 125 207 254
    159 159 9 239 117 23 58 189 127 253 84 242 215 24 100 206 119 155
    124 255 212 189 63 190 249 93 47 215 229 85 159 66 123 191 94 181 95
    76 31 213 140 221 23 149 173 16 5 54 189 159 239 88 126 56 61 88 77
    50 250 51 212 124 222 47 157 95 13 255 255 61 200 61 123 52 223 255
    246 52 187 150 115 243 111 253 199 231 127 127 121 221 111 215 236
    222 22 234 121 250 251 118 223 105 109 150 22 245 111 145 170 30 5
    228 5 191 93 153 247 114 191 251 223 42 251 191 254 109 237 254 253
    255 121 189 127 253 255 223 125 244 253 241 253 127 99 252 119 178
    120 111 254 191 255 255 119 127 255 215 108 223 251 218 123 249 247
    94 223 123 63 213 23 245 127 157 189 24 5 250 189 158 77 24 246 115
    191 218 223 46 184 247 188 255 71 255 229 219 248 254 253 151 127
    239 75 194 125 250 247 62 55 255 47 238 124 175 255 255 63 254 123
    119 63 215 237 252 223 214 253 255 247 209 92 235 63 201 24 249 55
    156 190 24 165 248 191 156 99 120 190 176 63 252 157 52 254 252 254
    255 253 254 255 255 249 253 253 252 223 223 252 255 237 251 253 127
    107 252 255 190 127 127 255 191 191 255 91 127 255 247 101 87 251
    214 119 253 244 218 95 122 62 221 182 253 127 157 173 30 5 248 63
    159 77 16 246 115 189 223 95 34 253 252 252 255 253 254 253 243 245
    221 253 254 223 223 252 251 236 251 221 251 107 253 249 239 190 127
    111 182 182 253 215 127 255 255 227 117 113 247 243 253 126 251 125
    239 126 221 183 255 243 191 236 223 237 223 191 156 77 247 252 239
    255 223 111 167 254 31 157 174 117 47 241 249 54 189 189 215 205 30
    124 34 239 61 186 242 155 247 127 247 255 177 107 198 246 125 247
    247 230 207 248 163 100 255 11 250 249 216 189 255 110 241 117 179
    107 189 250 143 79 252 13 216 84 55 211 255 255 243 187 143 207 229
    239 247 219 216 78 103 207 235 231 40 186 95 231 255 234 203 85 61
    111 15 221 110 43 95 199 27 47 171 11 26 31 241 199 117 219 0 245
    119 246 38 114 236 113 31 30 93 176 197 44 118 244 3 123 165 174 216
    236 96 45 93 84 51 177 27 157 142 117 47 241 249 54 189 189 215 205
    62 88 34 255 61 186 242 155 246 127 247 255 161 107 230 246 125 117
    247 231 207 248 163 100 255 75 250 249 217 189 255 110 241 117 179
    107 191 218 139 79 252 13 216 85 55 211 255 255 179 187 143 207 255
    253 255 117 125 178 255 218 240 191 245 235 238 217 6 27 124 239 63
    255 255 239 115 255 230 123 247 255 93 53 226 231 223 57 190 255 251
    61 248 245 120 206 187 255 251 113 151 127 184 254 24 67 240 252 220
    69 55 183 247 159 254 243 245 251 228 235 247 217 80 71 101 199 233
    229 41 184 87 227 191 234 235 69 187 111 15 141 110 139 223 203 30
    173 163 136 58 15 243 135 119 219 0 245 119 214 166 106 236 118 63
    158 73 178 77 36 102 244 19 126 37 174 216 236 65 111 93 100 51 243
    187 245 109 254 191 189 95 25 255 127 253 251 189 126 124 117 244
    246 70 249 244 114 145 118 245 190 225 59 127 123 125 233 207 108
    214 254 251 123 249 253 222 223 127 175 208 119 245 79 185 191 152
    15 250 29 223 93 56 242 119 191 251 223 46 249 62 253 125 124 54 125
    221 247 251 222 255 180 125 118 255 250 249 210 66 251 55 240 117
    150 253 55 247 217 111 255 255 250 239 124 199 254 222 122 249 125
    190 221 253 61 246 247 183 110 191 175 143 79 250 29 83 93 190 243
    91 255 251 251 234 246 173 254 238 233 63 255 247 123 189 255 212
    251 255 123 252 77 251 253 127 123 245 119 218 119 117 255 181 183
    127 87 119 235 223 108 215 186 215 120 249 125 124 93 122 175 213
    113 247 111 189 188 152 13 240 61 156 93 56 246 119 191 219 223 44
    250 106 159 236 146 223 155 7 11 238 65 151 106 191 254 44 93 244
    183 121 244 223 87 19 119 86 210 88 45 242 152 216 33 158 47 194 159
    74 88 149 92 52 215 28 13 85 92 245 135 149 172 152 12 115 61 219
    219 56 246 51 189 88 223 60 216 250 122 127 167 118 127 191 252 220
    255 254 251 109 31 219 214 251 213 127 109 56 211 228 60 173 253 189
    191 95 91 119 187 80 37 253 255 87 121 173 117 120 92 59 63 215 141
    116 124 159 173 94 5 248 191 158 93 208 244 59 252 93 23 32 190 47
    215 109 236 63 189 189 89 189 95 173 202 221 125 124 101 144 252 71
    107 244 118 144 114 93 190 165 58 124 118 127 251 215 124 215 186
    210 120 248 117 126 95 58 47 244 118 245 111 153 173 24 13 242 29
    159 93 16 242 51 189 122 223 46 251 200 202 134 37 236 224 170 176
    56 187 112 207 138 193 83 41 237 205 61 231 204 135 238 248 75 95
    189 238 209 7 51 182 247 37 85 251 83 61 237 246 120 92 56 63 209 61
    251 53 153 172 24 5 240 31 156 73 16 240 51 189 92 87 32 250 45 222
    108 138 191 253 151 57 191 116 38 203 157 59 125 197 253 254 65 184
    240 82 210 112 81 61 217 122 125 82 95 227 221 120 211 160 211 90
    168 121 244 31 126 175 213 243 244 109 152 189 152 13 246 29 155 93
    56 242 55 188 219 223 44 218 45 222 108 138 191 253 147 57 63 116 6
    203 156 59 109 197 237 254 65 184 240 82 210 112 81 61 217 122 125
    82 95 99 221 120 211 160 211 90 168 105 244 29 122 175 212 242 244
    109 152 173 152 13 246 29 155 77 56 242 55 188 218 223 44 219 77 207
    236 249 115 255 255 92 61 255 236 221 223 125 252 239 137 253 63 111
    252 97 246 115 77 235 130 55 121 12 57 107 215 38 84 186 82 122 249
    244 214 126 56 47 209 22 245 111 153 172 24 5 240 29 157 77 16 246
    51 189 88 87 34 251 59 253 254 255 63 255 253 59 255 253 221 251 255
    126 124 221 255 255 126 251 247 127 211 255 241 127 247 254 127 247
    247 239 223 126 231 244 255 121 250 125 125 253 255 111 253 117 247
    111 191 255 137 207 254 189 218 93 127 247 255 255 251 251 237 222
    252 254 127 237 254 255 255 253 253 255 254 191 221 61 251 238 251
    221 219 107 253 243 254 188 253 237 190 191 253 223 127 255 245 101
    255 255 214 243 249 247 254 95 251 190 215 167 204 125 191 173 222
    13 250 191 159 93 220 246 123 220 223 94 42 182 253 253 254 223 250
    95 219 246 127 253 125 255 191 254 255 254 255 215 125 111 95 173
    231 62 203 239 255 127 251 75 246 127 243 37 85 255 82 119 253 244
    242 95 120 62 221 30 249 111 157 172 30 5 248 63 157 75 80 254 51
    189 92 86 34 251 12 34 235 177 24 181 160 101 16 254 66 213 209 32
    153 66 138 89 227 99 229 37 202 219 13 154 132 167 64 133 49 206 215
    0 85 186 87 248 233 116 120 124 48 46 215 20 115 107 153 172 24 5
    240 29 156 72 16 242 51 189 88 87 32 250 250 49 251 182 127 6 91 207
    198 229 213 118 255 202 146 86 254 215 50 215 203 175 195 103 158
    218 252 127 82 189 215 235 135 45 21 190 218 120 233 95 112 89 53 43
    213 28 181 111 157 174 153 15 240 24 156 65 120 178 51 185 56 87 52
    250 171 214 108 248 63 189 253 88 189 255 228 202 173 121 244 93 226
    253 7 107 244 118 216 122 109 190 163 59 126 83 125 251 215 100 222
    186 82 121 249 245 214 222 122 47 208 23 245 111 153 189 24 5 248 29
    159 77 24 242 51 191 218 215 42 251 121 190 246 253 110 255 255 119
    127 253 95 221 95 125 127 252 253 251 251 235 245 123 119 255 251
    127 254 254 109 247 255 231 199 249 99 53 255 242 248 127 125 93 251
    175 253 244 255 111 189 236 207 79 246 125 154 205 127 255 115 183
    243 239 41 254 251 220 255 245 255 255 255 217 255 127 253 255 255
    124 246 253 247 245 127 123 252 127 179 124 239 255 255 191 223 119
    127 255 215 237 222 255 210 127 249 247 91 223 127 63 211 31 253 127
    157 189 26 5 232 189 159 73 16 246 115 191 223 95 42 184 60 182 125
    168 191 189 175 89 245 94 232 115 253 127 189 85 242 253 195 112 245
    118 17 246 212 252 241 187 126 94 125 235 207 108 215 190 211 120
