<?xml version="1.0"?>
<opencv_storage>
<ImageFile>"388.jpg"</ImageFile>
<Features type_id="opencv-matrix">
  <rows>169</rows>
  <cols>64</cols>
  <dt>u</dt>
  <data>
    186 221 236 222 183 221 223 9 239 71 61 254 191 126 124 125 189 247
    100 247 150 127 211 103 253 247 243 127 63 250 222 41 151 124 215
    158 202 120 250 123 118 93 253 109 181 28 245 47 151 174 152 15 242
    29 220 93 57 247 114 191 121 223 168 250 248 221 255 223 246 253 249
    247 253 255 127 159 191 252 127 238 255 213 125 111 62 255 231 63
    123 255 183 58 255 211 126 191 243 103 117 251 215 127 253 126 242
    255 253 62 223 158 125 182 143 173 94 149 250 159 149 77 209 244 121
    255 93 95 3 191 8 207 134 253 234 253 244 55 61 124 110 141 30 253
    127 172 237 218 233 234 244 125 158 187 91 111 134 210 253 209 191
    231 247 114 83 32 87 198 248 104 255 63 218 62 92 167 255 203 189
    201 94 69 246 77 155 205 31 199 123 151 83 110 3 244 9 207 134 252
    234 127 252 55 57 124 106 13 30 253 127 172 173 218 233 234 244 125
    158 187 91 111 166 214 253 69 191 231 247 115 81 32 215 198 248 104
    127 63 218 62 252 167 231 203 189 201 94 85 246 93 155 77 159 199
    123 151 82 106 3 240 34 148 104 142 47 156 157 13 167 66 61 224 61
    58 60 85 246 182 0 177 196 114 209 102 85 130 224 27 50 184 93 105
    151 44 86 186 210 88 169 124 114 95 56 41 212 20 245 111 145 172 24
    13 240 29 157 73 16 242 50 189 88 87 40 251 58 244 125 142 55 157 31
    121 247 70 221 180 61 62 188 86 246 214 66 112 144 114 209 118 253
    160 224 29 114 248 253 233 208 36 23 190 194 122 129 125 178 219 29
    47 212 22 228 78 155 172 16 13 106 29 159 93 24 242 59 188 89 222 42
    249 58 221 108 254 39 157 93 3 55 70 125 192 31 124 116 94 253 246
    100 243 182 126 240 115 253 191 231 90 115 243 253 233 214 60 86 190
    202 120 250 253 114 223 189 111 212 20 245 111 153 174 24 13 248 29
    156 73 25 243 115 191 121 95 42 251 124 173 255 252 50 255 249 119
    253 252 222 189 93 246 191 238 187 220 243 107 245 125 214 183 253
    111 182 245 105 223 127 235 207 88 71 190 222 122 249 125 124 61 247
    39 245 181 247 111 191 172 175 207 242 29 156 93 62 247 127 253 123
    223 105 254 60 173 255 252 50 255 249 119 253 252 222 189 93 254 191
    238 187 220 243 107 245 125 214 183 253 111 148 247 105 223 127 235
    207 80 103 174 223 122 249 125 120 61 247 39 245 181 247 111 191 172
    175 207 242 29 156 93 62 247 127 253 251 223 109 254 252 252 255 239
    254 255 255 253 255 255 222 255 255 62 255 254 251 213 123 111 253
    247 247 252 253 255 254 191 127 219 127 191 247 109 125 255 214 127
    253 124 250 95 253 62 215 182 221 125 159 172 30 133 248 29 157 93
    208 246 123 253 95 95 42 246 109 46 231 168 217 190 39 79 173 116
    194 49 113 191 185 207 203 117 171 100 248 135 222 53 95 217 28 37
    83 8 57 203 209 7 87 187 80 242 37 52 164 118 56 167 85 156 68 193
    25 44 24 4 211 29 141 8 16 236 35 188 72 70 48 242 56 147 125 207 62
    221 221 53 127 220 94 213 61 126 121 244 255 214 64 42 212 56 199
    115 249 191 224 122 127 219 253 255 247 100 85 182 214 122 233 116
    241 93 121 46 212 150 209 111 153 172 25 5 242 29 157 73 16 242 59
    189 90 95 32 250 203 205 174 253 239 159 219 74 189 197 173 206 159
    249 126 45 132 253 62 127 174 127 210 115 119 222 155 62 125 51 62
    39 151 255 83 9 210 109 254 171 243 191 248 111 253 94 253 59 221
    138 24 69 241 117 156 238 121 222 115 191 113 125 147 251 13 167 108
    200 122 63 166 114 49 94 46 99 92 127 253 101 128 121 193 160 245
    112 17 242 112 116 1 212 44 94 221 193 222 80 211 160 181 90 217 41
    116 189 30 37 116 247 247 79 178 254 137 78 178 13 219 25 62 195 94
    165 82 251 109 72 233 12 230 179 201 207 225 67 61 253 74 71 179 237
    248 238 235 57 245 99 252 15 251 127 127 254 27 166 106 215 59 215
    71 227 111 49 181 239 253 174 93 245 252 227 207 19 127 243 237 64
    56 188 207 31 172 172 127 252 247 169 131 63 25 174 108 45 239 252
    126 111 119 127 189 116 222 181 91 252 191 238 137 93 123 118 255
    223 230 183 95 234 158 151 249 221 62 206 223 59 101 251 222 118 213
    60 222 189 223 110 221 191 231 234 127 36 207 221 211 127 159 30 108
    238 123 251 107 78 191 252 210 25 150 87 207 67 66 182 66 161 18 7
    190 194 3 26 124 131 120 151 78 143 67 199 130 115 250 110 128 128
    194 34 223 47 67 181 91 12 110 64 112 80 176 47 201 124 179 239 157
    140 24 193 245 122 24 203 83 127 23 53 24 113 144 74 63 246 109 138
    191 189 31 121 247 126 253 112 237 123 180 69 242 244 67 112 240 114
    144 126 76 168 161 27 126 89 125 235 223 108 214 186 210 120 161 245
    118 94 26 143 212 18 244 79 152 172 24 5 240 29 159 73 24 242 51 188
    218 215 46 249 108 45 239 252 126 127 119 127 189 116 222 181 91 252
    190 238 137 93 251 126 247 255 254 179 95 234 142 151 121 221 62 207
    223 43 85 251 222 118 213 60 222 189 223 102 221 191 231 235 255 36
    207 220 211 125 159 28 108 238 111 251 75 62 191 222 47 246 109 138
    191 189 31 120 246 126 189 112 237 123 180 69 242 244 67 112 240 114
    144 118 76 170 164 27 126 89 125 235 215 108 214 186 210 120 177 245
    118 94 26 15 212 54 245 79 152 172 24 5 240 29 159 73 24 242 51 188
    90 215 46 249 124 173 255 253 58 255 253 119 253 252 223 253 95 252
    191 238 187 249 251 235 183 127 223 255 255 127 182 247 109 247 255
    239 199 251 103 63 222 255 250 127 121 125 231 111 255 189 247 235
    255 238 191 223 247 125 188 92 127 255 251 255 251 253 137 254 248
    201 255 223 34 95 249 247 223 252 126 157 31 180 251 238 255 214 248
    47 30 249 230 178 249 231 182 24 109 219 94 251 241 71 113 241 214
    215 222 120 178 125 245 54 63 190 97 236 159 169 255 255 154 31 181
    222 197 252 105 121 95 12 11 247 248 201 255 223 34 95 249 247 223
    252 126 157 31 188 251 238 255 214 248 47 30 249 230 178 249 239 182
    56 109 211 94 191 241 71 113 241 214 247 254 124 242 125 253 54 63
    190 73 236 159 169 255 253 154 31 181 222 197 252 105 123 95 12 11
    247 60 175 255 217 34 95 213 231 255 212 30 156 93 180 255 238 219
    240 250 43 151 121 127 135 249 101 20 252 45 223 222 234 133 74 99
    238 222 210 251 124 60 61 229 183 61 246 53 238 183 168 239 219 178
    29 16 94 110 230 74 105 251 233 111 222 248 251 255 223 98 95 219
    255 223 254 127 159 93 244 251 238 255 214 248 47 30 249 230 182 249
    231 182 120 237 219 94 187 224 71 117 245 214 247 222 252 178 93 229
    54 191 174 201 124 159 137 255 255 154 31 149 223 197 252 105 123 95
    76 75 246 77 206 81 251 217 204 163 205 172 101 42 63 145 127 251
    229 195 125 137 98 206 171 158 56 86 204 8 33 179 11 59 31 177 135
    87 251 49 211 77 182 135 52 72 210 100 158 233 145 137 45 84 60 151
    215 133 169 144 236 41 44 204 70 51 241 255 221 238 221 255 127 223
    211 63 255 61 203 159 253 126 253 237 253 61 239 30 207 190 57 111
    255 59 126 253 95 126 63 243 247 60 91 210 119 255 247 211 254 232
    127 219 158 253 177 205 149 86 149 201 255 135 239 209 220 104 63
    213 124 18 189 94 51 155 247 58 246 248 231 214 186 112 149 83 194
    147 250 126 222 251 75 205 57 239 31 173 139 230 207 87 229 181 238
    101 166 63 191 119 245 225 245 250 76 243 76 234 132 3 126 251 172
    126 211 240 28 188 113 214 242 43 223 93 22 49 247 51 20 8 38 191
    160 31 8 214 43 145 96 172 75 4 21 116 166 4 145 192 34 147 108 132
    146 225 107 82 57 225 96 143 172 148 182 235 8 168 119 96 200 43 137
    208 81 180 79 144 166 24 1 228 0 220 65 16 179 183 189 56 87 36 74
    255 222 239 253 254 253 255 249 189 255 254 219 223 253 255 237 235
    245 127 111 126 207 190 124 111 255 63 59 223 95 122 191 243 231 124
    219 82 247 253 246 243 94 104 63 223 158 92 177 205 157 86 181 217
    255 135 111 208 252 97 63 221 93 18 189 40 6 253 138 10 213 161 117
    181 254 78 133 29 60 185 230 203 212 193 40 240 82 222 185 89 168 36
    2 120 193 57 239 245 4 87 176 84 250 41 124 244 85 122 38 84 182 65
    107 153 44 24 4 242 29 157 73 16 226 43 188 90 71 34 242 77 47 227
