<?xml version="1.0"?>
<opencv_storage>
<ImageFile>"389.jpg"</ImageFile>
<Features type_id="opencv-matrix">
  <rows>267</rows>
  <cols>64</cols>
  <dt>u</dt>
  <data>
    255 250 247 231 255 243 251 248 254 189 214 127 239 91 210 125 242
    247 255 59 253 47 139 124 174 254 255 255 254 123 247 255 127 237
    223 247 247 189 253 255 221 92 235 94 201 105 249 115 172 255 24 161
    252 247 156 227 118 254 247 159 254 159 180 190 122 253 255 254 63
    207 93 15 255 239 121 250 191 238 254 222 251 247 114 123 191 127
    219 127 221 255 247 63 123 251 127 239 199 238 111 191 255 252 251
    127 124 223 229 233 223 20 245 127 255 174 152 207 230 29 188 93 24
    246 243 251 251 223 185 246 255 254 247 231 255 247 251 248 254 253
    246 255 239 91 242 125 246 247 255 59 253 111 187 124 175 255 255
    255 254 123 247 255 223 237 255 119 255 253 253 255 221 93 235 255
    217 105 249 119 172 255 156 169 252 183 158 231 118 254 247 159 254
    223 180 190 252 253 239 253 62 255 249 255 253 253 254 253 127 248
    254 238 187 221 251 107 246 127 246 255 127 235 134 183 127 247 127
    239 239 123 119 187 247 255 249 253 250 125 247 111 255 55 247 107
    191 174 187 223 243 61 156 92 125 246 247 255 251 223 175 255 127
    244 255 239 255 247 219 217 255 125 148 127 253 127 191 125 254 247
    27 34 253 119 155 124 254 254 252 127 254 91 255 111 215 237 31 255
    242 243 253 127 85 93 74 30 213 220 253 119 157 252 24 13 244 189
    156 111 120 254 251 189 218 223 58 252 63 246 125 171 191 253 63 121
    253 126 254 189 253 63 253 245 243 244 71 120 249 114 157 60 125 172
    237 153 255 95 125 187 248 108 223 254 214 115 145 253 254 223 94
    190 84 167 228 85 171 61 30 13 234 157 143 93 184 246 107 188 219
    222 46 176 251 252 255 239 255 247 219 153 255 125 20 127 191 127
    255 125 254 247 24 50 252 119 27 124 246 254 124 127 254 123 255 127
    215 237 95 119 250 251 253 127 85 93 74 62 213 92 253 55 189 252 24
    13 244 181 156 239 88 254 186 189 218 95 58 254 191 254 108 245 191
    189 255 81 61 127 247 251 223 121 252 85 240 253 15 235 253 124 152
    122 125 190 163 251 254 85 125 255 211 228 222 186 211 123 241 247
    222 223 122 31 208 135 215 95 153 189 28 5 250 157 159 77 16 246 115
    159 218 95 42 185 62 255 119 254 54 189 221 123 223 220 249 251 255
    127 221 124 246 214 102 127 117 124 209 247 221 174 231 217 127 252
    252 185 230 108 84 190 222 122 217 253 223 95 185 174 208 54 209 110
    155 175 153 11 242 29 157 93 32 242 115 253 123 95 42 251 12 5 100
    136 3 79 36 79 37 66 139 36 17 36 189 71 217 24 65 84 80 112 208 35
    84 204 224 72 16 220 60 129 204 16 87 170 128 98 129 68 36 21 20 43
    84 149 229 78 153 44 152 12 162 29 220 25 24 226 59 188 24 70 42 64
    171 205 236 222 39 159 93 26 191 71 61 202 159 253 116 15 141 119
    116 183 118 119 208 99 115 247 151 54 120 114 94 33 150 120 210 32
    195 73 250 41 116 191 191 233 181 112 245 111 215 154 152 15 235 13
    222 158 57 183 114 191 243 249 140 218 44 231 101 136 0 79 36 71 37
    196 44 132 81 53 189 238 137 56 195 96 21 112 80 163 93 37 132 144
    41 222 28 193 132 16 99 170 144 72 201 44 54 61 60 167 52 244 117
    110 25 168 169 12 178 29 24 28 60 194 75 181 91 71 106 234 60 247
    117 156 54 111 61 115 231 196 253 176 125 124 189 70 249 184 67 243
    183 114 81 247 213 63 229 221 97 222 252 224 202 60 71 190 202 120
    217 125 62 95 53 175 244 117 183 110 185 174 136 15 242 29 152 89 56
    243 115 189 123 215 40 250 63 181 253 190 55 189 93 29 247 246 253
    250 189 126 190 95 242 246 66 243 245 118 211 119 253 170 228 27 123
    249 253 235 215 44 214 190 218 122 249 253 122 223 125 47 212 22 245
    111 153 172 152 13 242 29 157 93 56 242 115 189 123 223 42 251 173
    206 109 202 255 63 167 154 185 95 42 203 143 63 108 205 193 253 237
    61 116 85 48 240 67 127 25 182 253 82 59 211 220 96 214 176 123 120
    189 180 118 95 58 63 213 243 244 109 184 189 28 5 243 61 159 77 62
    246 55 188 90 215 44 250 44 239 229 136 2 79 164 71 37 196 44 133 81
    52 189 238 137 120 227 40 20 112 84 163 93 37 133 80 41 222 28 193
    132 16 99 170 144 72 201 44 54 63 52 167 52 246 117 110 153 168 169
    13 178 29 24 28 60 194 75 181 91 79 106 250 117 48 255 23 254 131
    155 124 218 175 179 127 237 107 131 112 118 231 82 50 205 39 203 239
    140 226 236 111 18 9 211 111 255 45 69 191 90 56 233 126 112 92 41
    14 213 120 177 111 153 172 24 5 240 29 156 67 16 242 51 189 248 87
    32 254 117 48 247 23 255 131 155 124 210 173 189 119 237 79 131 112
    242 199 82 50 201 39 203 237 140 226 236 111 18 9 195 110 255 45 69
    191 90 56 233 118 112 92 41 46 213 56 177 111 153 172 24 5 240 25
    156 67 16 242 51 189 120 87 32 252 60 51 255 116 62 181 249 119 212
    190 215 145 223 241 19 66 180 200 227 251 245 127 66 223 153 42 230
    214 72 213 245 234 207 56 198 172 223 56 240 125 248 60 243 174 242
    97 147 111 187 238 137 203 240 29 24 85 39 243 87 223 251 243 233
    254 122 48 253 247 255 183 219 120 222 63 215 118 253 90 178 85 254
    247 91 242 255 119 195 127 172 250 254 191 126 253 245 239 79 236
    159 191 254 121 249 87 120 205 247 77 213 109 181 63 190 190 153 15
    242 189 220 113 112 182 247 155 251 159 188 254 40 15 124 154 2 95 4
    103 39 196 15 132 17 54 253 230 211 18 64 44 22 112 212 162 89 4 132
    8 33 202 30 9 160 6 67 170 0 74 203 72 54 21 20 36 52 150 100 110
    147 40 161 12 178 29 128 28 40 98 42 248 73 202 107 216 255 254 255
    127 255 251 242 141 251 249 254 255 254 247 238 253 251 183 63 251
    237 47 127 125 247 223 251 191 127 95 247 246 215 175 71 255 123 123
    253 246 123 93 120 63 221 95 255 119 189 236 24 5 240 61 156 105 16
    246 183 189 218 87 48 254 190 220 108 255 191 189 253 145 61 255 125
    219 159 123 118 221 245 255 101 243 253 116 242 122 105 255 179 251
    253 115 255 243 215 116 214 250 219 121 249 245 122 94 123 47 213 23
    247 127 153 172 24 5 240 29 157 73 16 243 51 189 88 87 34 251 60 187
    239 93 46 247 249 118 244 190 212 217 95 113 25 74 156 232 227 187
    245 127 87 223 153 59 166 246 109 213 245 230 207 56 199 36 223 56
    248 121 248 61 243 175 243 113 147 107 187 234 137 75 240 29 152 85
    55 243 215 255 251 243 233 255 249 222 126 237 255 127 255 249 189
    253 254 223 159 253 255 237 243 253 127 111 124 207 190 60 127 255
    63 63 255 87 126 191 240 101 124 251 87 119 253 244 219 222 122 62
    223 159 222 180 141 173 86 165 217 191 143 77 208 252 41 188 95 94
    34 185 63 57 247 119 62 227 249 126 208 184 214 245 254 86 139 82
    126 139 227 219 247 45 75 223 173 122 246 255 110 117 231 238 207
    187 101 52 255 184 248 125 121 93 243 110 237 33 183 111 187 238 137
    207 244 28 24 65 103 243 215 251 187 39 229 222 190 243 127 247 63
    177 249 249 222 187 255 251 255 90 240 119 242 214 111 219 245 62
    225 254 173 190 231 187 94 255 247 250 239 44 158 254 222 121 233
    245 218 221 243 63 210 231 147 127 187 191 156 7 248 29 223 81 16
    242 119 223 123 31 160 191 61 49 247 119 62 227 248 126 80 184 214
    117 252 86 131 80 126 139 227 211 245 45 75 223 172 122 242 255 110
    117 229 238 223 187 37 52 255 184 249 117 121 93 243 103 237 37 183
    111 185 238 137 79 244 28 24 65 39 243 215 243 186 39 229 78 190 185
    111 231 63 189 249 248 252 223 246 247 255 122 249 245 242 245 71
    123 245 118 215 118 189 170 229 187 126 223 119 251 239 108 199 254
    222 123 249 253 218 93 119 30 208 103 145 111 187 191 153 13 248 29
    157 81 48 242 127 191 251 159 44 251 59 221 252 254 63 189 93 11 247
    250 253 251 191 251 36 95 246 183 32 251 245 118 211 119 213 223 241
    63 122 249 245 235 151 172 198 182 243 88 240 125 126 223 127 109
    213 85 247 111 185 174 152 13 244 29 255 93 56 243 247 189 251 215
    168 219 60 251 239 93 46 245 249 54 253 191 244 205 223 121 61 238
    157 249 227 187 245 127 86 255 185 123 183 246 109 215 247 230 223
    120 195 36 223 56 248 121 248 61 243 175 247 113 179 107 187 234 137
