<?xml version="1.0"?>
<opencv_storage>
<ImageFile>"390.jpg"</ImageFile>
<Features type_id="opencv-matrix">
  <rows>70</rows>
  <cols>64</cols>
  <dt>u</dt>
  <data>
    236 237 239 217 50 255 243 247 189 253 222 221 223 188 255 238 153
    253 251 47 253 127 246 179 125 127 157 182 109 215 62 171 207 83 99
    232 214 251 253 60 126 189 255 55 255 183 119 227 191 168 175 253
    211 93 152 92 126 206 127 237 219 223 47 254 248 248 255 223 42 223
    209 247 255 253 126 221 95 182 255 254 255 215 251 43 244 93 255 191
    249 111 252 254 111 219 223 255 245 109 103 116 254 255 249 124 243
    221 239 62 159 166 125 239 191 237 239 207 254 31 159 93 118 246 123
    253 219 13 42 254 108 205 239 217 98 255 243 247 61 213 206 221 223
    252 255 238 153 121 251 47 252 125 222 243 127 127 21 244 109 215 30
    171 223 82 67 104 214 251 253 56 124 61 255 55 117 182 119 227 191
    136 175 253 211 93 152 92 127 206 107 237 211 251 79 254 187 222 110
    239 191 253 223 152 191 255 253 202 191 121 124 253 189 255 126 251
    244 118 178 124 245 247 247 122 255 115 255 255 223 248 219 100 255
    121 248 123 126 223 111 189 213 115 247 127 191 223 152 15 254 165
    222 125 59 215 247 191 243 219 172 222 255 254 239 139 255 223 151
    249 255 117 190 251 191 63 254 221 251 245 127 49 221 87 187 124 127
    247 61 63 255 91 91 111 213 109 87 255 82 121 237 126 117 93 104 63
    213 28 252 101 157 173 24 13 240 61 158 75 56 246 50 189 218 95 36
    250 56 251 127 254 54 63 253 123 253 254 255 177 125 188 253 238 243
    220 255 107 244 124 149 255 253 239 167 159 127 215 125 251 250 100
    126 190 215 126 177 253 254 95 247 46 246 183 210 111 143 173 158
    141 250 29 159 93 144 246 123 252 91 94 42 181 124 251 127 252 54 63
    125 123 245 254 255 177 125 190 253 254 243 220 127 107 245 114 148
    63 253 255 167 157 127 223 125 251 242 100 126 191 215 126 177 253
    254 223 255 63 246 135 214 110 143 173 150 133 234 29 159 93 152 246
    123 220 91 94 42 180 121 157 254 222 102 143 87 51 127 197 85 154
    159 255 62 78 253 243 120 239 63 223 211 247 219 126 189 124 104 216
    222 169 223 45 99 191 203 88 247 124 116 159 189 39 157 60 245 239
    157 164 137 141 243 125 152 207 120 255 115 249 91 213 12 250 43 223
    237 255 62 189 223 49 253 255 85 217 221 125 61 77 153 253 226 187
    246 127 210 255 121 247 183 182 124 243 117 235 215 122 215 36 255
    120 250 121 124 125 251 237 245 244 247 107 187 190 152 79 240 29
    222 93 63 247 119 191 251 251 237 254 255 254 111 171 255 191 159
    152 255 127 248 250 175 235 230 253 243 245 63 117 253 215 187 124
    103 255 123 63 255 91 123 191 241 237 222 255 114 119 189 247 222
    222 122 29 209 31 220 149 204 189 20 4 232 183 143 109 216 244 177
    188 222 222 58 185 62 253 255 222 55 255 221 63 255 215 93 248 63
    255 252 222 255 246 126 127 183 123 247 55 253 247 247 127 127 251
    254 233 215 126 247 254 222 123 251 125 246 223 255 127 183 182 245
    110 159 191 159 207 250 29 183 93 185 247 123 255 251 255 175 251 45
    135 237 216 51 157 245 123 165 198 5 208 157 127 189 77 130 117 65
    107 182 127 210 115 125 162 6 21 124 200 61 73 215 70 223 138 128
    248 251 62 52 123 252 103 246 148 117 107 27 172 56 13 114 29 159 28
    57 194 114 175 73 223 43 250 250 255 254 87 255 189 219 57 255 247
    247 234 255 123 124 93 244 179 126 251 255 127 83 255 243 126 247
    254 110 247 255 246 207 253 202 31 219 27 250 251 220 93 227 239 241
    127 191 63 191 223 137 75 246 173 219 253 127 247 247 183 243 251
    236 94 222 57 154 245 118 99 122 231 92 251 253 191 246 194 179 250
    255 219 61 207 15 141 239 27 143 79 251 239 211 71 182 255 243 167
    53 251 95 125 237 246 112 92 241 127 219 29 107 253 221 236 94 213
    249 127 188 203 210 253 49 255 93 52 17 254 158 250 207 239 191 249
    251 249 220 187 214 255 235 86 249 233 10 221 255 59 237 125 202 253
    45 222 19 183 126 99 55 254 223 225 253 113 127 251 249 55 249 125
    227 126 247 133 255 51 191 223 189 231 221 165 190 124 86 214 190
    239 243 31 165 254 253 157 255 255 123 239 125 255 189 253 108 153
    31 251 190 207 251 255 249 111 254 175 254 59 91 235 182 182 121 209
    126 239 223 35 118 241 215 253 247 125 122 127 251 119 255 61 127
    235 253 172 126 221 245 127 157 207 217 254 119 255 219 117 147 255
    199 158 199 213 255 150 219 136 174 253 19 79 143 121 51 29 236 215
    56 39 206 47 202 123 79 218 191 127 150 59 19 111 215 167 85 187 82
    121 255 118 113 92 40 111 213 28 249 63 157 172 24 5 241 125 156 203
    80 254 50 189 88 87 48 250 243 188 247 151 255 199 223 251 254 255
    177 251 255 235 178 95 255 215 126 119 220 143 243 125 223 255 255
    111 82 27 243 127 215 45 84 191 90 125 237 118 112 92 40 47 219 28
    253 127 153 172 24 5 240 29 156 75 16 242 51 189 88 87 32 250 141
    202 206 235 191 249 163 248 61 185 198 255 191 59 238 201 202 221
    253 105 229 87 203 249 41 125 25 182 124 71 51 255 223 193 249 112
    119 219 253 54 253 29 106 55 81 165 126 241 191 221 189 36 253 165
    202 108 118 220 183 237 211 223 36 223 220 41 255 188 16 103 125 239
    144 236 213 179 83 228 147 74 235 93 115 103 47 173 230 147 29 203
    182 141 65 132 50 233 211 37 53 251 23 124 225 124 120 72 181 47 255
    29 231 110 153 172 59 149 240 28 156 73 80 242 51 249 88 86 33 250
    197 190 247 193 216 213 163 253 234 253 170 95 195 209 251 233 235
    213 47 98 204 133 174 248 78 223 61 47 214 14 51 127 247 39 85 186
    82 112 237 118 113 84 56 63 221 22 249 245 153 172 24 5 240 31 140
    73 16 240 35 189 88 87 32 248 56 190 239 255 62 255 253 127 253 252
    222 253 253 126 189 238 187 185 251 251 245 127 223 255 249 127 230
    182 109 215 253 238 207 234 71 52 223 250 249 127 120 125 247 175
    245 245 183 107 191 238 137 79 246 29 216 93 55 247 255 255 251 251
    239 222 39 175 231 85 191 149 217 249 222 189 147 127 251 122 249 76
    176 165 230 155 247 47 83 223 247 254 247 55 78 255 103 254 207 250
    79 190 254 184 251 63 249 124 227 238 245 97 153 107 185 254 24 67
    240 29 156 65 22 243 246 191 250 127 161 254 92 33 191 157 64 71 115
    255 144 252 84 149 83 224 147 74 235 93 251 39 220 173 230 147 26
    235 190 230 65 201 50 110 207 35 37 185 22 120 101 124 112 124 177
    39 253 52 161 111 155 172 27 133 241 92 156 73 84 250 51 249 88 87
    33 254 62 54 125 190 63 189 31 13 247 114 223 52 125 118 189 116 246
    182 66 208 245 115 83 119 213 128 228 223 106 249 221 234 143 188
    199 182 255 90 161 125 236 221 87 13 244 231 167 79 187 174 137 15
    246 29 219 89 62 243 223 188 187 218 110 92 15 150 72 40 159 184 166
    8 52 58 128 96 172 75 44 21 192 60 129 144 225 114 25 123 100 144 65
    71 126 69 169 199 159 202 223 32 113 208 41 34 108 6 74 73 84 209
    246 75 56 126 24 4 230 5 203 25 62 130 182 164 130 219 236 64 159
    145 174 245 55 177 221 120 183 159 213 202 207 89 48 31 188 253 102
    251 246 127 194 123 173 58 246 126 124 117 245 235 223 122 154 44
    222 105 250 113 88 45 251 111 243 53 247 111 187 154 24 71 240 157
    220 93 25 147 119 223 241 191 141 250 188 224 109 169 178 125 179
    253 253 222 254 191 93 52 251 230 219 220 195 98 125 240 246 176 93
    45 148 128 233 214 63 187 253 32 71 250 95 114 201 124 250 93 94 62
    84 183 226 108 187 172 223 13 210 31 156 89 148 240 43 188 95 94 106
    248 76 3 140 176 38 51 58 54 20 186 86 20 88 176 25 66 0 25 67 240
    241 117 193 211 8 40 132 196 72 212 181 192 223 56 193 160 95 120
    128 120 120 29 51 46 213 53 131 111 187 236 153 7 240 29 216 89 22
    243 55 181 72 242 104 234 244 173 247 215 248 197 217 253 222 253 0
    255 147 238 179 238 251 213 254 43 223 175 254 239 123 127 183 38
    141 203 19 63 207 35 111 241 118 253 255 124 113 124 226 255 191 52
    253 243 189 204 24 245 245 255 156 235 87 252 246 63 222 117 161 254
    211 221 154 87 239 202 218 142 218 163 53 206 190 202 70 186 52 163
    60 151 14 175 231 79 179 195 251 127 131 187 198 54 231 191 101 127
