<?xml version="1.0"?>
<opencv_storage>
<ImageFile>"391.jpg"</ImageFile>
<Features type_id="opencv-matrix">
  <rows>98</rows>
  <cols>64</cols>
  <dt>u</dt>
  <data>
    187 255 125 255 191 189 223 57 255 255 255 251 253 127 252 221 246
    247 94 251 245 118 211 246 253 254 245 251 127 255 255 251 223 108
    215 254 223 123 249 125 254 223 123 63 245 247 247 111 191 191 152
    15 250 157 159 93 48 247 127 191 251 223 46 251 187 254 125 239 191
    189 223 185 255 255 255 251 253 127 252 253 246 247 126 251 245 118
    211 254 253 254 245 251 127 255 255 255 255 108 223 254 223 123 249
    253 255 223 123 63 244 247 247 111 191 191 153 15 250 157 159 93 48
    247 255 191 251 223 46 255 126 252 255 171 223 253 183 253 253 255
    222 189 253 46 255 252 251 212 123 96 253 211 223 60 127 253 61 175
    223 223 127 255 197 164 223 251 86 247 237 118 120 93 118 62 85 151
    252 181 159 172 94 5 242 189 156 89 208 244 43 188 223 79 42 246 253
    252 239 249 255 255 255 253 253 255 254 189 255 190 255 238 251 245
    123 111 253 215 255 61 127 237 190 183 127 223 127 255 245 101 95
    251 214 119 253 124 122 93 126 62 215 159 253 245 157 172 30 5 251
    61 157 77 216 246 59 189 223 94 42 246 105 223 108 202 239 255 7 25
    45 68 47 204 29 125 124 173 213 255 93 244 246 115 144 115 113 117 9
    124 125 210 93 193 142 117 211 8 195 66 252 171 55 159 124 167 213
    250 244 110 148 149 149 12 251 109 195 159 57 222 114 188 210 219 46
    216 190 254 127 239 255 189 223 249 255 253 252 251 255 127 252 252
    243 215 127 123 253 126 175 125 239 239 103 63 255 91 253 255 247
    109 60 255 254 119 249 245 219 223 219 62 216 167 217 87 175 189 95
    133 248 191 159 77 80 246 123 222 219 30 38 189 191 254 255 239 255
    189 221 188 255 253 252 251 255 127 246 253 243 214 63 251 245 94
    175 125 239 239 231 59 255 121 255 255 247 237 188 255 254 119 249
    247 223 223 251 63 218 134 221 95 141 181 95 133 232 183 159 77 208
    246 59 222 223 94 38 189 43 223 236 218 39 223 87 19 175 214 15 168
    189 126 125 95 221 179 98 250 183 127 81 119 209 119 215 124 122 254
    223 225 143 94 195 174 203 88 250 121 60 189 252 237 21 245 247 111
    187 170 136 79 178 29 250 85 57 227 123 183 251 251 237 210 62 253
    113 254 251 141 93 73 239 103 185 186 253 110 252 252 243 215 38 98
    15 190 145 110 222 223 231 121 147 190 253 61 82 231 95 223 194 119
    243 222 39 202 205 105 254 158 253 31 197 165 80 68 42 23 167 107
    152 246 120 63 93 76 179 176 255 221 254 253 255 239 253 59 63 253
    221 253 254 252 100 253 253 187 127 255 255 127 247 127 247 127 227
    255 127 247 254 247 207 123 47 255 255 127 250 253 91 255 255 239
    255 119 255 127 237 246 218 207 248 253 152 69 123 247 255 191 187
    255 187 207 110 13 232 184 66 111 38 71 45 102 75 132 17 172 255 238
    217 57 113 100 62 215 88 51 95 221 159 173 65 210 62 193 193 7 71
    171 129 108 237 74 44 181 116 169 87 93 103 232 221 160 178 28 195
    93 52 156 152 236 105 185 95 195 88 226 122 61 253 222 126 143 94 39
    119 96 95 180 253 246 189 94 246 147 88 246 215 125 211 247 219 72
    236 221 106 252 220 232 207 45 71 190 207 90 209 125 60 221 213 47
    253 190 231 111 159 166 137 207 242 29 27 217 92 247 123 185 123 110
    106 234 255 253 254 125 119 255 249 123 191 253 221 253 254 252 228
    255 253 255 127 255 247 127 243 255 247 127 247 255 125 119 254 247
    207 123 47 255 223 127 250 253 91 255 255 239 255 123 255 127 253
    255 26 207 248 253 158 69 127 247 255 255 251 255 191 251 124 172
    255 249 122 127 243 255 221 252 238 191 213 180 251 238 243 221 251
    106 253 213 206 179 221 109 188 231 105 199 63 255 239 0 85 250 87
    251 237 124 250 93 126 54 85 183 99 237 191 172 175 29 242 29 157 93
    84 254 63 253 91 94 106 254 124 188 255 249 250 255 243 245 221 252
    238 191 213 180 251 238 243 221 251 106 253 149 206 176 221 108 188
    231 233 199 127 254 239 1 69 254 23 251 237 124 250 29 118 54 117
    183 99 229 191 172 175 61 242 29 156 73 118 252 63 188 91 78 47 254
    99 223 124 218 55 95 93 11 175 230 45 170 189 255 252 95 223 247 98
    127 23 246 209 103 85 247 247 57 51 186 222 97 130 14 199 174 194 88
    251 123 36 223 60 225 183 216 245 111 147 174 176 13 178 29 254 95
    56 247 121 63 123 241 237 218 253 254 255 109 124 246 251 243 248
    255 240 251 207 115 211 200 187 205 255 107 245 109 110 223 191 127
    63 247 77 119 247 255 215 211 189 255 255 189 253 53 121 108 251 255
    255 177 251 123 255 253 46 243 249 245 28 93 214 223 223 207 254 255
    249 183 187 180 82 119 253 160 251 152 254 57 246 123 174 75 130 85
    126 247 189 19 229 47 171 126 230 223 243 127 222 107 231 255 223
    237 60 119 247 185 249 247 89 92 235 239 233 17 255 127 169 246 24 5
    244 166 156 105 22 179 183 191 186 23 180 222 187 180 210 119 255
    160 251 152 254 185 244 123 174 75 130 93 126 247 189 19 229 47 171
    126 230 223 243 127 222 123 231 255 223 237 60 53 247 185 249 247 89
    76 235 239 233 17 251 127 168 246 24 5 244 166 156 105 22 179 183
    191 186 87 164 94 43 207 100 154 147 13 5 75 165 68 172 169 57 255
    252 205 203 52 33 100 88 214 17 39 86 253 17 33 187 218 24 1 128 38
    87 186 64 112 1 124 38 255 60 167 92 212 244 196 1 165 208 12 18 29
    143 9 56 224 107 189 90 70 40 216 122 13 116 159 203 205 131 13 239
    100 11 28 189 110 249 244 255 146 64 102 222 123 151 38 95 196 228
    61 162 250 223 170 135 38 71 158 146 114 219 94 36 93 84 106 85 222
    237 46 157 172 152 13 178 29 148 123 24 98 123 189 90 79 42 240 251
    221 246 222 114 79 95 3 175 68 29 154 159 239 254 94 255 247 124 103
    31 175 209 103 223 255 247 125 242 186 222 41 194 47 103 223 194 124
    255 93 53 249 189 255 191 28 253 174 197 164 144 221 227 126 158 207
    121 255 113 63 125 101 153 250 127 251 255 126 119 179 247 126 215
    189 212 249 239 219 132 90 250 215 187 127 167 47 203 119 173 251
    247 191 127 93 240 239 223 111 180 191 126 125 127 117 121 255 187
    111 159 189 117 239 255 189 63 213 248 60 190 79 116 254 127 223 91
    119 181 223 187 252 255 239 191 61 253 249 255 253 252 251 255 63
    254 253 247 214 127 121 253 222 191 124 239 175 247 187 255 127 255
    255 245 237 188 254 255 255 185 247 223 223 255 62 218 135 222 93
    173 247 95 141 232 191 159 77 184 246 255 222 255 14 46 189 253 53
    255 245 216 101 249 253 220 237 199 63 103 206 147 246 251 212 67 98
    127 171 230 190 158 171 246 139 211 15 115 255 227 38 21 254 18 115
    249 254 218 92 144 142 200 51 201 126 153 172 90 5 240 30 148 65 144
    242 113 191 92 22 35 249 253 52 255 53 120 39 251 246 208 190 214 53
    100 139 147 82 246 235 219 99 249 129 101 158 156 40 236 223 200 85
    225 255 105 9 4 255 191 182 129 253 216 68 27 142 227 97 130 77 187
    110 107 195 248 60 29 65 254 191 159 248 254 150 106 229 40 206 44
    136 35 253 181 121 189 212 110 201 25 60 125 238 139 124 229 105 244
    82 252 113 121 253 5 32 125 211 61 217 240 68 115 56 83 123 169 56
    242 191 124 55 84 182 116 224 153 137 191 12 219 29 143 28 48 226 43
    188 67 95 42 251 243 188 219 119 254 226 218 160 90 191 85 255 238
    195 3 122 126 195 56 147 239 45 207 221 170 90 254 255 74 127 231
    127 247 189 61 119 255 189 254 127 120 76 235 110 255 25 187 63 191
    206 24 231 244 252 28 227 87 255 255 251 250 55 177 238 45 54 109
    184 31 181 37 126 245 124 252 49 125 127 180 71 226 252 67 112 241
    98 208 247 92 168 132 145 122 92 121 233 223 108 86 186 215 120 49
    124 124 95 58 175 212 113 215 79 185 172 152 13 240 29 157 77 56 242
    115 189 218 214 44 248 61 254 254 107 255 255 243 120 253 93 222 253
    255 127 237 237 251 189 251 250 245 127 219 247 243 127 125 183 127
    95 255 239 223 111 207 182 255 59 253 61 253 221 250 183 93 227 127
    231 191 255 143 140 250 189 202 85 126 246 255 175 251 223 174 94
    251 188 219 119 254 195 222 164 90 191 93 255 190 198 3 120 127 195
    56 147 207 45 207 205 171 95 255 255 202 123 247 126 247 173 13 119
