<?xml version="1.0"?>
<opencv_storage>
<ImageFile>"392.jpg"</ImageFile>
<Features type_id="opencv-matrix">
  <rows>97</rows>
  <cols>64</cols>
  <dt>u</dt>
  <data>
    60 175 255 221 58 127 241 247 157 252 78 157 87 244 255 238 187 220
    251 43 244 93 238 179 255 111 148 246 109 199 62 239 199 83 101 184
    180 242 249 60 253 61 255 38 253 182 247 234 191 172 239 255 243 93
    156 92 110 206 107 233 219 79 47 254 255 254 255 215 255 255 223 249
    255 253 254 251 255 255 254 253 251 245 127 111 127 223 191 125 111
    255 127 63 255 91 126 191 243 231 124 255 86 247 255 247 215 223 234
    127 219 142 253 177 205 157 86 181 217 255 143 239 208 252 225 63
    223 93 18 190 252 253 255 253 246 119 253 255 253 253 255 255 223
    254 251 238 251 221 255 111 63 159 238 63 127 255 191 191 255 223
    126 191 243 103 125 251 214 247 255 247 123 127 255 126 255 158 93
    180 205 173 126 245 217 255 149 238 209 252 105 127 223 108 147 190
    247 220 104 175 255 154 223 137 191 123 189 251 191 90 102 125 245
    183 60 149 205 119 179 108 119 215 249 127 191 123 207 103 135 237
    222 247 250 89 251 247 99 223 110 105 213 93 253 125 213 190 24 13
    252 165 252 235 56 182 246 63 154 221 188 91 251 220 126 79 255 155
    223 137 255 123 189 234 190 122 102 125 247 183 60 151 253 247 147
    124 243 247 249 127 255 123 207 115 143 237 206 247 251 89 250 255
    114 223 111 253 213 95 244 125 189 255 152 13 252 165 217 247 58 247
    246 63 191 219 190 91 251 220 124 79 255 155 223 137 255 123 189 234
    190 122 102 125 247 183 60 151 253 247 147 124 243 247 249 127 255
    123 207 115 143 237 198 247 251 89 250 255 114 223 111 253 213 127
    244 125 181 255 152 13 252 165 219 247 58 247 246 63 187 251 190 91
    243 220 88 175 255 138 223 9 127 123 189 251 175 78 228 93 255 183
    60 145 197 119 179 108 102 215 249 63 191 123 207 111 151 237 222
    215 242 89 235 247 99 223 110 105 213 28 252 61 213 190 24 13 252
    165 252 235 24 182 182 61 154 93 188 218 254 173 231 243 222 231 202
    243 252 239 210 251 255 226 179 78 234 213 59 103 207 143 207 125 79
    219 191 47 210 15 50 62 247 39 85 187 82 125 237 116 112 92 56 46
    217 28 217 183 157 172 24 5 241 125 156 203 80 252 51 189 92 87 48
    250 193 13 131 87 201 66 226 254 88 185 226 95 226 193 131 170 226
    69 61 71 78 173 231 147 79 203 187 38 210 14 34 63 251 39 116 251 82
    60 237 244 210 124 56 142 201 26 217 247 137 172 88 5 209 30 156 73
    16 240 51 189 92 86 32 249 41 134 108 222 42 157 213 49 61 252 94
    193 157 125 61 70 189 254 193 43 244 114 218 243 121 62 133 50 124
    209 93 239 223 112 83 48 215 88 248 120 116 29 127 47 212 180 245
    107 153 172 153 13 246 29 156 93 57 242 115 189 219 223 40 254 191
    254 108 108 255 127 253 218 249 31 255 251 238 121 236 253 241 253
    111 251 245 118 49 246 231 127 245 251 253 119 231 243 218 120 222
    238 219 48 249 245 126 94 58 191 212 115 246 109 184 191 28 7 248 29
    223 93 62 247 55 191 250 211 108 184 184 253 127 223 183 93 221 253
    255 255 189 255 127 191 255 254 251 214 127 107 31 170 181 60 253
    255 247 59 215 31 242 63 240 37 125 255 82 119 233 244 115 94 56 63
    222 22 252 60 137 173 86 5 248 31 149 73 144 240 33 189 92 86 34 186
    237 45 246 119 217 98 227 254 252 253 238 255 35 219 194 239 107 245
    189 111 127 143 239 63 79 235 154 39 219 11 34 191 251 39 116 251 53
    183 255 244 219 124 186 246 235 27 107 242 205 36 126 241 209 254
    156 194 209 252 101 63 94 100 147 251 252 253 255 255 118 127 255
    255 253 253 255 191 127 254 255 238 251 221 127 111 63 223 231 183
    255 255 191 191 255 223 126 191 243 111 53 255 215 127 253 253 250
    223 253 62 223 191 75 252 143 173 223 157 251 63 157 77 216 252 121
    255 95 30 42 255 237 45 247 119 217 98 241 254 252 253 238 255 35
    219 130 239 107 253 189 111 127 143 239 63 79 235 154 167 219 11 34
    191 255 39 116 243 53 183 255 244 219 124 186 246 235 27 107 242 237
    36 126 241 209 254 156 202 209 252 101 63 94 116 151 251 252 47 247
    253 242 103 251 255 253 253 254 191 255 255 251 238 251 221 251 111
    127 143 254 191 95 255 191 191 249 215 126 191 255 39 117 251 87 127
    253 124 248 125 248 62 223 63 91 247 157 172 94 149 241 63 156 77 80
    252 115 255 95 71 33 250 251 220 126 239 255 189 223 153 255 127 189
    251 191 122 118 125 247 247 62 187 252 119 187 124 247 247 251 63
    255 123 247 255 151 237 158 87 254 121 248 255 115 223 111 125 209
    95 252 61 189 191 26 13 252 165 223 255 120 246 246 63 255 223 62
    191 163 22 192 34 221 160 1 8 36 57 2 99 174 75 34 21 110 247 5 209
    224 7 155 125 70 154 120 39 154 1 33 71 23 167 94 48 113 184 37 102
    69 68 10 139 201 65 219 211 152 116 24 4 228 4 156 105 16 176 183
    149 136 87 32 122 252 239 255 253 50 127 249 247 221 253 255 157 95
    244 251 238 155 221 251 111 62 253 230 179 251 111 151 180 109 215
    62 187 239 83 101 251 215 255 253 125 250 61 245 54 255 175 91 238
    191 169 239 255 219 127 149 92 229 238 121 239 127 158 75 254 243 62
    211 151 223 134 139 136 110 127 16 123 175 235 178 93 246 215 61 247
    205 133 139 124 206 218 251 47 210 27 243 111 215 37 84 187 90 125
    237 246 80 92 8 31 209 28 249 21 157 172 24 5 241 127 156 203 80 252
    51 189 92 87 48 250 221 52 247 145 222 167 43 241 226 103 209 18 223
    225 179 65 238 221 115 102 216 165 194 241 206 250 188 238 208 12 51
    43 215 37 85 187 90 120 109 84 112 72 56 15 209 60 241 79 153 172 24
    5 240 29 156 73 16 242 51 189 88 87 32 250 255 253 255 245 255 247
    255 255 255 239 253 250 255 238 246 255 251 213 127 103 127 159 191
    61 111 255 191 47 211 95 126 191 243 39 28 251 82 117 253 246 82 78
    124 63 223 28 253 181 221 172 18 133 249 191 148 107 208 252 49 191
    92 87 50 186 237 239 246 119 249 99 227 254 252 253 234 255 239 251
    226 239 235 253 255 111 127 143 255 55 71 239 187 167 255 14 34 159
    251 39 118 251 81 53 255 252 223 124 186 254 201 123 123 180 205 173
    92 245 209 254 140 239 209 252 101 63 92 116 145 249 255 254 127 239
    255 253 223 216 191 87 189 250 175 123 246 253 243 247 62 109 63 223
    178 124 111 247 123 59 255 59 126 61 240 229 222 223 194 117 255 183
    215 223 107 125 219 30 252 21 196 149 86 37 73 231 135 239 248 220
    112 14 213 221 62 185 251 222 255 223 254 255 223 249 190 255 62 219
    159 253 254 253 251 213 61 103 220 135 174 120 79 223 191 47 223 27
    115 63 247 37 85 251 82 117 237 246 114 94 56 63 221 30 253 181 157
    173 28 5 240 191 157 75 80 244 49 189 92 87 32 248 241 221 255 215
    239 199 219 253 222 253 253 223 255 236 83 238 255 215 127 103 94
    143 230 188 203 255 255 110 209 11 114 63 255 37 117 255 82 117 237
    246 114 92 56 62 223 62 249 181 153 172 94 5 240 31 156 73 144 240
    49 189 92 87 32 250 186 216 95 223 190 93 221 131 127 253 60 223 31
    254 255 254 255 214 61 107 76 136 173 56 111 223 179 43 215 11 115
    127 240 37 125 251 82 119 233 246 115 94 56 63 222 22 252 245 137
    173 86 5 248 31 133 73 144 240 33 189 92 87 34 186 58 29 255 246 55
    175 121 127 149 252 87 213 63 236 180 126 242 212 97 99 246 46 192
    119 93 170 166 31 90 209 124 235 199 36 117 186 215 122 249 117 88
    93 191 47 222 20 229 111 153 172 24 5 240 29 156 73 16 242 115 191
    91 87 34 250 252 171 255 253 34 127 249 247 253 252 255 157 95 244
    251 238 155 220 251 111 62 253 246 179 253 111 150 244 109 215 126
    251 239 83 99 237 223 255 248 125 254 61 247 54 255 167 243 110 191
    169 239 255 219 93 157 92 237 255 123 235 251 191 75 254 249 221 247
    215 255 199 219 253 222 253 255 223 255 236 243 254 255 215 127 111
    94 143 230 189 207 255 255 110 211 11 114 63 255 37 117 255 82 117
    237 246 112 92 56 62 223 62 253 181 153 172 94 5 240 31 156 73 144
    240 49 189 92 87 32 250 255 254 255 231 255 191 223 217 255 127 253
    251 255 251 246 253 242 247 127 127 255 223 187 124 239 255 123 63
    255 123 127 191 247 237 158 223 210 117 253 247 215 223 106 31 217
