<?xml version="1.0"?>
<opencv_storage>
<ImageFile>"393.jpg"</ImageFile>
<Features type_id="opencv-matrix">
  <rows>293</rows>
  <cols>64</cols>
  <dt>u</dt>
  <data>
    107 205 238 223 227 223 222 1 63 197 47 202 158 252 124 223 157 179
    60 191 158 125 83 99 113 119 147 126 109 251 222 35 151 116 67 74
    202 73 250 123 54 191 109 109 181 222 245 47 213 203 144 79 191 69
    251 255 57 215 122 63 243 249 153 218 254 221 239 253 55 95 221 143
    191 255 61 222 31 238 126 254 189 222 120 63 30 255 246 43 127 215
    243 123 123 251 126 235 199 179 247 227 246 125 250 121 114 253 245
    121 191 30 117 238 223 170 254 223 250 127 244 222 217 246 121 123
    127 253 155 250 250 253 109 170 119 191 95 9 255 199 125 250 189 59
    126 223 215 247 124 253 61 247 211 116 245 247 253 63 123 249 253
    169 151 76 198 238 203 89 176 121 254 223 125 45 213 95 245 45 159
    174 152 15 250 29 223 93 56 247 123 189 123 219 122 251 251 204 255
    235 211 111 245 207 253 245 254 223 63 189 255 254 235 213 61 111 30
    221 254 61 127 205 57 63 255 91 62 63 176 231 125 91 82 247 253 246
    183 223 236 118 31 158 124 176 205 1 119 188 219 183 167 238 216 252
    105 108 223 76 18 181 255 191 255 253 255 255 127 123 255 127 218
    255 255 252 254 93 251 245 123 102 252 255 218 127 79 254 243 63 254
    91 127 239 215 103 93 255 214 125 253 117 124 221 255 63 221 21 253
    127 157 172 24 5 226 189 158 73 88 246 115 191 223 95 32 254 125 69
    124 154 19 143 103 111 167 100 45 176 29 191 252 230 194 52 1 100
    182 114 208 35 93 160 132 29 115 152 92 105 128 6 37 186 128 90 19
    220 182 179 156 161 20 150 101 78 147 36 179 12 42 25 167 12 56 226
    107 248 91 198 47 209 46 236 238 250 55 127 241 255 189 252 212 249
    63 187 191 206 139 253 123 251 245 119 223 119 125 251 149 55 127
    221 63 235 223 110 87 186 247 120 249 60 124 127 126 47 213 53 119
    235 191 172 153 13 242 29 156 92 58 246 119 189 219 223 46 251 215
    59 211 117 252 178 219 152 234 191 163 106 238 201 2 27 52 239 62
    215 111 175 98 221 134 122 255 255 208 44 230 178 91 63 198 175 90
    61 246 223 204 108 179 95 251 105 155 55 252 142 24 99 241 253 92
    227 85 191 145 151 252 243 241 58 45 174 255 201 248 221 243 253 189
    252 206 253 213 125 255 236 203 252 251 42 245 115 222 243 125 253
    20 119 125 223 31 239 207 82 71 170 148 243 253 60 117 61 126 167
    117 182 245 99 189 172 191 61 243 93 156 93 60 206 111 173 219 207
    43 254 239 253 255 125 55 255 221 219 255 221 173 251 255 251 230
    255 243 245 62 63 54 127 118 119 247 239 247 127 127 123 126 59 182
    111 254 255 242 125 251 253 255 255 254 255 187 123 245 239 253 191
    62 93 248 181 191 79 57 254 119 191 251 221 191 219 124 254 239 253
    62 255 253 247 253 255 220 221 223 252 255 206 187 221 123 235 245
    119 223 255 125 127 183 182 125 215 127 255 207 108 71 190 223 121
    249 125 124 93 247 63 215 181 247 107 191 172 157 143 242 29 156 93
    84 246 123 253 251 223 40 254 156 239 254 220 34 95 252 99 43 192
    111 206 94 245 252 250 181 139 60 239 7 124 96 211 255 95 163 252
    101 166 158 49 150 82 113 138 200 126 250 251 183 191 189 119 191 30
    247 46 223 235 161 223 122 85 51 76 27 223 80 231 113 121 195 235 41
    142 100 129 203 157 167 193 173 127 42 78 157 125 121 101 209 249 69
    98 252 118 154 120 89 228 13 38 188 210 123 147 231 68 79 40 208 122
    237 168 116 85 92 174 84 86 244 113 153 12 152 13 242 29 141 89 56
    242 115 188 218 223 40 248 41 134 100 129 203 157 167 193 173 127 42
    79 157 125 121 100 209 121 69 96 252 119 154 120 90 236 13 38 184
    210 123 147 231 96 71 184 208 122 237 232 118 85 92 174 212 114 252
    81 153 140 152 9 242 29 140 89 56 246 115 188 218 215 40 248 251 253
    255 247 255 183 219 184 254 255 245 251 239 219 242 93 254 247 127
    255 255 255 247 255 175 255 247 255 254 123 247 255 223 109 158 255
    255 125 249 125 249 223 251 255 217 97 217 127 191 191 159 203 248
    191 158 85 116 246 255 159 254 159 172 255 62 251 255 221 38 221 220
    39 127 214 95 216 223 118 125 222 157 210 120 187 151 125 87 251 253
    87 119 255 111 255 222 234 151 218 235 4 254 223 250 51 53 189 229
    125 183 132 119 111 247 251 175 223 190 5 251 126 119 215 218 239
    243 249 205 222 126 253 255 253 98 223 223 39 255 223 95 222 223 244
    127 222 189 211 122 239 183 125 83 247 255 127 183 255 111 255 254
    170 199 127 111 159 222 127 250 125 125 253 253 111 191 60 255 63
    255 174 137 223 243 125 60 223 127 255 123 251 123 249 217 254 252
    187 255 245 126 255 249 255 221 253 215 255 255 218 218 254 251 221
    255 107 255 253 230 191 175 251 247 255 127 255 246 239 215 111 191
    255 223 255 249 117 249 221 243 127 235 165 251 255 255 191 255 243
    248 191 158 93 212 254 123 223 255 31 165 254 187 249 239 247 191
    245 217 186 255 255 213 251 191 251 114 95 191 247 126 251 254 127
    227 127 175 255 247 63 94 123 118 251 215 236 159 255 255 125 248
    117 120 92 251 125 223 21 245 127 223 190 24 135 248 189 156 93 16
    247 115 191 255 223 168 254 251 249 239 247 191 245 217 186 254 255
    213 250 191 251 50 95 191 247 126 251 254 127 195 127 175 255 247 63
    94 123 118 251 215 108 159 255 254 125 250 117 120 92 251 125 215 21
    245 127 223 190 24 135 248 189 220 93 16 247 115 191 255 223 168 254
    127 189 255 246 127 191 223 59 255 125 215 255 191 127 188 93 242
    247 123 115 247 127 211 119 255 254 246 63 126 217 253 235 207 110
    215 190 223 122 249 125 124 221 255 239 213 113 245 111 189 174 153
    13 242 61 159 85 56 246 119 191 250 223 172 218 250 252 239 239 255
    239 223 153 255 125 189 251 191 255 254 253 243 247 126 55 252 223
    191 125 119 239 251 63 255 251 95 191 183 237 254 255 242 119 255
    255 215 223 110 251 221 95 253 53 205 183 222 13 255 183 159 255 120
    190 246 63 255 221 190 217 58 158 239 197 255 255 219 121 191 253
    222 223 159 125 121 253 244 245 91 115 244 119 218 127 127 238 172
    127 126 219 127 255 247 108 87 190 214 123 249 252 214 93 90 46 213
    22 245 111 157 172 24 13 240 29 157 73 16 246 51 189 90 95 42 248
    126 189 255 253 102 223 223 35 255 223 223 254 223 246 127 222 189
    147 122 255 191 127 211 247 255 127 247 255 110 255 254 170 199 127
    111 159 222 125 250 125 125 253 253 111 191 60 255 63 255 174 137
    223 243 125 56 223 127 255 123 251 251 249 217 254 123 188 238 191
    127 203 210 47 127 241 222 253 62 126 239 254 251 147 48 147 213 63
    255 119 113 95 216 63 123 127 223 103 143 173 117 246 247 91 233 117
    113 221 111 47 221 23 255 111 157 238 219 13 244 29 152 73 50 243
    191 189 155 63 166 206 58 220 222 127 47 217 218 13 127 249 214 239
    190 118 111 252 253 187 248 155 245 127 91 255 241 127 241 246 111
    247 223 230 143 248 67 52 255 201 250 121 121 29 239 109 245 117 247
    111 191 202 137 79 246 5 248 221 63 247 255 245 179 251 204 78 251
    221 254 223 255 223 219 152 191 247 149 254 191 254 126 127 252 183
    116 247 254 127 211 119 247 246 243 127 122 251 222 59 223 60 215
    254 210 123 250 125 112 221 125 109 245 84 245 111 157 174 152 13
    248 29 220 93 56 247 115 191 123 223 170 251 205 254 239 117 252 243
    243 248 248 189 214 255 239 221 203 233 139 253 255 111 252 79 238
    253 43 127 31 182 125 71 115 255 223 107 253 113 87 189 253 53 121
    61 251 55 221 233 127 243 189 221 175 253 217 255 156 196 118 220
    255 239 251 159 165 222 217 51 215 87 32 227 248 246 82 189 87 215
    246 243 147 66 63 203 226 235 183 45 195 215 137 127 247 254 72 70
    246 238 95 53 101 190 223 56 248 125 121 92 185 47 239 37 191 111
    185 170 41 199 240 28 28 77 71 243 19 219 121 55 33 254 248 222 255
    221 254 247 255 241 191 255 93 223 223 253 243 238 191 213 254 47
    254 253 254 249 251 255 191 118 253 243 127 255 247 243 61 113 246
    255 254 247 83 125 235 126 191 172 221 179 239 217 126 247 221 255
    158 255 215 255 251 95 255 125 155 190 121 59 223 87 34 119 252 182
