<?xml version="1.0"?>
<opencv_storage>
<ImageFile>"394.jpg"</ImageFile>
<Features type_id="opencv-matrix">
  <rows>98</rows>
  <cols>64</cols>
  <dt>u</dt>
  <data>
    252 253 255 223 114 127 251 255 221 253 255 191 127 190 251 238 251
    213 251 111 62 153 238 190 127 239 191 191 255 219 126 191 241 39
    117 251 214 247 253 254 242 223 253 62 255 190 73 180 143 173 127
    181 217 63 149 79 208 252 105 121 95 14 51 247 252 253 255 221 114
    127 251 255 221 253 255 191 127 190 251 238 251 213 251 111 62 217
    238 190 127 239 191 191 255 219 126 191 241 103 117 251 214 247 253
    254 242 223 253 62 255 190 73 180 143 173 255 189 217 63 149 78 208
    252 105 127 95 14 51 247 56 142 245 138 10 207 165 119 255 84 94 197
    93 125 125 204 255 186 227 160 244 127 91 247 251 125 85 246 108 215
    223 239 143 106 67 20 223 200 249 40 125 29 102 167 93 241 247 235
    185 244 137 8 246 13 24 85 47 210 222 173 243 207 12 222 56 142 245
    200 42 253 165 119 253 92 94 197 93 125 125 204 255 186 227 40 244
    119 91 247 251 125 85 246 109 215 223 239 207 106 75 52 255 152 249
    40 125 29 110 167 85 241 247 235 185 244 137 8 246 13 154 93 62 214
    222 173 243 207 44 222 60 174 253 236 58 253 245 127 253 252 222 245
    93 60 253 196 251 252 227 107 245 119 218 255 253 125 20 182 108 215
    127 239 207 232 79 52 255 250 249 62 125 29 247 167 213 181 247 107
    187 252 137 11 246 29 152 85 62 210 255 237 251 223 44 222 193 141
    194 151 217 67 218 254 14 225 45 223 162 202 131 238 235 213 61 103
    14 175 231 50 79 223 187 47 211 10 50 63 247 39 117 251 82 125 237
    246 112 92 56 63 221 28 253 61 153 172 88 5 241 30 156 75 16 240 49
    189 92 87 32 250 193 141 194 151 217 66 218 254 12 225 45 219 162
    203 131 174 235 213 61 103 78 175 231 50 79 223 187 47 211 11 50 63
    247 37 117 251 82 125 237 246 112 92 56 63 221 28 253 45 153 172 88
    5 241 30 156 75 16 240 49 189 92 87 32 250 60 174 239 252 58 253 245
    127 245 252 254 177 93 125 189 238 251 252 227 107 245 118 214 247
    93 47 133 178 121 213 125 235 223 32 87 186 215 120 249 124 124 93
    123 175 212 183 247 111 187 172 153 13 242 29 157 93 60 242 115 189
    219 215 40 250 58 157 255 222 39 95 217 47 247 252 23 215 63 254 62
    126 255 247 96 187 212 119 209 119 249 227 244 95 122 249 222 107
    215 44 87 182 218 88 250 125 112 93 61 47 213 20 245 111 153 172 152
    13 240 29 156 73 48 242 115 189 123 87 40 250 242 26 147 147 222 134
    131 137 206 111 18 90 183 202 179 93 126 215 57 102 200 135 203 125
    202 218 188 47 146 136 115 47 199 37 87 191 82 124 237 118 112 84 48
    15 213 28 185 183 157 172 24 5 241 125 156 195 80 254 51 189 88 87
    48 250 252 61 247 181 82 231 123 255 244 229 213 251 255 235 178 78
    251 221 115 103 255 173 230 183 222 251 191 175 82 140 114 239 215
    37 53 187 82 120 237 116 120 88 56 47 217 61 255 111 153 172 24 5
    240 30 156 73 16 242 51 189 88 87 32 250 251 222 94 239 255 253 222
    145 63 255 62 203 174 121 110 253 245 247 61 255 108 205 191 120 231
    223 123 127 255 87 243 55 243 239 92 85 123 247 253 247 247 94 106
    63 217 31 254 177 205 221 22 37 221 231 143 239 210 252 177 63 214
    95 18 189 251 222 126 239 255 253 223 145 63 255 124 219 175 249 118
    253 245 247 61 255 236 207 191 120 239 223 123 127 255 83 255 63 243
    239 220 95 115 247 253 247 215 222 106 63 217 30 252 177 205 221 86
    165 221 231 143 239 208 252 177 63 214 93 18 189 205 239 247 253 248
    255 231 245 189 125 234 59 215 249 251 237 139 253 251 110 127 237
    158 184 79 255 31 245 253 71 58 159 243 83 87 235 17 247 245 52 191
    55 90 22 109 175 203 145 141 45 124 53 211 255 143 77 208 204 105
    143 76 70 51 177 252 61 247 149 82 71 219 255 198 229 245 250 255
    234 178 78 251 213 115 103 31 173 231 183 223 255 191 47 67 158 114
    107 223 37 117 191 82 120 233 124 112 88 56 47 221 60 245 111 153
    172 24 5 240 28 156 73 16 242 51 189 88 87 32 250 252 185 255 253 50
    127 249 247 221 254 222 189 95 180 251 238 187 221 251 111 125 221
    246 183 253 111 190 244 109 215 126 235 237 89 231 239 223 127 253
    125 250 61 247 54 255 183 119 238 191 172 239 223 243 125 28 92 238
    255 127 251 251 255 111 254 251 222 255 239 255 255 223 248 255 255
    126 219 175 253 254 253 255 247 61 111 124 207 191 124 111 255 123
    63 255 91 115 191 243 231 92 223 82 119 253 246 119 94 106 63 223 30
    252 181 205 157 22 165 249 255 143 239 208 252 49 63 220 93 48 190
    115 255 254 126 119 190 223 27 231 254 185 248 175 255 124 95 183
    247 62 255 183 127 209 127 215 247 231 127 63 58 252 115 151 255 222
    191 250 60 250 127 110 126 235 237 191 216 245 111 252 191 24 223
    247 117 255 223 121 255 243 191 251 245 157 122 249 255 255 255 255
    127 255 255 253 253 254 253 127 253 253 255 251 213 127 111 124 255
    180 63 127 255 191 63 255 91 126 191 242 101 125 251 214 119 253 245
    255 223 127 62 223 142 221 126 141 173 94 13 250 63 159 77 216 246
    123 157 95 30 42 185 244 49 247 149 82 71 211 255 198 229 181 250
    255 232 179 78 251 213 114 103 155 175 231 167 222 251 189 47 82 158
    82 107 215 37 21 190 82 120 233 126 112 88 52 47 213 60 245 47 153
    172 24 5 240 24 156 75 16 242 49 189 88 87 32 250 29 180 255 117 184
    245 251 113 153 253 212 255 213 121 145 70 190 223 195 43 255 47 202
    251 185 58 246 246 108 231 247 255 207 210 45 52 247 185 250 63 121
    61 235 230 243 49 59 51 187 218 169 111 244 132 188 100 55 211 247
    207 243 127 165 255 252 249 255 253 50 127 249 255 221 252 223 189
    95 254 255 238 251 221 251 111 63 253 230 183 253 239 182 253 105
    215 126 235 255 39 117 255 223 127 253 125 250 253 253 62 255 191
    119 238 159 172 255 223 250 63 156 93 244 254 123 251 123 31 43 254
    238 109 109 136 214 95 7 233 237 70 189 186 121 174 254 238 211 117
    95 100 27 211 177 52 95 237 157 45 243 158 58 137 224 45 70 219 202
    114 133 220 182 219 20 159 85 126 228 12 157 172 144 8 83 29 133 27
    88 244 33 188 92 86 42 249 238 101 109 136 210 31 7 207 229 70 185
    50 121 174 254 230 131 117 95 100 59 147 177 52 94 237 157 13 211
    156 58 137 224 45 70 219 66 114 5 220 178 66 20 143 85 94 228 12 29
    44 16 0 67 29 133 27 144 228 33 188 76 86 58 177 253 255 255 253 246
    127 255 255 253 255 252 251 255 253 254 255 251 213 127 111 124 223
    246 63 111 255 191 63 255 95 126 191 242 103 124 251 82 119 253 244
    223 223 120 63 223 142 221 254 141 173 94 5 248 63 159 77 208 244 59
    157 93 94 34 187 252 249 255 253 114 127 249 255 221 253 253 191 127
    254 255 238 251 221 127 111 63 157 230 183 255 239 191 191 251 223
    126 191 243 39 53 255 214 127 253 253 122 253 253 62 255 191 125 190
    143 173 255 245 249 191 148 77 208 252 121 255 95 94 35 255 83 22
    148 147 207 151 2 16 38 103 19 6 140 233 35 21 116 243 9 244 200 167
    211 113 194 120 248 110 144 16 241 99 87 44 87 191 91 104 229 66 112
    80 24 14 213 92 225 79 153 172 24 5 240 29 156 201 16 242 51 189 88
    87 32 250 61 252 254 125 63 253 245 63 253 253 222 253 255 127 125
    205 253 191 251 251 245 127 219 255 241 127 247 246 125 215 255 230
    207 250 199 52 255 155 249 125 125 157 255 175 213 241 247 107 191
    254 143 207 246 29 218 93 62 247 255 255 251 251 236 222 70 2 130
    129 207 150 138 129 44 111 19 14 152 105 51 5 76 91 25 230 200 37
    202 120 74 88 184 110 208 132 179 71 87 53 87 43 83 104 236 66 80 76
    24 14 209 28 195 25 157 204 24 5 245 125 156 203 80 255 51 181 88 83
    48 234 196 35 131 145 200 195 42 226 0 175 67 22 211 192 147 98 234
    217 99 103 73 165 194 211 78 223 189 47 192 142 50 42 215 36 85 187
    82 120 237 116 112 92 48 47 213 28 181 111 153 172 24 5 240 29 156
    73 16 242 51 189 88 87 32 250 79 6 64 33 221 176 170 88 48 123 194
    39 224 9 131 1 66 109 129 80 233 37 91 120 68 216 184 167 90 5 33
    199 87 160 221 49 117 184 45 102 108 68 74 140 193 65 195 81 56 236
    24 5 244 29 220 73 22 242 151 149 202 87 32 118 99 23 196 178 95 162
