<?xml version="1.0"?>
<opencv_storage>
<ImageFile>"395.jpg"</ImageFile>
<Features type_id="opencv-matrix">
  <rows>26</rows>
  <cols>64</cols>
  <dt>u</dt>
  <data>
    255 254 255 165 255 191 159 249 254 127 249 123 255 239 246 93 243
    245 127 100 253 135 179 124 94 255 253 63 210 31 127 191 211 45 94
    191 210 117 233 246 114 94 24 47 213 28 252 29 157 172 24 5 224 29
    156 73 16 246 51 189 92 87 32 184 255 254 255 165 255 191 159 249
    254 127 249 123 255 239 246 125 243 245 127 100 253 135 179 124 94
    255 253 63 210 31 119 191 211 45 94 191 210 117 233 246 114 94 24
    175 213 28 252 29 157 172 24 5 224 29 156 73 16 246 51 189 92 87 32
    184 47 207 111 249 55 191 253 123 189 223 254 251 223 121 252 79 130
    253 111 107 244 118 208 119 125 254 135 55 126 95 61 219 215 102 222
    186 82 122 249 52 254 127 122 47 215 151 117 107 153 173 24 5 251 29
    159 76 16 246 51 189 91 223 42 251 47 239 111 249 55 189 253 123 189
    223 254 251 223 121 252 79 130 253 111 107 244 118 208 127 125 254
    135 55 126 95 61 251 215 100 222 186 210 122 249 61 254 127 122 47
    215 151 245 107 153 173 24 5 250 29 159 76 16 246 115 189 91 223 42
    251 125 54 117 160 255 179 35 120 224 70 211 54 237 123 161 65 226
    221 3 100 225 37 195 244 76 168 168 141 82 12 49 233 223 36 85 186
    82 120 129 116 216 92 24 14 209 21 227 79 153 172 24 5 240 29 156 73
    16 242 51 188 88 87 32 248 255 252 255 237 255 127 255 251 255 125
    252 251 255 255 254 253 251 245 127 111 125 223 190 125 127 255 63
    63 255 95 126 191 247 111 31 255 210 119 253 254 255 223 126 63 221
    158 252 181 141 189 94 141 248 191 143 77 248 244 121 159 223 95 42
    189 65 5 129 146 16 134 2 69 64 102 1 20 64 129 145 2 226 84 1 96
    200 33 195 51 76 136 164 13 82 12 49 105 87 36 85 186 66 120 1 84 48
    64 24 14 192 20 193 78 153 172 24 5 112 28 156 73 16 242 51 188 88
    86 32 250 65 5 32 144 16 134 2 69 0 102 3 16 64 1 145 6 226 84 1 100
    192 33 193 51 76 136 164 13 82 12 49 105 83 36 84 186 66 120 1 84 48
    64 24 14 192 20 193 78 153 172 24 5 112 28 156 73 16 242 51 188 88
    86 32 250 122 254 125 255 63 253 255 121 253 255 253 250 253 62 253
    95 255 255 123 251 253 119 211 255 253 255 245 191 126 247 255 235
    223 108 215 190 223 121 249 125 124 221 127 47 215 245 247 111 191
    174 152 15 242 29 222 93 56 247 127 191 251 223 44 250 61 54 117 160
    223 175 35 121 228 84 214 55 253 63 185 69 250 253 67 100 241 3 147
    116 92 248 188 141 250 30 113 233 213 36 87 190 82 112 137 124 124
    93 24 15 213 53 230 77 153 172 24 5 240 29 156 73 16 242 51 188 88
    87 32 250 35 213 109 134 182 157 31 65 231 71 57 88 221 45 116 85
    242 245 6 229 130 102 145 101 92 148 173 29 18 190 92 41 210 44 86
    154 202 120 129 222 18 218 24 15 144 28 244 14 145 164 16 5 104 25
    151 75 24 114 48 188 88 86 34 185 44 47 237 216 32 125 161 119 181
    222 198 149 89 117 185 198 137 120 195 107 245 112 80 243 89 58 132
    144 104 212 56 201 206 18 71 170 213 122 217 124 252 61 56 166 244
    181 247 110 153 172 136 13 242 29 157 92 20 226 115 189 74 87 105
    250 114 16 85 134 207 135 11 121 230 102 17 22 189 104 48 84 246 215
    0 96 192 39 195 101 76 152 172 14 18 8 113 105 215 36 85 186 82 120
    129 116 80 92 24 15 209 20 229 79 153 172 24 5 240 29 156 73 16 242
    51 189 88 87 32 250 127 52 253 180 127 183 59 127 244 124 214 53 253
    126 178 85 242 213 67 96 241 39 211 119 220 232 236 143 82 92 113
    235 215 36 85 190 82 120 225 116 120 92 24 15 213 21 229 79 153 172
    24 5 240 29 156 73 16 242 51 189 88 87 32 250 126 38 125 176 218 183
    43 97 228 102 211 22 221 96 179 86 242 213 67 100 217 165 195 116 92
    136 188 141 210 156 49 235 215 36 85 186 82 120 129 116 112 92 24 14
    209 20 193 77 153 172 24 5 240 29 156 73 16 242 51 188 88 86 32 248
    178 154 18 215 239 213 218 161 30 249 22 79 150 86 123 52 127 211
    236 171 204 47 207 108 169 87 247 110 158 251 215 118 199 168 91 52
    119 201 234 99 113 92 99 63 133 4 189 127 185 200 24 1 244 13 152
    235 23 115 182 53 210 119 32 254 59 182 109 142 63 189 157 56 247
    126 150 241 61 63 189 69 242 244 67 48 241 114 209 118 125 184 164
    19 126 89 117 235 223 108 215 190 222 120 169 125 116 93 58 47 212
    116 244 111 185 172 152 13 240 29 156 89 56 242 51 188 90 215 44 250
    125 54 247 181 222 103 43 255 244 124 210 55 125 173 187 87 251 213
    99 100 121 135 214 52 94 233 188 141 210 28 115 235 213 37 85 190 82
    112 161 116 120 92 24 14 213 52 229 77 153 172 24 5 240 29 156 73 16
    242 51 188 88 86 32 248 127 52 253 151 255 183 31 121 246 111 241
    114 253 107 178 85 242 245 99 102 249 39 211 119 94 234 237 63 82 24
    117 235 215 44 84 190 82 120 233 116 112 92 56 47 213 20 245 79 153
    172 24 5 240 29 156 73 16 242 51 189 88 87 32 250 127 63 255 182 254
    191 63 127 244 127 214 51 255 250 182 95 250 245 123 102 253 183 211
    119 94 250 188 175 218 92 118 235 215 36 85 191 82 120 225 116 120
    92 56 47 213 21 229 111 153 172 24 5 240 29 156 73 16 242 51 189 88
    87 32 250 63 54 113 32 21 32 33 92 224 42 194 53 100 3 163 83 250
    172 3 80 225 2 65 148 132 136 224 137 82 12 225 224 221 44 85 190 91
    56 1 116 120 84 24 15 208 113 162 109 152 172 24 5 240 29 220 73 16
    178 23 188 24 87 32 90 186 241 124 103 255 169 223 185 222 25 245
    123 191 90 196 84 118 151 94 147 255 63 131 124 176 254 247 127 254
    251 231 190 143 237 142 215 255 25 251 255 91 223 199 95 209 117 189
    31 175 247 153 75 252 166 222 243 126 183 254 187 186 191 190 157
    124 32 253 177 218 183 43 113 228 103 209 18 221 96 179 68 242 221
    67 100 217 165 130 244 94 200 188 175 210 140 49 234 215 36 85 186
    82 120 161 116 120 92 24 15 209 20 193 77 153 172 24 5 240 29 156 73
    16 242 51 188 88 86 32 248 186 240 124 103 255 161 223 57 222 57 245
    123 191 90 196 84 118 151 94 147 253 59 163 124 176 254 247 127 254
    251 231 190 143 237 14 247 255 25 251 255 91 223 199 79 209 117 191
    31 175 247 155 75 252 166 220 243 126 183 246 187 186 63 180 221 39
    198 108 139 159 157 135 89 174 71 56 122 189 59 253 101 195 116 4 32
    217 82 155 100 92 149 13 41 178 26 17 27 212 36 87 154 66 120 41 118
    54 86 40 47 84 20 244 5 145 172 16 4 176 25 140 73 24 114 50 60 88
    87 32 248 56 249 255 213 54 191 221 51 223 253 245 251 255 248 20 94
    188 223 254 187 183 125 195 255 185 127 247 254 108 247 245 239 207
    250 168 52 255 253 250 127 121 189 231 111 191 53 247 111 255 250
    169 223 252 189 248 93 119 215 247 251 243 185 205 222</data></Features>
</opencv_storage>
