<?xml version="1.0"?>
<opencv_storage>
<ImageFile>"396.jpg"</ImageFile>
<Features type_id="opencv-matrix">
  <rows>399</rows>
  <cols>64</cols>
  <dt>u</dt>
  <data>
    63 252 109 172 63 253 95 125 189 116 255 189 93 63 252 239 241 252
    67 112 245 114 244 52 125 237 164 27 121 223 125 235 229 108 71 254
    218 115 185 252 222 223 92 174 212 119 228 111 153 172 158 13 250 29
    157 93 56 246 123 188 219 222 42 249 254 253 239 253 54 127 253 247
    253 255 253 221 95 252 255 238 187 220 127 111 63 251 246 55 127 239
    183 191 127 247 126 187 240 127 53 251 222 119 219 253 90 255 253
    126 255 63 239 190 207 173 126 223 217 127 180 76 217 254 105 255
    127 62 155 186 196 170 131 193 252 250 162 240 88 187 122 95 195 81
    219 168 9 205 125 110 204 5 142 216 47 223 25 166 196 7 35 30 215 37
    93 155 90 57 237 54 113 124 48 63 213 142 253 177 153 141 24 33 209
    255 156 75 80 248 51 189 92 87 48 254 111 254 101 251 255 191 167 89
    237 127 168 187 189 127 253 93 251 245 123 118 253 119 27 125 87 253
    253 63 127 91 127 231 207 109 215 191 210 120 253 126 126 95 126 175
    85 249 245 119 188 172 24 13 242 189 159 93 56 246 115 189 218 223
    42 242 248 217 254 255 63 123 248 255 95 251 255 255 191 252 239 254
    191 159 252 251 191 255 239 63 239 127 243 255 127 119 254 255 255
    243 253 117 247 255 250 247 251 253 239 127 191 31 255 251 255 251
    255 223 254 255 249 221 215 255 255 255 255 57 159 223 239 196 108
    43 255 181 223 153 189 255 188 250 191 43 36 77 129 53 127 243 249
    119 251 124 116 247 221 55 123 125 109 243 207 236 134 231 251 57
    177 191 126 223 110 173 213 113 214 89 63 254 152 13 221 189 221 116
    58 182 247 189 187 219 172 91 76 38 109 136 0 159 38 119 33 246 142
    132 80 181 189 194 194 216 203 104 153 209 92 177 93 0 8 132 97 140
    25 65 241 4 81 170 64 250 5 114 182 23 24 6 84 134 64 192 155 44 44
    12 50 29 131 28 16 224 43 156 73 66 106 241 184 190 255 213 254 253
    241 255 253 253 222 255 255 124 251 236 251 245 255 107 244 127 254
    255 127 255 54 183 127 223 127 255 255 111 119 254 214 123 249 252
    221 93 254 62 221 54 253 231 189 172 157 13 242 31 157 77 52 246 115
    191 219 95 38 254 121 222 254 249 47 255 255 127 189 254 252 137 223
    189 63 207 221 253 251 251 244 119 222 255 117 111 245 246 125 213
    253 231 207 216 195 36 247 249 248 121 126 31 127 175 215 245 247
    107 191 234 152 13 242 125 220 93 63 247 255 191 251 219 44 254 234
    223 174 222 39 95 93 151 47 223 41 202 159 248 62 159 157 251 104
    191 62 255 115 103 209 119 247 124 61 246 222 161 142 122 203 37 235
    76 250 105 110 63 102 249 183 120 247 126 244 218 152 75 166 225 250
    247 59 151 116 55 183 249 221 74 124 252 255 253 62 127 253 255 221
    254 222 189 95 244 223 238 251 220 251 107 253 253 238 191 255 127
    246 243 109 215 255 255 239 80 253 255 255 255 249 125 126 223 247
    62 255 183 247 127 191 255 255 223 250 189 159 93 206 247 255 251
    255 223 235 246 251 255 223 247 255 178 219 184 94 255 247 251 175
    91 192 93 118 215 188 59 254 109 227 127 169 251 243 255 94 123 231
    255 223 245 252 117 255 253 250 247 209 94 235 223 251 9 217 63 158
    223 24 231 252 229 157 239 87 191 246 207 242 127 181 255 187 221
    239 255 55 253 221 139 255 215 189 250 191 251 118 95 189 247 60 255
    190 127 243 119 245 247 243 127 127 123 254 187 215 124 254 222 218
    125 250 125 118 255 249 125 183 20 245 63 221 174 24 79 248 157 188
    125 57 247 115 191 123 253 171 251 191 254 126 235 255 253 223 217
    255 95 188 250 191 127 252 253 243 245 127 125 125 214 191 124 119
    255 127 59 255 91 127 191 224 237 222 223 242 119 253 255 255 223
    122 189 213 223 252 149 140 189 22 13 234 183 143 127 176 244 240 62
    222 223 62 185 13 178 69 97 221 163 163 120 184 61 198 119 224 95
    192 65 234 109 159 80 225 47 10 253 38 124 88 167 252 71 99 223 95
    227 189 177 53 179 125 53 93 180 90 22 73 225 122 211 44 117 88 52
    217 254 206 0 118 140 175 143 138 143 165 92 127 52 117 181 223 165
    183 120 180 125 214 55 237 77 177 85 242 253 91 114 249 111 154 124
    12 252 236 255 122 93 117 239 79 237 149 191 214 121 125 95 125 65
    95 142 69 33 239 87 188 180 153 13 242 188 156 65 104 182 251 155
    218 143 44 254 68 162 155 169 200 210 162 193 90 155 4 94 193 16 155
    48 106 197 153 70 200 5 78 89 174 144 60 111 70 143 35 58 199 135 93
    139 80 187 109 118 241 84 16 132 81 140 56 181 153 44 24 33 241 85
    140 107 80 216 42 141 88 87 114 251 253 254 247 111 253 254 247 221
    253 125 236 251 239 123 238 221 251 253 191 63 253 79 191 125 119
    255 123 183 255 91 107 255 143 235 254 119 245 181 253 191 127 95
    234 247 253 123 255 241 236 247 92 189 213 231 159 231 126 252 247
    175 254 223 189 95 60 253 237 252 54 255 125 127 245 222 223 180 125
    126 252 207 251 252 99 107 245 114 209 247 93 255 165 157 123 222
    125 232 207 44 199 190 222 122 249 125 250 223 63 47 212 119 247 110
    187 172 152 13 242 29 159 93 24 242 123 189 123 223 42 250 108 77
    254 252 98 7 124 103 53 228 101 129 30 232 55 78 237 251 113 231 118
    189 208 51 91 107 183 92 65 212 188 225 210 38 86 186 83 120 209 124
    114 95 60 47 213 20 199 110 153 172 24 5 240 29 156 73 17 242 115
    189 88 86 34 251 248 157 254 247 102 255 251 51 63 253 95 207 159
    252 126 127 180 251 248 239 254 125 211 243 251 126 246 254 120 247
    254 163 199 115 83 181 247 91 254 121 88 189 255 103 253 61 247 111
    189 170 153 207 241 125 152 223 127 255 115 191 123 127 157 250 182
    49 73 246 55 16 89 10 198 227 53 114 175 74 178 87 114 215 36 115
    135 172 225 118 12 147 243 59 82 56 53 105 83 36 20 186 90 120 227
    213 208 72 57 77 211 20 209 111 153 172 24 5 112 29 156 73 16 242 51
    157 88 23 32 251 255 252 238 253 255 255 223 184 191 255 253 251 191
    126 246 253 177 255 126 255 255 127 242 123 127 255 251 127 255 127
    255 255 215 253 158 255 254 125 250 255 90 255 239 125 243 31 255 59
    159 255 158 79 253 253 159 255 120 255 243 191 255 255 190 191 171
    221 254 255 255 61 221 154 63 93 44 203 174 251 102 253 245 247 61
    251 118 204 57 122 99 255 115 122 255 115 254 119 246 231 158 113
    243 117 248 245 87 223 122 127 216 19 253 221 205 181 94 21 236 167
    143 77 57 180 113 31 214 221 134 185 204 201 206 221 106 95 212 247
    61 249 62 207 155 244 127 236 137 213 121 39 84 181 198 243 123 95
    145 34 253 203 30 122 255 36 85 250 82 122 233 116 242 93 56 63 213
    54 245 111 153 172 24 5 240 29 157 73 16 242 51 189 88 87 34 250 69
    5 128 52 9 34 50 102 16 32 197 5 2 209 0 2 96 9 1 211 197 45 192 147
    64 10 128 206 64 4 161 96 223 52 81 186 83 56 193 116 80 28 24 14
    209 17 163 111 153 172 24 5 240 29 152 73 16 242 51 189 88 86 32 234
    246 77 104 246 243 14 95 11 167 71 61 250 191 234 244 94 242 247 52
    101 14 254 176 38 94 215 179 57 179 186 94 57 146 39 22 219 194 124
    211 222 2 235 188 89 209 30 228 12 197 165 16 4 74 27 167 187 24 244
    113 61 92 84 56 185 127 188 239 101 255 191 255 121 188 255 214 127
    255 124 240 93 249 253 127 127 252 127 218 125 63 254 255 255 126 87
    119 191 71 237 31 191 246 125 253 127 121 221 127 175 221 105 253 55
    189 188 24 13 249 253 156 97 112 246 251 191 251 159 56 254 242 205
    104 150 247 14 95 9 175 71 61 250 191 234 244 94 242 247 60 117 14
    246 144 102 94 214 187 57 178 186 94 57 146 45 22 219 194 89 215 222
    34 219 61 121 145 30 244 12 197 165 144 12 10 19 167 187 120 116 112
    61 93 220 56 184 86 178 147 169 248 208 162 205 194 219 0 29 193 82
    147 16 126 199 137 6 200 1 14 89 142 136 120 109 134 8 49 62 165 165
    93 155 112 240 45 116 161 64 16 12 81 140 153 23 152 44 28 33 176 16
    156 107 0 250 18 141 88 71 50 241 47 190 239 205 255 181 155 89 191
    255 3 255 157 123 187 69 250 245 107 98 253 119 218 121 93 250 180
    63 94 89 117 239 215 36 95 186 210 120 233 118 116 92 120 47 213 20
    245 127 153 172 24 5 240 29 156 73 16 242 51 189 90 87 40 250 255
