<?xml version="1.0"?>
<opencv_storage>
<ImageFile>"397.jpg"</ImageFile>
<Features type_id="opencv-matrix">
  <rows>92</rows>
  <cols>64</cols>
  <dt>u</dt>
  <data>
    253 253 255 221 254 255 255 255 255 253 244 251 255 250 254 207 251
    247 251 63 253 223 254 255 251 123 255 255 253 221 254 239 207 111
    214 255 222 125 253 125 250 95 254 191 221 125 245 239 189 172 152
    141 242 253 157 223 124 254 119 191 251 223 46 255 253 57 247 117
    254 103 251 254 216 189 212 255 239 194 147 218 255 207 251 223 255
    143 239 159 143 123 254 255 203 213 246 254 207 175 37 255 255 189
    253 127 217 92 243 254 235 121 139 247 237 230 111 243 241 254 28
    229 230 189 245 251 255 39 145 255 253 185 247 117 254 103 251 254
    221 189 214 255 255 218 146 254 251 223 255 127 255 143 239 191 175
    123 254 255 255 215 246 254 207 175 37 255 255 189 253 125 217 125
    247 126 235 57 187 255 255 254 239 251 241 254 156 197 230 189 247
    251 255 63 149 255 220 153 222 254 51 119 252 247 21 248 124 189 31
    254 191 254 255 219 113 239 231 189 231 51 107 79 242 255 91 197 182
    235 215 38 53 250 87 124 249 116 114 125 253 111 223 21 247 238 159
    172 27 149 240 29 156 77 17 242 123 255 89 119 163 250 120 21 253
    216 38 191 85 119 55 246 85 144 93 249 52 78 252 253 99 107 246 117
    208 243 217 122 164 94 120 212 245 233 215 36 87 190 218 120 241 124
    112 95 56 47 213 52 245 111 153 172 152 13 240 29 156 93 56 242 115
    189 91 215 40 250 56 149 253 220 54 191 125 119 181 254 85 144 93
    249 52 78 252 253 99 107 244 117 208 243 217 106 164 220 120 212 244
    233 223 36 86 190 222 120 241 124 120 223 57 47 213 52 247 111 155
    172 153 13 240 29 156 93 56 242 115 189 91 215 40 250 187 221 108
    215 191 189 221 57 255 223 159 255 191 126 116 125 247 247 100 251
    247 126 211 119 125 254 243 63 126 123 255 235 215 108 95 190 218
    121 251 253 80 221 253 111 213 20 245 111 153 174 24 13 242 29 158
    77 24 242 115 191 123 95 40 250 56 254 255 223 62 189 255 121 255
    255 253 219 253 121 191 94 247 245 99 107 244 119 211 255 221 255
    183 63 122 221 125 235 215 36 87 190 210 120 249 125 118 95 121 47
    213 52 245 111 153 172 24 5 242 29 157 89 16 242 115 189 90 87 40
    250 221 253 254 253 120 255 252 247 57 253 109 251 214 242 182 222
    191 219 188 111 191 173 230 251 251 127 243 247 109 101 246 239 215
    211 124 101 247 253 254 119 121 191 251 119 255 29 255 251 253 234
    63 247 245 127 188 206 87 223 247 239 255 125 145 254 233 140 238
    137 202 87 163 247 61 255 46 205 27 188 59 237 201 249 249 35 252
    211 254 184 91 105 28 38 249 215 59 231 253 32 83 112 87 240 237 120
    114 93 122 47 213 54 119 225 189 172 30 13 241 29 156 73 22 240 35
    189 218 87 40 250 252 253 255 253 50 255 253 251 253 255 253 251 223
    250 252 238 187 221 127 107 191 125 230 255 253 127 183 191 105 223
    119 255 223 54 117 254 214 253 251 255 122 127 249 111 255 55 247
    111 157 172 56 199 248 29 156 77 17 242 115 255 123 119 161 255 124
    49 255 212 54 167 91 123 214 228 215 20 223 232 144 86 242 213 99 99
    190 47 194 247 156 186 166 31 82 153 117 235 211 36 53 190 210 120
    241 93 80 89 181 47 193 52 225 111 153 172 25 5 240 28 156 73 16 242
    115 249 88 22 32 250 187 254 255 239 255 253 219 189 255 253 222 255
    191 127 254 253 251 247 127 123 245 119 255 125 239 255 249 63 127
    91 127 239 215 236 223 254 246 123 249 119 119 221 106 63 213 22 253
    127 157 189 30 13 240 189 158 77 48 246 179 189 219 223 46 254 59
    212 124 254 63 189 221 25 247 254 213 232 189 122 52 93 244 247 98
    251 244 118 211 127 241 182 231 127 126 241 245 227 207 252 215 180
    251 120 248 121 120 223 127 109 213 117 247 111 187 174 152 15 246
    29 220 93 58 243 247 191 251 219 172 218 163 214 4 103 255 184 155
    152 62 59 18 111 174 91 96 21 108 247 45 146 236 39 155 124 98 254
    249 110 222 19 227 119 223 169 219 53 123 25 232 99 113 92 42 175
    213 81 253 115 184 222 24 1 244 173 220 225 19 242 183 191 210 87
    164 90 61 191 255 221 62 253 249 119 253 252 214 253 221 125 253 236
    187 252 227 43 245 126 214 255 249 127 183 246 109 223 255 239 223
    120 71 190 222 250 249 125 253 125 251 167 245 243 247 107 187 254
    141 79 242 29 159 93 62 243 255 255 251 255 237 254 120 17 255 212
    54 167 91 127 150 230 213 148 223 232 176 86 254 213 114 99 190 63
    194 63 29 250 166 95 82 153 117 239 215 36 53 190 210 120 241 127
    112 93 253 47 211 20 225 111 153 172 24 5 240 29 156 73 16 242 115
    185 89 23 32 250 252 255 255 253 254 255 255 255 253 255 254 255 255
    255 251 255 251 245 127 111 255 255 247 255 255 255 247 191 255 223
    126 191 247 103 127 255 214 127 253 245 255 93 251 62 223 175 253
    255 157 173 30 141 250 191 159 77 88 246 123 255 223 95 43 254 173
    207 239 221 250 253 255 217 189 255 46 223 159 127 255 237 171 213
    189 107 196 45 214 123 111 223 183 55 95 75 55 127 215 36 93 186 82
    123 249 116 114 92 56 47 213 22 245 111 153 172 24 5 240 29 156 73
    16 242 51 189 88 87 34 250 252 253 255 253 254 191 127 253 255 255
    253 251 255 248 182 126 243 213 123 111 191 253 227 255 253 235 230
    255 123 253 255 239 255 47 180 255 222 125 241 255 122 223 255 111
    255 63 221 63 159 174 27 199 240 189 157 93 80 246 123 255 251 214
    171 255 237 239 239 221 250 255 255 249 189 255 46 255 223 127 255
    237 235 245 61 99 221 45 214 123 127 255 183 63 95 75 55 127 215 36
    85 186 82 121 249 116 114 92 56 47 213 22 245 111 153 172 24 5 240
    29 156 73 16 242 51 189 88 87 32 250 51 214 76 170 255 188 159 9 62
    95 61 106 172 59 100 85 244 247 4 240 224 114 145 116 112 148 233
    127 126 58 229 97 150 108 222 150 235 88 168 121 102 222 56 137 212
    81 244 79 145 190 24 5 224 5 223 73 24 243 50 188 88 219 40 249 249
    158 239 252 255 255 251 127 253 125 246 223 255 249 190 237 251 253
    107 99 244 111 210 255 95 255 181 190 250 215 119 239 223 44 87 186
    214 120 249 125 124 93 122 47 213 53 247 111 153 172 24 13 240 29
    156 73 16 242 51 189 90 87 32 250 254 125 255 253 126 175 127 121
    255 231 253 184 255 234 244 126 242 213 126 107 191 191 243 63 221
    239 231 255 83 255 253 239 227 175 54 255 194 253 243 255 90 219 245
    111 251 31 237 63 141 167 18 199 104 189 159 77 88 254 123 251 249
    118 187 191 2 130 65 163 253 144 130 9 44 91 2 66 161 82 160 69 66
    213 5 99 196 37 194 114 76 218 177 47 22 10 49 75 215 36 85 186 82
    120 233 116 96 92 56 15 209 4 245 111 153 172 24 5 240 29 156 73 16
    242 51 189 88 87 32 250 51 18 0 38 63 160 154 24 118 56 16 97 44 91
    32 21 118 182 1 144 225 34 201 127 0 10 224 7 90 113 225 103 159 172
    150 180 127 24 41 117 72 76 26 11 192 81 179 79 184 238 24 5 244 12
    216 65 22 179 183 149 26 87 164 72 187 220 222 223 254 221 221 177
    127 255 60 223 191 255 254 253 251 247 61 235 93 220 191 120 123 255
    179 59 255 91 255 63 247 102 92 251 83 119 249 244 211 222 120 63
    217 22 253 181 157 173 30 5 248 159 159 77 16 244 59 189 92 95 34
    185 130 130 1 163 253 144 130 9 44 91 2 66 161 82 160 69 66 213 5 67
    196 37 130 114 68 222 49 39 22 10 49 75 215 36 84 186 82 120 233 116
    96 92 56 13 209 20 245 111 153 172 24 5 240 29 156 73 16 242 51 189
    88 87 32 250 187 255 78 223 191 93 221 177 127 255 60 255 190 127
    238 253 235 214 60 171 93 252 167 124 107 223 179 59 255 91 63 63
    242 100 92 242 83 119 249 244 211 222 120 63 220 150 252 125 137 173
    30 5 248 31 159 73 16 240 59 61 92 95 34 185 205 136 142 148 47 23
    152 246 52 253 86 199 154 184 50 78 168 221 225 35 212 7 194 251 73
    106 188 38 88 65 51 111 223 32 85 176 86 120 233 116 112 92 58 47
    209 52 241 111 153 172 24 5 240 29 156 73 18 242 51 189 88 87 32 250
    50 253 93 222 166 221 223 9 239 69 31 218 191 126 124 220 255 247
    124 191 150 127 211 103 249 215 247 127 39 187 223 41 135 236 107
    158 202 89 250 127 49 221 237 233 181 28 253 47 151 182 129 79 190 1
