<?xml version="1.0"?>
<opencv_storage>
<ImageFile>"398.jpg"</ImageFile>
<Features type_id="opencv-matrix">
  <rows>150</rows>
  <cols>64</cols>
  <dt>u</dt>
  <data>
    140 42 183 241 184 245 168 245 152 191 194 23 211 208 155 194 235
    204 227 107 252 133 206 217 15 91 182 162 196 135 51 222 87 32 85
    186 84 252 233 86 120 84 112 62 199 165 187 243 153 172 28 37 240 29
    156 73 4 242 51 189 76 23 32 246 109 174 239 249 250 181 167 209 189
    255 104 154 223 249 191 79 194 253 107 106 253 117 218 121 95 255
    189 183 120 77 51 239 215 36 87 186 82 249 237 126 116 94 120 47 213
    148 245 115 153 172 24 5 240 29 156 73 16 246 51 189 88 87 32 250
    204 42 179 241 184 245 168 245 152 191 194 23 211 196 155 194 235
    205 227 107 252 133 206 153 15 123 182 162 192 7 51 222 71 32 85 186
    84 254 233 86 120 84 112 62 199 165 155 243 153 172 24 37 240 29 156
    65 4 242 51 189 76 23 32 246 246 57 251 247 247 70 219 143 206 199
    113 122 183 202 146 94 122 215 60 71 15 175 231 79 190 203 243 111
    210 185 246 63 103 167 60 223 194 125 235 223 81 72 181 202 235 28
    153 62 221 174 82 211 120 50 180 227 208 58 113 123 124 21 177 191
    250 253 239 223 247 255 223 189 255 223 255 254 191 126 127 254 189
    215 126 255 255 127 231 119 253 255 255 127 127 251 255 187 255 125
    85 255 222 123 250 125 250 223 253 111 245 62 245 111 159 174 27 71
    248 125 157 223 81 247 123 191 123 127 186 251 173 238 231 233 186
    245 173 209 189 255 232 219 223 121 251 205 203 253 175 107 252 116
    222 120 127 223 55 179 221 71 51 223 215 224 95 187 114 253 249 54
    125 92 122 63 215 148 255 113 153 173 24 37 242 29 156 77 16 242 51
    189 94 95 32 186 63 253 253 222 55 159 93 123 255 197 189 250 255
    250 252 94 251 247 102 123 151 127 211 119 253 247 245 63 123 250 94
    105 215 44 87 190 194 120 251 125 114 223 253 47 149 20 245 111 155
    174 153 13 242 29 156 93 56 242 115 189 121 223 42 251 63 251 125
    126 54 184 255 48 251 159 253 250 239 119 220 90 247 207 110 251 167
    124 129 255 237 255 231 255 111 119 237 248 146 252 204 158 239 57
    248 255 110 223 251 253 247 179 247 111 170 255 129 203 232 133 251
    125 111 247 215 215 251 251 237 30 109 206 238 169 203 255 163 87 61
    253 142 205 223 61 255 237 203 57 251 41 244 87 90 249 115 117 29
    182 45 215 91 199 157 195 203 1 53 207 253 42 109 29 110 165 93 255
    127 225 252 216 169 188 247 229 218 190 126 204 134 165 211 217 92
    94 253 254 247 249 216 111 103 255 249 252 238 189 95 253 255 239
    235 221 59 110 127 141 174 185 79 237 62 141 255 15 58 191 241 39
    117 251 82 247 85 246 183 86 88 62 95 158 108 180 205 37 86 180 217
    255 135 77 208 236 41 188 92 70 50 177 101 54 245 21 220 161 163 124
    224 164 194 49 229 65 131 1 226 237 67 98 248 47 90 223 132 40 164
    172 80 12 97 206 95 38 85 190 80 56 97 86 60 64 26 142 69 97 129 79
    152 172 24 1 240 28 156 73 16 178 19 159 88 71 36 114 137 134 71 33
    252 176 163 216 56 223 66 79 202 121 131 1 66 237 165 98 232 100 138
    120 78 254 17 162 220 2 35 155 87 96 221 184 81 57 105 36 125 84 58
    175 213 1 250 113 24 156 24 37 240 157 156 73 16 242 51 157 72 87 32
    250 122 189 254 253 38 255 218 183 127 252 93 221 94 252 63 254 253
    219 122 251 245 125 199 247 249 127 246 254 105 247 255 231 223 120
    97 116 223 91 248 121 120 157 255 47 245 53 247 111 191 234 139 207
    242 29 152 93 127 247 127 255 251 251 238 238 129 6 71 33 252 176
    163 216 56 255 194 75 200 121 131 1 66 237 165 98 232 101 10 120 78
    254 25 166 220 6 35 31 87 100 221 184 81 56 105 36 124 68 58 143 197
    1 251 113 24 188 24 33 240 157 156 73 16 242 51 157 72 87 32 250 108
    236 239 249 106 127 247 247 189 252 110 157 95 188 255 238 155 185
    251 47 244 215 254 183 121 109 157 182 109 215 127 239 205 73 99 97
    247 219 253 120 250 29 126 183 213 247 119 233 191 232 175 157 247
    93 217 220 126 254 255 253 219 219 106 222 207 207 14 221 239 223
    218 129 61 251 23 207 158 125 110 173 141 217 60 183 206 125 146 120
    99 222 155 118 252 115 63 55 215 241 89 65 243 123 254 51 113 61 233
    127 245 28 253 51 157 223 24 37 221 229 156 235 83 223 242 191 80
    127 177 250 122 185 254 255 110 247 222 183 127 252 93 223 254 244
    63 254 253 155 122 251 245 127 215 247 249 127 244 254 105 247 255
    230 223 121 3 116 223 89 248 125 120 221 255 47 245 53 247 111 191
    238 139 207 242 29 152 93 127 247 127 253 251 251 232 206 236 62 243
    161 221 244 163 253 156 251 194 127 227 30 155 229 107 221 219 67
    253 3 254 92 15 203 60 167 214 79 35 254 109 161 95 187 117 179 237
    118 217 84 82 190 197 37 187 113 184 252 24 33 245 191 156 65 86 248
    167 173 222 87 32 254 71 21 136 20 237 162 30 16 2 35 1 66 128 65 2
    1 4 43 24 150 203 37 67 203 130 82 218 246 0 36 129 1 31 145 144 1
    41 136 106 3 64 40 11 201 225 89 183 27 16 218 8 99 229 224 88 163
    87 27 150 151 32 179 213 74 212 43 211 213 80 67 108 255 66 235 225
    185 83 194 147 202 107 197 185 111 15 141 230 155 143 203 186 47 195
    12 50 63 115 7 52 251 16 245 119 214 114 98 176 126 171 28 73 182
    221 172 126 245 81 126 148 203 193 252 97 91 93 116 145 243 72 13
    158 184 2 79 124 39 33 98 105 128 18 228 54 138 237 90 33 229 10 149
    103 179 90 75 162 204 65 132 184 33 208 52 16 169 3 100 192 224 50
    138 60 47 223 28 231 238 153 168 90 20 96 93 144 73 155 243 33 181
    88 114 2 235 19 20 8 34 159 128 2 12 34 34 16 96 172 75 36 17 124
    230 1 208 192 34 83 103 132 144 224 111 18 24 225 97 215 44 148 190
    90 40 41 112 96 72 56 137 209 80 245 79 153 172 24 5 240 24 220 65
    16 178 51 157 24 83 32 234 242 217 154 223 39 75 220 143 31 225 21
    203 191 254 102 222 255 151 60 63 134 189 231 99 107 215 243 127 119
    251 222 111 151 167 48 83 242 77 250 119 113 255 237 123 191 28 253
    175 213 138 91 149 252 7 188 239 81 247 112 127 81 125 147 251 242
    217 154 223 103 75 220 143 63 241 21 203 191 254 38 222 255 151 60
    191 142 191 231 99 123 215 243 127 119 251 222 111 151 167 48 83 242
    93 250 119 113 255 237 127 189 28 253 175 213 138 91 149 252 7 188
    239 81 247 112 127 81 125 147 219 5 38 101 0 16 164 35 124 224 166
    195 20 193 13 147 3 138 108 67 96 248 35 82 212 12 40 156 140 64 4
    33 200 77 12 199 186 16 56 1 92 60 64 24 142 69 97 162 109 24 44 24
    1 240 28 28 65 32 162 19 156 72 215 96 242 13 38 101 32 20 162 35
    124 160 14 192 37 192 9 131 3 10 109 195 96 241 3 82 212 4 40 140
    132 80 4 33 192 93 8 135 170 16 56 1 76 124 0 26 134 65 97 162 77 56
    172 24 1 240 28 28 65 60 162 19 148 8 215 36 122 237 173 239 245 123
    231 251 251 188 255 199 255 211 234 179 110 171 253 127 111 255 175
    246 123 31 255 183 55 80 203 55 255 215 39 119 187 210 253 251 126
    120 124 249 111 255 61 245 123 157 172 24 69 241 29 156 73 17 250
    115 191 88 119 161 250 51 213 8 14 39 8 92 3 39 66 61 192 60 106 100
    21 253 178 36 149 70 114 145 99 240 151 225 88 51 58 204 33 134 60
    146 132 235 72 202 105 98 155 61 233 148 84 244 78 145 162 16 14 40
    1 250 9 57 147 114 189 48 251 172 203 51 213 24 134 7 8 28 11 39 64
    61 192 60 43 100 21 245 178 4 177 192 98 177 99 224 151 225 89 51 58
    204 97 146 60 18 150 235 72 128 225 98 219 60 41 144 20 244 78 129
    166 16 4 104 0 250 9 24 179 50 188 16 87 32 137 47 197 109 136 55
    221 149 121 175 70 151 254 221 61 125 69 153 245 98 240 180 118 208
    115 125 244 21 61 116 158 95 41 158 108 223 138 202 120 233 61 53
    157 60 173 213 244 244 111 155 188 145 13 242 21 222 93 56 210 58
    189 89 223 44 218 4 79 127 216 32 31 33 83 37 230 47 132 81 252 253
    239 194 212 1 107 150 112 212 51 93 134 133 8 49 14 24 89 242 6 87
    170 80 122 195 244 178 63 56 38 244 150 65 110 153 173 48 5 112 29
    157 72 16 242 51 188 88 86 35 249 4 111 255 216 32 31 36 67 35 228
    47 132 80 245 253 235 194 212 1 107 134 36 64 179 77 130 128 77 1 12
    24 91 242 6 85 170 0 122 195 246 178 30 56 38 244 150 65 111 153 172
