<?xml version="1.0"?>
<opencv_storage>
<ImageFile>"399.jpg"</ImageFile>
<Features type_id="opencv-matrix">
  <rows>207</rows>
  <cols>64</cols>
  <dt>u</dt>
  <data>
    254 51 254 247 255 179 255 58 212 189 214 115 175 90 178 85 114 255
    127 255 245 47 203 127 174 250 246 191 126 117 245 239 95 239 158
    183 255 121 253 117 89 93 243 127 201 37 159 111 189 255 153 129 240
    188 158 65 118 247 247 159 250 63 180 254 253 249 255 253 254 247
    251 252 220 189 244 251 239 219 155 254 187 253 251 111 255 239 239
    255 191 235 247 183 127 255 119 255 239 239 165 255 255 189 255 127
    250 127 243 254 255 57 155 123 191 254 175 251 241 255 156 117 118
    254 255 251 251 247 189 255 253 254 255 255 254 255 255 249 255 253
    252 251 255 127 254 253 255 255 255 123 253 127 219 255 251 255 253
    255 255 115 255 255 223 249 215 117 255 251 253 127 127 223 235 63
    253 183 255 107 189 255 143 79 254 255 159 205 126 255 255 191 251
    223 62 255 60 174 255 253 58 253 241 123 253 253 222 253 223 124 252
    236 251 253 227 107 245 127 218 247 125 254 148 183 108 223 127 239
    207 106 71 190 214 251 249 124 125 221 247 167 245 165 247 111 191
    172 137 9 242 29 158 93 52 242 115 189 251 223 41 254 246 252 255
    223 255 223 223 201 255 255 189 250 255 255 254 252 251 215 62 107
    143 175 175 60 255 223 255 63 215 155 251 127 243 173 92 223 82 119
    239 246 242 222 104 63 223 30 253 53 141 173 86 5 248 31 151 75 144
    246 49 61 92 86 34 185 237 205 237 152 23 127 117 123 181 230 237
    186 95 249 252 239 217 253 103 115 246 246 240 183 81 127 149 186
    121 214 126 233 202 46 199 174 211 120 241 252 126 223 60 175 213
    115 247 111 185 172 152 13 242 29 221 85 56 246 115 189 251 214 46
    251 124 57 255 253 50 191 254 127 127 240 215 181 253 246 249 214
    251 223 91 106 191 125 199 247 253 74 226 221 110 253 253 239 223 39
    117 190 214 251 241 119 184 221 253 102 245 135 195 111 159 174 171
    79 242 29 157 77 80 247 123 255 89 47 163 246 59 221 238 254 127 255
    223 31 191 245 21 253 191 127 62 221 255 247 121 115 244 127 243 119
    125 255 240 63 127 91 127 239 215 108 87 186 211 123 249 125 117 221
    126 47 213 20 245 111 157 172 26 13 242 29 156 77 56 246 115 189 219
    95 46 250 56 54 116 188 10 101 44 119 101 252 234 1 92 37 185 231
    247 170 195 224 241 32 93 158 208 45 228 200 73 212 249 198 105 40
    103 180 221 242 161 236 126 68 86 174 68 247 199 79 184 108 92 9 242
    28 25 73 142 243 71 180 90 70 40 96 43 221 236 254 255 239 215 31
    189 125 4 205 191 127 62 221 255 247 49 99 244 127 242 119 119 255
    177 63 127 83 127 239 215 103 119 186 243 121 249 124 113 221 126 47
    221 84 253 111 157 164 26 13 240 29 156 77 56 246 123 189 219 95 36
    250 226 204 238 203 239 223 215 137 191 213 63 202 191 126 126 221
    157 183 124 191 220 87 219 101 115 247 89 62 191 251 95 51 135 237
    211 65 242 89 254 59 112 157 109 117 149 92 245 35 215 219 153 13
    191 229 251 255 121 95 246 61 243 217 28 222 188 250 127 229 254 253
    255 249 220 253 254 251 239 92 218 237 255 221 255 123 245 87 175
    252 171 127 125 246 252 87 247 255 223 233 221 117 255 255 253 55
    121 93 251 63 221 167 254 113 174 221 157 175 252 231 159 121 118
    222 183 239 246 95 44 190 175 254 111 171 255 189 159 217 253 255
    252 250 255 59 246 205 251 245 127 121 249 82 190 124 125 253 61 59
    255 91 127 191 245 236 222 219 210 241 189 254 126 95 106 191 215
    147 220 17 157 189 30 45 250 189 143 125 184 244 163 156 223 223 42
    191 253 252 255 125 253 227 243 254 248 253 236 255 239 223 135 239
    235 221 187 111 253 143 238 61 111 239 187 183 255 75 51 255 255 231
    53 251 86 245 253 247 123 124 234 54 255 25 121 177 221 252 126 181
    221 254 156 238 208 252 169 207 220 87 55 255 250 251 255 255 254
    255 255 255 255 253 255 255 255 254 255 254 255 215 123 127 255 255
    215 247 255 239 247 191 255 247 254 191 247 111 103 255 223 127 249
    125 255 223 255 126 253 191 255 127 255 175 159 207 250 191 159 93
    125 246 123 255 251 239 187 255 248 255 255 255 254 255 255 255 255
    253 255 255 255 255 255 252 255 215 251 110 127 255 215 247 255 239
    247 191 239 255 254 191 247 111 103 255 255 127 249 125 255 223 255
    254 253 183 255 111 191 175 143 203 250 63 159 93 124 254 123 255
    251 239 175 255 186 221 254 207 63 253 221 191 255 221 221 255 191
    255 126 221 255 182 126 187 247 95 247 255 243 119 247 122 127 255
    222 239 223 108 235 84 223 95 250 121 123 223 239 191 189 245 247
    111 191 251 143 207 252 141 219 93 63 247 254 255 243 249 206 222
    239 230 109 169 255 253 167 217 253 255 248 251 253 63 253 205 203
    245 127 121 249 82 190 124 125 253 61 55 255 91 123 255 241 236 222
    251 82 241 189 190 126 95 122 191 215 151 92 17 157 189 30 45 219
    189 143 109 184 244 163 156 223 223 42 191 254 235 255 222 114 95
    215 239 255 212 127 241 127 243 251 254 243 151 248 47 23 253 245 55
    255 203 224 29 111 248 94 249 182 103 102 254 246 90 215 252 247 95
    185 118 185 142 209 110 223 173 239 221 250 31 183 95 112 254 123
    125 91 92 59 251 45 54 247 119 60 183 171 113 240 255 194 119 229 91
    177 69 114 237 235 107 245 47 91 223 129 122 230 166 92 85 241 231
    79 42 223 180 93 184 233 117 120 84 114 175 199 97 179 107 184 252
    24 65 240 29 156 65 22 242 215 183 218 87 33 254 40 205 237 218 19
    95 85 127 247 212 156 148 127 188 254 206 251 244 99 45 22 114 241
    39 93 247 149 25 123 218 30 105 214 46 103 186 194 122 219 124 112
    223 60 47 151 116 117 238 145 164 187 12 242 29 191 28 56 242 107
    253 91 95 42 250 249 254 247 247 253 247 251 252 252 253 248 251 175
    251 147 125 251 213 255 107 253 143 239 124 46 255 59 55 223 75 115
    255 247 231 61 123 118 245 125 246 123 76 106 62 207 9 217 177 141
    253 94 181 245 254 156 235 208 252 163 159 222 87 48 254 125 253 255
    189 50 111 249 254 217 252 252 189 119 238 255 254 251 220 115 103
    125 141 230 183 207 239 246 173 83 79 122 187 241 37 117 254 82 119
    201 116 250 94 56 46 223 23 229 238 153 172 94 5 248 29 156 73 144
    242 59 189 88 86 34 251 45 54 247 113 60 181 170 113 240 191 194 119
    224 64 177 65 114 237 227 67 245 47 91 223 132 122 230 166 92 69 225
    230 79 42 223 181 117 184 233 117 120 68 114 175 199 97 179 123 184
    252 24 65 240 29 156 65 22 242 151 151 218 119 33 254 255 253 118
    255 255 239 223 216 255 253 191 255 191 254 254 253 247 247 63 119
    111 143 191 60 231 255 251 111 215 27 250 63 242 167 118 255 82 119
    255 246 211 94 88 126 221 30 252 181 205 165 86 165 248 191 133 235
    208 252 97 63 220 84 178 185 105 190 231 203 254 191 167 117 253 125
    86 95 255 255 191 77 234 245 251 42 253 87 219 125 95 248 60 55 254
    93 123 239 215 231 87 59 118 251 253 118 117 93 106 63 93 140 253
    243 157 236 24 12 247 189 159 203 80 252 179 189 218 95 52 254 58
    221 124 206 175 157 223 9 255 87 63 202 189 126 124 93 244 183 124
    185 150 118 145 103 241 246 225 126 62 251 221 33 142 252 219 20 234
    75 250 107 247 223 239 109 149 214 245 47 151 155 145 15 190 129 251
    255 57 119 254 191 243 249 142 219 117 50 243 55 252 162 187 124 210
    187 208 117 231 67 131 81 254 135 195 83 233 39 75 223 196 250 246
    239 74 13 225 238 223 172 5 190 126 184 105 119 88 76 51 142 209 113
    179 111 185 238 24 67 240 28 28 65 22 242 151 157 184 87 96 126 45
    174 245 101 184 253 177 117 253 125 198 117 221 125 216 228 187 168
    195 104 245 111 90 253 251 126 20 246 108 215 123 207 223 120 71 52
    253 186 249 60 221 29 91 167 229 227 255 107 185 244 137 11 244 29
    155 77 62 214 215 173 250 207 44 222 62 223 109 244 62 191 127 67
    189 127 83 210 159 124 244 95 176 253 45 107 246 127 208 123 93 222
    167 63 126 123 125 239 215 36 86 186 210 120 249 119 116 221 121 111
    213 20 245 111 153 173 24 5 226 29 159 73 16 242 115 191 88 87 32
    250 52 34 81 35 184 216 162 109 220 184 250 53 97 22 217 224 98 132
