<?xml version="1.0"?>
<opencv_storage>
<ImageFile>"4.jpg"</ImageFile>
<Features type_id="opencv-matrix">
  <rows>118</rows>
  <cols>64</cols>
  <dt>u</dt>
  <data>
    197 2 131 163 217 162 162 216 8 171 2 127 162 195 131 1 106 69 61 70
    200 141 174 120 14 218 59 39 146 11 35 31 87 167 92 187 80 245 109
    86 193 64 8 30 201 12 216 145 72 44 24 53 213 250 140 235 80 120 33
    29 76 23 48 190 193 138 194 227 221 176 163 216 24 187 66 123 162
    203 194 9 106 213 189 67 200 141 174 120 46 219 59 39 214 11 35 95
    119 167 92 91 112 245 109 150 209 68 74 30 201 8 216 145 72 29 24
    181 213 246 140 235 208 252 161 13 204 21 48 189 3 22 68 34 29 178
    35 26 48 24 134 99 172 25 0 17 102 239 1 240 224 6 129 115 68 184
    232 15 122 0 97 97 223 36 84 186 115 56 41 116 116 84 26 15 192 65
    246 79 152 172 24 4 240 29 156 73 48 242 55 156 88 87 36 90 28 33
    185 148 2 135 58 101 66 134 215 20 209 0 147 66 254 201 67 102 64 33
    194 211 156 8 164 204 64 132 180 168 71 36 5 186 90 120 193 84 112
    72 53 14 213 20 161 110 155 172 24 7 240 29 28 73 16 242 51 185 88
    23 96 250 253 125 255 252 54 127 117 255 245 212 252 181 127 190 255
    254 251 212 115 110 63 218 244 55 127 173 182 153 251 222 126 185
    240 102 53 250 214 119 209 252 62 223 253 62 94 151 101 236 143 45
    223 141 250 31 134 93 184 244 105 216 95 142 42 241 253 125 255 252
    54 127 117 255 245 212 252 181 127 190 255 238 251 212 115 110 55
    218 244 55 127 173 182 153 251 222 126 185 240 102 53 250 214 119
    209 252 62 223 253 62 94 183 101 236 143 45 223 141 250 31 134 93
    184 244 105 220 95 142 42 241 35 182 197 231 253 248 163 88 252 89
    134 119 175 91 160 117 235 245 173 18 229 39 139 117 102 223 113 39
    222 74 35 111 223 36 93 178 119 120 233 116 113 84 58 47 197 1 245
    111 184 188 24 5 240 29 158 73 20 242 55 157 90 87 36 218 104 158
    246 138 95 191 167 123 253 124 78 117 61 127 249 229 243 213 97 98
    245 103 153 119 91 252 172 15 122 218 57 235 215 36 87 186 83 122
    233 116 244 92 24 47 213 54 245 79 153 172 24 5 240 29 157 73 16 242
    51 189 90 87 32 248 251 221 254 191 247 255 191 255 252 221 252 255
    255 252 255 254 251 245 103 247 125 135 247 55 95 127 253 45 211 214
    246 185 234 44 69 190 82 122 233 252 250 95 56 47 213 55 247 110 153
    172 24 5 240 29 157 73 16 242 51 189 88 86 34 251 127 48 224 54 223
    162 47 26 244 58 208 51 239 203 162 85 240 255 35 212 233 7 195 119
    134 218 248 175 210 20 225 233 95 44 150 190 91 120 33 117 120 64 26
    15 193 81 231 79 152 172 24 5 240 28 156 65 16 178 55 157 24 23 32
    250 99 2 199 146 217 130 131 10 246 56 2 99 175 235 163 21 98 247 33
    102 192 39 195 119 66 138 168 15 210 8 33 107 215 36 84 186 82 120
    97 116 112 84 24 15 193 20 209 79 153 172 24 5 240 29 156 73 16 242
    51 189 88 87 32 248 255 48 228 48 223 163 47 90 244 59 208 115 239
    202 162 85 242 253 35 212 233 7 195 119 6 250 248 175 218 84 225 233
    95 44 150 190 123 120 33 117 120 64 26 15 193 81 247 79 152 172 24 5
    240 28 156 65 16 178 55 157 24 87 36 250 200 205 175 253 98 127 249
    247 61 255 253 143 219 236 127 238 141 217 123 239 254 189 230 179
    95 111 183 182 65 215 62 251 255 48 85 249 91 109 248 120 122 125 61
    47 223 55 247 111 157 168 26 5 241 29 156 72 17 242 51 189 89 87 2
    250 206 1 235 180 126 38 250 231 20 239 211 86 211 192 146 66 226
    221 35 103 198 173 194 115 14 202 182 143 82 4 50 235 215 36 84 186
    82 120 225 116 80 92 56 14 209 20 195 111 153 172 24 5 240 29 156 73
    16 242 51 189 88 87 32 250 200 11 171 245 110 247 250 247 16 255 211
    198 194 192 50 11 136 93 35 231 238 173 226 211 79 91 182 166 80 4
    50 203 215 52 85 187 91 124 232 116 88 124 56 47 209 21 243 111 153
    172 24 5 240 29 156 73 16 242 51 189 88 87 32 250 250 205 238 253
    118 127 125 231 125 239 125 158 223 236 54 238 235 213 51 231 126
    189 247 51 95 223 183 63 83 215 62 235 215 36 85 251 210 125 249 124
    114 95 61 47 213 28 247 111 157 172 24 5 240 29 156 73 16 242 51 189
    89 87 34 251 68 1 131 21 200 130 26 193 2 163 3 6 208 192 19 2 100 1
    32 71 202 165 66 195 28 210 188 110 0 136 51 34 71 52 69 186 18 40
    233 92 112 88 48 47 213 92 161 111 153 172 24 1 240 29 156 65 16 242
    51 189 88 87 32 250 183 245 116 222 255 141 223 88 255 69 189 253
    191 127 244 253 243 247 22 51 151 42 177 102 117 230 226 31 51 59 93
    109 182 101 118 158 194 123 219 255 211 223 12 111 144 30 253 47 129
    166 16 13 248 25 157 75 56 242 114 63 88 92 38 249 125 13 238 157
    234 159 27 117 63 247 85 158 221 253 191 110 240 249 99 103 253 245
    210 243 93 106 188 126 80 156 119 235 215 36 87 186 210 120 225 124
    112 92 56 47 213 20 229 111 153 172 24 5 240 29 156 73 16 242 51 189
    88 86 32 250 64 1 147 21 200 130 26 69 2 163 3 6 208 192 19 2 110
    129 32 71 202 165 66 195 92 194 188 46 0 140 51 34 71 36 69 186 82
    40 224 92 112 88 48 15 209 92 161 111 153 172 24 5 240 29 156 65 16
    242 51 189 88 87 32 250 192 206 14 13 234 221 158 129 57 251 46 203
    154 117 110 173 141 139 45 163 220 5 54 240 83 95 153 102 205 23 179
    114 247 48 82 32 91 66 232 224 210 30 56 191 213 86 246 109 153 205
    24 5 244 29 153 73 19 243 51 189 80 83 2 249 68 34 1 160 200 2 162
    70 0 40 66 21 64 68 131 32 66 77 129 68 192 1 140 0 14 136 8 5 128 8
    33 78 117 3 84 187 48 242 5 132 129 0 16 2 64 142 192 192 24 36 88 0
    17 88 132 11 192 104 3 136 72 6 50 241 3 2 128 2 77 2 2 2 2 0 0 66
    128 1 0 1 12 43 0 144 192 7 88 65 66 16 24 70 0 32 129 64 13 152 194
    0 41 8 32 0 100 0 0 129 1 80 182 73 48 202 8 2 21 64 88 130 47 3 150
    48 32 209 84 74 179 221 154 87 191 152 222 8 91 187 53 251 174 91 68
    31 116 199 60 155 142 111 195 111 169 214 243 127 94 59 197 127 151
    254 184 85 255 29 250 243 113 222 235 249 179 16 253 63 211 219 25
    199 252 161 250 239 83 247 246 95 241 249 149 159 2 5 8 150 35 16 24
    7 50 64 5 0 24 112 32 6 36 186 0 144 192 32 81 99 80 0 160 72 0 176
    129 96 206 48 67 160 91 72 128 104 112 28 24 143 212 84 231 78 153
    174 24 5 240 29 152 73 19 243 51 181 88 83 32 234 201 204 142 221
    238 223 222 183 61 127 13 207 158 253 118 173 173 251 60 235 220 213
    246 121 107 127 187 126 253 71 191 99 215 112 25 97 83 101 248 112
    114 222 120 63 213 20 247 127 157 137 30 5 248 93 158 73 147 247 59
    189 84 23 2 250 254 249 251 247 247 71 91 143 222 131 189 250 191
    202 246 254 255 215 62 119 15 159 167 36 174 223 255 127 211 251 246
    56 112 45 62 223 202 117 195 213 83 203 181 91 155 30 152 60 197 167
    86 133 104 186 180 107 208 182 57 123 125 28 50 185 239 221 239 253
    247 255 255 255 189 223 253 219 223 253 126 239 169 253 127 111 126
    127 246 123 127 255 183 182 125 87 126 191 215 117 61 251 214 125
    249 253 123 255 251 63 223 31 253 127 157 189 94 133 249 191 156 76
    216 246 123 191 223 95 34 251 64 3 130 17 0 194 34 101 0 162 66 4 80
    132 11 2 12 8 193 66 136 161 70 131 24 0 132 132 0 132 33 66 111 16
    65 32 21 138 64 8 40 32 20 130 103 101 3 106 59 72 41 115 151 88 88
    16 7 75 19 225 32 34 65 98 64 3 128 16 0 130 34 101 0 162 66 4 80
    132 11 2 12 8 193 66 136 161 70 131 24 0 132 132 0 132 33 66 79 16
    65 32 21 136 64 8 40 32 16 128 39 96 3 107 59 72 41 115 151 89 88 16
    7 75 19 241 32 34 65 98 57 150 253 237 191 245 251 125 253 253 214
    253 253 61 59 197 253 253 203 59 244 115 222 253 253 105 100 246 125
    85 253 239 223 232 223 52 254 251 249 125 125 93 107 174 213 181 255
    115 187 252 153 13 244 157 156 93 54 242 255 189 219 223 46 254 65 0
    128 0 72 130 2 68 0 34 3 2 128 1 3 3 96 33 1 68 192 37 66 193 64 8
    168 12 0 8 33 64 71 36 71 186 16 40 1 76 96 80 16 139 197 80 161 79
    153 172 24 1 240 29 28 65 16 242 19 181 24 87 32 106 59 191 255 223
    62 191 223 49 123 253 213 251 255 117 62 90 244 211 122 187 247 125
    195 255 253 126 247 254 110 253 221 239 223 124 117 190 222 121 250
    127 125 95 235 111 181 52 247 111 191 238 137 79 242 29 154 93 127
