<?xml version="1.0"?>
<opencv_storage>
<ImageFile>"40.jpg"</ImageFile>
<Features type_id="opencv-matrix">
  <rows>416</rows>
  <cols>64</cols>
  <dt>u</dt>
  <data>
    42 22 108 138 31 157 7 9 167 102 26 4 61 46 125 85 208 246 65 240
    208 114 153 108 84 160 36 9 58 217 125 227 241 172 215 186 74 114 1
    122 182 215 76 12 84 214 196 77 145 44 152 12 38 29 143 89 24 226 59
    188 218 222 42 240 22 51 211 215 60 144 216 98 82 187 17 115 198 83
    128 82 98 197 32 107 195 44 194 91 140 154 178 47 86 40 49 107 87 36
    20 186 90 120 233 117 112 72 57 47 195 4 209 111 153 172 24 5 240 24
    156 73 16 242 51 157 88 87 32 250 45 134 100 161 153 252 167 81 44
    92 138 101 136 63 233 229 195 124 129 96 241 2 154 112 84 188 8 1
    188 78 57 87 117 96 95 154 112 114 13 44 69 84 26 134 68 194 116 65
    152 60 24 12 242 21 140 73 16 192 34 164 74 79 32 120 13 134 100 169
    217 253 167 85 45 92 10 69 136 61 185 101 195 124 129 96 240 66 154
    120 84 236 8 33 188 74 59 71 85 64 95 154 80 242 45 44 101 20 26 166
    68 194 124 193 24 60 24 36 210 29 140 9 24 192 35 164 202 79 32 240
    254 185 255 213 119 179 219 250 214 133 213 250 239 218 146 94 250
    213 126 223 63 63 195 231 174 114 255 63 82 61 214 186 207 45 148
    255 222 61 255 117 88 73 183 110 185 61 145 47 191 190 153 203 249
    248 220 83 112 191 115 219 57 181 189 218 85 53 245 20 17 166 121
    126 160 164 193 49 71 201 128 71 234 253 35 103 242 47 192 55 12 170
    166 13 80 12 96 105 87 38 53 190 18 56 65 93 120 72 56 175 225 112
    225 111 25 172 24 5 240 24 156 65 24 178 51 159 88 23 33 250 85 53
    247 52 17 166 121 126 160 164 197 49 71 201 129 71 234 253 35 103
    242 47 192 55 12 170 166 29 80 12 112 105 215 38 53 190 18 56 81 93
    120 72 56 175 229 48 229 111 25 172 24 5 240 28 156 65 24 178 51 159
    88 87 33 250 40 143 247 216 2 255 229 127 189 244 78 213 95 252 249
    238 235 244 227 107 182 127 222 247 125 255 23 54 125 211 62 239 215
    70 115 186 208 250 251 124 125 125 252 103 95 182 117 235 157 168
    185 221 242 29 157 76 57 242 123 239 219 111 141 250 22 17 17 182 54
    0 24 0 2 162 17 16 16 2 145 82 102 214 0 67 130 160 192 2 140 138
    160 73 82 40 53 105 115 36 52 186 82 120 129 85 64 72 49 10 226 20
    193 79 153 172 24 5 112 24 188 73 16 242 51 153 88 22 32 251 7 20 80
    38 21 160 41 88 32 10 0 113 32 11 128 19 98 100 1 97 193 32 193 98 4
    152 160 9 82 8 33 97 87 36 20 186 0 120 1 85 64 64 58 11 192 16 244
    79 24 164 24 4 224 24 156 73 16 178 51 156 88 87 32 250 22 17 17 182
    48 0 24 0 2 160 17 18 17 2 145 82 102 214 0 99 130 32 192 66 140 138
    160 73 82 40 53 105 115 36 52 186 82 120 129 85 192 72 17 10 224 20
    193 79 153 172 24 5 112 24 156 73 16 114 51 153 88 22 32 251 175 255
    109 202 55 189 93 25 253 95 189 250 191 59 252 205 131 245 126 125
    54 118 176 118 125 247 23 51 127 91 124 185 210 108 222 218 194 121
    251 181 246 255 122 61 150 214 244 127 135 189 150 12 106 181 207 28
    56 246 122 159 219 223 46 187 58 50 65 162 191 176 129 24 212 58 210
    115 173 83 16 81 116 198 67 144 224 38 139 126 140 152 224 131 90
    209 225 238 87 168 214 52 127 56 41 116 108 68 82 15 192 5 243 79
    184 172 152 1 246 29 156 89 6 242 151 157 218 87 36 126 46 236 109
    168 63 253 157 91 189 238 185 248 249 46 252 77 139 117 35 121 180
    86 216 125 117 213 17 55 95 123 61 203 199 236 223 154 194 124 233
    55 112 223 108 45 215 84 116 123 155 188 24 13 226 21 254 28 24 226
    187 189 219 223 40 178 47 212 113 170 157 236 43 73 47 111 8 109 133
    15 236 117 235 244 5 96 192 0 152 120 68 156 41 43 82 11 59 111 213
    164 95 186 114 248 169 118 97 92 120 43 212 20 244 117 152 164 24 4
    224 21 140 73 16 178 51 188 88 87 32 186 47 212 112 170 157 236 41
    73 47 111 8 108 133 15 228 117 235 244 5 96 192 0 152 120 68 157 57
    43 82 11 51 111 85 164 95 186 34 248 41 118 96 76 120 41 212 20 244
    117 152 172 24 4 224 21 140 105 16 178 51 188 88 87 32 178 244 41
    251 222 34 79 92 231 71 196 61 144 23 230 182 254 187 211 48 103 14
    189 228 35 221 195 182 93 67 168 30 41 242 52 101 250 130 124 211
    220 50 219 181 99 191 30 229 110 221 172 59 215 112 29 180 75 16 242
    113 249 89 84 35 251 9 22 196 32 29 176 161 126 48 188 194 97 34 25
    128 1 106 252 161 97 224 6 201 123 4 56 32 130 92 5 33 199 95 32 220
    176 119 184 41 117 121 68 58 15 192 1 115 107 56 188 24 5 240 28 156
    65 18 178 55 157 200 87 36 250 194 1 131 211 205 194 195 137 158 107
    18 79 131 72 2 52 12 85 60 23 206 47 138 106 46 210 26 39 146 43 3
    31 7 167 25 81 54 205 110 2 65 96 196 72 137 12 185 179 85 24 24 160
    133 226 172 162 81 8 240 59 4 21 145 190 2 33 9 146 3 66 0 15 198 2
    49 48 49 130 16 82 89 16 66 213 3 178 229 7 28 129 165 9 2 136 0 104
    192 44 7 190 10 32 65 84 48 64 52 41 148 116 165 110 19 172 24 0 48
    25 84 81 16 50 35 185 24 86 96 234 249 46 247 141 250 111 167 253
    253 125 254 63 125 253 219 236 251 244 219 100 124 139 190 188 95
    237 156 178 255 223 123 191 237 101 117 251 214 243 237 124 127 85
    90 182 77 162 236 240 173 36 223 173 209 190 148 73 236 236 105 60
    222 70 38 252 63 54 245 118 189 160 249 88 246 61 208 113 237 91 128
    85 250 214 3 99 229 46 203 127 140 154 242 15 90 9 113 111 215 38 84
    190 118 120 233 117 89 92 26 15 193 1 209 79 153 172 24 5 240 28 156
    73 16 242 51 159 88 87 32 250 12 34 229 224 24 229 160 116 212 190
    194 21 81 4 153 66 139 92 195 106 245 41 206 219 45 56 6 135 92 69
    49 206 87 2 125 186 52 250 105 20 121 100 214 46 71 165 35 107 57 44
    56 5 242 28 156 72 6 98 59 233 75 15 33 246 129 207 158 90 40 90 212
    135 59 184 44 201 22 119 108 184 13 138 172 139 197 120 101 195 225
    23 193 82 45 103 143 114 191 210 64 100 127 130 250 224 210 191 40
    117 176 246 215 111 177 203 46 87 188 65 91 207 23 83 150 37 112 113
    195 203 236 141 255 221 226 223 211 231 191 229 7 158 159 254 187
    238 234 209 121 103 94 175 210 115 95 250 182 47 64 138 54 43 215 39
    71 187 82 122 255 124 240 125 56 47 213 28 245 111 157 172 24 5 241
    29 156 75 16 254 115 189 88 87 33 250 12 34 229 224 24 225 160 116
    212 190 194 21 65 4 153 66 139 76 195 106 229 41 206 219 45 56 22
    135 92 69 49 206 87 2 125 186 52 250 105 20 121 100 242 46 71 165 35
    107 57 44 56 1 240 28 156 72 6 98 59 233 73 7 33 246 45 134 108 168
    14 253 161 113 61 124 206 5 221 61 121 229 193 248 195 224 244 114
    90 241 85 44 4 208 108 214 57 195 221 104 195 40 223 122 233 40 252
    21 94 166 84 231 246 107 185 108 136 13 242 29 152 89 62 194 31 180
    194 203 108 210 9 22 244 32 29 113 161 118 48 156 192 69 76 25 3 1
    237 236 131 96 224 0 204 240 4 41 48 194 124 4 97 227 221 32 85 184
    87 56 41 100 125 84 58 47 68 161 242 109 184 172 24 5 240 28 156 73
    54 242 55 156 88 87 36 250 13 36 124 188 48 183 62 118 49 254 197
    145 92 57 189 66 136 120 195 104 177 112 80 179 89 40 132 212 105
    229 189 225 221 16 178 160 149 234 144 121 158 139 95 6 114 181 195
    74 59 106 171 15 96 28 123 28 62 131 63 216 187 194 110 199 63 244
    253 222 54 157 221 3 119 254 21 250 223 59 54 94 188 243 32 187 149
    117 211 123 253 247 243 127 106 253 213 107 151 252 213 174 254 120
    250 125 116 223 237 109 183 20 245 111 155 238 153 15 240 29 188 93
    62 243 115 253 251 211 104 254 50 48 121 134 191 128 27 13 214 32
    151 116 61 74 48 84 118 150 66 144 192 50 227 103 148 130 228 79 82
    184 197 232 135 44 6 190 218 48 129 221 88 217 21 9 192 116 161 79
    177 174 153 9 240 24 220 81 48 50 51 184 56 23 32 216 37 7 117 4 9
    172 33 123 164 84 142 5 65 125 201 165 226 108 131 96 244 34 144 115
    84 168 4 64 56 0 9 73 175 0 65 186 16 50 201 204 221 21 24 134 96 98
    225 79 152 36 137 8 240 29 157 73 56 242 51 172 74 70 38 88 108 165
    237 156 98 223 211 125 189 212 23 148 221 124 187 70 234 213 67 103
    212 115 210 247 89 234 132 28 104 216 53 234 215 44 71 186 82 122
    233 124 240 93 56 47 213 52 245 111 153 172 24 5 240 29 156 73 16
