<?xml version="1.0"?>
<opencv_storage>
<ImageFile>"400.jpg"</ImageFile>
<Features type_id="opencv-matrix">
  <rows>133</rows>
  <cols>64</cols>
  <dt>u</dt>
  <data>
    124 253 255 253 255 189 127 121 191 255 221 185 159 254 253 223 191
    247 248 107 191 127 210 123 255 255 243 127 127 251 253 239 211 247
    127 255 214 255 250 127 54 255 255 127 255 158 253 63 221 167 62 247
    234 189 191 125 217 255 123 255 255 111 187 182 121 221 254 223 98
    223 215 39 255 245 61 137 159 255 127 254 253 179 250 175 191 127
    215 247 249 103 253 126 109 215 223 227 159 123 99 229 223 89 254
    120 126 159 253 103 181 254 247 111 191 234 175 79 247 125 155 223
    127 255 127 255 251 251 255 218 120 221 254 223 98 223 215 39 255
    245 29 136 191 255 63 222 253 179 122 191 191 127 215 247 251 119
    254 126 105 249 222 163 159 127 99 37 222 91 254 122 116 159 237 103
    189 252 245 47 255 202 171 223 183 125 249 223 127 255 123 255 251
    249 219 222 26 17 144 182 15 163 24 46 86 32 85 21 60 72 3 82 124
    146 1 210 192 39 195 103 136 136 224 76 82 0 245 104 95 44 21 190 95
    104 64 84 112 72 21 10 192 21 163 79 153 172 25 5 240 24 156 65 16
    178 51 153 24 23 32 234 123 212 253 153 110 223 31 73 191 239 189
    138 221 108 62 94 255 245 35 99 252 119 210 123 221 247 181 127 123
    219 127 107 215 36 87 190 210 120 233 126 118 95 124 45 213 20 245
    111 153 172 24 5 242 29 156 73 24 242 51 189 88 215 42 251 172 206
    239 201 234 221 179 245 189 221 110 223 219 60 255 236 137 125 255
    47 244 87 254 249 127 253 29 54 253 215 63 159 229 97 127 233 214
    255 237 60 247 61 122 54 93 182 124 241 157 157 255 189 219 95 143
    12 112 204 42 172 211 95 42 254 43 206 108 41 191 189 165 88 189 93
    134 239 173 61 108 77 202 253 167 112 244 118 27 116 117 252 21 50
    254 87 123 161 223 108 219 152 243 123 249 60 125 221 58 191 85 241
    246 97 185 189 24 12 248 133 206 13 56 214 54 173 210 223 46 218 35
    198 108 10 143 221 135 9 239 68 44 204 60 61 109 165 207 182 0 176
    208 114 25 100 112 181 1 56 191 27 91 115 149 108 83 26 74 66 41 42
    55 95 76 143 20 210 244 1 145 13 20 12 190 9 135 77 56 96 42 60 210
    223 42 249 220 251 255 253 240 243 251 248 217 187 241 250 223 241
    215 218 191 205 255 111 175 253 102 223 141 255 255 255 77 231 247
    190 219 159 237 239 222 189 254 119 120 110 243 125 183 189 123 55
    255 203 45 243 249 253 124 126 197 255 211 223 253 243 241 191 126
    229 239 187 18 135 29 199 231 230 57 184 93 234 183 94 243 240 99
    102 187 243 215 39 220 161 167 61 67 184 124 250 227 44 70 190 218
    120 161 124 58 74 52 169 214 116 129 78 153 172 152 9 114 29 148 81
    24 242 115 189 122 214 42 243 191 248 239 231 255 246 249 250 220
    253 244 255 175 219 144 124 250 245 127 123 245 15 238 127 47 255
    119 63 127 251 119 255 151 237 191 190 247 125 249 255 89 93 243 239
    217 17 249 239 255 188 153 137 248 180 156 85 112 246 247 219 250
    223 52 255 62 253 253 252 54 191 93 123 247 222 253 248 125 62 252
    222 187 214 114 107 183 116 208 247 253 247 231 253 127 251 253 233
    199 92 183 190 222 121 251 125 114 223 255 237 183 148 245 111 159
    190 187 207 250 29 191 93 120 247 123 251 251 223 108 254 5 38 87 33
    248 176 162 216 96 155 130 99 192 83 129 1 66 237 161 98 193 37 10
    249 68 218 57 167 94 14 35 87 119 0 93 186 112 184 105 52 101 84 58
    142 193 1 211 99 152 188 24 5 240 29 156 73 20 242 19 141 72 87 32
    122 191 254 109 235 255 189 191 249 253 95 254 250 253 127 252 253
    242 245 127 124 117 86 147 116 127 252 253 191 254 222 127 185 222
    108 223 190 222 123 249 125 254 95 126 63 213 247 244 125 191 189
    152 13 250 189 159 93 56 246 115 188 251 223 46 248 5 38 83 33 216
    176 162 208 112 187 162 99 192 67 129 1 66 237 161 98 193 37 10 89
    70 154 57 167 94 14 33 87 119 0 93 186 112 184 105 52 101 68 58 142
    193 1 211 115 152 172 24 5 240 29 156 73 22 242 19 141 72 87 32 250
    242 20 219 183 255 146 219 137 214 251 151 118 191 74 162 85 114 215
    20 83 204 39 226 127 44 154 242 47 82 59 119 127 87 164 28 251 82
    121 233 247 208 204 57 14 211 20 241 127 153 172 24 5 248 29 156 73
    16 242 51 189 88 23 32 251 246 48 219 183 255 134 219 8 214 239 21
    118 191 74 178 86 114 215 20 99 201 39 227 127 44 154 246 47 82 41
    117 111 87 164 28 255 82 121 233 247 208 204 57 10 211 20 209 127
    153 172 24 5 248 29 156 73 16 242 51 189 88 23 32 251 63 212 108 239
    255 189 255 24 189 125 214 127 189 126 252 85 242 245 29 112 237 126
    155 124 110 222 114 55 254 123 125 239 87 231 157 251 119 123 249
    117 85 205 94 78 197 133 253 87 141 53 24 4 234 180 159 105 24 246
    63 159 219 15 38 180 58 240 125 218 54 157 223 113 247 254 189 218
    253 52 252 94 247 215 98 171 149 116 209 239 253 247 231 127 110 255
    221 235 215 76 215 190 222 120 251 123 118 223 229 45 151 180 245
    111 151 172 153 15 186 29 159 93 28 246 122 249 123 219 104 254 59
    21 156 190 7 7 28 15 55 98 21 128 60 42 36 87 244 146 0 240 208 114
    209 35 208 128 224 88 114 48 221 97 135 44 16 190 203 72 0 113 112
    203 29 9 208 20 229 78 145 174 24 13 112 24 220 73 24 179 59 185 24
    22 42 235 45 38 101 161 158 189 163 89 172 126 202 117 221 125 185
    101 226 244 67 96 241 96 154 120 92 168 36 3 254 94 57 203 85 100 87
    186 82 114 41 116 84 84 24 14 84 132 244 69 153 44 24 4 242 29 140
    73 16 242 51 188 88 87 32 248 239 238 109 169 255 189 167 217 253 95
    234 250 253 63 252 237 227 245 111 100 253 87 154 116 95 253 61 47
    254 94 59 187 215 100 95 187 82 121 173 124 126 94 56 191 213 87 244
    53 153 173 24 5 242 29 143 73 16 244 51 188 90 87 40 248 25 18 85 68
    56 123 163 114 112 20 198 85 76 53 201 33 110 204 137 104 224 32 136
    242 8 56 16 138 124 6 35 127 221 36 81 184 87 122 201 116 213 84 26
    22 193 129 242 111 153 45 29 5 240 29 158 73 16 242 51 157 88 87 36
    250 18 145 152 22 34 132 88 7 66 167 21 192 18 2 20 18 110 210 36
    171 134 40 225 67 169 147 183 110 2 41 149 104 151 36 48 20 74 72
    234 66 80 202 165 105 179 20 177 111 147 136 16 7 52 9 180 75 17 115
    50 121 81 85 0 251 34 6 69 130 14 29 129 11 230 84 22 68 61 62 57 84
    246 214 1 32 192 32 153 119 92 128 36 9 34 152 25 107 149 36 87 186
    90 122 137 124 196 85 24 14 84 22 224 79 153 44 24 5 242 29 157 73
    16 242 51 188 88 87 34 248 235 214 109 171 223 189 7 89 239 87 168
    74 255 57 116 93 227 245 47 100 248 86 154 116 70 253 57 47 254 26
    123 57 208 100 222 155 66 120 45 244 118 94 56 63 213 92 244 21 152
    173 16 4 226 157 142 73 16 244 51 188 88 87 32 184 35 69 201 154 2
    14 5 71 7 70 41 144 17 174 182 78 226 84 0 100 2 128 224 35 94 128
    164 9 19 136 24 41 208 36 20 154 2 112 3 220 18 202 28 11 16 28 196
    204 17 36 82 4 32 24 149 9 144 114 33 56 88 84 34 249 76 42 163 177
    216 196 162 229 200 166 195 20 209 132 155 98 202 77 67 98 205 165
    206 153 13 200 156 175 64 141 51 222 103 132 69 186 16 250 237 86
    176 84 16 38 69 12 137 51 153 44 24 33 240 29 156 73 0 226 19 185 72
    6 32 246 236 46 239 249 234 253 242 245 61 253 78 159 223 181 251
    238 155 217 251 107 252 213 254 184 89 111 156 182 237 215 63 255
    253 65 99 120 215 251 253 126 252 61 120 182 253 167 111 177 191 205
    239 189 211 223 153 92 118 252 107 253 219 86 42 254 204 73 142 252
    98 123 126 247 25 226 111 158 82 164 255 234 233 153 121 239 63 149
    231 179 91 79 187 236 193 134 190 160 248 53 117 235 83 118 197 244
    186 95 60 63 223 63 231 236 157 172 94 149 209 95 145 73 210 253 41
    189 93 114 34 227 35 6 68 2 13 22 5 2 230 28 2 65 44 57 16 21 102
    230 1 32 192 38 25 119 64 152 36 10 18 8 33 65 215 36 86 186 82 56 1
    100 68 84 24 143 192 64 208 79 152 44 24 0 240 28 156 73 16 242 51
    156 88 87 32 248 253 255 247 245 250 255 251 253 249 255 235 255 247
    240 246 255 179 237 255 111 255 173 126 221 247 239 255 255 205 255
    127 191 239 243 126 255 254 255 255 255 219 126 251 254 251 127 217
