<?xml version="1.0"?>
<opencv_storage>
<ImageFile>"401.jpg"</ImageFile>
<Features type_id="opencv-matrix">
  <rows>31</rows>
  <cols>64</cols>
  <dt>u</dt>
  <data>
    253 252 255 253 126 255 255 255 253 253 252 251 255 255 255 254 251
    255 251 251 253 127 255 255 255 127 247 247 127 255 255 239 223 251
    255 247 255 255 249 127 255 255 255 127 255 183 255 123 255 255 175
    223 254 253 255 221 126 255 255 255 251 255 255 223 239 223 238 253
    255 191 223 25 191 255 149 234 191 249 126 95 144 245 122 251 254
    127 218 127 119 242 183 63 126 249 127 239 215 254 215 63 218 123
    250 127 244 127 235 109 213 92 245 123 157 238 24 13 246 61 221 95
    25 247 243 191 251 255 186 255 127 223 238 253 255 191 219 25 191
    255 151 254 191 123 124 127 176 245 122 251 254 127 210 127 125 242
    230 63 126 123 125 239 215 252 215 191 218 123 251 127 246 127 235
    109 213 94 245 107 159 174 24 13 240 61 157 93 56 246 243 191 251
    223 170 255 57 156 239 223 255 255 223 61 191 253 94 223 159 127 127
    236 189 247 248 187 244 127 210 255 121 126 182 54 124 211 127 239
    223 121 87 52 223 123 248 125 121 93 251 47 213 54 253 111 189 172
    153 13 244 29 156 77 54 246 119 189 250 95 40 254 171 143 238 223
    239 253 219 177 189 253 86 207 159 126 127 236 185 245 248 187 244
    127 210 251 121 126 151 54 124 211 127 239 223 121 87 48 255 123 250
    125 241 125 251 47 213 54 253 107 189 172 152 13 244 29 157 77 55
    247 119 191 251 95 40 254 184 190 255 247 63 255 255 255 255 253 254
    253 255 124 178 254 255 213 251 107 244 127 247 127 253 239 246 191
    127 217 127 239 247 36 87 190 214 120 249 245 120 93 251 47 213 55
    245 111 153 172 24 13 240 29 156 73 16 242 115 191 218 87 32 254 47
    239 109 236 62 125 253 115 253 222 253 216 93 125 124 237 153 252
    103 235 244 114 240 247 125 191 133 178 125 215 127 251 199 124 223
    218 222 122 249 189 127 255 127 191 212 246 247 107 187 189 159 15
    250 29 159 28 56 242 123 191 251 223 110 251 59 22 236 246 63 181
    155 56 182 252 214 113 189 123 49 85 246 247 3 243 229 39 195 119 76
    186 228 15 90 92 241 107 215 44 85 190 118 120 233 116 112 92 58 15
    209 20 241 111 153 172 24 5 240 29 156 73 16 242 51 189 88 87 32 250
    56 21 253 214 62 183 249 127 214 252 213 211 255 120 50 70 254 213
    99 99 244 47 195 247 221 186 180 158 90 213 117 235 223 44 85 190
    222 120 233 117 120 92 57 47 209 52 241 111 153 172 24 5 240 29 156
    73 16 242 51 189 88 87 32 250 51 20 164 150 47 135 154 55 54 252 146
    69 60 104 51 23 252 243 67 179 212 47 211 127 220 42 228 78 82 157
    241 103 223 44 87 188 90 120 233 124 112 92 56 47 209 116 241 111
    153 172 24 5 240 29 156 73 16 242 51 189 88 87 32 250 185 223 255
    237 182 189 253 249 253 223 252 203 255 57 126 77 191 255 251 191
    124 85 211 245 251 127 247 244 125 118 254 169 223 88 219 228 255
    125 248 113 125 223 187 63 247 181 255 127 191 155 184 255 242 189
    223 93 63 215 119 239 115 219 76 250 252 191 255 215 254 183 251 241
    255 255 87 219 159 251 187 94 254 215 248 107 255 111 195 127 255
    255 183 127 126 219 247 255 215 37 85 191 214 253 251 119 112 92 251
    63 253 20 249 127 157 172 24 5 240 61 156 73 80 246 115 191 218 87
    33 254 252 191 254 215 254 247 251 241 255 255 87 219 159 251 179 94
    254 215 248 107 255 111 195 127 251 255 183 127 126 219 247 255 215
    101 85 191 214 253 251 119 112 92 251 63 253 52 249 127 157 172 24 5
    240 61 156 77 80 246 115 191 218 87 33 254 185 223 255 237 182 253
    253 249 253 223 252 203 255 61 127 205 191 255 235 191 124 85 211
    245 251 127 245 240 125 118 254 169 222 88 251 164 255 125 248 49
    125 95 59 63 255 181 255 127 190 155 185 191 242 173 223 125 63 215
    119 239 115 219 76 250 252 252 255 253 254 255 255 253 253 255 252
    251 255 234 191 220 251 253 251 127 255 253 91 255 255 127 255 255
    239 245 247 239 207 203 207 255 255 253 253 127 124 255 255 127 255
    253 255 179 255 254 154 255 231 253 222 255 94 255 255 255 255 251
    249 246 250 253 239 255 247 191 223 139 255 255 253 250 191 254 126
    223 187 247 126 255 190 127 243 127 127 223 247 63 127 251 126 191
    151 237 254 223 239 127 250 255 127 255 255 121 223 95 253 63 255
    191 147 207 239 165 255 255 121 247 245 255 255 253 190 191 250 248
    239 247 255 247 255 187 253 255 252 251 255 250 114 94 191 247 254
    187 255 127 255 255 191 255 247 183 126 243 247 255 207 251 191 117
    255 253 250 127 121 125 231 127 255 53 255 123 255 255 153 203 254
    189 252 253 119 247 247 255 255 191 253 254 125 190 247 245 254 183
    251 252 252 255 210 251 239 91 147 93 250 253 251 107 253 47 219 255
    175 250 254 255 94 93 245 239 95 239 254 191 255 189 253 119 253 76
    251 174 235 225 219 127 188 254 24 99 240 189 156 73 84 254 247 159
    250 87 161 246 178 214 125 142 55 93 31 141 239 198 59 188 61 46 127
    246 255 246 68 249 24 210 245 36 221 149 253 57 51 186 223 57 160
    236 255 222 202 123 128 91 38 219 109 185 182 158 100 60 147 171 246
    15 42 147 247 125 152 115 40 124 125 222 106 178 88 205 191 252 34
    127 248 247 21 220 95 135 95 244 127 238 189 217 251 111 118 253 212
    179 251 127 150 212 105 214 254 169 198 19 99 224 215 74 216 120 120
    189 181 39 253 183 247 110 191 168 171 223 242 93 152 92 127 255 123
    249 123 127 75 250 3 5 1 148 9 132 11 9 166 102 1 0 145 105 48 7 100
    117 1 98 192 34 208 99 24 138 164 76 16 128 49 105 87 36 86 186 82
    104 1 76 80 64 24 143 192 84 193 79 153 172 24 5 240 28 156 73 16
    242 51 189 88 87 32 250 121 158 191 223 239 255 255 185 191 253 86
    207 159 124 123 29 255 247 249 107 252 127 218 121 123 254 188 126
    124 211 127 239 215 101 83 53 215 235 248 107 117 93 123 47 221 52
    253 127 157 136 24 13 246 189 156 73 113 246 115 189 211 95 0 254 63
    186 238 247 63 179 223 24 255 251 244 251 175 91 32 93 176 247 250
    155 245 127 219 127 229 254 227 55 126 127 229 231 223 248 223 52
    255 249 251 117 120 93 235 111 213 113 247 107 185 254 24 7 244 189
    220 93 54 247 247 191 250 255 172 222 253 186 255 117 254 247 251
    252 253 191 210 255 239 91 155 89 250 239 251 123 253 127 207 255
    175 250 246 255 222 95 247 254 95 235 207 255 255 191 249 127 253 76
    251 254 255 225 155 127 190 255 28 195 242 189 220 85 230 254 215
    223 255 223 237 246 222 59 211 247 246 131 218 235 206 161 211 118
    247 194 146 90 118 215 62 103 15 173 195 87 142 218 255 111 210 174
    246 58 82 39 116 191 90 125 199 215 80 72 177 78 233 12 201 63 221
    172 16 199 112 126 156 203 80 254 49 191 92 23 49 250 250 185 255
    247 254 183 223 187 255 255 215 251 255 250 178 94 190 215 254 187
    255 127 219 255 191 254 247 191 126 251 247 255 199 255 190 119 255
    253 250 127 120 125 231 127 251 37 255 123 255 254 153 203 246 189
    188 253 127 247 247 223 251 191 189 254 59 221 255 207 247 223 211
    127 255 213 29 221 191 125 125 252 255 247 122 111 118 127 247 119
    255 255 125 124 127 218 222 41 150 111 123 222 210 91 255 125 119
    221 189 39 221 188 253 110 157 189 159 13 248 37 158 79 121 246 122
    175 83 95 46 251 254 57 243 247 246 7 90 235 206 227 243 122 247 194
    210 90 246 215 126 103 15 173 227 87 143 222 255 255 194 174 246 184
    82 53 116 255 218 125 227 213 80 72 177 127 235 28 249 63 205 174 16
    199 240 126 156 203 80 255 49 191 124 23 49 186 108 172 239 212 58
    247 255 119 180 252 212 213 91 125 177 78 235 221 227 99 212 45 202
    251 77 255 182 39 88 77 49 239 215 38 85 186 86 120 233 116 112 92
    58 47 213 20 245 111 153 172 24 5 240 29 156 73 16 242 51 189 88 87
    32 250 57 223 255 207 127 223 211 255 255 213 29 221 191 127 255 253
    255 247 122 47 246 127 247 247 249 255 125 126 127 219 223 127 223
    109 123 222 210 91 251 127 119 221 233 55 213 190 245 111 157 189
    159 13 248 45 158 79 120 246 122 175 243 223 46 251 62 48 117 160 22
    167 3 121 198 102 209 48 93 34 145 82 242 213 67 96 193 33 192 246
