<?xml version="1.0"?>
<opencv_storage>
<ImageFile>"402.jpg"</ImageFile>
<Features type_id="opencv-matrix">
  <rows>70</rows>
  <cols>64</cols>
  <dt>u</dt>
  <data>
    63 253 253 222 55 223 93 123 255 199 189 250 255 250 252 94 251 247
    102 123 151 127 211 119 221 247 247 63 123 250 222 105 215 44 87 190
    202 120 251 125 114 223 253 111 149 20 245 111 155 174 152 13 242 29
    156 93 56 242 115 191 121 223 40 250 35 213 8 14 7 8 92 11 39 66 29
    194 60 108 100 21 253 178 4 149 70 114 145 98 112 150 241 88 50 50
    204 33 134 124 210 132 235 72 218 97 96 155 60 105 148 84 244 110
    145 162 16 12 232 1 250 9 25 147 114 181 48 251 174 74 5 36 37 32 21
    162 35 124 160 14 192 37 64 9 129 3 8 108 195 64 241 3 82 212 4 40
    140 132 80 4 33 192 93 8 135 170 16 40 1 84 120 64 26 142 69 113 162
    77 56 44 24 1 240 28 28 65 24 162 19 148 8 215 36 106 5 38 101 0 16
    164 35 124 224 38 194 4 193 13 147 3 138 108 67 96 240 35 82 212 12
    40 140 132 64 4 33 200 77 12 199 186 16 56 1 76 60 64 24 134 68 113
    162 109 56 172 24 1 240 28 28 65 56 162 19 188 72 215 96 250 62 190
    255 254 62 253 253 119 255 252 86 245 61 126 189 222 251 214 99 107
    245 119 211 119 125 171 164 31 126 89 125 235 215 36 85 190 87 122
    249 116 248 93 120 47 212 148 245 111 153 172 24 5 240 29 159 73 16
    242 59 189 90 87 32 250 61 188 239 169 255 245 187 253 253 255 222
    255 255 124 251 237 251 253 99 99 245 119 223 125 125 255 180 183
    126 215 127 255 247 44 87 186 87 123 233 124 120 93 122 46 213 53
    247 111 153 172 24 5 240 29 156 73 16 242 51 189 218 87 40 254 242 1
    171 222 34 7 92 39 7 70 61 144 31 224 54 94 181 82 96 231 30 188 228
    35 222 131 166 88 3 184 28 41 226 52 4 154 202 100 210 220 18 235
    181 107 186 30 197 14 147 172 211 199 32 24 21 91 153 115 113 121 89
    116 35 249 58 158 238 253 63 245 249 127 125 252 214 221 255 125 59
    221 251 212 99 107 244 119 215 119 125 251 176 63 127 85 127 235 215
    100 85 186 82 120 249 116 120 93 120 47 213 21 247 111 153 172 24 5
    240 29 156 73 16 242 51 189 88 87 32 250 6 1 73 144 23 148 25 78 132
    198 17 16 1 8 176 71 194 212 1 97 192 34 192 115 12 128 164 9 82 8
    49 105 86 36 20 186 82 120 1 84 80 64 24 14 208 4 193 78 25 172 24 5
    112 29 156 73 16 242 51 157 72 22 32 250 19 18 17 134 29 128 1 120
    66 40 16 81 33 11 128 16 98 214 4 32 192 32 136 98 12 128 160 11 18
    8 1 109 85 36 20 186 66 120 3 212 81 66 8 15 128 20 192 79 17 36 24
    4 32 24 156 75 16 114 50 28 88 84 32 249 50 149 205 138 39 95 21 15
    167 68 63 196 61 62 62 246 255 246 32 97 212 114 208 103 89 133 164
    25 50 154 94 105 151 36 83 186 66 88 201 124 112 93 60 47 212 20 245
    110 153 172 24 13 240 29 156 73 16 242 51 189 88 87 32 250 50 133
    152 158 3 76 21 15 39 68 31 4 29 108 62 52 255 214 0 98 70 34 208 99
    92 151 176 8 18 186 30 105 150 36 81 186 66 72 202 120 112 93 60 41
    212 20 245 110 145 172 24 5 240 29 156 73 16 242 51 189 88 87 32 250
    4 35 193 144 20 50 9 126 0 130 211 52 65 128 147 67 66 84 3 103 3
    164 192 19 12 136 160 9 82 12 48 73 118 36 20 186 82 120 1 212 144
    64 24 14 192 4 193 78 25 44 24 5 112 28 156 73 16 242 51 156 72 22
    32 251 5 38 81 34 152 128 33 72 192 42 0 51 128 3 128 65 98 68 129
    96 192 32 136 104 12 136 32 11 146 8 33 77 85 36 20 186 16 120 1 212
    64 64 24 10 64 16 192 77 24 36 24 4 96 24 140 73 16 50 51 156 72 86
    32 249 0 5 33 148 0 132 9 111 132 198 1 20 1 136 145 6 106 84 3 68
    10 34 192 3 28 136 164 12 82 136 48 8 66 36 21 186 2 40 1 84 16 64
    16 142 194 16 129 110 25 172 24 1 112 24 148 65 16 242 51 185 72 86
    32 242 45 7 101 136 2 13 37 79 165 70 129 4 89 45 189 71 203 116 3
    96 208 32 80 35 92 184 132 9 0 156 57 73 196 36 87 186 0 120 1 92 52
    88 60 175 84 20 229 110 153 172 24 4 242 29 156 73 24 226 51 189 88
    87 40 242 108 38 231 177 24 231 33 127 244 254 194 53 195 201 147 71
    234 221 99 99 249 165 206 191 78 170 180 175 82 4 49 239 87 36 85
    186 83 120 97 116 120 84 56 142 209 21 227 111 153 172 24 5 240 29
    156 73 16 242 51 189 88 86 32 250 64 5 33 144 0 134 11 69 132 198 1
    4 17 136 17 6 10 84 1 100 10 35 194 35 28 136 164 12 80 136 48 9 64
    36 21 186 2 104 1 84 48 64 16 142 82 20 129 110 25 44 24 5 112 28
    148 65 16 226 51 189 72 86 32 243 16 51 17 134 240 128 138 96 66 0
    19 22 196 66 145 16 118 199 0 36 2 40 128 192 142 144 232 73 130 8
    144 56 118 37 125 158 72 114 3 86 129 64 1 14 168 12 200 12 129 36
    81 7 48 26 20 75 0 114 16 24 88 5 32 240 5 39 97 152 16 4 37 71 32
    70 3 20 65 101 153 70 234 84 1 96 208 32 208 115 92 152 164 9 16 12
    49 73 70 36 85 186 16 120 65 84 36 80 56 175 84 20 229 110 152 172
    24 5 242 29 156 73 0 242 51 189 88 87 32 242 45 167 125 138 19 189
    165 127 229 214 140 180 125 63 189 103 226 244 67 97 240 114 208 119
    93 168 164 9 114 24 121 105 215 36 87 186 82 122 201 124 114 94 56
    47 212 52 245 111 153 172 24 5 240 29 156 73 16 242 51 189 88 87 42
    251 69 32 65 128 16 66 3 204 64 194 130 52 65 3 131 195 74 68 1 68 9
    129 238 0 12 136 8 1 146 8 33 9 116 37 125 155 0 114 5 22 129 64 24
    10 66 12 72 144 9 36 82 4 1 26 132 8 144 32 33 188 76 6 32 177 69 32
    195 128 16 66 33 78 128 192 0 53 65 130 131 98 74 68 1 69 8 129 238
    1 12 136 8 1 18 8 32 13 116 37 53 154 0 126 5 150 129 64 24 2 10 28
    72 160 9 36 114 52 17 26 164 8 144 104 41 216 72 4 34 243 63 213 124
    255 55 189 221 121 191 223 253 251 189 126 180 93 246 247 99 251 245
    118 211 119 125 190 229 127 126 126 245 235 215 44 87 190 210 120
    249 117 120 93 57 47 212 20 245 111 153 172 24 5 240 29 156 73 16
    242 51 189 122 95 40 250 63 189 255 214 55 149 221 59 247 199 149
    242 191 126 180 95 254 247 102 251 151 126 211 103 253 182 243 127
    114 120 212 105 199 44 150 158 218 120 251 117 112 223 189 111 149
    20 245 111 153 174 24 13 240 29 156 73 16 242 115 191 121 95 172 250
    50 16 97 150 29 132 9 77 198 102 145 52 33 74 144 86 234 212 3 96
    192 34 193 118 76 152 164 11 82 8 49 107 215 36 85 186 82 120 161 84
    112 72 24 15 208 20 225 79 153 172 24 5 240 29 156 73 16 242 51 189
    88 87 32 250 5 7 1 128 0 2 0 67 0 66 3 6 64 0 161 3 2 68 1 100 2 132
    0 66 12 148 25 9 128 10 18 17 80 4 85 138 0 120 1 4 32 16 24 6 4 12
    96 12 17 44 16 4 16 25 132 8 16 96 48 60 72 87 32 250 37 39 113 156
    16 68 173 71 38 206 171 20 85 109 185 119 235 220 1 98 214 32 212
    115 92 139 162 73 16 12 49 105 231 36 85 186 80 120 201 116 112 92
    56 175 212 20 245 110 153 172 24 5 240 29 156 73 16 242 51 189 88 87
    32 250 5 7 1 128 0 16 130 192 32 198 3 6 192 0 161 1 2 101 1 100 0 4
    0 64 12 144 25 9 128 10 16 17 80 4 85 138 0 120 9 20 32 64 24 6 68
    12 64 12 25 44 16 4 17 25 132 8 16 96 48 188 72 87 32 250 5 166 101
    137 216 148 167 81 40 94 42 71 193 45 185 101 130 125 131 100 208 1
    26 112 92 220 13 37 144 14 49 17 244 4 95 186 16 120 13 52 116 84 24
    135 85 20 244 65 25 44 24 4 209 29 140 8 16 226 51 172 72 87 32 248
    54 49 241 150 16 132 25 79 198 66 129 48 113 66 146 82 226 212 3 96
    195 32 195 71 76 138 164 9 82 8 49 104 87 36 84 186 66 120 193 84 80
    72 16 15 208 20 225 78 153 172 24 5 240 28 156 73 16 242 51 189 88
    86 32 250 186 222 254 255 63 253 253 123 253 253 254 249 191 127 252
    252 251 212 111 107 244 126 255 127 125 255 183 63 127 219 127 255
    215 100 117 190 214 123 249 252 255 223 251 63 221 150 245 111 153
    173 30 13 248 29 159 77 16 246 115 189 219 95 34 254 5 167 101 137
    208 140 167 65 40 68 2 70 192 53 249 65 202 101 131 100 64 0 18 112
    78 156 29 37 132 14 48 25 212 4 93 154 16 114 13 20 165 84 24 135 85
    20 244 196 25 44 24 4 209 29 141 9 16 224 35 172 72 87 32 248 242
    156 189 143 239 159 159 137 191 127 57 206 157 108 63 61 247 215 56
    34 204 53 218 104 223 214 249 126 210 187 127 111 215 165 87 59 210
    121 236 114 112 92 104 47 213 28 253 53 157 140 24 5 244 29 156 235
    16 246 51 189 88 87 48 250 45 6 101 160 154 165 39 93 164 100 130 21
