<?xml version="1.0"?>
<opencv_storage>
<ImageFile>"403.jpg"</ImageFile>
<Features type_id="opencv-matrix">
  <rows>127</rows>
  <cols>64</cols>
  <dt>u</dt>
  <data>
    237 236 238 249 186 253 245 247 61 253 110 157 223 253 255 238 139
    120 249 107 253 253 254 179 91 111 144 178 121 215 63 239 223 98 85
    250 215 123 249 124 126 125 124 55 221 183 127 227 157 172 30 13 211
    29 156 76 26 230 107 189 91 87 42 250 237 206 238 249 187 253 117
    245 61 253 110 157 159 253 255 239 139 253 249 107 253 255 254 187
    89 111 149 182 121 215 63 239 223 38 87 250 211 123 253 124 126 125
    124 63 213 183 127 227 157 172 30 13 243 29 156 76 24 246 123 189
    219 87 42 250 189 246 117 102 189 120 163 248 248 60 198 119 237 91
    204 117 122 239 207 120 245 98 25 244 160 60 81 243 252 87 227 255
    154 232 211 244 253 152 249 117 253 157 59 151 245 225 246 109 168
    247 141 10 252 191 202 77 38 241 151 135 250 215 44 30 252 239 255
    254 114 95 247 239 255 212 127 241 127 242 251 254 243 151 120 111
    23 253 244 55 255 203 164 29 111 248 94 249 182 103 102 254 214 90
    219 252 247 95 189 118 185 142 209 110 223 173 239 221 250 31 181 95
    112 254 121 253 91 92 59 249 188 255 255 237 182 253 253 255 253 213
    253 253 255 191 255 238 187 220 127 111 62 95 246 117 127 255 183
    185 127 251 126 185 244 109 63 223 214 127 249 189 127 255 251 191
    255 191 253 190 207 181 247 189 248 191 183 124 248 254 121 207 127
    207 47 191 41 198 109 169 159 253 167 217 189 255 234 13 237 61 249
    229 195 252 195 104 248 82 158 124 117 189 13 162 254 87 59 159 101
    236 223 56 115 243 169 62 191 84 90 190 84 227 126 49 184 93 28 44
    222 157 143 60 184 224 171 172 194 207 44 180 221 58 243 53 120 226
    186 254 216 185 194 119 194 146 131 122 122 137 251 79 233 141 110
    153 143 106 252 231 72 69 227 254 109 145 101 127 53 191 237 215 217
    4 243 182 235 41 11 241 236 230 109 243 245 254 56 226 198 221 151
    193 175 39 145 78 122 185 255 222 51 95 217 239 255 196 127 252 63
    254 255 254 255 151 112 111 22 125 231 55 253 203 242 29 99 250 222
    169 214 36 87 190 210 122 219 124 242 93 189 111 213 30 245 110 157
    172 155 13 242 29 149 89 16 242 123 189 89 95 34 250 210 50 130 119
    252 162 250 32 80 187 241 123 234 67 0 16 36 11 188 147 239 45 75
    223 162 90 243 247 78 37 165 198 95 187 44 53 255 141 254 39 105 108
    227 201 235 105 187 123 110 214 9 227 229 226 120 227 71 159 215 211
    166 51 241 14 149 58 211 119 220 160 168 216 72 43 194 123 226 195
    131 81 106 207 165 66 239 173 11 92 134 154 115 235 214 15 163 118
    87 167 220 95 49 181 109 87 201 64 202 90 233 9 155 145 200 124 24
    241 196 182 12 105 4 184 149 135 156 119 177 36 157 58 211 119 220
    160 168 216 72 59 194 123 230 195 130 81 106 207 167 66 239 172 47
    220 134 158 115 235 214 15 227 254 87 167 220 127 53 181 109 87 73
    68 202 90 233 1 155 145 232 117 88 241 228 182 12 97 134 184 149 135
    156 119 181 62 63 175 255 252 50 223 113 71 231 68 47 212 95 255 188
    254 251 224 98 111 183 125 82 247 255 235 132 221 111 184 92 233 135
    94 71 158 202 26 251 124 190 189 188 229 245 250 245 110 217 172 175
    91 242 21 51 93 60 246 91 173 251 223 107 250 253 157 254 215 118
    207 220 183 63 213 31 207 158 255 54 207 189 243 124 175 31 255 243
    99 123 127 183 126 125 127 222 37 215 115 118 243 210 93 250 253 85
    189 239 127 191 28 253 111 213 224 218 223 247 111 154 207 123 223
    114 127 251 125 133 234 248 139 255 221 34 127 253 247 253 252 126
    157 95 188 123 238 255 221 251 111 252 221 230 187 251 107 190 182
    109 213 126 239 255 97 119 249 223 127 248 124 250 93 255 62 255 182
    87 239 159 168 255 159 242 29 157 92 85 246 123 253 91 95 10 254 44
    238 109 201 190 189 181 113 189 255 238 253 217 63 253 239 131 124
    195 105 253 116 218 241 121 44 132 179 125 223 61 203 223 96 215 186
    215 123 233 60 254 127 122 47 212 183 247 99 185 173 152 13 242 29
    159 28 52 226 59 188 203 223 46 250 58 52 121 190 26 13 25 75 231
    102 91 52 125 238 252 118 242 212 3 96 207 178 145 63 94 138 166 11
    82 153 61 235 83 36 85 186 66 114 193 214 146 218 28 14 208 22 229
    79 153 172 16 5 96 29 157 73 16 242 51 189 88 86 34 241 42 2 130 163
    202 161 170 229 212 186 82 21 241 64 179 64 114 208 67 226 201 35
    207 92 12 136 164 143 82 133 49 238 119 172 71 186 83 240 33 118 216
    68 80 14 192 21 131 75 153 236 24 5 240 28 156 73 16 242 51 188 88
    87 32 253 5 6 131 145 8 194 160 102 16 248 0 133 0 225 131 2 74 72
    161 35 196 37 206 211 72 11 144 6 64 0 33 79 215 0 81 176 21 232 233
    100 112 28 56 166 213 16 241 107 153 172 24 5 240 29 156 73 20 242
    51 189 88 87 32 250 61 190 247 233 254 253 175 253 253 255 250 255
    237 127 251 229 251 253 219 106 253 115 222 124 125 237 60 183 255
    95 127 255 247 229 223 59 247 251 253 127 255 92 106 190 213 131 255
    115 188 253 28 45 246 189 159 77 124 254 247 175 218 223 44 246 45
    246 109 248 60 188 175 88 173 254 232 184 205 123 189 71 194 237 131
    106 229 116 90 123 69 188 163 183 126 12 57 195 215 70 215 170 81
    248 249 119 126 126 58 173 86 209 247 107 152 188 24 1 240 29 223 93
    24 226 51 191 216 215 108 242 227 223 100 186 221 46 7 10 39 103 56
    202 46 239 68 157 235 119 37 245 126 238 185 35 94 255 187 63 187 26
    104 89 146 231 212 187 99 100 55 238 102 250 56 233 221 24 244 198
    192 165 80 12 105 63 135 175 184 180 97 191 222 214 60 184 237 206
    238 233 238 255 255 241 61 255 78 207 223 125 127 237 137 253 249
    102 252 85 218 248 123 126 63 182 252 87 127 247 215 241 223 97 247
    255 253 58 125 93 110 63 213 60 255 241 189 220 24 45 215 253 156
    239 94 220 243 189 214 223 58 254 201 206 76 201 239 189 159 177 61
    127 124 203 157 125 126 173 133 255 125 104 252 215 146 120 107 253
    189 118 253 83 63 123 247 112 81 96 83 123 168 240 246 222 56 63 213
    150 244 93 153 141 28 5 248 29 159 73 16 246 51 188 80 87 34 249 191
    253 254 238 55 125 253 187 255 222 212 255 127 126 254 221 251 254
    230 191 117 126 209 119 253 63 243 241 127 254 254 169 158 120 255
    246 255 123 217 125 249 223 191 125 247 53 247 110 187 190 155 207
    248 21 251 93 62 243 127 255 123 251 238 219 253 255 255 245 247 125
    253 251 253 221 254 251 255 251 254 253 251 213 127 111 127 143 182
    116 127 255 191 59 255 95 126 191 242 103 124 251 82 127 253 244 243
    95 120 63 221 142 253 180 141 173 94 5 248 31 143 77 16 244 49 189
    93 95 32 186 58 48 241 182 31 165 57 126 214 44 211 53 117 78 145 86
    250 150 67 82 241 34 193 23 156 168 228 137 82 220 245 234 79 44 69
    190 222 58 129 92 88 84 21 14 196 37 129 79 187 174 153 1 242 28 156
    65 0 242 51 185 56 6 32 254 118 100 89 174 50 30 31 65 107 198 59
    154 157 38 252 86 235 215 4 109 10 240 192 96 221 213 185 57 2 42 31
    41 16 164 125 155 226 120 163 86 32 202 45 105 183 28 244 60 209 172
    16 5 34 17 181 111 144 114 48 60 93 87 48 178 14 230 80 168 201 136
    166 65 43 112 40 41 156 119 237 113 231 186 129 96 197 104 24 122
    212 140 97 233 175 196 185 71 183 194 95 154 33 210 61 102 39 23 92
    65 84 151 254 71 137 101 24 36 54 5 139 105 26 192 139 164 88 79 35
    113 232 206 238 137 206 223 6 181 61 127 30 142 158 189 127 207 201
    217 121 236 92 213 222 57 91 125 60 38 253 215 58 39 213 103 87 123
    83 119 237 118 116 93 120 63 93 156 127 177 221 76 28 180 215 255
    159 239 88 236 41 61 92 85 18 242 240 95 214 223 98 95 156 183 127
    253 46 137 31 190 123 222 255 214 124 47 92 141 245 51 219 223 185
    126 191 200 222 123 241 37 116 240 82 86 227 244 242 95 56 63 157
    134 213 236 157 173 94 5 242 31 159 203 144 246 51 61 89 84 0 250 19
    17 76 150 23 1 17 58 102 4 151 54 60 121 32 81 230 244 3 240 64 38
    129 119 12 184 224 9 82 12 112 105 218 44 21 186 66 120 193 84 80 80
    24 15 192 20 229 78 153 172 24 5 240 29 156 73 16 242 51 189 88 22
    32 248 127 117 125 190 55 39 93 75 247 102 253 178 61 234 180 95 242
