<?xml version="1.0"?>
<opencv_storage>
<ImageFile>"404.jpg"</ImageFile>
<Features type_id="opencv-matrix">
  <rows>336</rows>
  <cols>64</cols>
  <dt>u</dt>
  <data>
    77 239 237 216 50 255 117 119 185 118 237 152 93 253 253 239 129 124
    67 110 255 113 84 179 95 41 132 149 105 220 60 201 241 18 87 170 210
    114 209 252 190 191 28 38 116 246 199 78 153 172 142 13 115 29 151
    28 56 230 107 188 91 214 107 249 187 221 238 218 55 31 93 11 255 215
    61 250 191 186 124 255 211 247 124 255 55 118 241 119 117 247 225 63
    127 251 220 161 146 108 214 222 202 89 251 253 242 223 125 125 144
    86 245 111 215 175 146 13 120 29 255 93 56 247 115 191 123 216 174
    219 210 16 211 231 221 160 219 136 94 57 80 123 167 74 130 80 98 215
    61 87 202 141 175 124 46 154 122 47 214 41 35 63 119 167 60 219 118
    117 37 215 193 192 155 90 203 12 216 149 201 53 82 133 104 182 172
    105 192 176 49 155 92 7 48 189 187 255 125 222 55 63 31 27 103 86
    185 234 239 123 124 95 247 247 110 255 119 244 17 246 209 119 243
    248 62 118 252 177 218 92 210 174 203 88 240 97 110 95 59 189 245
    241 246 79 138 191 128 79 234 29 219 93 63 247 87 183 123 243 236 26
    46 110 104 175 43 156 150 1 59 240 46 165 156 55 105 246 241 154 1
    242 213 112 81 114 209 28 225 251 106 255 189 114 163 176 71 162 251
    90 233 124 240 29 56 173 212 87 246 111 153 238 8 15 244 29 217 73
    22 243 55 181 90 83 104 202 179 180 97 39 159 224 217 152 222 45 247
    127 239 75 130 117 107 244 39 83 229 46 171 126 38 159 113 43 214 27
    99 127 215 172 93 222 90 49 233 119 113 92 58 47 193 17 189 111 137
    188 24 5 240 30 156 65 16 178 51 189 88 87 36 250 248 159 254 223
    126 255 255 247 63 253 126 223 159 254 251 238 255 215 121 111 220
    173 231 243 123 111 183 62 125 219 126 255 247 37 117 250 86 123 249
    116 242 93 249 62 221 150 217 111 157 172 30 5 240 29 157 73 16 246
    51 189 91 87 32 250 193 206 76 201 236 191 135 208 57 95 40 203 142
    121 124 141 129 125 189 45 124 69 26 248 99 119 29 54 189 2 59 19
    214 81 218 65 80 249 188 160 119 62 42 191 213 218 252 145 20 153 28
    36 205 237 143 142 91 204 50 44 214 211 30 185 141 32 162 37 21 97
    185 246 132 143 241 242 66 136 147 227 137 124 103 75 41 130 228 144
    13 61 149 163 81 6 34 155 104 52 117 234 82 60 233 29 120 72 48 47
    195 49 50 108 24 172 122 1 208 30 148 64 144 176 33 249 76 215 32
    250 58 213 92 222 55 157 93 11 55 71 61 216 191 126 116 94 255 214
    36 59 134 124 225 99 109 215 243 63 119 123 93 105 150 100 156 154
    194 89 250 119 114 219 237 105 151 20 245 111 147 166 19 5 170 1 190
    77 25 242 122 255 89 93 32 250 52 35 81 178 24 0 40 109 194 42 65 48
    97 67 145 82 114 134 129 66 193 32 65 206 140 136 230 137 2 168 33
    74 71 4 69 190 61 184 1 84 96 64 17 136 240 16 129 79 154 172 8 67
    240 24 28 65 4 242 19 177 88 86 97 114 24 49 147 182 0 67 120 111
    214 168 211 53 115 198 147 82 127 130 67 82 3 168 229 135 142 10 246
    201 66 140 160 232 75 46 37 190 31 52 65 84 24 64 149 106 238 37 131
    238 187 46 203 211 240 28 20 89 132 115 11 249 40 38 225 230 214 49
    147 245 112 66 218 230 66 129 85 23 66 194 147 50 118 195 28 71 11
    169 165 2 142 138 226 201 194 46 162 56 114 53 52 223 26 119 67 213
    147 64 145 90 234 14 137 28 201 36 87 211 120 90 52 107 208 121 57
    90 92 36 51 177 56 49 243 150 18 197 168 111 198 136 210 53 113 2
    153 82 122 2 195 82 241 42 197 135 153 41 228 137 66 216 229 234 111
    44 101 190 157 56 233 92 120 69 181 162 230 37 147 110 187 174 169
    203 242 28 28 81 4 50 23 249 43 7 32 70 203 221 142 93 238 243 218
    150 57 255 45 207 158 245 102 169 173 251 61 255 94 221 126 249 99
    127 187 246 253 87 190 55 255 115 26 97 91 111 254 227 83 191 122 62
    219 94 255 179 221 201 30 117 221 255 156 239 91 221 49 63 85 121 18
    251 56 49 243 150 19 197 185 127 214 172 215 53 113 14 153 86 123
    150 67 82 245 42 197 135 153 185 228 137 66 216 245 250 111 44 101
    190 159 56 233 92 120 85 181 174 228 37 129 110 187 174 153 139 242
    29 28 81 36 114 63 249 59 7 32 222 184 251 95 230 255 59 184 187 218
    25 246 119 239 83 200 113 118 135 229 147 117 116 1 214 163 30 113
    219 238 114 231 250 190 104 218 244 255 26 232 245 217 93 19 23 240
    103 178 109 170 191 137 75 248 7 219 89 38 243 22 173 114 27 228 24
    205 222 78 101 255 123 246 208 57 81 174 203 206 117 110 169 133 253
    189 189 100 77 56 240 99 127 25 246 253 71 6 23 158 241 248 65 127
    217 252 163 119 189 106 55 253 79 254 177 236 211 133 255 221 231
    203 174 127 221 180 39 214 121 148 158 66 1 130 150 3 2 24 7 18 232
    20 5 18 226 35 18 108 147 33 215 192 165 195 3 66 10 240 78 64 136
    160 99 223 36 85 178 91 104 225 116 112 92 56 15 209 20 225 111 153
    172 24 5 240 29 156 73 16 242 51 189 88 87 32 234 190 254 247 255
    254 245 249 249 255 253 214 255 255 255 251 220 251 245 111 99 255
    238 191 126 255 255 183 59 255 223 127 255 243 110 79 254 82 127 249
    126 93 93 120 62 221 52 217 247 137 173 24 5 250 31 156 73 24 244
    115 189 222 95 34 190 62 50 113 244 63 177 249 122 214 184 211 117
    253 88 185 84 246 214 67 90 230 62 200 127 141 170 226 95 86 233 245
    239 95 172 213 190 86 250 233 87 248 93 215 14 192 133 241 111 154
    190 153 5 242 29 158 81 0 242 179 219 217 31 36 254 63 255 109 222
    55 189 221 27 119 222 61 248 189 127 252 93 249 247 100 187 247 124
    81 119 245 247 227 125 126 122 221 97 214 126 215 182 250 120 251
    125 116 125 187 109 213 20 245 111 153 190 152 79 242 29 222 93 56
    243 119 191 123 251 236 250 141 206 78 221 170 253 252 245 61 255
    126 205 158 124 127 236 169 216 125 235 220 176 230 56 105 111 179
    114 221 71 63 51 245 48 93 248 83 115 233 244 242 94 56 62 214 150
    247 126 153 173 30 5 248 29 157 73 146 242 59 189 92 87 34 248 62 50
    81 54 62 177 188 49 194 186 243 49 245 18 153 82 118 130 99 210 193
    36 193 223 136 9 229 239 66 141 245 238 127 44 69 190 95 56 161 86
    120 84 113 47 196 165 147 79 155 172 24 3 242 29 156 73 0 243 19 189
    120 23 32 246 62 254 109 238 55 61 93 127 253 92 253 249 63 62 252
    223 243 212 103 121 245 114 240 55 125 143 161 27 127 121 125 237
    197 108 246 186 246 122 177 245 211 223 123 63 210 150 213 78 153
    181 222 13 104 29 159 77 16 242 123 156 91 94 46 249 211 17 130 23
    207 66 94 142 2 161 57 235 162 194 2 27 109 3 48 151 11 143 111 15
    130 87 251 110 146 41 130 102 159 191 161 117 59 13 110 67 96 104
    174 105 143 92 189 191 116 202 24 215 181 226 120 227 91 61 148 19
    52 113 149 74 62 254 109 238 55 61 93 95 245 92 253 249 63 63 252
    223 243 212 71 121 245 82 241 119 125 139 164 27 127 121 61 237 213
    108 118 186 246 122 161 245 219 223 123 63 210 151 212 78 153 181
    222 13 104 29 159 77 16 242 51 156 91 94 46 251 171 214 108 171 255
    189 159 25 189 127 60 74 189 125 116 101 192 245 29 240 252 115 187
    124 100 254 57 55 255 83 63 255 215 236 222 59 90 113 169 246 86 222
    90 31 209 22 244 81 157 189 24 5 248 157 159 73 16 246 51 188 218
    223 42 185 252 255 255 253 114 127 253 255 253 253 255 251 223 250
    255 206 187 221 255 111 63 253 246 179 255 255 183 255 125 223 126
    255 251 87 117 251 215 255 255 125 254 255 255 119 255 191 95 239
    223 173 191 255 219 127 159 92 125 254 121 255 223 253 143 255 64 2
    130 193 200 212 162 245 24 186 2 5 192 16 27 161 8 73 137 42 200 1
    78 153 9 8 12 134 4 71 51 86 101 3 89 33 117 231 13 32 209 36 2 22
    67 134 10 241 24 73 124 53 149 253 140 138 151 72 11 132 64 7 2 245
    124 252 255 253 50 125 253 255 221 254 254 189 93 188 223 238 255
    220 251 107 252 209 230 184 253 109 224 240 125 215 127 255 249 16
    117 248 215 251 240 125 250 223 255 62 246 183 67 108 191 171 255
    143 248 29 159 92 214 246 127 248 223 206 42 247 191 253 124 126 55
    61 93 41 255 95 253 250 255 107 244 92 255 178 102 249 55 126 145
    118 245 247 247 121 127 254 254 169 202 108 206 222 202 57 251 125
