<?xml version="1.0"?>
<opencv_storage>
<ImageFile>"406.jpg"</ImageFile>
<Features type_id="opencv-matrix">
  <rows>389</rows>
  <cols>64</cols>
  <dt>u</dt>
  <data>
    232 204 239 219 234 223 215 229 125 255 62 223 159 126 255 236 155
    245 249 35 252 117 222 121 127 247 29 55 239 219 63 255 215 231 87
    113 246 251 253 60 246 253 108 47 213 22 245 243 159 172 154 13 255
    29 157 95 124 246 123 189 219 223 42 254 191 255 255 255 55 255 253
    91 253 247 253 250 255 251 252 223 251 255 127 123 183 127 219 127
    255 255 247 191 127 251 126 239 151 238 247 158 251 253 251 127 126
    255 251 253 223 159 119 239 223 189 189 221 254 53 191 92 56 246 243
    255 251 255 189 254 108 173 253 220 58 255 119 119 181 252 108 149
    93 124 189 238 155 252 195 106 245 123 222 187 93 239 134 215 105
    221 125 239 199 18 103 170 148 250 249 124 126 189 247 167 116 182
    229 107 189 172 255 13 242 29 156 84 60 226 123 253 219 206 43 254
    172 254 255 200 48 255 165 91 237 223 40 250 223 63 252 239 211 245
    237 45 181 84 88 113 125 245 29 55 63 218 94 219 198 68 223 138 176
    254 253 60 102 95 126 181 55 150 116 225 222 189 176 60 243 181 239
    30 56 252 82 236 219 217 111 186 218 49 223 247 62 99 217 174 214
    191 85 119 127 230 19 114 127 214 118 243 111 189 231 158 174 219
    246 251 202 235 247 254 119 189 37 247 127 125 248 125 88 76 245 126
    235 21 227 127 191 174 91 195 252 30 28 89 220 243 59 219 125 23 160
    254 60 237 238 221 34 223 252 167 121 254 93 220 94 182 63 238 153
    153 248 235 181 117 119 243 249 119 149 246 109 247 255 227 223 88
    99 224 223 89 248 120 124 61 253 39 183 180 119 107 191 234 175 207
    246 93 248 92 62 215 123 253 251 251 104 238 110 236 238 233 34 223
    254 39 61 246 221 252 92 62 127 238 153 187 250 251 181 113 87 243
    241 119 221 247 109 247 223 227 159 216 195 164 255 89 248 56 124 29
    125 37 183 245 119 107 191 234 171 15 247 77 248 220 126 215 255 253
    251 251 104 206 46 236 238 169 35 223 214 5 61 242 220 236 253 62
    127 222 157 187 123 251 245 119 87 245 245 117 217 247 109 247 223
    226 159 216 195 164 255 89 248 120 124 157 125 37 213 245 119 111
    191 234 139 15 246 69 248 220 62 215 255 253 187 251 248 202 232 207
    230 223 98 223 140 163 47 245 59 202 159 252 126 206 141 211 104 239
    30 223 210 115 91 119 159 126 60 242 30 11 215 117 81 171 208 92 250
    104 100 61 253 63 189 156 245 47 158 136 153 157 243 93 154 207 73
    255 83 181 91 125 9 250 212 41 155 245 48 194 250 230 216 175 113
    218 211 128 147 74 11 77 186 79 142 141 230 155 173 203 190 231 64
    173 54 254 119 147 60 235 20 253 239 87 112 104 225 122 171 28 25
    187 95 168 58 243 209 122 52 226 197 250 17 203 77 53 81 182 172 204
    239 249 58 255 241 247 189 253 94 221 223 252 255 238 233 221 251
    107 244 125 254 251 125 255 21 182 125 215 63 239 199 98 115 56 246
    250 249 60 249 61 254 39 221 22 117 235 157 172 153 13 240 29 156 76
    60 246 115 253 219 95 47 254 60 173 255 220 34 223 245 111 255 244
    223 189 127 254 253 222 187 146 226 107 183 125 223 247 249 127 215
    255 109 255 223 239 143 214 97 30 158 218 250 127 61 189 237 231 191
    181 117 235 255 234 175 223 182 13 120 92 45 211 254 235 251 237 205
    222 224 10 67 227 217 176 163 217 44 123 226 95 163 73 211 37 98 197
    173 98 200 141 142 120 14 222 59 39 150 11 35 95 115 167 92 59 112
    182 45 166 197 68 10 158 73 138 88 145 8 77 92 32 197 190 141 107
    192 252 129 156 204 70 48 52 60 172 255 222 34 79 245 111 223 224 95
    189 119 182 255 254 187 146 226 43 151 93 223 143 255 213 212 191
    107 251 94 238 133 220 99 54 190 222 251 126 57 61 229 227 63 180 53
    235 255 234 239 223 182 5 48 92 236 227 238 233 187 77 201 214 217
    17 142 23 7 97 112 182 16 165 85 3 174 249 3 10 29 43 225 215 122
    255 199 182 130 123 213 242 248 82 198 163 159 56 129 100 159 9 120
    105 124 41 191 55 253 113 183 109 58 202 137 219 212 250 88 213 111
    181 213 83 171 179 205 74 153 186 214 103 253 177 229 56 120 57 70
    107 174 91 162 73 126 239 237 59 245 111 75 253 162 127 115 246 124
    67 227 231 223 98 222 52 117 153 249 117 125 92 122 55 201 97 255
    119 184 253 24 37 244 173 158 73 54 246 183 143 218 127 165 94 253
    253 254 253 251 127 255 247 61 253 238 255 223 253 255 238 235 221
    127 111 127 205 254 57 127 255 187 191 253 71 62 191 243 39 117 251
    83 119 253 244 218 95 120 62 223 159 219 181 141 173 94 181 249 127
    157 77 208 252 105 189 93 86 51 187 143 22 64 227 255 186 175 24 60
    123 194 99 174 91 96 21 96 253 173 242 229 47 154 121 38 222 123 39
    222 83 33 215 87 227 222 49 119 244 125 23 77 68 90 79 193 65 254 83
    168 245 24 4 229 164 142 105 18 22 183 159 194 31 52 60 217 17 142
    23 5 97 112 182 16 161 85 7 174 201 3 10 29 43 225 215 120 207 199
    166 130 123 209 242 248 70 198 163 223 56 129 100 159 8 120 105 124
    41 191 35 237 113 183 109 58 202 137 219 212 250 88 213 111 181 149
    83 172 179 197 78 26 0 137 162 11 146 58 10 16 42 82 20 144 6 137 82
    66 27 1 64 192 53 202 75 12 128 160 141 66 33 49 104 23 132 149 170
    39 104 1 80 32 192 21 9 87 5 167 111 27 44 25 4 224 21 124 25 0 98
    59 249 8 19 96 230 126 105 125 185 210 95 62 237 79 234 251 188 93
    166 253 246 251 212 91 100 31 208 164 56 221 205 171 169 195 222 62
    185 112 36 87 251 74 119 133 214 178 206 117 60 86 158 100 52 159 45
    86 5 106 29 133 93 216 244 41 248 93 22 42 177 236 41 163 177 222
    231 171 245 204 239 209 126 211 200 179 111 122 253 127 71 249 135
    246 221 30 123 191 175 208 150 50 186 207 45 71 187 91 60 237 124
    120 76 48 175 209 125 179 183 153 172 24 1 240 29 156 65 16 242 51
    189 88 87 32 250 253 252 255 253 126 127 253 246 189 255 252 255 95
    189 255 238 251 220 255 111 125 217 238 184 239 111 191 243 253 87
    126 255 253 97 61 251 214 247 253 253 251 223 251 62 223 183 91 244
    255 189 126 181 217 255 151 77 212 252 105 255 223 31 2 183 197 13
    154 81 17 194 240 206 52 177 132 235 130 219 162 15 107 185 177 71
    207 143 234 115 71 219 147 111 80 13 34 99 223 6 116 186 18 252 239
    116 112 60 56 39 217 16 117 239 153 172 56 21 240 29 156 65 16 250
    51 189 88 85 161 250 37 38 125 136 24 158 37 67 35 102 8 32 84 47
    173 69 194 32 129 96 241 112 24 227 84 164 0 77 40 156 73 65 131 4
    215 170 0 200 1 74 36 147 28 161 84 208 100 79 16 36 168 12 34 25 75
    25 56 34 27 164 138 194 106 64 198 43 139 117 238 154 222 137 202
    187 187 122 227 194 82 18 49 129 110 211 207 47 99 223 135 95 247
    175 66 190 163 242 79 60 70 191 90 60 235 246 120 92 49 239 209 117
    183 127 185 174 24 67 240 29 220 81 20 243 151 189 120 119 224 122
    227 206 93 219 234 157 223 129 191 247 5 202 157 123 127 92 246 247
    60 35 206 119 218 104 89 214 189 62 54 187 95 127 151 164 83 50 211
    217 250 122 112 95 104 45 213 28 253 51 157 140 24 45 244 13 157 235
    16 246 50 189 216 87 56 255 250 185 223 247 126 183 249 178 214 255
    85 251 191 235 146 94 126 223 188 251 231 47 227 127 175 219 247 255
    94 113 247 255 215 191 60 119 255 253 250 119 120 108 251 111 251 21
    211 127 253 238 24 199 244 61 156 73 87 247 247 255 254 119 161 254
    255 253 237 255 62 255 223 61 255 253 221 249 255 127 118 223 185
    247 126 251 191 127 243 255 253 255 247 191 127 255 255 239 215 253
    246 255 222 121 250 127 124 223 255 111 247 61 253 111 191 174 155
    79 240 189 159 93 120 247 243 255 251 255 172 254 5 38 117 24 216
    158 37 67 99 102 138 32 196 103 173 1 194 105 129 96 209 100 24 235
    214 52 0 205 40 12 73 65 19 134 215 170 0 186 49 78 36 18 8 129 68
    192 228 75 16 100 0 12 34 25 75 9 60 34 19 165 136 194 105 96 58 168
    187 143 34 77 208 175 223 248 94 189 113 150 255 254 255 146 224 10
    148 145 239 135 249 197 212 97 107 251 159 238 133 128 99 116 190
    195 234 112 48 29 231 32 63 150 53 236 255 234 239 159 182 13 112 92
    198 227 238 121 59 77 78 198 222 250 251 245 254 244 251 209 31 255
