<?xml version="1.0"?>
<opencv_storage>
<ImageFile>"407.jpg"</ImageFile>
<Features type_id="opencv-matrix">
  <rows>288</rows>
  <cols>64</cols>
  <dt>u</dt>
  <data>
    76 39 245 24 0 31 36 103 33 230 233 128 92 181 189 226 129 72 67 104
    179 240 84 179 93 41 132 220 97 132 56 192 241 20 99 170 0 122 145
    72 190 27 60 166 118 246 71 78 153 40 44 14 114 29 17 12 8 226 11
    180 89 66 106 241 186 221 126 255 55 189 221 9 63 213 119 250 191
    122 124 220 244 215 52 251 199 126 227 119 253 222 227 127 127 251
    253 251 151 108 84 222 250 123 250 245 210 223 253 109 209 22 245
    111 157 175 26 5 248 21 159 77 16 243 123 191 121 95 34 251 61 254
    117 40 29 125 165 126 253 92 238 245 109 63 253 229 235 252 199 104
    245 98 188 247 125 61 5 147 125 95 123 255 221 66 253 182 53 242 121
    60 127 213 90 167 68 227 118 227 168 53 255 12 250 29 143 77 62 176
    111 174 218 207 47 220 186 221 124 255 63 189 221 9 63 213 125 251
    191 126 124 220 246 215 60 251 199 126 227 115 253 222 227 127 127
    251 253 255 151 100 84 254 210 123 250 245 211 223 253 111 209 22
    245 111 157 175 27 5 248 29 159 77 16 243 123 191 89 95 34 251 250
    252 218 223 235 223 222 133 123 249 63 251 190 246 111 252 255 147
    60 191 143 221 127 109 243 215 251 127 239 251 223 118 183 255 105
    85 255 223 254 127 243 223 237 125 191 30 253 179 255 219 207 255
    253 231 249 239 87 223 252 111 247 121 219 222 60 255 255 253 190
    253 255 117 253 253 254 255 223 125 255 237 249 253 251 251 245 127
    83 255 253 127 247 247 109 215 255 231 207 120 207 190 222 121 249
    125 125 93 255 175 213 241 247 111 189 254 136 75 242 157 154 93 62
    247 127 191 251 251 108 250 47 223 108 212 255 191 223 80 63 95 60
    203 143 125 116 77 224 245 61 111 244 124 144 115 110 254 163 62 124
    90 124 41 214 100 220 186 82 121 249 245 87 223 58 47 213 22 245 79
    153 181 24 5 232 29 159 77 24 246 51 159 88 95 38 248 84 1 154 20 0
    67 120 230 2 170 65 132 82 192 3 10 109 8 35 195 15 173 70 131 152
    11 182 200 64 132 162 96 79 52 37 170 26 44 224 124 112 72 181 43
    255 52 167 110 153 168 24 71 240 28 28 65 17 243 51 185 24 119 33
    234 0 66 0 168 201 168 34 65 40 106 10 4 128 4 105 161 132 40 133 64
    200 32 24 88 68 136 8 128 144 4 41 84 112 144 90 41 33 226 4 130 130
    38 24 8 64 199 66 81 8 65 16 36 71 93 141 40 147 192 3 164 4 66 2 33
    236 45 247 152 16 79 101 103 97 68 45 176 83 167 182 238 235 16 33
    101 27 137 245 35 94 139 132 9 99 140 24 41 208 38 36 218 0 112 5
    220 18 211 28 35 88 28 101 142 17 36 114 28 112 26 20 9 152 240 41
    184 88 68 35 249 4 33 241 180 16 128 40 102 16 170 192 49 65 64 145
    66 136 72 131 99 193 32 194 147 12 138 164 197 64 140 49 200 87 16
    21 170 20 120 65 116 112 0 49 7 224 20 195 111 27 172 24 1 240 28
    156 73 0 242 51 185 72 87 32 250 250 26 247 245 255 247 171 249 220
    255 210 95 255 248 51 92 254 213 127 119 252 143 207 125 206 251 255
    175 210 151 115 255 247 47 87 255 90 125 237 118 120 92 112 62 217
    61 217 181 157 172 24 5 240 63 156 73 80 244 51 189 92 87 48 254 124
    171 255 220 34 127 253 119 253 254 126 149 95 180 191 238 255 216
    123 107 244 85 246 183 249 107 164 222 109 213 124 234 247 44 103
    190 223 122 249 124 122 95 245 47 215 182 247 111 191 172 159 143
    242 29 157 93 20 246 123 253 123 95 42 254 45 174 231 233 217 255
    167 92 189 252 202 173 205 61 191 205 203 253 171 106 244 77 94 121
    85 253 25 167 125 71 59 207 213 195 127 184 117 248 125 60 125 117
    122 167 93 209 127 227 188 188 124 60 243 61 158 76 60 236 167 173
    218 79 37 242 4 35 241 180 16 128 40 102 16 190 192 49 81 66 145 66
    10 76 131 99 193 33 194 147 12 138 164 133 64 140 49 72 87 16 21 170
    20 120 97 116 112 68 49 39 224 20 225 111 27 172 56 5 240 28 156 73
    0 242 51 153 72 87 33 250 237 207 236 248 34 255 119 83 61 245 47
    202 159 189 124 207 157 253 254 109 182 87 82 115 125 247 157 118
    125 247 94 225 151 80 211 72 194 201 252 43 116 189 124 181 181 220
    119 107 223 137 169 63 219 125 251 158 57 223 115 237 243 219 93 218
    253 190 255 237 255 247 187 249 253 255 218 127 239 125 251 253 251
    253 251 114 253 87 159 252 239 255 255 191 254 87 255 255 255 237
    223 255 255 247 253 119 253 92 90 62 213 167 251 113 188 253 28 5
    240 189 156 73 86 254 183 189 222 95 32 254 233 206 236 232 34 255
    55 67 45 247 47 202 223 189 124 143 141 249 125 109 190 213 80 241
    85 119 157 246 109 247 94 193 147 208 243 8 193 200 252 43 116 189
    124 181 183 220 118 41 223 201 161 63 219 125 251 158 57 223 113 253
    211 219 92 218 55 182 113 39 253 160 186 8 218 57 194 125 228 67 129
    49 118 171 159 210 249 35 31 220 180 42 108 239 70 61 225 246 111
    169 78 183 255 179 237 254 201 76 18 142 193 97 139 87 185 126 8 99
    244 148 88 97 22 243 151 149 186 51 242 77 73 20 128 48 205 163 35
    120 0 34 194 6 128 200 3 3 76 109 65 212 248 37 66 209 2 120 248 236
    80 4 33 195 79 36 209 170 17 40 33 64 120 80 16 143 213 49 167 79
    152 172 24 5 240 29 220 65 16 178 51 181 8 215 36 106 185 54 118 39
    189 96 161 254 246 156 214 119 111 91 131 117 242 198 199 98 241 10
    173 118 238 170 112 139 222 15 227 255 125 36 84 190 119 50 169 244
    217 84 26 158 200 35 218 77 168 61 92 1 240 30 156 73 16 240 55 156
    90 7 36 249 250 57 255 247 254 231 92 183 222 189 215 59 255 246 146
    90 255 215 122 247 255 173 227 159 142 75 246 255 66 253 246 238 215
    47 7 191 223 125 243 119 120 93 245 111 205 61 191 111 255 174 137
    195 240 60 28 89 84 247 115 187 120 55 160 254 59 214 124 205 63 253
    221 121 191 220 223 253 253 124 109 245 191 244 194 187 244 122 211
    127 245 63 225 122 127 119 253 239 223 120 223 188 246 122 248 125
    125 93 255 47 244 183 245 111 187 190 153 15 242 29 223 93 62 243
    254 255 243 223 172 222 115 1 152 22 1 2 89 46 198 130 21 48 49 234
    130 82 106 18 0 71 6 47 193 39 28 138 178 13 66 136 48 40 214 38 4
    186 2 120 195 92 80 72 52 11 209 20 161 110 153 172 24 5 112 24 156
    65 16 242 51 185 88 23 32 250 35 37 113 138 16 4 5 15 231 70 40 16
    17 175 148 86 227 86 1 32 64 130 184 38 92 133 36 9 147 152 24 105
    96 38 4 186 0 112 1 220 2 66 28 137 20 16 68 204 17 36 80 4 32 24
    133 73 152 48 33 56 88 86 42 176 69 5 193 128 81 130 3 90 166 68 1 6
    129 136 161 71 74 117 32 100 2 5 194 99 14 208 24 45 16 10 16 9 214
    6 85 154 0 120 79 20 48 112 56 39 21 28 117 174 17 172 16 4 177 25
    156 2 16 34 50 189 72 85 32 250 252 59 247 181 254 167 43 247 236
    231 211 62 223 232 179 94 250 221 123 103 255 135 194 245 222 234
    188 239 208 156 242 171 215 45 87 191 82 124 229 116 120 92 56 46
    217 61 227 63 157 172 24 5 240 61 156 73 80 246 51 189 88 87 32 250
    64 0 130 49 72 130 170 1 16 187 2 7 146 192 1 2 12 11 161 195 204 37
    75 219 17 90 154 230 64 133 161 70 79 18 65 33 17 136 236 96 120 52
    48 174 213 117 147 107 57 200 24 1 245 93 88 200 23 251 151 181 0
    115 65 106 66 0 136 147 9 144 66 4 22 235 4 0 144 136 1 2 4 18 16 1
    136 17 202 41 32 128 8 6 16 9 1 71 53 146 16 33 34 205 38 130 16 160
    68 72 2 12 65 147 83 72 58 36 5 64 244 170 145 66 170 24 0 16 16 231
    186 153 207 215 55 149 93 41 239 133 21 250 191 250 54 94 255 214
    102 127 14 254 226 103 45 151 247 57 114 186 86 168 214 46 38 222
    194 121 218 85 48 217 181 111 145 28 245 46 147 174 147 5 122 25 148
    93 17 114 112 127 121 29 160 250 63 214 120 46 63 180 191 73 167 206
    139 100 173 47 233 117 246 254 7 112 224 114 144 124 116 156 97 91
    94 59 253 243 32 228 223 158 243 122 169 215 15 74 88 168 246 195
    212 95 136 191 16 5 104 5 237 109 24 210 59 140 218 223 42 176 251
    212 252 254 127 191 95 55 55 125 125 249 63 251 52 223 245 247 124
    251 247 123 241 59 248 111 227 127 127 121 253 239 215 236 150 246
    207 81 242 255 86 223 239 111 208 22 247 79 149 231 159 13 108 61
    159 221 58 247 123 159 219 254 46 253 39 178 109 130 63 184 153 88
