<?xml version="1.0"?>
<opencv_storage>
<ImageFile>"41.jpg"</ImageFile>
<Features type_id="opencv-matrix">
  <rows>314</rows>
  <cols>64</cols>
  <dt>u</dt>
  <data>
    60 255 125 252 54 125 253 125 253 254 254 189 125 62 253 239 251 252
    195 106 245 114 245 182 253 45 229 177 125 215 127 251 237 108 199
    254 223 115 249 125 254 223 127 63 212 247 247 110 191 173 158 15
    250 29 159 93 188 242 127 189 251 223 110 243 63 236 237 170 30 255
    117 111 245 116 124 181 125 62 253 252 251 244 99 104 245 86 216 119
    125 237 36 157 127 217 125 235 133 108 71 190 211 122 249 124 126
    223 124 175 84 150 117 239 157 172 155 12 242 29 159 93 56 242 107
    189 219 223 42 250 252 252 125 186 62 125 61 251 239 102 239 190 125
    190 253 255 251 244 103 96 61 210 181 54 221 253 245 185 251 223 255
    249 192 68 215 254 194 114 249 126 62 223 124 191 84 247 230 108 159
    173 150 13 234 29 135 93 184 244 105 188 95 222 42 178 254 252 125
    186 62 125 125 251 255 102 255 190 125 190 253 255 251 244 103 104
    61 210 181 52 221 253 245 185 251 223 255 249 192 68 215 254 194 115
    249 126 62 223 124 61 84 151 246 108 159 173 150 13 250 29 135 93
    184 244 105 188 223 222 42 178 62 222 109 175 183 253 159 185 189
    215 127 254 189 62 255 239 185 253 123 125 60 82 214 116 121 253 189
    57 127 219 126 185 196 108 247 222 195 123 169 127 190 223 125 63
    215 255 252 52 159 189 151 13 250 189 151 125 56 246 57 252 251 223
    46 250 60 254 127 233 186 253 247 249 253 255 254 253 253 63 253 236
    251 252 251 106 253 114 159 252 253 125 117 183 125 215 255 255 205
    200 207 254 247 251 249 126 255 93 127 183 117 247 126 115 191 253
    175 45 250 157 143 93 62 246 255 237 251 223 110 246 40 206 109 202
    34 93 149 39 125 254 126 133 29 54 125 230 203 208 193 41 212 112
    252 186 121 165 0 16 109 211 61 251 245 64 83 48 119 82 185 56 246
    223 108 62 22 150 100 104 159 41 254 12 190 13 135 28 156 226 43 252
    83 94 106 246 251 253 255 223 247 183 223 187 255 231 149 250 255
    238 183 95 255 247 126 127 63 255 247 119 255 255 247 127 123 249
    252 187 194 109 150 223 218 125 243 127 122 203 253 239 215 120 213
    63 157 174 146 15 120 189 157 85 56 246 121 191 255 223 42 251 253
    253 247 252 112 111 117 239 251 196 239 189 127 247 222 254 251 196
    251 103 55 137 118 151 255 239 246 221 235 158 254 169 228 103 101
    254 140 118 221 252 63 221 189 247 253 63 237 238 205 164 239 223
    240 31 20 77 252 252 73 233 91 70 43 248 253 252 125 253 254 127 127
    249 253 255 255 190 127 255 254 255 251 253 127 107 191 251 189 190
    253 255 255 187 255 223 127 255 251 205 215 255 223 247 241 255 254
    223 255 63 247 191 231 61 175 175 215 207 234 191 151 93 252 252 249
    255 255 222 239 191 253 252 125 249 254 125 125 253 253 127 254 191
    127 254 254 239 251 252 255 106 253 248 190 190 223 255 247 187 251
    223 127 255 217 206 215 255 223 247 241 255 254 223 255 63 245 183
    231 121 191 173 222 239 234 191 159 93 252 244 239 191 255 222 111
    189 191 255 125 250 55 253 213 41 255 215 252 250 253 126 252 220
    253 182 103 187 55 126 145 118 245 247 119 123 127 251 223 185 158
    238 239 222 254 121 251 125 127 223 255 125 151 247 117 111 175 191
    135 77 250 133 239 125 60 246 254 255 251 255 236 158 62 253 125 250
    55 253 213 59 255 82 252 248 125 126 252 252 255 182 103 251 119 122
    145 119 245 247 115 121 127 218 222 185 142 110 207 222 238 121 251
    124 127 223 254 109 85 247 117 110 183 191 135 76 234 5 239 93 56
    246 126 255 59 255 237 154 252 123 127 215 246 177 223 248 222 159
    247 123 239 210 208 88 114 215 126 111 111 172 131 253 175 255 255
    255 222 107 246 191 114 109 188 223 94 125 251 213 241 204 243 127
    235 174 216 55 142 183 23 243 232 190 159 111 196 126 57 91 125 29
    181 182 45 215 109 216 55 127 85 123 167 68 173 128 29 125 124 237
    245 252 103 98 118 250 176 50 94 191 133 88 249 90 92 249 210 102
    210 170 194 112 243 252 54 191 188 183 212 150 244 78 137 165 151 12
    122 29 135 93 57 246 113 191 90 214 47 249 238 205 236 216 98 31 93
    199 53 110 45 138 31 236 126 238 129 113 114 103 118 247 240 50 95
    226 166 25 217 252 62 233 226 20 86 235 194 126 210 248 210 255 60
    61 246 30 229 78 157 172 24 13 66 29 159 29 24 246 113 189 95 214 42
    249 255 253 125 222 119 255 95 57 255 103 189 250 191 238 252 223
    255 247 118 119 255 127 211 119 221 247 247 127 123 251 255 233 195
    44 215 190 202 121 251 125 112 223 253 239 213 20 245 111 159 174
    152 13 234 29 158 93 56 182 115 191 251 215 44 250 254 123 127 215
    246 185 223 248 222 159 255 123 255 210 208 120 118 215 126 127 47
    252 131 253 175 255 255 255 222 107 246 191 114 109 188 223 222 125
    251 213 249 205 243 127 235 174 216 63 207 191 151 231 234 191 159
    127 64 254 57 219 125 29 181 190 188 253 124 150 179 29 93 185 111
    69 191 126 189 126 252 116 247 178 68 112 95 246 145 102 251 118 241
    121 250 250 222 185 202 100 71 222 194 91 219 221 22 221 29 55 244
    54 244 44 129 175 145 13 250 31 155 93 56 243 121 61 123 30 42 216
    56 221 124 223 179 157 221 49 127 197 63 254 189 126 253 252 247 179
    68 255 31 126 145 102 249 118 229 121 126 222 222 49 234 108 71 222
    194 91 219 252 54 223 253 63 180 182 252 47 135 175 145 13 186 29
    155 93 56 247 120 61 123 251 42 218 40 238 109 201 254 189 190 113
    249 255 218 234 253 117 124 205 209 253 123 251 253 117 91 253 241
    126 63 182 108 213 61 226 223 76 206 169 219 123 253 112 252 95 122
    63 213 231 215 83 191 237 24 5 242 29 223 93 22 246 55 189 218 219
    106 250 76 46 239 249 122 127 167 255 189 254 206 190 81 190 251 238
    139 125 251 106 253 213 222 185 93 237 156 151 121 207 63 207 213 0
    87 235 17 250 253 62 124 61 124 54 119 159 103 233 159 44 62 53 211
    93 156 28 24 236 43 189 203 223 43 246 62 246 125 175 191 253 159
    125 255 222 223 252 253 62 253 245 251 246 67 120 245 114 211 116
    253 253 245 59 127 251 255 235 197 108 223 190 222 121 249 125 124
    93 127 175 213 181 244 111 187 190 153 13 242 29 158 93 56 242 123
    189 251 223 44 254 62 253 253 220 50 159 95 75 167 198 159 208 221
    124 252 94 181 245 98 111 150 125 208 99 253 246 231 93 98 254 92
    233 199 54 119 142 202 122 250 125 48 253 245 109 183 28 245 111 151
    174 184 79 242 29 191 93 57 243 115 255 123 255 169 250 127 207 108
    120 39 255 127 3 189 246 221 168 61 62 124 222 157 187 123 255 183
    119 209 119 209 127 253 255 105 247 255 225 207 92 199 174 203 120
    248 122 124 157 117 173 215 253 183 111 191 234 152 15 242 93 250 85
    58 247 255 181 187 251 232 74 242 113 122 215 63 149 223 9 214 235
    49 250 191 202 48 94 118 151 118 211 159 63 243 111 144 146 231 127
    82 185 245 122 99 44 6 191 218 125 242 247 210 74 161 79 147 124 145
    31 153 174 24 3 120 25 157 83 16 243 115 159 120 118 168 187 253 254
    247 233 254 255 167 253 253 253 254 255 255 63 251 253 243 245 255
    111 253 71 191 253 255 237 125 191 255 95 123 255 253 101 127 255 86
    247 189 244 255 95 122 190 93 167 88 245 173 189 94 45 250 191 143
    77 244 252 43 188 223 79 46 253 60 190 127 235 255 245 167 249 253
    255 222 127 189 63 251 228 219 253 219 106 253 115 159 252 121 125
    93 183 252 211 127 223 253 201 223 53 245 251 253 63 125 93 123 182
    85 165 222 113 190 253 157 45 247 229 220 253 110 204 255 141 219
    223 44 86 252 236 255 221 114 87 255 231 253 244 77 156 87 182 255
    238 139 85 249 111 30 217 238 185 125 253 156 181 109 203 62 255 245
    69 117 251 22 255 253 62 50 125 253 54 63 158 125 176 223 168 127
    181 217 127 180 206 216 236 41 105 93 77 51 246 44 44 237 184 30 127
    165 127 245 252 222 53 125 126 251 228 243 252 67 98 245 115 209 247
    93 236 132 133 122 222 63 235 207 44 71 186 94 122 233 124 120 93
    126 46 84 247 247 111 185 172 152 13 242 29 156 89 56 242 59 189 91
    79 40 250 47 142 238 169 63 189 165 93 189 255 224 201 159 57 61 79
