<?xml version="1.0"?>
<opencv_storage>
<ImageFile>"410.jpg"</ImageFile>
<Features type_id="opencv-matrix">
  <rows>399</rows>
  <cols>64</cols>
  <dt>u</dt>
  <data>
    43 222 109 203 175 189 21 57 191 126 60 138 157 61 127 237 213 247
    121 56 252 86 218 120 121 229 45 122 253 209 95 235 213 108 211 104
    210 123 184 122 118 223 110 191 84 150 244 101 159 157 158 12 254
    157 159 93 56 246 123 188 211 223 46 249 237 206 238 217 239 159 223
    153 189 255 44 203 159 251 126 205 129 253 255 43 252 119 90 127 115
    119 191 54 125 219 127 243 255 88 198 97 243 249 249 248 254 127 110
    63 213 118 213 107 189 237 24 13 247 93 221 93 62 246 247 189 251
    219 40 251 250 205 255 255 234 221 241 175 255 245 95 223 159 254
    255 254 191 147 248 47 254 127 246 119 255 255 150 127 111 251 94
    191 167 243 99 116 247 219 250 126 211 63 237 118 189 158 249 175
    255 138 175 255 255 71 185 255 125 255 123 237 251 253 155 223 110
    237 236 250 39 159 95 15 253 247 149 186 191 187 62 206 217 177 123
    251 191 119 83 255 81 115 246 191 107 221 253 225 207 108 198 175
    203 125 241 122 124 223 124 173 215 125 119 111 191 174 152 13 226
    29 223 92 56 247 115 189 251 251 234 251 250 205 255 255 226 223 209
    167 255 245 95 223 159 254 255 254 255 147 248 47 190 125 214 119
    255 222 212 127 111 251 222 191 135 243 99 116 246 219 254 126 211
    189 237 118 189 158 253 175 253 202 171 255 255 71 184 255 127 255
    122 237 243 109 159 222 248 206 110 207 238 255 218 177 61 255 126
    207 158 127 125 236 245 243 125 235 244 117 191 120 123 127 63 62
    253 211 255 247 247 101 95 113 211 127 253 254 247 93 120 63 215 150
    254 127 157 237 28 5 252 13 157 205 18 246 51 189 223 95 40 190 250
    222 110 207 238 253 219 177 63 255 126 207 159 127 125 237 245 247
    125 235 252 117 191 121 123 127 191 62 255 211 127 255 247 101 95
    241 211 127 249 252 242 94 122 62 215 150 217 127 157 173 28 5 252
    29 157 205 16 246 115 189 95 95 42 187 157 187 223 247 254 249 249
    250 90 189 215 127 255 251 210 216 127 215 252 107 239 109 227 251
    175 255 243 255 254 107 247 255 95 117 125 251 95 253 249 119 85 93
    251 63 233 5 255 127 143 191 9 247 248 191 158 77 100 255 179 235
    221 31 165 254 173 222 116 77 187 121 167 240 57 213 236 235 254 61
    238 237 237 184 239 249 117 250 59 240 113 127 81 242 253 87 255 151
    221 113 115 88 209 217 249 44 127 159 122 55 245 115 126 97 172 211
    237 44 218 143 202 12 62 213 245 165 211 251 164 90 251 253 255 223
    246 95 221 239 255 253 125 253 127 255 254 254 255 247 127 111 62
    207 181 63 255 255 255 63 255 219 254 191 240 111 124 255 210 119
    255 254 211 222 248 254 223 30 253 190 205 173 86 141 248 31 135 79
    208 244 105 189 95 92 58 185 128 130 6 101 232 240 170 129 56 187 2
    79 194 113 66 1 108 203 173 227 197 37 11 216 192 94 185 230 196 7
    163 118 215 48 93 33 91 184 232 98 112 92 56 63 209 4 243 123 153
    205 24 3 244 29 152 73 22 211 19 181 80 115 32 234 31 188 254 249 63
    255 250 119 61 255 223 252 222 124 126 252 157 185 251 251 245 117
    218 251 253 127 242 247 125 247 255 231 223 208 215 36 255 251 248
    123 120 189 239 109 245 21 247 107 191 238 155 79 244 93 216 93 63
    215 255 191 251 251 237 206 45 174 229 156 27 207 45 95 165 108 136
    161 253 175 188 79 171 117 227 32 244 127 90 111 85 253 151 53 56 90
    61 69 207 102 119 186 128 248 249 124 36 253 108 175 31 244 117 107
    144 164 56 12 162 29 158 12 24 166 123 189 155 79 40 114 46 238 109
    169 159 253 129 253 253 255 222 252 253 60 255 229 217 252 67 240
    245 114 222 252 125 189 53 163 255 223 123 254 205 236 207 158 222
    243 233 62 127 93 102 175 84 247 118 113 187 252 158 12 242 157 204
    93 56 240 235 189 219 223 106 254 165 238 117 4 216 205 167 120 235
    69 142 111 204 127 204 165 235 161 143 100 117 104 58 244 243 125 29
    186 172 30 75 5 156 103 97 154 128 146 253 30 85 149 24 183 109 106
    252 165 129 53 193 60 208 6 2 15 60 92 64 37 194 207 37 88 123 77
    108 254 199 237 89 35 61 102 95 142 188 236 124 238 239 80 21 244 62
    254 129 59 91 222 178 24 251 211 62 169 210 39 117 251 195 103 208
    126 146 255 221 110 95 159 239 190 141 5 82 132 234 31 135 13 153
    230 121 185 93 70 2 179 220 43 147 245 248 227 250 247 88 187 106 31
    195 194 219 234 43 205 249 111 15 173 238 155 175 207 187 231 196
    203 50 190 119 147 125 251 52 255 255 87 241 100 243 118 111 142 89
    179 207 141 127 243 217 254 52 234 197 204 9 107 77 37 145 182 126
    253 254 249 255 191 223 169 191 119 223 254 159 254 255 92 209 247
    122 246 255 119 210 127 255 246 255 127 254 251 255 171 151 222 199
    207 210 125 255 123 60 253 237 125 245 156 245 63 223 174 153 237
    255 253 222 255 120 255 251 191 251 249 249 254 58 49 136 246 55 179
    216 42 214 170 87 116 189 66 16 82 52 151 66 211 199 63 195 87 169
    154 230 31 82 249 245 234 95 60 135 182 255 24 250 85 120 108 183
    105 195 101 179 111 187 174 153 67 240 29 252 81 19 51 55 251 57 51
    160 234 42 222 101 168 30 253 161 89 253 124 238 69 125 125 121 229
    243 244 199 32 244 98 152 127 125 172 5 134 126 215 121 223 229 238
    75 60 246 178 233 188 255 85 74 142 68 226 116 227 168 61 152 8 242
    21 143 89 60 242 231 172 210 207 46 252 128 34 3 97 232 208 170 193
    104 187 34 75 192 113 65 1 12 137 175 203 205 37 11 216 129 95 157
    230 4 6 163 82 95 24 65 36 89 184 232 96 108 28 56 63 213 101 178
    123 184 205 8 67 244 93 88 73 6 211 151 181 96 115 96 122 255 255
    254 249 255 191 95 129 191 119 223 254 191 254 254 93 253 247 126
    247 255 247 147 127 255 246 255 127 254 255 254 171 151 223 199 239
    210 125 255 127 124 221 237 125 213 92 245 63 223 238 152 141 243
    253 222 255 120 255 113 191 255 249 185 254 41 206 255 201 232 253
    167 241 185 253 78 207 221 61 125 173 143 253 249 42 244 85 94 249
    123 125 29 182 109 211 63 223 223 211 251 1 245 219 252 42 125 61
    106 183 125 229 127 243 191 217 173 255 215 229 138 254 127 206 222
    237 211 207 93 214 237 174 255 249 122 119 255 247 57 255 238 219
    223 253 187 239 153 253 251 43 253 253 94 251 219 111 150 246 108
    213 127 231 223 83 87 33 247 252 253 124 124 61 250 183 253 245 247
    235 189 236 136 223 243 125 156 93 127 254 119 191 219 255 105 254
    243 177 131 55 220 164 219 16 198 175 17 91 203 203 18 25 124 103 50
    151 234 47 195 77 142 250 255 111 18 57 227 47 71 189 159 191 250 45
    106 119 96 72 163 233 219 88 189 55 120 156 24 67 228 176 28 227 65
    179 51 155 188 215 48 166 44 238 111 233 254 191 231 249 61 255 238
    251 221 127 253 237 225 221 253 106 245 117 158 121 127 239 41 39
    253 95 59 255 247 99 95 187 118 251 253 180 247 95 122 62 85 150 93
    211 157 45 28 5 241 29 143 73 16 244 35 188 90 95 34 249 252 239 255
    221 250 255 247 245 249 253 238 219 223 117 251 236 187 233 251 111
    255 253 126 250 249 111 23 246 237 215 255 191 255 83 99 109 223 251
    253 188 127 61 251 183 253 191 127 243 191 221 239 255 209 255 153
    92 119 221 115 239 251 255 109 254 251 221 108 190 127 47 95 27 191
    111 63 219 191 236 124 253 244 247 20 181 230 254 144 111 111 198
    175 31 218 121 125 105 210 237 222 251 238 127 147 245 210 223 207
    73 210 30 228 95 197 181 16 4 106 181 191 63 88 182 123 186 223 220
    58 177 187 213 124 123 255 189 223 24 191 87 189 234 191 123 100 93
    245 183 126 247 247 118 19 119 241 119 245 127 127 127 221 177 142
    124 134 134 219 25 250 249 126 223 127 237 213 121 247 47 191 191
    144 15 250 165 216 245 58 183 246 191 187 251 236 91 12 206 254 253
    42 253 240 119 61 253 78 205 222 124 127 238 189 249 233 171 244 125
    254 251 121 127 148 246 109 215 191 231 215 242 115 32 247 219 248
    58 125 61 239 39 253 23 247 107 189 200 169 95 246 93 152 76 55 215
    247 239 211 123 15 254 222 50 27 247 38 113 250 181 88 187 123 223
    209 18 83 242 61 206 252 203 12 177 238 152 169 223 191 226 197 227
