<?xml version="1.0"?>
<opencv_storage>
<ImageFile>"411.jpg"</ImageFile>
<Features type_id="opencv-matrix">
  <rows>402</rows>
  <cols>64</cols>
  <dt>u</dt>
  <data>
    122 220 255 255 254 255 223 9 255 255 25 202 253 108 125 95 255 247
    122 251 254 119 219 127 253 247 247 127 127 243 255 239 199 236 223
    63 218 121 248 123 124 93 109 237 215 92 245 63 159 172 152 13 246
    29 156 125 24 246 115 191 251 223 56 254 111 38 124 56 75 191 47 1
    53 126 192 32 188 111 44 85 212 187 195 240 241 119 83 247 208 104
    228 220 104 212 237 225 207 24 199 164 249 8 177 104 108 31 28 141
    213 113 231 79 187 238 152 8 226 29 89 81 62 243 215 181 186 243 234
    72 251 222 255 255 239 189 255 153 255 255 121 203 191 125 116 29
    255 247 125 107 254 127 219 125 255 255 255 62 127 115 127 255 199
    239 95 61 243 253 252 107 125 94 234 255 223 88 253 51 157 217 24 45
    244 189 156 239 121 254 243 191 242 223 24 190 124 191 253 252 54
    191 125 123 245 124 214 183 223 254 188 94 180 223 251 251 245 125
    210 247 253 106 230 215 124 245 253 233 223 90 215 164 255 122 248
    125 252 191 255 103 245 181 231 111 191 174 169 207 242 29 219 93
    119 247 127 255 251 251 239 223 250 249 239 214 118 127 219 251 222
    129 253 254 255 210 246 252 251 213 126 127 23 191 225 246 175 223
    247 61 215 254 118 184 214 45 54 223 202 125 219 213 89 217 181 63
    217 60 245 46 159 175 147 135 248 63 148 91 80 246 113 255 125 31 32
    250 187 221 124 206 191 157 223 25 191 87 61 202 191 123 116 93 245
    247 36 243 214 118 145 118 245 215 241 123 127 123 215 97 214 108
    214 158 202 121 250 243 118 223 125 45 213 84 245 47 145 175 16 13
    250 29 223 93 24 243 114 189 123 223 44 250 125 62 253 249 58 253
    119 253 253 252 238 149 93 253 187 231 251 252 203 107 252 243 222
    190 93 107 164 150 121 213 125 239 255 96 87 188 215 250 241 124 254
    95 122 54 212 167 199 111 185 172 159 13 242 29 159 77 60 246 123
    189 219 214 46 254 122 159 254 223 103 223 223 7 63 212 31 204 159
    254 127 220 253 179 120 190 215 127 83 103 243 119 247 124 47 254
    222 163 135 127 67 133 250 88 254 121 52 29 229 237 149 252 245 111
    245 170 137 79 178 101 250 223 123 247 122 183 243 249 220 218 125
    61 255 93 248 151 251 242 218 191 213 191 215 224 155 74 250 197 250
    39 255 125 194 223 159 250 182 255 72 207 119 251 215 23 5 191 158
    253 255 125 120 124 251 110 247 60 209 127 191 172 24 199 241 125 28
    75 84 254 123 251 250 247 121 246 125 125 255 252 54 111 121 255 209
    196 253 181 127 246 223 254 251 220 227 110 55 252 228 183 223 175
    226 217 249 94 254 233 250 102 53 254 159 118 217 245 62 221 191 118
    252 183 231 238 143 166 239 223 250 30 20 77 236 182 105 251 91 110
    175 248 122 252 255 159 63 157 93 41 239 229 61 186 191 190 253 94
    247 215 48 123 158 87 210 101 253 214 237 127 114 185 221 110 135
    172 69 158 194 89 227 87 50 219 109 45 149 28 213 47 151 172 145 13
    60 29 189 111 24 246 120 253 121 93 42 254 124 49 251 188 16 103 125
    127 196 100 245 176 115 202 150 94 123 84 115 71 59 175 225 135 158
    235 167 141 83 156 116 232 195 46 38 190 130 60 97 124 58 202 181
    235 255 57 37 238 27 164 251 208 96 24 20 81 208 178 107 251 57 70
    33 251 83 23 210 246 255 162 78 26 50 121 16 99 174 219 34 25 116
    239 41 214 228 45 82 115 198 218 242 127 90 48 225 103 151 171 214
    180 123 88 241 117 100 76 58 207 201 81 247 79 152 174 24 1 240 60
    156 73 17 178 55 159 88 87 180 90 199 50 80 35 217 240 167 204 232
    59 170 115 160 79 131 17 107 229 139 64 233 163 15 124 6 221 121 43
    150 15 35 87 117 167 93 59 113 176 45 86 109 68 74 157 69 193 158
    145 152 108 24 32 196 150 140 97 128 112 129 148 204 23 48 52 124 49
    253 252 16 231 127 127 212 238 245 177 117 235 151 78 251 204 115
    111 191 41 230 183 157 235 166 157 67 156 112 233 199 38 38 191 150
    124 113 124 122 234 181 239 247 49 71 110 155 172 251 195 96 28 20
    93 216 178 107 219 91 86 33 243 255 252 239 255 254 127 253 254 249
    253 252 251 255 251 182 255 251 253 123 107 255 253 127 255 255 255
    183 191 251 127 127 239 215 239 213 254 255 253 249 127 126 255 255
    255 221 49 247 235 253 236 26 207 244 189 156 77 60 246 243 191 251
    215 175 255 255 252 255 127 254 127 253 254 249 255 124 251 255 251
    182 95 251 255 59 107 255 253 123 255 255 255 247 191 251 123 127
    239 215 238 213 255 255 253 249 127 126 95 251 255 221 113 247 239
    253 172 24 223 244 61 156 77 60 246 243 191 250 215 111 255 40 141
    239 220 34 127 249 119 53 252 87 197 95 252 63 78 137 248 227 107
    246 125 210 243 89 43 134 150 104 213 61 235 223 50 83 168 215 120
    248 120 120 61 253 47 244 53 247 111 153 172 152 79 240 29 156 93 25
    243 115 191 91 119 41 250 92 33 255 181 250 183 186 245 84 235 211
    54 209 196 147 66 248 217 91 198 253 53 194 219 158 122 186 238 64
    196 183 235 79 49 85 171 95 120 233 84 120 76 149 14 229 13 227 111
    159 172 24 3 242 93 28 89 68 243 51 185 88 23 96 254 251 157 154 247
    111 230 217 167 30 253 87 223 191 218 19 62 125 219 184 155 246 63
    231 127 187 203 246 127 94 241 247 239 135 187 49 117 255 77 250 121
    121 221 231 232 255 17 187 111 255 218 155 203 244 165 184 241 119
    179 255 251 243 191 157 206 122 153 154 247 39 231 249 167 158 191
    85 205 183 202 19 62 125 219 120 223 254 47 231 95 187 235 246 254
    83 241 246 238 231 187 43 53 247 13 250 121 89 124 243 238 251 113
    187 127 255 202 155 211 244 109 188 209 83 243 255 251 243 55 145
    254 111 179 239 119 247 183 251 248 252 159 212 251 239 123 145 77
    162 253 127 255 245 111 195 247 46 250 183 183 126 94 116 187 255
    109 158 191 223 57 249 61 89 124 187 142 209 97 219 127 185 189 24 1
    241 189 156 65 112 246 119 159 122 215 36 251 120 76 191 218 98 95
    119 63 167 230 111 132 29 188 127 174 255 246 121 110 182 243 212 51
    89 237 172 28 121 209 127 235 241 36 83 56 211 66 240 106 54 95 124
    47 85 190 229 110 157 168 158 13 242 29 149 93 25 246 123 188 89 86
    10 250 13 141 238 253 34 253 250 117 57 247 71 204 218 116 63 238
    137 121 225 235 246 125 82 243 121 123 150 246 108 247 55 227 223 80
    67 32 219 91 248 57 120 61 253 39 245 53 247 107 155 234 169 79 240
    93 152 92 63 211 115 191 115 251 105 250 58 158 246 134 63 205 157
    63 255 252 95 245 63 62 248 252 255 246 97 241 241 22 245 117 219
    236 236 91 122 218 255 239 205 44 103 190 215 122 233 124 85 93 117
    46 204 54 244 109 153 172 152 13 242 29 156 73 48 242 51 188 91 95
    42 250 188 254 127 221 254 253 255 249 253 255 126 255 223 127 253
    236 251 213 127 107 253 125 174 124 125 255 183 63 255 91 127 255
    247 101 125 251 86 127 249 244 247 92 122 63 215 134 253 119 141 173
    30 5 248 31 159 77 16 246 51 189 95 95 34 190 206 170 199 225 223
    251 162 152 252 185 210 127 235 151 235 233 9 93 255 223 237 5 110
    253 39 221 25 167 222 79 35 222 93 235 223 243 127 255 109 54 125
    116 122 62 77 237 126 241 124 125 28 128 215 247 140 170 86 204 167
    189 204 31 52 126 47 191 239 117 247 183 219 248 252 159 212 251 239
    123 145 77 178 245 127 255 245 111 211 119 47 250 183 183 126 94 116
    187 254 109 158 191 222 57 249 61 93 124 187 174 209 97 211 111 185
    189 24 9 241 61 156 77 112 246 119 159 122 215 44 251 210 205 142
    223 231 159 222 163 63 193 61 202 158 250 110 190 181 147 60 191 30
    253 243 99 123 87 211 126 165 251 222 51 159 127 112 65 202 79 250
    235 242 191 237 125 185 30 253 47 215 203 131 207 191 75 251 255 115
    87 112 127 113 121 155 203 250 255 254 253 238 255 250 183 95 249
    223 223 223 244 123 254 253 155 123 255 255 221 231 191 251 127 255
    254 109 247 254 254 239 249 109 117 223 255 252 127 123 93 255 126
    255 191 255 191 255 203 223 223 255 255 152 223 215 255 255 255 255
    123 155 254 218 205 142 223 231 159 222 161 63 241 61 202 158 248
    126 190 181 147 124 191 30 253 211 99 123 87 211 126 189 243 222 55
