<?xml version="1.0"?>
<opencv_storage>
<ImageFile>"412.jpg"</ImageFile>
<Features type_id="opencv-matrix">
  <rows>412</rows>
  <cols>64</cols>
  <dt>u</dt>
  <data>
    56 207 124 238 35 95 241 103 61 84 126 213 29 126 253 236 243 154
    193 106 244 114 208 115 121 47 128 20 109 210 124 233 254 96 67 176
    215 90 217 124 246 159 60 39 212 151 247 110 153 172 157 13 242 29
    155 93 50 242 123 189 91 95 42 249 40 207 252 222 35 95 114 111 61
    80 102 149 29 122 252 236 242 154 65 102 84 113 208 115 89 10 128 28
    105 208 28 233 222 36 67 186 211 90 217 124 246 159 60 7 212 151 247
    110 157 172 153 13 242 29 155 89 16 242 51 189 91 95 42 219 173 207
    255 73 50 221 229 255 189 213 172 203 223 253 254 205 203 253 239
    107 244 95 122 247 119 127 21 54 125 223 94 235 207 74 99 190 210
    249 253 60 125 61 124 183 221 112 117 227 189 172 184 61 242 29 158
    68 56 212 115 173 219 223 45 250 171 222 238 107 239 253 247 153 61
    255 124 207 190 61 111 253 245 255 189 187 252 87 31 125 115 127 121
    182 255 83 255 247 255 233 219 117 255 219 252 187 255 223 106 60
    213 247 218 241 189 223 30 45 253 229 219 255 126 223 254 173 211
    219 30 223 173 207 116 201 131 125 165 241 61 85 174 235 222 61 238
    205 201 184 231 233 117 246 16 240 113 127 81 240 253 86 222 145 222
    82 115 200 209 89 249 44 127 159 126 183 84 119 126 228 168 149 160
    44 218 143 203 12 62 212 116 37 83 251 45 90 58 151 124 220 239 157
    223 1 63 86 31 12 157 124 61 85 180 251 64 242 246 127 210 115 241
    118 230 124 124 246 221 227 199 120 195 44 219 74 250 105 52 29 221
    237 245 244 247 111 157 174 152 79 242 29 154 89 57 211 123 191 242
    251 168 250 109 174 239 201 126 255 135 255 253 254 142 254 255 188
    255 207 219 245 123 43 245 87 90 247 125 117 29 183 109 223 95 203
    207 76 199 190 218 120 253 60 124 93 126 175 85 244 117 235 189 172
    136 13 243 29 156 92 60 246 115 189 251 223 108 250 71 6 68 162 201
    142 39 73 44 109 10 79 140 111 204 5 227 117 1 96 204 103 154 104 94
    220 57 47 186 10 43 79 87 231 93 187 0 242 109 78 101 84 8 171 69 24
    252 145 153 36 24 36 225 29 140 43 24 252 51 189 72 87 48 248 60 189
    255 253 54 253 249 127 253 255 215 252 255 252 255 238 155 221 242
    107 183 127 210 255 253 247 246 247 109 255 127 235 207 90 231 238
    222 251 250 121 248 253 255 101 183 181 247 111 191 170 171 207 248
    29 252 92 61 247 255 255 251 187 239 254 226 205 104 218 103 30 93
    11 39 103 61 138 63 234 116 95 149 55 52 181 30 246 177 47 87 215
    179 63 51 187 92 97 130 172 146 75 202 76 242 251 34 235 109 233 151
    92 244 15 215 163 146 12 47 33 231 190 25 183 112 63 191 248 216 171
    227 197 232 222 39 158 93 15 167 103 45 136 63 234 52 127 129 118 52
    179 158 255 240 43 86 199 163 63 19 185 92 97 163 190 150 219 194
    109 178 251 34 234 108 233 146 94 197 26 85 170 18 13 45 25 183 190
    153 182 112 62 221 244 154 185 252 185 255 245 126 247 251 255 221
    191 214 255 255 216 187 206 186 221 251 255 255 127 231 223 191 123
    246 247 92 247 246 238 207 59 167 245 255 253 248 125 248 253 243
    127 251 37 179 111 255 254 191 223 241 253 220 85 119 255 255 255
    251 191 253 255 185 221 254 255 55 109 253 255 191 253 125 255 63
    254 255 254 251 212 127 107 62 218 247 62 127 255 183 59 255 219 126
    191 240 103 53 250 214 119 251 252 115 223 253 126 222 150 125 188
    205 173 118 157 216 31 181 77 152 244 105 127 223 12 35 190 250 221
    190 255 103 223 218 135 63 209 63 205 62 190 126 254 189 179 124 255
    183 95 247 51 243 79 249 126 127 247 222 231 173 253 99 85 235 79
    250 251 243 159 237 127 191 31 255 46 221 195 223 143 255 103 243
    255 123 223 252 253 243 121 154 203 186 221 223 207 103 223 217 175
    255 213 95 221 191 126 124 252 255 247 124 63 182 95 247 103 251 247
    245 126 127 243 222 191 134 237 115 84 247 75 250 123 113 221 229
    119 189 30 253 46 199 155 199 159 254 167 178 255 121 247 122 107
    243 157 159 222 255 253 255 255 255 255 223 249 255 255 253 251 255
    255 246 253 255 247 126 255 255 255 243 127 255 255 255 127 255 127
    255 191 215 237 158 255 222 125 255 247 95 223 239 127 223 31 253 63
    221 191 30 207 250 255 158 255 120 254 241 191 255 221 190 190 126
    28 251 183 223 239 187 77 191 239 83 95 159 110 187 116 251 215 49
    99 204 53 202 121 95 218 186 47 82 123 63 239 87 165 93 187 18 254
    233 118 80 92 76 42 213 28 245 127 157 172 24 5 242 29 156 73 24 178
    51 185 88 87 32 254 253 221 238 253 247 255 255 254 189 253 255 255
    159 252 254 239 171 253 127 111 62 255 246 59 127 255 187 55 125 87
    126 175 215 103 189 251 214 255 255 191 223 255 255 127 255 159 127
    179 205 181 126 189 203 255 183 174 249 190 121 255 223 175 159 183
    158 186 27 229 190 113 248 240 88 187 122 223 195 16 91 243 125 206
    189 43 76 168 238 216 173 223 55 226 220 99 55 190 119 176 189 97
    127 253 232 53 121 68 243 126 231 132 90 113 170 217 126 231 220 167
    188 104 151 208 61 79 69 31 101 182 185 221 126 223 51 109 253 255
    189 253 125 157 63 190 255 238 251 212 125 107 62 250 229 62 125 239
    179 59 255 219 126 191 240 101 53 250 214 119 249 253 115 223 253 62
    190 150 125 124 141 173 119 141 216 31 181 76 152 244 105 125 95 14
    34 191 239 222 239 107 255 254 135 138 189 255 44 203 159 187 254
    223 201 253 189 45 188 87 250 121 127 247 29 55 127 91 114 127 149
    233 255 99 115 253 253 62 119 223 106 189 159 88 124 177 253 153 62
    188 221 229 175 238 120 220 34 189 219 221 28 250 167 206 108 203
    255 157 159 17 61 87 29 202 159 63 124 77 129 245 60 185 212 119 26
    120 113 246 25 55 191 123 31 19 151 252 219 67 250 89 250 51 119 191
    106 189 149 220 252 49 148 221 144 13 223 229 250 190 56 215 242 61
    211 219 62 250 178 249 186 127 191 208 218 173 222 187 213 255 191
    90 19 254 125 147 126 155 207 63 231 95 189 215 247 127 71 255 199
    254 143 189 47 247 254 61 250 127 121 93 225 125 191 117 185 63 255
    238 155 195 252 133 252 243 83 243 254 123 191 125 184 222 251 207
    238 221 230 221 221 167 47 231 121 206 159 236 127 238 157 249 124
    239 190 255 246 123 91 119 183 126 61 247 126 27 215 118 89 11 210
    109 250 106 118 125 237 127 159 30 253 179 223 136 28 181 243 221
    148 254 201 247 113 127 213 249 11 254 235 207 238 221 230 221 221
    183 47 247 57 206 158 252 126 238 141 241 124 239 158 255 246 123 91
    119 183 126 61 242 62 19 215 119 83 11 210 125 250 235 118 125 237
    127 159 30 253 191 223 137 28 141 243 221 156 254 89 247 113 191 95
    249 9 250 8 138 172 137 138 93 128 165 63 240 14 141 89 52 127 228
    221 24 193 160 212 80 126 128 89 69 28 64 173 214 159 194 173 64 67
    32 92 194 233 40 182 29 68 54 84 246 118 96 191 72 207 12 150 13 144
    89 182 192 10 36 83 75 106 194 254 59 231 213 255 159 95 75 239 103
    187 58 255 254 244 94 242 213 127 102 31 255 146 119 94 222 183 63
    242 154 124 169 210 39 86 155 194 124 247 222 20 89 220 79 221 28
    237 31 157 172 16 5 114 29 149 75 88 246 113 191 88 86 48 248 58 252
    239 234 54 255 221 55 255 254 254 253 127 190 127 254 253 255 123
    251 245 87 83 247 249 111 244 255 111 215 255 235 223 104 199 244
    255 123 249 125 122 223 255 61 215 247 247 111 191 252 143 207 250
    61 219 93 126 247 127 255 251 251 110 254 186 253 255 254 54 127 221
    183 255 254 255 253 127 254 127 254 253 251 122 251 245 117 245 247
    251 111 246 223 111 247 254 235 207 120 199 244 255 123 248 125 122
    223 255 63 245 183 247 111 191 238 143 207 250 29 219 93 126 247 127
    255 251 187 238 222 195 141 130 215 237 68 208 135 62 241 37 203 130
    219 35 175 107 209 53 231 79 143 247 51 79 223 179 43 211 10 50 55
    215 39 85 250 82 117 233 116 112 92 56 191 221 20 253 239 153 172 24
    5 240 31 156 73 16 240 49 189 92 85 32 250 44 174 231 170 42 127 165
    103 253 252 94 149 93 182 255 206 219 248 227 42 245 85 94 255 217
    253 148 183 109 211 127 206 133 200 99 36 253 218 249 110 108 29 102
