<?xml version="1.0"?>
<opencv_storage>
<ImageFile>"413.jpg"</ImageFile>
<Features type_id="opencv-matrix">
  <rows>176</rows>
  <cols>64</cols>
  <dt>u</dt>
  <data>
    191 254 125 239 255 189 221 152 255 127 189 251 175 123 244 253 247
    247 63 249 245 94 185 124 239 255 115 123 255 123 255 127 247 236
    222 223 250 117 185 247 119 222 122 63 216 18 252 29 137 181 22 5
    232 183 159 109 152 246 113 158 222 223 38 185 187 254 125 239 255
    189 221 24 255 93 189 251 175 123 116 253 247 246 63 249 228 66 177
    124 239 255 97 123 255 123 253 127 245 236 158 222 218 117 185 247
    215 222 122 63 216 22 220 29 137 181 86 5 104 183 159 109 152 246 51
    158 220 95 38 185 191 252 127 239 255 125 221 223 255 255 253 249
    127 187 252 253 251 244 63 105 253 218 189 60 239 255 251 59 255 123
    127 255 241 229 60 223 210 119 185 247 211 223 123 63 218 150 220 61
    205 181 86 133 232 183 135 109 144 246 41 156 223 94 34 189 235 205
    234 254 247 207 95 11 47 69 189 250 191 238 118 95 169 117 60 247 14
    255 243 99 119 215 179 63 115 58 30 41 150 47 54 219 194 125 255 127
    50 251 189 105 159 28 253 190 213 166 16 141 105 119 180 175 89 254
    113 63 89 125 153 250 243 221 234 222 247 207 95 11 47 69 189 250
    191 238 118 93 249 247 60 247 14 127 243 103 119 215 243 63 115 58
    86 41 134 47 22 219 194 125 255 127 112 251 189 105 157 28 253 190
    213 166 16 141 105 53 180 235 89 246 112 63 89 125 184 250 12 230
    109 12 38 125 184 113 185 158 254 213 92 52 125 224 129 220 199 232
    244 114 4 242 237 45 165 208 109 86 61 248 248 120 205 172 222 114
    136 177 251 223 27 14 244 230 210 78 171 189 22 7 248 29 143 77 150
    195 59 188 115 94 98 177 246 59 210 119 223 162 66 154 238 41 144
    123 174 195 162 89 122 215 59 215 207 143 75 127 134 218 251 111 146
    29 226 38 215 175 22 255 90 61 127 119 96 72 170 91 201 92 189 183
    220 236 24 209 245 250 156 235 80 188 177 31 92 117 180 122 247 59
    211 87 255 162 79 158 254 57 144 123 175 203 162 91 124 247 62 151
    79 143 107 127 134 219 251 111 146 25 226 38 215 175 22 255 122 61
    127 119 112 72 234 127 201 88 189 183 220 172 24 209 245 250 156 227
    80 188 241 31 220 117 149 250 242 185 251 246 119 146 93 47 214 139
    213 250 255 202 150 94 250 151 126 223 7 15 227 119 135 219 247 63
    82 184 228 168 223 45 38 191 202 60 243 117 120 202 177 105 219 125
    149 111 255 174 152 195 96 61 252 91 80 247 115 251 56 117 176 251
    57 18 108 161 255 177 175 56 52 127 210 99 172 93 33 5 84 253 203
    176 240 119 219 124 0 120 248 246 124 85 229 231 95 232 219 36 119
    248 168 97 124 85 90 14 197 225 215 75 186 254 24 5 246 157 222 89
    38 243 183 149 194 155 44 94 57 18 108 161 255 177 175 120 60 127
    210 99 172 89 33 5 84 253 203 176 240 119 155 252 0 120 121 246 124
    85 229 231 95 232 219 36 119 248 168 97 124 85 74 15 197 225 214 75
    186 254 24 5 246 157 222 89 54 242 183 149 194 155 44 94 47 150 109
    136 62 253 159 121 189 126 30 221 221 61 252 69 137 245 67 32 212
    114 210 123 125 245 181 55 124 91 61 107 215 100 215 186 210 120 233
    117 116 93 122 47 213 20 245 111 153 172 24 13 242 29 156 73 24 242
    51 189 90 223 40 250 62 241 125 136 54 157 31 125 167 70 189 176 93
    60 252 215 253 244 66 121 16 112 208 114 221 245 229 121 121 220 221
    169 212 124 215 142 202 120 169 93 52 155 125 47 148 20 244 110 147
    172 145 13 114 29 151 93 56 242 51 188 89 223 44 250 60 179 125 152
    18 221 7 124 167 70 173 176 93 124 180 85 255 246 67 100 51 114 240
    50 220 245 229 125 115 156 221 169 212 68 215 158 66 112 177 92 52
    219 60 47 212 28 245 14 147 172 144 12 114 29 150 93 56 242 51 189
    89 223 40 250 191 254 253 231 191 253 223 57 255 253 222 255 191 127
    244 253 247 247 103 251 245 119 251 127 253 254 245 127 126 91 255
    239 223 108 215 190 222 123 249 253 94 93 123 47 213 55 245 111 185
    188 152 13 242 29 158 93 56 246 119 191 251 223 46 254 45 205 239
    216 18 61 117 127 181 212 252 152 95 189 190 206 193 124 227 105 62
    214 242 179 91 43 132 144 121 212 124 169 221 66 50 234 198 121 17
    252 126 191 188 55 92 182 101 238 27 36 191 156 82 29 151 28 56 224
    107 220 91 214 15 251 61 254 255 255 190 181 255 249 253 255 248 251
    255 127 189 95 251 213 123 107 253 119 223 127 125 255 183 191 127
    93 125 255 247 100 93 187 214 121 249 116 126 94 122 47 215 149 213
    127 157 172 24 5 242 29 157 77 16 246 51 189 219 95 32 254 187 222
    183 167 175 229 137 217 238 253 186 207 239 45 114 189 255 247 39
    243 204 134 183 124 207 223 253 106 211 22 243 63 245 44 87 190 90
    120 233 244 113 92 56 47 213 22 252 125 153 172 24 5 240 31 156 73
    16 242 51 189 92 87 32 250 252 185 255 253 114 127 249 255 221 252
    254 189 95 254 251 238 187 221 251 111 125 253 230 183 255 111 182
    183 109 215 126 251 239 35 101 255 215 127 253 125 250 125 247 54
    255 183 119 238 191 172 239 223 243 127 156 92 116 254 123 251 123
    223 43 254 187 222 167 167 175 229 141 153 174 255 58 203 159 41 114
    189 253 246 37 243 204 134 246 120 77 223 189 106 211 18 115 127 245
    44 87 186 90 120 233 244 112 92 56 47 213 22 252 125 153 172 24 5
    240 29 156 73 16 242 51 189 88 87 32 250 56 191 253 252 62 253 253
    119 255 252 215 221 221 124 60 220 255 250 227 235 245 125 211 255
    249 127 247 254 108 247 253 239 207 120 71 52 255 120 248 125 124 93
    255 175 245 53 247 111 187 238 137 79 242 29 152 93 63 243 119 255
    251 251 109 254 169 186 231 229 254 241 187 252 252 253 214 255 235
    25 211 225 139 221 239 107 248 5 238 252 45 255 25 178 254 71 51 223
    253 225 253 120 119 249 233 53 125 92 122 62 213 165 250 113 184 189
    28 5 209 191 156 72 22 242 183 157 202 87 36 254 43 6 9 170 43 188
    63 9 48 122 67 4 189 36 45 21 198 214 1 96 192 112 200 121 76 136
    168 28 90 97 61 107 85 132 93 48 99 234 128 98 164 206 92 8 84 148
    192 75 153 44 24 4 38 29 159 73 16 226 59 188 88 70 34 241 58 190
    252 239 63 253 253 53 125 255 86 253 189 126 61 213 255 222 225 251
    245 114 223 255 249 63 230 247 127 215 253 239 223 232 223 52 255
    251 249 119 124 93 107 47 215 181 247 123 187 252 24 13 246 29 156
    93 22 242 255 189 219 223 40 254 44 102 109 136 58 157 3 97 102 118
    43 20 93 60 249 228 194 212 65 96 208 112 144 176 92 164 140 25 32
    142 29 89 112 4 215 170 64 114 129 218 182 85 24 12 84 134 192 77
    155 45 16 5 58 29 143 89 16 98 59 188 72 134 106 177 18 153 154 158
    34 83 92 39 83 128 21 128 22 144 22 26 125 130 48 159 1 21 227 131
    169 67 240 92 97 228 212 96 135 16 49 36 255 76 202 97 112 153 181
    33 191 20 55 110 211 234 171 223 180 9 120 214 55 115 58 241 113 49
    68 202 62 189 255 254 55 239 217 127 255 212 223 253 255 254 254 252
    251 215 115 119 245 63 211 119 255 255 244 63 123 250 254 233 207
    108 119 190 222 122 249 125 121 93 189 47 221 55 245 111 153 174 153
    13 240 29 156 73 56 242 115 189 123 95 46 250 62 189 255 254 55 239
    217 127 255 212 223 253 255 254 252 254 251 215 115 127 247 47 211
    119 255 254 244 61 122 218 254 233 207 108 101 190 222 122 249 125
    121 93 189 175 221 55 245 111 153 172 153 13 240 29 156 77 56 242
    115 189 123 95 34 250 3 150 8 43 205 176 162 152 56 91 2 79 172 95
    73 53 70 231 137 144 232 67 155 120 98 216 120 38 222 67 163 23 85
    192 217 49 119 147 45 32 229 84 10 156 85 193 250 81 184 93 24 32
    245 165 206 233 22 196 166 132 194 211 52 116 45 244 108 237 191 189
    254 121 61 251 236 233 236 121 172 109 241 253 227 251 245 115 91
    250 245 111 225 246 125 85 253 231 223 248 215 36 255 249 249 117
    122 95 122 175 213 119 247 107 185 254 24 13 240 29 221 93 30 243
    247 189 250 211 46 223 124 169 239 184 54 127 245 127 245 254 222
    181 127 190 191 238 155 220 227 107 245 87 214 183 93 109 148 149
    121 213 62 235 205 40 231 186 223 124 233 124 120 93 119 47 215 181
    119 238 191 172 159 141 242 29 156 92 54 242 127 253 91 223 104 250
