<?xml version="1.0"?>
<opencv_storage>
<ImageFile>"414.jpg"</ImageFile>
<Features type_id="opencv-matrix">
  <rows>382</rows>
  <cols>64</cols>
  <dt>u</dt>
  <data>
    58 253 239 254 54 255 217 127 253 220 215 253 127 252 255 206 187
    212 122 123 182 127 247 55 125 251 182 63 127 253 126 235 215 124
    117 250 222 123 248 125 250 255 255 47 247 182 245 110 159 174 159
    15 250 29 159 93 16 243 123 255 123 95 42 251 235 206 110 75 255 159
    223 137 191 215 61 234 191 123 126 237 129 245 60 191 190 119 178
    124 115 247 157 55 191 123 95 51 135 236 222 219 210 89 255 187 118
    255 108 189 149 90 244 49 149 173 16 13 223 165 223 190 56 246 112
    61 255 221 58 187 60 250 251 253 124 246 249 255 216 251 224 249 71
    67 145 249 251 205 251 75 229 45 238 219 175 219 103 239 95 111 97
    254 103 130 221 191 119 181 249 119 251 78 243 238 251 149 147 123
    186 189 62 211 240 181 156 89 212 218 247 207 218 87 225 183 254 248
    223 247 254 177 250 184 90 187 213 251 239 210 128 90 126 215 60 219
    175 125 195 223 173 219 243 255 94 111 245 255 223 189 188 247 255
    253 250 119 120 206 235 125 243 29 219 63 223 255 25 199 252 189 252
    253 86 247 255 223 249 59 241 255 124 249 255 254 54 127 125 127 223
    244 223 180 127 246 255 254 251 215 122 111 183 253 229 183 253 255
    246 221 111 255 254 235 211 37 117 254 222 127 211 125 218 223 253
    126 255 191 229 110 159 175 175 207 250 61 151 93 112 247 123 251
    123 30 239 255 251 220 254 253 254 127 255 247 191 255 253 219 223
    253 127 253 255 213 63 111 126 223 190 57 255 223 255 127 255 87 254
    191 241 231 60 255 214 119 253 247 211 222 251 126 219 158 217 180
    205 173 86 133 232 191 135 109 208 244 105 159 223 30 50 181 189 254
    255 105 255 253 183 248 249 255 236 251 255 61 239 205 251 253 235
    105 253 87 91 252 247 125 121 182 253 87 255 255 223 96 223 188 247
    249 249 125 124 95 122 63 213 245 254 113 189 253 24 13 242 157 159
    77 62 246 183 189 218 223 44 254 186 21 245 244 62 45 125 111 247
    254 249 151 95 236 54 126 246 212 3 99 246 252 226 62 221 138 166
    155 91 241 125 239 247 36 116 190 214 126 240 255 214 78 253 46 242
    22 193 111 153 172 24 7 226 29 157 77 152 242 115 185 95 86 34 253
    197 15 131 84 81 2 38 78 32 97 0 67 130 193 130 11 10 101 185 7 78
    173 114 67 70 219 154 39 16 8 2 65 215 39 116 187 16 60 103 100 96
    32 56 227 201 88 245 235 88 164 24 17 209 120 156 138 17 122 51 159
    72 85 49 250 253 125 255 252 119 111 125 255 253 252 253 185 127 188
    255 254 251 212 127 111 63 159 229 55 111 239 187 157 123 95 126 185
    240 39 52 251 82 119 213 244 186 223 252 63 223 159 77 238 205 165
    86 149 120 62 135 77 208 252 41 221 93 6 34 179 51 212 24 175 239
    140 222 1 47 65 61 202 188 122 100 29 117 179 52 145 134 126 147 97
    240 215 113 127 55 179 205 37 134 252 138 4 235 73 250 107 39 155
    109 233 181 92 252 55 197 211 129 47 62 193 250 255 59 151 240 39
    179 249 156 78 248 250 255 253 250 255 251 247 253 253 254 223 223
    252 251 238 251 221 255 107 252 253 238 187 127 255 55 182 125 199
    63 255 247 103 125 251 86 255 253 116 251 125 251 62 255 166 91 243
    141 173 127 181 251 191 159 77 212 252 107 239 223 79 35 255 252 172
    239 221 122 127 241 247 189 252 222 157 95 252 251 238 153 216 251
    43 253 223 254 179 123 111 156 246 237 215 63 254 237 123 103 232
    222 243 253 124 250 61 247 182 253 183 247 235 191 236 207 223 211
    95 153 92 118 238 111 253 251 223 107 254 215 187 158 117 110 178
    216 146 122 187 211 203 206 193 2 27 252 203 63 247 231 45 67 219
    207 95 247 238 64 22 226 114 215 61 69 191 90 60 233 116 120 92 56
    47 217 113 179 111 153 172 24 67 240 29 156 73 16 243 51 189 88 119
    32 250 239 255 253 252 255 191 127 90 189 125 173 251 239 255 246 93
    241 253 63 127 247 127 146 123 103 255 243 127 255 123 126 237 215
    245 222 155 194 125 249 247 127 223 122 127 221 93 245 111 220 183
    24 13 224 189 159 77 56 246 115 159 218 223 60 250 253 182 247 39
    253 230 179 252 254 253 244 251 239 27 131 93 250 245 191 107 249 15
    239 124 174 235 125 175 223 13 99 255 245 229 60 255 86 189 45 247
    123 78 58 158 201 25 217 245 153 188 94 1 240 190 156 73 80 252 179
    156 222 87 36 255 252 201 239 253 114 127 251 255 157 253 254 159 91
    252 251 238 137 221 251 111 62 253 238 187 127 239 150 182 125 211
    62 255 255 115 125 121 215 255 253 60 251 253 255 126 95 175 91 242
    239 137 255 245 219 255 157 92 213 204 107 255 223 14 147 183 59 222
    108 255 191 189 223 25 63 255 189 234 189 127 108 95 189 247 44 187
    191 118 219 127 117 247 243 127 126 123 245 231 143 252 223 38 251
    121 250 123 116 223 107 237 151 209 245 59 158 255 24 13 254 165 254
    125 59 247 246 191 251 251 172 222 191 254 125 237 255 253 255 217
    189 125 238 251 173 127 236 253 241 253 191 123 253 122 186 120 101
    255 123 243 255 115 127 255 183 241 222 87 247 251 249 183 255 223
    106 253 213 131 254 49 172 215 22 45 236 231 175 109 56 212 246 143
    215 223 190 189 252 201 239 223 243 127 255 255 61 253 125 255 159
    254 254 238 235 213 125 111 30 157 230 59 127 223 187 63 219 219 54
    191 243 39 117 251 82 125 255 246 114 127 253 127 223 30 125 182 221
    172 94 149 217 127 148 207 208 252 113 255 93 85 51 250 253 63 255
    245 254 247 255 255 253 255 223 191 255 255 187 222 251 213 123 111
    127 143 230 61 79 255 191 63 219 91 118 191 215 39 85 251 82 125 253
    116 120 92 120 62 221 28 221 183 157 172 24 133 240 63 156 73 80 252
    49 189 92 87 32 250 163 223 108 219 55 157 223 25 191 215 61 202 191
    123 116 221 145 247 110 187 150 118 176 118 117 247 183 59 63 251 95
    51 198 124 222 206 202 121 250 251 118 255 106 253 151 118 245 63
    150 191 144 13 250 133 255 95 56 246 114 63 251 217 110 187 222 237
    219 254 50 95 254 199 89 250 109 188 18 166 255 250 171 214 188 111
    7 185 228 26 125 207 183 25 67 107 62 122 176 149 53 251 51 247 235
    244 50 255 253 120 191 158 101 108 207 173 118 215 217 31 181 206
    208 248 41 125 93 92 51 179 58 213 109 236 55 127 93 127 183 92 124
    145 29 61 124 255 255 212 71 109 116 114 180 51 125 173 165 28 127
    82 124 233 240 100 52 186 214 114 145 245 82 223 59 47 212 150 228
    110 137 165 94 5 232 29 159 77 144 242 59 188 91 86 34 249 171 215
    76 75 191 189 223 25 63 223 60 203 174 123 100 29 228 247 44 187 244
    119 243 119 97 247 243 126 127 81 237 99 223 108 222 180 243 89 248
    241 118 222 58 191 209 81 213 79 152 191 24 13 244 173 223 77 59 246
    119 159 82 223 174 251 226 25 194 87 223 34 87 158 230 33 21 107 175
    203 34 95 121 247 57 215 207 143 243 103 2 219 250 47 210 24 98 102
    223 47 22 191 91 60 127 116 112 88 56 111 217 92 253 239 221 172 24
    1 241 62 156 203 80 182 51 191 88 85 176 250 205 198 108 168 64 63
    47 80 33 223 40 202 204 41 118 15 129 125 173 109 112 245 80 112 69
    237 137 182 121 4 57 65 210 80 210 169 16 104 180 168 118 62 56 173
    247 82 86 73 25 168 56 4 193 93 159 12 56 206 51 188 92 210 42 251
    33 206 28 143 170 221 147 245 63 253 14 207 157 61 127 164 239 247
    192 43 212 99 222 96 121 245 29 54 61 203 27 127 215 100 81 48 82
    202 234 104 245 93 104 38 149 22 245 111 145 136 24 13 180 29 156 75
    49 114 50 61 82 93 34 250 252 251 255 253 254 255 251 247 253 255
    255 255 223 254 251 238 251 213 127 111 127 159 238 61 111 255 191
    63 223 95 118 191 243 39 125 251 82 119 253 246 243 93 248 62 223 30
    249 181 141 173 94 133 248 191 157 77 208 252 49 191 93 95 32 190
    205 198 108 168 72 55 39 210 33 254 40 202 204 41 166 15 128 105 173
    101 240 213 88 250 76 109 137 246 249 4 57 67 243 80 212 41 17 232
    53 168 118 46 56 167 247 24 86 73 24 172 56 4 209 93 141 12 24 204
    51 164 92 210 106 249 250 25 191 246 39 103 89 255 215 229 213 214
    63 236 50 126 255 215 118 119 46 175 231 55 175 223 247 62 83 179
    246 235 215 47 53 254 210 125 250 117 80 221 189 111 219 28 245 110
