<?xml version="1.0"?>
<opencv_storage>
<ImageFile>"415.jpg"</ImageFile>
<Features type_id="opencv-matrix">
  <rows>86</rows>
  <cols>64</cols>
  <dt>u</dt>
  <data>
    252 206 111 221 234 253 251 241 61 255 126 223 223 180 253 238 145
    217 255 107 252 240 188 184 121 127 191 178 237 215 63 255 249 112
    71 105 215 255 249 252 254 127 251 62 214 166 250 121 175 237 159
    141 219 95 143 92 214 246 123 252 223 94 42 189 242 114 83 167 248
    66 138 239 194 171 241 113 103 131 146 240 126 198 39 71 73 129 165
    156 142 139 237 235 131 172 226 254 96 45 76 191 90 52 161 212 235
    74 49 159 200 26 152 92 137 172 84 3 112 30 148 73 128 242 1 156 92
    86 32 185 51 21 154 87 31 66 216 142 210 160 149 101 38 206 35 115
    124 54 18 147 199 63 119 79 166 130 242 95 82 121 199 102 47 190 163
    116 186 9 122 83 80 41 199 104 169 117 161 111 121 250 139 79 244 0
    120 65 63 51 254 155 179 185 197 206 9 201 158 95 43 155 252 6 59
    184 45 201 62 115 109 152 237 187 176 147 199 127 69 243 227 87 227
    254 105 97 141 114 191 90 65 36 123 203 250 120 250 191 252 103 245
    119 211 111 185 234 10 71 252 13 217 77 31 211 255 191 48 123 195
    203 98 207 175 217 194 223 142 135 43 230 41 138 216 229 127 174 141
    73 56 110 30 245 86 171 91 213 159 124 161 178 30 18 227 23 67 11
    136 108 254 106 38 62 172 249 55 158 117 179 223 136 48 255 151 125
    53 254 201 204 81 53 87 113 91 243 63 179 223 247 126 243 255 58 246
    157 212 251 239 127 150 89 127 255 251 255 245 127 195 247 170 127
    247 255 126 127 247 239 223 107 191 246 255 121 249 117 125 205 251
    127 205 161 255 111 191 183 141 195 248 188 158 93 118 247 255 223
    251 191 164 222 210 59 146 113 244 178 234 215 64 139 225 2 194 192
    3 27 110 207 59 207 15 141 71 155 142 91 255 236 150 36 160 18 70
    151 188 15 73 173 102 67 168 96 177 93 107 141 27 150 94 219 52 243
    65 242 116 234 193 29 17 199 100 49 209 35 210 115 81 246 54 50 94
    178 66 155 249 114 238 210 64 82 119 199 44 223 15 172 161 94 140
    215 243 251 150 46 230 56 82 60 156 223 79 124 242 213 96 72 177 125
    231 141 215 31 202 191 21 195 106 186 254 121 193 115 17 83 124 51
    240 62 20 11 147 213 224 192 162 244 8 216 66 5 0 84 155 160 111 202
    129 102 68 41 198 211 139 90 176 204 192 2 178 59 119 51 113 184 17
    114 201 68 209 20 24 38 237 132 235 110 153 44 120 53 240 95 156 73
    1 90 51 173 72 7 33 250 20 35 147 87 32 192 248 230 66 144 87 21 82
    210 131 34 42 138 128 199 79 173 231 147 137 10 178 200 64 14 162 58
    126 52 117 186 93 90 203 84 209 60 153 6 233 4 171 110 153 172 73 71
    240 30 152 73 6 115 19 181 72 39 33 251 76 43 147 85 0 227 172 247 0
    138 67 5 64 196 155 130 109 72 107 78 14 173 70 147 139 93 182 204
    64 132 50 130 71 55 109 187 24 46 77 68 56 96 176 46 111 172 7 254
    24 40 124 211 243 92 20 72 193 106 3 213 76 39 1 242 210 48 147 247
    254 194 219 236 194 171 211 86 227 192 147 114 118 197 28 71 138 173
    230 9 142 138 234 15 210 41 51 126 119 165 60 219 110 119 71 215 129
    64 129 72 203 12 201 31 223 44 82 133 96 178 180 107 192 122 49 218
    92 22 50 181 197 6 131 145 200 128 171 216 32 255 130 67 194 65 131
    1 8 77 165 99 200 37 202 120 76 219 179 38 144 6 35 91 87 2 85 169
    16 56 105 68 100 100 56 175 193 0 241 115 24 172 24 1 241 29 156 73
    16 242 51 189 72 87 32 250 201 207 108 152 39 63 15 19 45 87 41 202
    159 185 116 47 128 253 101 101 124 246 176 114 89 103 141 58 185 16
    48 17 242 4 214 170 83 120 161 232 118 94 56 173 208 86 212 77 152
    173 24 5 242 29 159 89 16 242 51 188 88 210 40 249 210 49 147 183
    216 66 10 207 194 34 211 20 99 196 131 50 102 197 25 70 10 137 238
    11 142 200 170 13 130 40 50 110 53 167 53 155 0 118 5 214 128 64 16
    72 75 12 201 156 217 36 80 133 96 50 52 107 192 120 1 152 92 6 50
    240 82 51 147 183 200 194 42 207 194 162 211 20 99 196 147 50 118
    197 25 70 138 141 230 25 142 200 170 141 194 40 50 46 113 167 53 155
    8 118 69 214 128 64 145 72 75 12 137 150 221 44 80 129 97 58 52 107
    192 122 1 216 76 6 48 180 33 142 140 138 42 223 129 7 55 244 4 197
    25 61 63 15 143 247 160 35 212 117 210 99 89 211 144 6 56 200 17 75
    215 4 83 48 82 72 234 104 112 93 40 39 149 20 245 111 153 168 24 13
    244 29 156 73 16 242 50 189 88 87 32 250 211 17 16 150 217 2 14 8 66
    35 33 50 160 194 128 19 102 199 4 4 10 172 129 8 10 130 235 11 146
    40 129 61 114 165 60 155 0 92 7 214 0 66 8 73 138 12 200 29 193 36
    80 4 36 10 165 235 144 56 48 28 92 4 48 177 211 153 154 95 37 66 216
    166 19 161 85 219 6 193 6 154 61 131 56 223 14 173 231 11 175 219
    243 126 67 39 198 110 151 183 49 125 222 13 250 119 112 232 169 123
    191 28 189 238 221 202 123 215 244 122 48 207 209 255 113 123 61 117
    145 238 201 207 44 152 35 31 38 19 45 87 40 202 154 185 116 47 192
    253 101 101 92 246 176 114 81 103 141 34 145 16 48 17 242 4 210 170
    81 120 161 224 246 94 56 175 208 86 212 77 152 172 24 5 242 29 157
    89 16 242 51 180 88 210 40 249 7 197 8 152 1 156 5 11 37 194 41 136
    145 44 44 15 137 49 32 65 134 118 80 99 85 215 147 37 19 186 16 65
    130 150 211 138 0 72 234 10 32 186 44 225 151 92 117 43 81 168 48 12
    3 17 244 58 25 66 112 61 1 209 121 250 3 205 142 154 43 91 212 7 63
    240 46 207 26 127 111 175 141 179 160 163 196 119 211 99 81 87 145
    38 59 67 27 99 151 32 81 32 115 74 234 104 242 31 40 37 149 22 245
    111 153 168 24 5 244 13 153 73 19 242 50 189 80 83 34 251 242 217
    154 95 39 144 92 46 83 163 85 250 174 130 6 26 60 131 52 223 143 61
    227 71 169 211 243 127 83 57 196 40 223 60 180 254 207 77 242 115
    112 202 181 105 187 28 181 63 211 138 59 199 108 152 124 230 81 179
    123 219 57 113 192 239 7 197 40 152 1 156 69 75 37 66 41 202 145 44
    36 15 137 49 36 65 134 118 80 99 85 215 147 37 19 186 24 65 130 150
    211 138 128 104 234 10 34 186 44 233 151 92 117 43 81 168 48 12 3 17
    244 58 25 66 112 61 1 209 57 250 71 197 168 184 1 142 78 67 35 98 9
    138 144 132 36 31 141 113 32 65 142 117 82 107 85 215 147 111 19 56
    25 65 131 150 211 11 128 236 98 66 32 170 44 233 183 92 117 43 81
    136 48 4 35 81 116 58 25 162 112 189 25 209 89 226 121 181 255 84 55
    227 251 126 210 132 213 244 110 237 3 122 111 191 50 247 183 111 231
    231 172 107 230 252 121 55 230 105 223 60 161 254 158 41 250 125 120
    217 189 111 245 49 247 110 187 174 11 207 240 28 88 69 121 183 127
    251 57 183 165 202 115 21 202 215 95 195 219 46 214 225 21 53 191
    206 163 94 106 215 56 151 207 47 203 111 46 210 242 47 82 123 87 111
    151 175 53 251 118 125 127 86 112 201 237 106 141 28 237 111 221 172
    27 133 180 56 188 235 88 54 187 251 25 21 176 254 34 205 232 218 39
    221 213 9 175 198 29 200 153 126 124 94 137 52 32 187 134 118 210 99
    125 215 149 61 51 186 21 9 135 124 67 138 194 88 250 58 32 189 36
    105 149 84 245 47 147 172 153 13 178 1 252 30 57 114 114 189 89 221
    40 250 21 246 85 14 221 168 167 120 123 28 252 123 236 123 205 113
    227 230 133 48 225 104 137 252 234 189 97 179 191 75 201 127 189 225
    93 178 116 144 57 180 103 222 10 151 76 147 252 65 160 117 77 36 188
    134 143 105 46 148 142 12 218 79 38 93 88 41 178 53 0 199 160 231 64
    168 82 21 208 132 155 2 62 9 227 207 159 13 71 151 153 88 150 196 64
    134 178 130 79 27 97 172 29 174 76 72 56 52 181 166 111 229 43 238
    59 72 169 243 243 92 56 80 71 107 27 241 41 35 65 230 34 205 239 218
    34 221 213 15 191 214 23 204 153 62 125 206 137 116 96 43 150 118
    210 103 121 247 149 52 63 250 31 75 135 78 67 162 210 88 250 56 112
    61 100 109 149 84 117 107 147 168 153 13 182 13 188 92 57 226 122
    253 91 221 40 250 78 234 108 249 218 187 166 193 57 187 202 62 220
    119 249 97 128 57 139 226 237 117 27 122 85 94 29 183 236 206 63 210
    247 194 71 171 113 250 253 52 236 53 92 44 85 215 247 99 189 109 24
    5 211 93 201 28 30 238 19 181 73 123 122 250 10 2 4 130 47 159 6 51
    55 124 18 1 156 56 57 4 244 219 65 176 208 54 145 115 88 24 168 70
