<?xml version="1.0"?>
<opencv_storage>
<ImageFile>"416.jpg"</ImageFile>
<Features type_id="opencv-matrix">
  <rows>151</rows>
  <cols>64</cols>
  <dt>u</dt>
  <data>
    254 61 249 190 222 15 95 71 118 110 21 50 31 238 182 94 255 215 49
    102 79 181 211 51 222 202 250 77 211 56 254 41 195 36 20 255 66 116
    193 116 112 202 28 11 213 28 229 78 157 172 24 5 224 29 156 73 16
    242 51 189 88 86 34 248 220 57 255 245 48 115 249 254 208 185 246
    181 119 210 147 250 251 221 251 111 47 173 230 159 143 203 183 175
    91 75 54 238 215 39 117 251 86 124 249 117 120 124 187 127 251 21
    113 238 217 172 126 215 240 31 188 77 212 250 51 255 93 23 33 250
    252 57 255 245 54 119 249 254 212 252 214 245 111 218 147 250 251
    221 251 111 231 173 238 63 143 203 178 175 91 75 118 239 87 39 117
    251 86 124 253 117 120 92 251 63 207 5 113 239 157 172 95 149 240 63
    156 77 208 246 51 255 89 23 33 254 61 190 255 253 63 253 253 127 253
    254 222 249 253 127 253 223 251 253 227 123 245 127 219 255 253 255
    247 183 127 223 127 239 207 236 199 190 255 248 249 125 124 93 255
    175 215 241 247 111 187 174 152 9 242 29 156 93 62 246 247 255 251
    223 172 254 251 213 124 255 255 255 223 49 63 255 125 217 157 127
    116 125 255 215 93 231 253 99 179 114 253 255 225 127 91 91 253 251
    215 36 84 190 82 121 233 244 114 222 56 47 213 20 245 111 153 172 24
    5 248 29 156 73 16 242 51 189 88 87 34 251 12 35 97 32 16 48 168 124
    192 154 194 53 65 3 145 67 2 76 131 68 97 32 196 148 12 136 164 129
    82 4 32 152 116 4 156 186 21 56 1 84 200 64 18 142 66 129 2 76 26 44
    24 1 112 28 156 72 128 226 19 156 72 6 32 242 126 253 255 190 95 239
    223 127 255 78 219 188 127 206 255 253 251 212 115 102 183 59 247 63
    127 255 255 61 83 251 126 233 197 45 95 159 194 119 233 119 49 221
    117 43 223 28 245 126 157 172 90 13 226 61 148 89 152 178 123 187 91
    79 40 242 45 134 101 168 153 188 165 89 56 124 234 49 141 123 169 69
    226 252 129 98 228 32 154 123 76 156 33 39 94 10 49 79 215 38 93 186
    112 240 105 116 101 84 26 143 84 148 245 67 152 44 24 4 240 29 140
    73 16 242 51 189 90 71 32 240 58 221 92 254 55 57 92 23 59 112 63
    192 62 246 108 223 245 214 4 251 135 120 113 51 225 135 227 91 123
    113 221 97 147 118 210 178 235 90 242 241 214 191 255 109 240 23 231
    79 145 167 30 79 122 29 251 77 25 243 123 191 89 122 175 217 58 221
    124 254 55 61 92 27 59 112 47 192 62 246 108 223 245 214 36 251 150
    120 113 51 241 135 227 90 127 113 221 97 154 118 210 178 203 90 242
    241 214 191 254 109 240 23 231 78 149 163 142 78 106 29 251 77 25
    243 123 191 91 122 175 217 187 254 124 254 255 191 223 25 127 127
    125 251 191 123 244 93 243 215 61 107 213 117 187 126 111 223 243 63
    255 123 127 111 215 228 92 250 210 121 249 247 118 223 122 63 209 22
    245 79 157 173 24 5 248 29 159 77 24 246 51 189 88 95 34 249 58 218
    252 236 46 253 253 23 245 254 220 201 125 60 61 223 253 254 227 251
    244 114 83 255 245 127 245 246 127 245 253 227 143 248 195 36 255 88
    248 105 124 159 247 237 245 245 247 111 190 250 143 75 246 5 250 93
    63 211 255 255 243 251 204 222 63 182 253 170 63 189 181 127 245 252
    214 241 125 63 189 85 251 244 99 113 245 118 219 127 93 253 244 191
    122 89 113 239 215 108 87 190 247 120 233 124 124 93 122 175 213 17
    245 111 185 172 24 13 240 29 156 73 56 242 51 189 218 215 40 250 58
    222 124 236 63 253 191 17 253 126 222 201 253 60 125 221 253 250 227
    248 245 114 91 255 241 125 245 246 125 247 253 230 207 248 203 36
    255 248 248 105 124 223 119 173 215 245 183 107 190 251 152 15 230 5
    219 93 55 211 255 183 243 251 108 86 60 190 245 174 223 111 165 127
    239 92 218 55 125 126 251 245 251 244 99 100 117 11 147 118 94 253
    60 41 254 218 126 237 197 109 95 190 210 114 233 124 61 85 92 191 77
    228 253 236 156 164 216 12 242 31 158 73 56 240 107 189 90 79 40 242
    71 5 16 22 65 2 10 1 34 10 1 3 144 98 34 19 100 131 1 212 65 33 65
    210 192 26 240 76 64 8 161 96 223 36 85 186 91 120 193 116 112 92 56
    15 209 84 227 111 153 172 24 5 240 29 156 73 16 242 51 189 88 87 32
    234 140 204 222 137 234 221 178 245 57 253 46 207 156 52 255 236 231
    217 217 42 220 113 206 240 121 109 152 114 237 199 159 115 245 64 81
    224 83 219 233 240 242 29 124 54 213 150 247 109 157 172 30 5 242 29
    153 73 18 242 59 188 89 95 34 248 244 38 113 161 216 68 46 225 67
    103 219 54 192 7 147 116 243 65 3 100 25 129 155 200 222 204 168 137
    130 158 171 9 97 37 93 155 8 114 13 198 4 64 16 170 68 26 236 53 152
    44 16 0 98 30 4 73 136 48 17 176 76 70 34 32 188 207 254 255 34 221
    245 229 63 213 94 223 159 62 255 254 255 218 249 43 125 127 247 114
    249 255 149 123 111 243 223 171 151 80 99 244 247 91 249 124 117 29
    253 55 245 150 255 111 191 172 175 45 242 13 186 93 62 247 123 237
    91 223 45 250 3 6 64 33 157 176 162 80 32 122 2 66 128 9 161 5 194
    124 1 96 192 32 90 120 68 152 8 35 82 4 33 71 85 36 223 186 80 120
    41 38 100 68 24 143 80 64 210 65 24 44 24 4 240 29 156 73 16 242 51
    188 72 87 32 250 226 68 130 143 201 2 142 141 3 227 57 42 178 134 3
    60 165 19 52 150 10 133 190 8 86 197 249 111 131 184 15 95 33 181 84
    91 176 196 38 198 34 74 69 232 173 30 200 25 69 206 80 189 23 98 117
    235 192 41 176 48 12 68 24 4 98 68 16 158 73 70 6 15 7 96 45 132 48
    230 39 62 239 19 48 4 10 169 144 34 80 213 217 109 131 186 31 69 129
    165 33 18 160 192 110 78 34 137 44 225 53 28 244 44 69 164 80 12 183
    66 52 171 25 106 104 57 24 68 56 74 242 4 179 159 201 70 142 143 3
    224 57 10 18 166 3 62 231 19 48 38 10 133 182 40 94 197 184 109 131
    184 30 95 161 181 81 91 128 68 38 206 38 74 13 232 173 30 204 156 85
    140 80 157 23 82 52 235 200 124 80 56 28 68 26 96 165 38 113 32 153
    100 161 72 192 68 194 119 225 15 128 117 106 236 7 64 97 2 17 84 4
    156 61 137 210 14 99 153 64 36 87 186 16 48 9 92 109 80 16 139 68 65
    182 100 136 36 16 0 240 28 140 65 0 240 3 188 88 87 32 120 10 200
    138 137 139 217 220 133 47 227 11 204 144 36 111 185 141 82 48 162
    142 113 231 104 105 85 179 106 145 103 159 115 245 148 217 73 82 103
    234 34 50 29 108 104 151 30 247 57 159 200 18 5 182 69 240 235 147
    195 56 53 85 121 2 226 202 204 142 139 71 95 214 167 61 231 29 140
    26 190 127 238 141 91 121 255 31 215 255 33 123 69 156 36 241 215
    158 35 229 29 211 65 83 71 236 58 50 61 100 60 23 30 119 176 223 200
    159 157 151 109 240 254 219 205 41 121 85 249 90 234 62 85 235 190
    191 132 93 15 151 107 125 184 191 238 182 126 227 214 32 114 142 190
    226 43 78 138 162 27 83 57 61 111 243 164 20 250 194 117 243 247 18
    202 221 73 222 22 197 31 217 172 26 5 104 28 181 105 152 178 121 187
    92 86 34 177 222 43 131 246 98 23 88 227 68 218 113 210 83 194 178
    74 18 213 108 79 6 189 228 19 30 131 167 141 2 168 52 152 98 55 30
    187 216 124 194 213 194 106 177 93 250 14 129 206 95 173 20 211 99
    24 159 91 193 251 81 223 93 116 81 177 46 228 232 138 15 209 134 13
    97 226 157 172 120 54 47 206 201 16 33 216 129 81 95 13 85 213 25 45
    3 223 31 66 141 140 199 138 74 80 45 58 32 89 100 41 23 221 116 160
    23 236 134 12 151 17 96 62 144 224 168 180 25 219 104 66 54 50 117
    198 190 148 15 112 230 63 17 114 205 51 144 80 126 199 78 104 201 96
    131 252 140 145 253 127 62 188 245 234 83 236 222 190 200 56 49 87
    100 66 33 157 193 128 208 31 146 173 148 3 98 152 159 93 0 118 19
    149 120 87 96 62 58 54 109 171 159 253 163 61 252 122 218 52 61 62
    121 244 255 214 67 112 248 82 159 60 220 173 232 137 219 210 127 251
    109 44 215 190 95 114 137 116 190 85 86 12 84 135 230 68 155 44 158
    13 242 29 221 89 144 242 47 188 90 222 42 240 253 123 247 245 118
    103 249 254 215 253 253 247 111 219 147 254 251 213 127 111 63 175
    229 183 143 239 247 251 251 94 246 191 250 47 52 255 214 117 245 245
    91 93 179 190 235 43 201 238 140 165 223 217 248 190 148 69 224 188
    113 219 127 6 37 250 12 238 101 41 168 189 164 193 41 187 170 203
