<?xml version="1.0"?>
<opencv_storage>
<ImageFile>"417.jpg"</ImageFile>
<Features type_id="opencv-matrix">
  <rows>320</rows>
  <cols>64</cols>
  <dt>u</dt>
  <data>
    43 222 124 239 175 253 255 9 63 117 47 203 188 63 108 253 181 187
    196 185 252 114 211 112 113 111 193 118 125 243 223 231 159 240 83
    36 247 219 248 235 255 159 111 167 244 215 255 107 189 219 153 45
    254 133 219 125 59 215 247 188 243 219 174 220 233 205 254 219 123
    215 255 239 189 255 108 251 191 254 246 238 251 245 253 111 254 223
    254 63 127 239 191 55 127 219 126 255 231 39 54 251 210 253 255 254
    114 127 252 63 223 30 85 243 221 172 62 157 249 61 157 207 208 254
    115 189 223 93 57 250 169 206 100 234 159 253 39 89 189 93 172 239
    191 127 252 237 131 125 231 113 244 118 24 119 81 255 17 54 125 82
    123 197 142 106 211 176 241 216 249 44 111 63 126 167 213 115 118 99
    168 181 152 12 247 5 138 28 58 214 247 173 211 223 46 90 170 206 109
    206 167 157 29 9 255 87 61 202 191 61 126 221 253 244 126 185 20 86
    179 116 125 213 61 59 255 251 30 41 212 108 78 218 202 121 184 62 55
    223 108 63 148 214 252 61 133 149 22 12 42 7 151 47 24 246 56 60 85
    93 42 187 255 222 238 207 254 125 213 147 63 253 60 219 158 255 254
    253 235 247 61 43 125 220 189 120 111 255 59 59 255 91 126 127 240
    231 124 243 114 119 253 244 215 223 106 63 219 134 124 245 205 181
    94 132 216 191 143 111 144 244 41 30 223 93 34 185 171 223 124 206
    255 63 95 152 123 95 44 235 174 123 102 93 231 247 61 245 113 212 49
    112 226 255 121 123 255 91 254 49 218 100 158 242 195 113 177 253
    119 223 58 159 208 82 244 77 132 181 22 12 104 175 143 77 56 180 113
    30 222 223 46 185 239 253 239 124 127 251 245 27 249 121 222 239 254
    254 108 221 169 185 191 155 245 127 91 247 247 127 209 247 111 119
    254 231 143 251 195 100 255 91 253 125 248 189 254 97 221 119 247
    235 253 254 137 79 255 245 123 229 63 151 247 191 187 251 223 74 171
    253 237 118 255 235 213 10 249 57 222 239 254 126 108 249 173 63 183
    179 229 127 123 119 231 255 209 183 127 119 223 103 159 235 241 116
    255 75 250 61 125 189 255 97 221 87 255 107 253 246 137 79 254 165
    123 45 63 183 247 191 179 255 253 78 255 250 119 101 254 244 251 248
    222 191 211 127 239 91 210 249 250 213 63 111 239 143 174 124 175
    255 127 191 222 47 115 191 87 239 220 223 118 245 253 247 217 92 235
    95 201 8 248 177 204 189 20 181 249 247 142 107 80 252 176 15 220 31
    52 190 109 239 119 93 249 253 227 248 189 213 206 255 215 125 249
    237 162 253 223 111 190 126 26 241 117 126 7 182 124 79 95 159 250
    67 127 155 144 251 223 190 223 61 218 118 109 239 104 179 172 29 161
    125 219 255 143 110 121 206 242 175 211 239 175 156 121 68 108 223
    239 181 95 177 61 254 92 143 157 237 63 70 149 249 89 242 252 247
    219 252 120 124 182 182 120 213 125 255 251 120 135 97 223 107 240
    123 126 239 223 46 87 181 207 91 191 206 24 15 254 157 221 93 127
    231 255 153 255 170 42 182 227 222 238 223 255 159 223 153 191 125
    61 203 159 121 126 237 225 245 60 47 220 103 178 123 111 247 185 62
    255 91 31 111 215 101 86 251 82 113 251 246 118 223 104 63 213 30
    245 79 157 173 28 5 240 29 159 79 24 246 51 189 88 87 34 249 122 238
    214 255 234 221 223 129 111 245 95 127 189 127 251 220 251 147 56 98
    207 125 155 121 127 222 59 63 238 251 255 191 151 231 93 155 211 219
    255 126 117 93 233 126 221 140 253 55 157 173 25 45 246 7 156 235 80
    254 114 189 88 79 48 254 109 140 230 28 8 79 101 87 181 244 12 205
    95 253 62 175 137 57 227 35 244 111 122 227 83 111 148 118 105 213
    91 199 143 83 99 32 180 136 254 40 127 63 110 167 253 112 119 235
    185 224 233 29 247 93 24 12 63 206 247 173 179 247 15 202 139 220 92
    235 175 249 214 16 59 95 44 202 190 63 108 253 229 243 61 185 229 84
    59 120 97 119 121 126 127 87 223 115 159 228 218 64 115 89 253 250
    119 223 110 61 213 23 118 181 157 217 30 4 252 133 203 237 58 213
    182 188 209 251 46 203 108 9 239 153 66 79 39 239 173 230 78 158 81
    236 187 238 219 25 243 102 124 215 214 179 91 109 156 164 233 210 62
    139 201 6 71 171 145 98 237 120 60 125 116 39 85 189 103 236 159 172
    152 29 147 93 28 88 24 236 107 185 91 198 104 242 84 41 211 223 89
    66 242 238 26 248 70 53 3 227 139 218 107 135 185 102 207 173 206 51
    15 219 186 111 210 11 34 111 215 7 53 251 20 245 239 116 112 92 185
    102 237 28 249 239 153 172 123 181 240 30 156 203 64 250 59 249 88 7
    49 254 255 254 254 227 255 255 247 145 127 255 126 255 191 127 126
    253 253 255 253 187 253 117 255 124 243 127 121 255 255 115 255 247
    191 235 222 117 255 219 253 253 223 221 106 125 213 23 255 119 191
    223 159 45 252 229 219 255 126 223 247 191 219 251 254 222 251 221
    238 221 255 247 223 183 63 255 93 223 158 236 127 255 237 213 61 111
    14 221 238 59 111 223 187 62 255 83 62 63 215 103 61 251 82 125 253
    118 114 221 124 63 223 28 253 183 221 172 94 149 249 127 156 207 216
    252 57 191 93 29 18 250 187 221 236 222 39 127 93 27 191 85 61 202
    63 253 126 255 189 246 124 187 54 254 176 115 123 247 211 122 255
    115 94 233 146 124 242 120 202 93 250 249 118 191 255 255 156 22 245
    110 197 179 151 141 234 31 159 29 57 247 112 63 243 221 140 218 242
    40 131 55 201 192 139 136 206 169 210 119 179 202 195 48 106 131 39
    86 76 175 135 68 30 223 253 43 194 138 35 62 103 45 69 190 114 48
    233 124 105 84 48 138 205 81 185 117 153 172 24 1 240 31 156 97 16
    240 51 185 28 87 32 250 194 10 130 7 205 192 128 140 142 169 32 79
    131 137 3 173 109 68 61 19 72 143 174 8 2 203 61 34 145 3 2 22 101
    171 43 113 82 165 108 162 99 64 32 154 139 88 24 177 73 136 94 49
    213 234 132 227 145 120 160 28 68 84 16 185 122 9 201 154 70 11 68
    15 103 64 23 20 63 244 62 90 246 215 16 100 134 29 195 99 79 128 128
    13 50 200 28 105 151 38 80 186 66 74 135 84 128 215 92 65 29 158 101
    206 213 36 153 132 34 29 191 11 24 114 59 185 89 12 22 251 249 223
    230 215 239 255 255 243 61 253 126 207 159 253 126 236 239 213 125
    111 254 173 251 123 91 255 187 62 255 83 126 63 215 103 117 251 83
    125 253 244 119 93 120 63 221 30 253 247 141 173 24 5 240 63 158 73
    80 246 51 189 92 87 32 250 83 17 144 55 237 162 218 8 82 1 21 99 166
    82 2 17 116 135 56 151 194 45 195 67 162 210 248 127 18 33 197 39 23
    181 144 20 127 73 106 67 65 129 139 65 233 13 251 15 208 210 9 199
    244 224 120 235 71 27 182 147 48 49 148 78 186 255 125 238 255 189
    215 57 255 85 255 251 175 123 252 253 243 247 126 61 117 126 145 116
    247 255 121 59 255 123 94 189 154 237 222 214 239 91 249 245 255 223
    251 253 221 135 252 109 230 183 133 142 250 167 207 125 124 246 246
    191 251 223 188 158 99 20 138 51 223 178 131 30 226 167 180 106 170
    202 35 95 72 119 51 215 233 23 91 111 6 115 253 47 82 29 227 99 207
    172 199 191 90 56 109 126 120 92 44 41 209 121 179 239 184 236 24 5
    240 61 216 67 48 178 179 189 152 211 60 74 16 170 155 197 40 209 248
    166 90 184 86 85 209 84 25 160 29 138 232 139 196 45 206 219 169 82
    18 198 68 199 151 254 127 210 121 0 127 219 234 34 241 53 227 102
    173 132 179 107 187 218 173 211 180 5 24 88 71 67 158 225 65 41 193
    222 235 214 109 171 255 191 159 89 237 127 185 250 191 57 244 93 195
    245 63 113 252 119 154 124 77 223 189 63 127 27 61 123 215 236 222
    187 82 121 169 119 118 94 120 45 213 28 244 59 153 173 24 5 240 29
    159 73 24 246 51 189 216 215 40 251 25 91 14 84 37 251 112 114 144
    180 215 7 194 221 73 35 44 237 111 219 246 46 0 215 131 126 213 206
    116 6 226 242 218 56 209 172 91 26 232 97 120 61 179 39 245 225 183
    111 184 175 137 75 248 29 154 65 51 243 51 191 120 55 133 218 203
    206 76 139 239 223 158 129 61 255 45 202 156 61 110 45 133 251 60
    243 204 117 82 120 81 215 185 118 125 115 63 99 215 112 83 32 211
    120 232 120 118 94 56 45 213 84 245 111 153 172 24 5 244 29 156 73
    24 247 51 189 88 83 42 251 68 10 130 129 232 211 138 245 8 187 34 10
