<?xml version="1.0"?>
<opencv_storage>
<ImageFile>"418.jpg"</ImageFile>
<Features type_id="opencv-matrix">
  <rows>238</rows>
  <cols>64</cols>
  <dt>u</dt>
  <data>
    250 220 222 219 238 95 94 167 127 247 63 142 191 190 127 254 253 243
    120 190 63 213 87 165 219 117 253 124 171 251 222 163 131 93 195 101
    219 95 254 123 52 157 109 189 189 254 247 173 215 203 143 223 191
    109 218 255 127 253 120 53 255 249 92 202 41 198 109 137 170 253 167
    113 189 124 206 77 221 125 125 229 251 253 195 96 244 114 154 244
    125 124 21 182 124 215 127 239 207 104 67 56 214 250 249 60 125 29
    94 167 85 247 247 107 185 172 153 13 242 29 156 89 62 242 119 189
    218 223 46 250 187 221 125 222 55 31 95 91 247 87 61 216 63 123 244
    255 247 246 60 111 134 114 241 118 237 215 229 63 127 123 93 105 210
    100 84 222 194 120 243 245 118 223 57 63 148 30 245 110 149 173 22 5
    120 29 151 77 24 246 50 189 89 94 34 251 114 206 237 222 126 159 95
    11 255 118 61 152 157 251 124 222 226 213 40 32 206 245 192 43 95
    195 165 63 59 153 29 107 211 36 84 186 66 122 179 246 246 223 104 15
    212 150 197 79 145 172 24 5 48 29 159 79 24 246 59 188 88 84 34 249
    250 252 254 255 255 127 221 159 255 255 253 251 191 254 246 253 255
    215 63 255 127 223 191 61 239 223 251 123 223 123 254 191 240 239 60
    223 210 119 253 247 211 223 126 127 219 30 220 180 205 189 86 133
    232 191 135 111 208 244 105 63 93 92 50 189 250 253 254 255 255 127
    223 191 255 255 253 253 63 254 254 253 251 215 61 255 127 219 181 60
    239 207 251 63 255 91 254 191 240 109 60 255 210 119 253 247 211 223
    90 62 219 158 220 180 205 181 86 133 232 191 135 109 208 244 105 158
    95 94 50 185 124 255 127 253 62 125 253 251 253 254 254 191 93 254
    255 238 243 220 251 107 253 240 212 190 253 239 167 187 125 223 127
    251 251 68 215 254 214 123 249 253 254 223 255 62 246 167 195 111
    191 173 159 143 250 29 159 93 52 246 123 255 251 222 107 255 246 41
    227 245 216 198 249 238 200 175 211 119 195 192 147 114 250 197 63
    103 15 141 238 93 142 218 190 175 194 143 50 190 103 167 61 251 94
    253 111 86 81 96 177 90 203 12 137 177 223 172 88 241 209 190 28 99
    192 120 49 123 76 21 49 182 252 235 255 253 226 127 251 247 157 255
    126 159 223 244 251 238 187 221 251 111 126 253 230 186 123 111 190
    244 237 215 62 191 251 115 117 249 215 247 253 124 250 125 245 62
    127 175 75 180 159 137 255 255 219 127 157 92 213 236 105 253 95 14
    11 246 76 205 174 217 203 223 230 1 61 103 14 206 156 125 125 141
    205 57 249 166 254 127 26 107 115 119 27 118 249 215 27 195 135 211
    195 1 177 201 254 42 52 61 236 225 85 92 119 163 221 200 152 124 151
    101 200 190 123 204 250 167 147 249 217 202 251 221 125 255 255 189
    223 56 255 95 253 251 191 127 244 253 247 247 124 119 254 127 179
    126 111 255 243 63 255 123 127 173 215 109 158 255 210 121 251 253
    119 223 255 127 213 22 253 31 141 183 26 13 232 191 159 77 56 246
    123 191 222 223 46 185 155 223 134 255 239 191 222 17 63 125 127 203
    158 124 124 29 189 251 60 250 246 127 146 123 107 95 243 126 252 115
    255 247 151 243 251 65 247 77 250 99 117 189 239 127 253 141 255 63
    204 211 152 207 238 231 155 239 123 215 254 183 243 105 149 190 247
    254 243 147 221 194 135 201 238 233 170 123 239 203 226 253 251 231
    63 247 79 143 63 125 198 223 123 111 210 31 226 55 115 47 94 255 90
    53 109 246 113 84 56 191 205 88 252 181 205 172 80 177 209 255 140
    235 80 252 33 61 92 85 48 186 255 254 126 239 255 253 223 153 255
    127 189 251 191 123 246 253 255 247 63 255 255 223 191 124 239 255
    123 127 255 123 255 191 243 237 222 95 250 247 253 247 215 223 106
    127 217 158 252 177 205 221 86 165 253 247 143 239 208 252 240 31
    222 93 50 189 56 172 255 221 42 223 241 119 253 252 94 221 95 244 63
    238 191 152 251 43 244 95 254 183 251 111 148 246 109 215 223 238
    143 90 99 36 255 202 248 120 124 61 231 167 253 247 119 235 191 232
    239 219 246 93 24 92 127 223 255 233 243 251 207 222 124 191 255 253
    62 255 253 127 253 254 254 253 95 253 191 238 155 253 251 107 245
    127 126 255 255 235 150 183 109 245 127 239 207 219 231 173 255 255
    249 61 254 191 247 231 255 247 247 235 255 254 175 219 243 125 255
    92 127 255 255 239 251 255 239 223 1 6 192 130 25 128 129 92 38 120
    0 117 161 91 161 69 98 212 1 32 192 34 202 99 12 128 160 7 18 8 17
    75 215 36 85 186 82 120 41 116 112 84 24 15 192 20 241 79 153 172 24
    5 240 24 156 73 16 114 51 189 88 87 32 250 251 190 246 55 223 98 129
    142 254 249 180 255 175 251 162 253 255 247 63 247 237 143 255 119
    198 223 249 111 211 26 226 127 215 47 86 191 90 116 237 244 80 92 56
    63 217 85 249 237 153 172 24 5 240 31 156 73 16 240 51 189 88 87 32
    250 60 173 253 170 50 125 53 127 245 212 222 181 125 190 191 238 251
    212 99 105 116 82 212 55 93 253 180 9 123 218 126 233 213 36 119 186
    82 122 201 124 120 221 60 47 213 52 117 110 153 172 154 13 242 29
    156 77 16 242 59 189 91 87 32 250 76 33 247 145 216 135 163 253 128
    231 194 54 209 226 147 66 202 93 99 102 219 165 202 211 30 250 190
    173 192 140 50 139 87 6 85 187 16 120 109 92 48 64 48 14 69 60 193
    183 25 172 24 5 240 28 156 73 16 250 51 189 72 87 33 250 45 238 126
    105 219 249 226 240 121 255 238 255 244 126 237 236 194 153 155 106
    253 125 143 253 127 110 10 167 255 71 59 183 255 195 221 251 117 243
    253 190 255 127 222 86 84 151 91 179 191 93 31 117 255 181 201 105
    118 236 239 174 219 251 251 245 112 50 179 177 216 166 35 109 198
    238 210 20 225 192 147 22 118 197 67 66 248 37 202 221 158 232 172
    175 66 148 97 238 71 36 69 191 84 184 101 94 120 64 16 142 69 40 161
    111 155 172 25 1 240 29 156 81 64 242 19 185 88 87 32 254 250 223
    239 253 255 127 255 251 189 253 254 219 255 253 254 253 251 253 127
    111 126 207 190 61 111 255 63 191 255 83 126 191 242 231 126 251 214
    119 253 247 223 255 251 127 223 159 252 180 205 149 86 181 217 255
    135 239 208 252 97 127 223 92 19 189 172 254 126 233 191 253 246 245
    61 255 236 249 222 59 253 239 249 248 255 251 253 82 126 185 245 109
    105 247 125 95 251 247 253 226 255 111 119 243 189 246 251 94 106
    191 86 247 90 241 189 253 126 37 252 221 143 93 150 212 175 172 219
    91 42 191 252 233 255 221 114 127 251 255 221 252 222 189 95 246 251
    238 155 221 251 111 62 253 230 183 255 239 150 181 105 219 62 251
    239 19 101 251 214 255 253 124 250 125 245 54 255 190 101 238 191
    172 239 223 211 127 148 92 228 236 107 251 127 78 107 254 252 172
    239 253 255 119 247 255 253 253 254 191 255 254 251 238 251 221 251
    111 253 223 239 191 127 239 190 183 251 221 126 255 255 47 117 251
    215 255 253 124 122 125 255 62 95 191 79 241 191 172 255 189 211 191
    157 92 208 252 239 255 223 78 171 254 185 223 124 250 38 189 117 115
    125 253 254 139 255 189 124 95 255 255 103 233 252 246 209 247 217
    127 245 250 120 214 254 233 218 100 115 188 215 120 249 124 124 223
    58 191 213 181 118 111 153 173 153 12 250 29 143 93 56 246 115 189
    91 215 44 250 124 186 255 33 254 245 171 252 220 191 210 125 229 24
    155 228 250 253 219 106 249 7 223 221 191 104 60 166 220 213 115 254
    109 169 207 61 127 183 173 126 217 68 82 158 83 227 27 241 191 124
    28 33 240 189 156 81 214 248 167 156 254 151 42 247 240 187 215 215
    254 83 219 255 206 177 127 255 255 243 211 250 127 199 126 47 15 175
    231 199 175 215 255 127 166 171 214 62 247 109 101 223 222 61 251 87
    113 93 225 127 173 44 189 47 175 175 205 211 176 187 156 207 68 126
    16 123 124 21 53 254 56 178 255 225 254 245 171 253 220 191 210 127
    229 24 155 100 250 253 219 106 248 3 223 220 188 40 62 166 222 213
    115 254 109 169 207 61 127 183 45 126 249 68 82 158 83 225 155 113
    191 124 28 33 240 189 156 81 198 240 167 156 254 223 40 247 220 57
    159 212 38 115 124 114 82 190 85 146 86 192 20 26 253 207 244 239 14
    245 64 147 141 119 247 252 72 102 246 233 210 16 145 173 222 108 248
