<?xml version="1.0"?>
<opencv_storage>
<ImageFile>"420.jpg"</ImageFile>
<Features type_id="opencv-matrix">
  <rows>299</rows>
  <cols>64</cols>
  <dt>u</dt>
  <data>
    220 121 187 241 248 243 250 240 24 175 251 222 211 192 211 250 251
    221 127 111 14 141 238 153 175 223 191 239 212 7 50 191 115 39 125
    219 82 253 255 214 112 108 241 126 219 12 91 181 223 141 54 245 217
    255 148 235 209 252 49 127 92 53 17 190 222 185 195 247 255 98 217
    158 252 185 212 251 175 203 178 91 121 213 61 247 111 143 239 127 47
    223 251 39 219 91 50 191 215 175 54 251 127 125 255 116 113 124 250
    127 219 29 253 247 221 172 24 213 209 254 156 235 80 252 53 191 92
    85 144 250 58 252 108 235 191 157 223 9 255 247 189 250 191 122 124
    93 221 179 126 187 191 119 91 125 241 119 117 63 127 251 223 226 143
    236 207 6 251 89 251 59 126 223 101 237 149 125 183 51 191 223 137
    79 254 165 250 255 58 247 254 191 179 251 252 94 205 238 237 72 118
    127 119 86 49 127 172 248 78 185 228 239 129 253 63 109 181 81 120
    59 109 235 11 55 125 77 57 69 209 103 188 251 66 117 53 182 214 238
    122 63 91 158 116 210 29 53 86 4 73 253 135 12 152 236 43 158 221
    222 38 185 239 239 237 120 118 63 87 86 57 95 172 248 78 185 228 239
    129 253 63 109 183 93 120 59 103 239 11 55 125 93 56 97 240 103 188
    219 66 125 181 181 215 255 122 63 218 158 116 210 13 181 86 4 73 189
    135 12 152 244 43 158 221 222 38 185 183 254 80 231 253 184 219 152
    126 89 2 127 166 91 192 21 98 231 188 27 205 47 155 124 101 222 123
    39 158 107 99 63 151 227 221 145 118 185 239 53 97 92 42 255 193 128
    253 51 168 223 24 33 252 165 142 235 22 222 182 143 210 95 181 190
    175 255 109 236 55 63 95 90 185 95 173 250 239 59 228 237 129 245 60
    125 117 212 48 114 101 247 169 51 255 123 126 57 210 100 222 251 234
    125 185 189 246 223 122 61 210 83 244 77 132 191 22 13 201 189 223
    12 56 246 119 158 223 222 46 185 252 253 255 253 50 111 249 239 221
    253 255 159 87 172 255 254 187 220 250 111 62 157 230 187 253 239
    182 251 75 239 126 191 231 23 117 251 182 255 254 125 242 253 245
    118 191 158 125 190 223 170 127 247 219 127 180 238 213 252 105 123
    255 44 147 246 192 11 147 245 249 98 112 206 56 241 165 203 130 209
    130 11 107 213 61 103 78 141 238 51 15 219 187 47 211 11 34 47 215
    39 117 251 82 125 255 118 112 124 184 127 201 28 253 183 221 164 88
    245 209 126 156 203 81 252 49 63 92 117 145 250 213 157 154 95 49 66
    248 230 19 153 85 253 6 147 134 154 63 131 184 15 135 13 230 19 171
    219 242 127 81 41 198 110 151 51 49 245 247 29 250 117 113 60 187
    103 187 24 53 238 221 170 123 215 240 127 184 206 83 255 119 251 121
    117 149 223 223 249 146 245 176 96 248 198 24 233 109 219 194 195
    130 186 107 202 53 107 15 141 230 27 175 223 179 235 195 39 178 55
    247 183 53 251 83 125 251 247 113 108 185 127 255 29 255 180 217 172
    126 247 208 158 180 105 145 241 113 63 92 117 129 250 108 238 231
    169 250 253 171 225 253 255 218 191 221 180 251 236 155 217 251 110
    253 215 158 253 127 221 61 183 207 223 63 158 101 201 79 123 244 247
    237 62 189 93 101 190 127 238 254 177 239 205 220 185 155 247 141
    127 196 204 233 172 255 79 58 182 28 170 125 168 50 125 184 117 93
    222 223 180 85 52 249 226 153 152 195 106 245 112 68 146 253 37 128
    208 109 231 189 251 253 80 215 170 221 242 200 121 190 29 87 36 118
    167 226 110 191 175 175 15 178 29 89 92 166 195 31 236 123 138 106
    246 236 238 247 169 234 255 171 245 189 255 202 159 223 188 251 236
    155 185 251 110 125 215 94 252 95 125 29 182 237 215 127 150 237 73
    79 111 212 247 253 62 60 93 116 182 125 255 254 177 189 204 188 185
    211 255 156 255 254 236 201 173 255 207 24 246 58 255 253 202 54 221
    213 55 255 212 223 252 125 62 125 222 253 178 98 251 183 119 83 247
    249 119 117 253 111 255 223 234 143 108 227 158 222 88 251 125 61
    157 245 173 151 245 55 111 191 186 137 75 178 5 250 85 62 243 122
    255 251 251 236 218 54 255 109 202 55 221 221 57 239 199 189 250 253
    62 124 223 217 245 102 189 55 118 83 229 245 247 117 61 63 254 222
    168 206 108 207 158 202 57 251 125 60 223 101 173 151 248 53 46 183
    191 128 75 170 145 255 87 56 246 122 127 251 217 236 218 193 9 134
    21 73 195 32 182 4 165 4 129 18 200 51 15 45 121 97 199 222 143 230
    51 74 123 156 38 80 0 50 71 223 39 113 56 83 104 236 108 112 60 48
    47 221 124 183 239 25 168 24 5 241 28 156 65 17 242 51 189 88 87 0
    250 62 173 239 154 2 95 85 39 255 198 31 156 95 182 63 206 217 18
    114 191 151 85 215 167 249 117 149 125 105 222 222 232 133 92 67 174
    206 72 251 120 48 157 245 33 23 52 117 238 215 168 171 207 178 29
    112 92 60 227 123 249 59 217 72 202 85 49 144 82 81 162 99 126 194
    32 196 50 226 219 130 19 126 43 251 214 235 175 67 199 130 106 222
    205 32 12 192 160 143 15 131 191 13 8 87 92 56 161 150 195 109 121
    167 207 118 166 137 218 241 120 88 211 111 63 87 147 40 161 245 74
    85 49 216 82 81 162 99 126 194 32 196 50 226 218 134 91 122 43 251
    214 235 47 67 199 130 114 220 205 48 12 192 160 159 15 129 175 5 24
    87 92 56 161 182 67 77 121 167 207 118 166 137 216 241 120 90 147
    111 62 87 147 56 177 245 74 35 207 109 219 55 221 223 57 239 199 159
    154 253 60 125 79 155 245 98 191 30 119 211 231 121 247 183 60 54
    218 94 41 206 108 199 158 202 121 251 121 52 93 60 175 151 244 245
    47 151 172 152 13 178 29 222 94 56 114 122 189 123 221 104 250 250
    205 138 254 75 206 92 7 55 111 57 137 30 238 116 254 253 19 52 163
    142 189 249 43 127 223 163 127 75 243 190 111 19 183 60 113 167 237
    246 254 98 238 237 105 159 28 109 251 197 192 122 212 237 66 60 174
    219 191 251 251 159 100 147 166 35 6 0 34 221 160 35 8 164 43 0 99
    160 11 128 21 98 116 5 80 200 34 137 124 4 152 40 3 146 9 33 79 81
    164 92 50 113 176 37 198 65 64 10 139 64 1 200 81 8 36 24 4 228 16
    140 41 16 48 167 156 8 70 32 48 235 223 111 205 255 189 223 217 191
    87 189 218 207 121 116 237 163 245 62 111 30 95 186 120 111 255 59
    63 255 59 62 63 242 231 220 219 194 117 255 183 119 254 104 127 219
    30 252 145 205 181 86 5 73 183 135 111 208 244 112 30 221 93 54 185
    60 190 255 188 62 127 189 127 245 252 222 181 125 190 187 238 251
    252 227 107 245 119 214 191 221 233 180 151 121 221 127 239 207 44
    87 190 214 120 233 124 120 93 122 175 213 181 247 111 185 172 152 13
    242 29 156 89 20 242 115 189 91 87 40 250 213 185 250 84 117 154 88
    90 2 161 133 250 230 209 132 91 56 229 62 223 143 47 66 203 135 114
    243 127 16 45 196 102 159 191 180 143 202 189 242 87 80 186 233 103
    187 120 189 47 212 246 33 215 97 248 250 199 113 63 240 223 185 117
    149 95 167 254 219 103 253 248 243 216 248 253 166 251 167 91 194
    253 107 245 189 43 237 13 174 124 103 223 57 39 222 11 99 63 215 229
    220 211 118 253 237 183 209 92 106 63 217 8 248 177 204 253 28 53
    221 231 140 235 80 220 182 47 220 95 52 190 171 222 110 237 255 190
    159 145 63 127 57 203 143 121 116 253 228 245 61 249 228 70 184 120
    111 223 57 63 255 59 115 127 210 229 222 219 82 125 253 247 247 94
    122 63 209 30 252 93 137 189 16 5 232 181 143 73 16 246 51 189 92 95
    48 185 193 2 134 17 200 131 162 128 32 171 2 6 144 225 35 1 12 41 33
    198 72 165 66 192 2 114 152 38 128 2 35 3 95 16 83 40 17 104 108 72
    100 32 56 14 197 84 243 105 24 140 24 5 211 93 28 73 17 98 19 181 72
    83 0 106 193 2 134 17 200 130 162 128 32 171 2 6 144 225 35 1 8 41
    33 198 200 165 66 192 2 90 152 166 128 2 35 3 95 16 67 41 17 104 108
    8 100 32 56 14 197 84 243 113 24 140 24 5 211 93 28 72 17 66 19 181
    64 83 64 106 204 9 194 177 217 99 224 239 12 233 104 255 147 234 179
    110 107 93 189 103 111 141 238 57 11 223 59 163 209 130 50 159 215
    39 117 251 17 125 109 116 112 100 48 63 79 29 127 177 93 172 88 181
    209 254 140 234 208 252 33 61 92 85 17 250 252 169 255 221 50 127
    249 255 157 252 254 253 95 252 251 238 251 220 251 111 183 63 230
