<?xml version="1.0"?>
<opencv_storage>
<ImageFile>"421.jpg"</ImageFile>
<Features type_id="opencv-matrix">
  <rows>236</rows>
  <cols>64</cols>
  <dt>u</dt>
  <data>
    44 239 103 249 56 253 225 245 189 220 206 189 93 125 249 236 139 120
    195 106 245 122 156 243 125 109 4 145 109 215 63 223 239 66 71 170
    212 242 249 60 255 61 218 182 116 167 247 107 185 45 173 45 210 29
    157 92 62 194 107 173 203 207 43 248 124 43 247 250 91 171 97 126
    237 52 198 183 255 254 191 202 234 213 123 102 239 143 203 55 79 234
    182 141 122 200 56 236 215 39 101 187 82 126 85 124 156 119 220 6 73
    191 105 231 221 36 88 148 243 30 159 73 80 252 43 189 89 70 35 251
    188 239 255 109 115 127 240 251 249 153 254 255 255 243 239 236 251
    153 255 127 117 223 87 246 247 127 93 177 237 222 254 184 222 111
    103 254 223 59 253 124 255 95 189 183 253 247 63 236 191 175 175 255
    250 31 219 93 126 252 127 237 123 127 235 91 40 141 237 216 54 221
    93 115 189 215 31 220 223 124 124 110 139 117 98 107 246 119 210 247
    121 246 135 54 124 219 29 201 215 108 215 186 210 120 251 60 116 253
    125 47 213 52 245 107 159 172 152 13 242 29 158 28 56 242 115 189 91
    223 40 250 125 190 247 253 254 253 191 249 253 253 218 255 205 125
    251 205 251 253 251 106 253 109 222 253 221 255 191 183 124 95 127
    255 215 229 93 187 214 251 249 127 125 92 123 191 245 161 253 115
    188 189 24 45 240 189 156 77 84 246 243 191 218 87 32 254 58 253 124
    142 55 93 93 47 127 84 61 188 61 62 124 254 247 146 16 249 21 82 245
    55 253 133 224 25 115 251 220 105 164 44 5 254 202 115 137 252 210
    223 29 46 212 150 228 110 155 172 223 13 248 29 151 77 144 242 43
    188 91 30 42 249 189 254 239 239 191 253 255 248 253 253 222 255 255
    127 252 205 251 245 255 107 244 127 218 127 125 255 55 55 126 91 127
    255 223 230 255 58 246 251 249 63 125 125 235 63 213 165 253 123 189
    189 152 13 254 189 159 77 56 246 247 175 219 223 44 254 252 237 239
    253 123 127 255 255 253 251 254 187 127 254 255 238 171 221 251 111
    255 253 238 59 127 207 187 183 95 79 62 255 247 167 117 251 86 255
    253 118 250 255 251 126 255 159 87 251 223 173 62 213 249 125 159 76
    208 254 251 255 223 95 179 255 58 40 109 170 55 93 29 15 231 230 63
    180 61 46 253 246 211 212 64 120 148 112 209 39 93 132 160 25 114
    248 61 233 224 36 215 186 202 122 129 124 178 221 117 41 22 150 228
    110 159 172 152 13 178 29 253 93 24 242 59 252 91 222 42 242 61 254
    125 237 254 189 255 121 253 223 214 249 253 127 253 205 250 245 251
    106 245 127 155 253 125 252 47 183 127 223 125 255 223 111 223 255
    214 123 253 61 255 223 251 63 85 167 221 87 175 189 159 13 250 189
    159 93 116 246 123 175 219 207 46 183 60 254 103 237 254 189 241 249
    253 93 214 123 255 123 249 204 242 221 239 106 245 94 154 253 127
    186 53 179 252 223 125 255 223 102 94 186 214 251 249 60 253 95 251
    31 217 167 218 211 173 189 157 141 250 159 143 93 52 246 123 175 219
    79 44 255 253 41 255 177 211 103 115 254 196 229 213 62 127 170 179
    78 251 213 123 103 59 143 230 53 30 235 188 173 211 156 114 171 81
    47 37 255 82 117 69 94 56 64 52 14 75 61 73 180 157 172 90 133 113
    62 148 65 216 252 41 185 92 22 48 251 252 175 239 221 122 255 253
    247 189 255 214 223 223 244 255 206 153 221 251 107 191 125 254 251
    255 127 150 246 109 215 63 238 207 211 239 105 222 255 254 55 252 61
    231 119 255 191 127 243 255 218 175 255 215 253 159 94 215 223 255
    239 255 253 219 254 251 221 254 223 39 223 221 183 127 215 61 200 63
    248 126 255 245 246 124 255 54 127 247 55 253 239 227 124 127 247
    254 57 246 62 118 254 218 127 250 249 242 223 185 127 178 30 209 110
    157 170 62 79 248 29 181 77 145 247 123 255 123 254 139 251 251 221
    255 253 39 95 221 207 191 215 189 202 95 248 126 255 245 247 62 255
    54 255 246 55 253 231 231 126 127 245 254 43 247 126 114 255 218 127
    250 249 242 255 185 125 186 94 213 110 221 170 30 79 248 29 183 93
    17 247 113 191 123 252 139 251 45 174 237 232 62 253 231 117 189 126
    206 173 221 125 253 237 217 253 195 42 245 119 90 251 245 116 4 246
    108 215 125 199 207 218 207 36 254 250 249 58 124 61 106 165 85 241
    247 107 186 252 136 73 246 29 218 93 62 198 223 175 219 219 111 246
    253 57 255 253 80 99 121 254 208 237 228 191 103 202 147 234 251 221
    251 111 63 141 230 147 143 235 178 173 81 77 118 175 123 7 181 251
    20 253 119 125 120 225 191 119 111 57 107 182 222 172 127 245 209
    254 52 68 232 188 105 235 221 164 181 246 221 57 255 253 48 119 125
    254 209 252 253 177 71 251 147 234 187 205 251 111 63 253 230 179
    143 235 182 253 105 77 118 171 223 19 181 251 148 253 247 125 124
    173 187 119 239 169 127 238 223 172 239 247 241 254 52 76 236 190
    123 203 253 166 229 254 210 217 155 215 55 211 216 186 222 187 53
    251 179 194 115 250 54 215 124 155 142 191 231 95 171 131 243 127 87
    107 182 126 243 63 188 247 94 125 250 247 210 110 227 94 187 22 145
    127 223 175 30 199 252 61 189 219 209 243 51 95 125 52 129 191 250
    217 218 255 119 123 222 175 95 241 255 255 190 254 111 254 189 151
    60 223 15 255 231 63 227 223 251 127 127 123 222 191 187 255 253 87
    255 95 254 247 243 255 239 125 191 159 255 190 207 219 247 247 255
    231 243 255 211 255 252 127 53 121 151 159 255 223 254 214 119 63 93
    155 191 87 175 250 191 255 254 221 255 247 124 127 118 254 176 119
    247 247 243 123 255 250 222 185 194 108 214 254 194 120 251 253 118
    223 60 191 245 94 245 111 157 175 144 13 250 29 159 93 56 246 113
    191 123 223 44 250 220 58 247 245 254 181 255 248 216 191 242 123
    215 208 211 72 50 221 255 107 252 253 138 221 143 126 183 246 204
    199 119 255 127 211 220 61 253 253 249 127 125 124 243 62 239 165
    219 115 190 221 25 247 242 255 157 81 71 254 215 207 255 223 225 190
    220 58 247 245 252 177 255 248 216 191 210 123 199 208 211 64 50 205
    255 107 253 253 10 220 142 126 183 246 204 197 119 255 127 147 220
    45 125 253 245 119 124 100 243 30 227 165 155 83 190 221 24 243 247
    253 157 113 71 254 215 159 238 183 225 190 43 148 108 174 47 157 157
    9 55 254 23 197 189 63 61 87 252 246 0 179 244 118 210 123 81 188
    224 30 122 115 125 99 215 44 87 176 243 122 232 121 116 93 126 175
    212 20 245 111 153 174 24 13 242 29 156 73 24 242 51 189 90 215 40
    250 109 50 231 209 92 231 163 126 244 253 208 115 239 219 147 71 235
    245 251 99 249 47 202 255 14 251 191 167 90 73 51 207 95 39 21 187
    84 252 125 116 124 100 122 47 205 32 117 235 60 172 24 1 243 60 156
    73 64 254 51 159 202 87 32 254 210 249 155 215 62 211 216 191 222
    187 117 255 179 194 211 250 118 215 124 27 142 189 231 31 175 131
    247 111 87 235 182 126 231 63 60 255 222 125 250 247 210 126 227 94
    187 22 145 127 223 174 30 199 248 61 156 91 209 243 115 127 125 52
    163 191 12 202 206 139 234 253 166 181 61 253 94 205 156 55 121 236
    221 219 217 168 249 85 95 249 121 124 28 246 109 215 159 247 253 192
    219 32 127 219 173 58 253 29 106 54 85 167 126 241 191 89 173 45 247
    205 219 220 118 207 174 228 211 219 110 222 239 246 109 168 223 127
    39 92 185 126 232 41 77 45 238 237 193 253 155 112 248 209 58 56 86
    237 40 247 249 85 121 207 221 193 222 105 127 242 37 250 126 214 94
    157 85 211 230 209 188 116 30 12 199 253 207 25 190 172 175 188 222
    214 126 245 220 250 255 229 252 241 250 252 88 187 254 255 195 17
    219 232 235 205 255 107 237 129 238 216 175 95 59 231 221 71 51 190
    125 209 253 121 127 247 237 181 217 92 251 62 251 135 218 241 174
    221 127 183 217 255 156 105 198 220 175 206 92 31 116 190 109 206
    238 217 120 255 230 247 61 254 110 157 24 191 255 239 131 93 249 43
    253 113 254 187 121 109 10 166 125 71 59 223 253 195 253 97 85 255
    125 182 246 247 234 54 86 166 119 243 31 121 126 188 223 253 143 142
    214 236 239 206 207 94 43 245 157 250 127 229 252 241 251 248 88 191
    246 255 239 17 201 233 235 205 255 107 237 69 174 248 173 127 121
