<?xml version="1.0"?>
<opencv_storage>
<ImageFile>"422.jpg"</ImageFile>
<Features type_id="opencv-matrix">
  <rows>175</rows>
  <cols>64</cols>
  <dt>u</dt>
  <data>
    248 190 247 207 250 255 227 253 255 253 86 223 191 255 187 236 251
    247 251 107 252 79 255 253 251 235 60 63 127 219 123 239 215 103 119
    191 214 251 253 126 125 93 104 182 221 164 125 231 157 172 157 13
    242 29 156 77 112 254 115 189 218 95 40 254 127 246 125 171 255 191
    159 89 239 119 211 122 189 63 252 85 242 245 11 116 249 83 146 116
    92 220 233 63 210 26 125 235 213 44 87 191 82 120 169 116 116 92 24
    15 213 28 244 77 153 172 24 5 240 29 156 73 16 242 51 188 88 87 32
    248 41 222 124 169 255 189 183 241 189 254 206 79 221 60 121 101 245
    253 207 232 240 86 24 252 241 124 237 246 252 215 255 247 233 72 195
    44 211 250 169 121 124 93 94 190 212 231 246 109 188 253 152 13 250
    157 221 93 62 246 191 188 251 219 110 248 83 216 138 139 95 195 215
    14 15 128 29 252 50 14 175 253 235 87 56 20 130 31 207 101 111 213
    89 47 23 107 31 111 149 167 61 219 2 217 111 22 33 209 108 97 29 28
    125 161 197 52 83 148 191 162 164 227 80 40 168 105 25 13 54 222 219
    154 210 231 255 176 251 152 124 187 114 107 174 75 2 25 60 223 189
    155 236 45 239 120 162 223 251 247 222 99 231 255 127 249 220 117
    255 253 252 167 109 76 235 127 235 1 219 49 252 222 24 231 245 231
    220 235 71 159 183 143 246 127 148 126 79 252 223 13 54 217 154 148
    123 163 141 188 252 22 239 251 137 242 18 219 141 241 103 156 225
    101 252 251 97 111 223 50 253 28 229 206 218 123 232 119 58 93 109
    44 183 254 183 61 157 238 46 39 240 157 112 108 144 243 185 188 121
    219 102 202 192 3 146 147 193 130 6 67 38 161 33 2 162 195 128 3 106
    129 45 71 10 173 195 35 6 219 187 45 18 8 0 48 82 39 52 155 0 60 7
    86 48 66 56 143 11 12 73 150 9 164 112 48 112 26 132 75 16 120 33
    157 72 4 33 250 126 60 253 190 254 255 63 123 247 126 221 54 253 174
    188 94 251 213 115 100 249 215 145 53 222 253 253 189 90 222 127 233
    209 44 87 191 218 120 161 124 120 93 61 47 213 21 228 109 157 172 24
    5 240 29 156 73 16 242 51 189 88 86 40 250 254 60 255 188 255 63 63
    251 244 126 216 55 255 236 190 93 251 245 123 102 124 247 144 62 94
    254 189 159 218 222 127 235 211 44 87 255 210 112 225 116 120 92 24
    15 213 21 229 77 157 172 24 5 240 29 156 73 16 242 51 189 94 86 32
    248 5 47 231 156 0 78 33 111 1 100 72 149 83 245 159 170 169 76 161
    98 198 9 228 163 95 139 128 68 33 8 24 77 213 50 117 186 20 114 193
    108 103 62 152 167 108 22 229 238 25 36 121 148 240 28 148 8 8 226 3
    185 72 70 35 249 229 238 247 217 216 223 239 197 43 103 43 94 222
    239 255 237 235 245 57 102 207 237 26 121 126 223 63 47 215 15 59 39
    87 199 95 91 64 245 255 86 55 104 200 127 93 158 253 147 221 204 16
    244 69 255 134 235 209 252 225 47 220 117 145 180 229 254 247 253
    248 206 239 193 107 111 43 126 215 239 255 125 227 245 189 102 207
    205 26 121 110 222 59 63 222 15 59 55 87 199 95 91 0 255 255 54 39
    108 200 127 255 158 253 179 205 213 16 245 197 247 142 235 217 252
    240 47 220 109 147 180 59 177 206 246 63 179 209 58 212 240 212 245
    187 90 164 78 234 213 33 123 199 47 195 119 45 218 178 47 82 89 53
    111 215 46 85 186 82 120 251 116 112 125 184 111 213 21 245 111 153
    172 25 5 240 29 156 73 16 242 51 191 88 87 160 250 93 58 247 117 124
    243 250 244 248 191 210 117 236 81 155 65 248 237 219 251 245 109 79
    223 141 58 246 214 124 69 229 246 127 123 255 61 253 190 253 117 221
    108 251 158 227 225 211 123 190 255 12 67 242 253 158 93 198 223 215
    215 250 243 229 119 151 218 17 103 189 200 201 136 158 25 42 123 163
    90 192 181 127 215 172 27 198 46 170 108 37 215 115 107 150 43 67
    126 23 235 124 84 116 153 235 183 97 124 226 121 137 64 188 51 224
    215 84 33 252 130 174 99 1 80 182 47 212 93 181 30 120 156 239 253
    255 237 251 253 189 253 222 157 159 252 251 238 251 213 91 106 254
    255 222 63 127 254 182 63 127 211 127 239 215 103 119 251 214 127
    253 118 213 221 223 62 205 134 237 247 157 36 222 141 242 31 159 77
    88 246 123 191 219 15 34 254 71 33 130 50 73 130 66 14 0 32 132 52
    162 194 130 18 104 1 49 214 195 45 75 67 6 202 216 15 66 12 32 98
    159 39 5 187 2 40 101 86 96 96 28 75 201 93 167 239 25 172 24 4 241
    24 88 67 16 178 179 185 24 119 176 74 77 54 101 160 220 182 43 88
    224 94 194 18 205 105 177 65 226 221 3 100 232 37 130 112 76 152 172
    141 82 4 49 169 87 36 85 186 82 120 129 84 124 68 24 15 213 5 194 79
    152 172 24 5 240 29 156 73 16 242 51 189 88 87 32 250 252 49 247 20
    22 39 121 126 194 4 213 54 119 194 146 82 250 133 103 87 59 143 97
    151 158 186 246 205 66 156 224 168 74 45 36 158 10 60 65 222 24 192
    149 143 201 121 161 46 155 164 1 195 96 28 20 65 64 178 17 249 56 22
    96 250 237 207 239 249 122 255 119 247 189 253 236 137 95 249 255
    239 139 253 251 111 252 223 254 179 91 111 159 182 125 213 126 239
    255 99 115 241 247 253 245 252 254 63 250 55 221 191 119 235 253 172
    255 157 243 125 159 206 127 254 111 191 219 212 31 251 109 38 239
    161 28 119 161 254 244 254 194 53 73 187 155 231 202 108 203 104 249
    195 206 189 12 168 12 129 92 76 49 219 125 4 213 186 85 50 5 52 252
    84 26 158 68 163 66 193 58 45 28 0 209 29 141 24 132 224 35 156 74
    150 40 240 247 253 242 119 253 226 217 158 254 237 189 255 174 203
    134 125 59 231 62 215 239 175 247 127 166 223 243 63 211 59 230 127
    231 191 60 255 218 61 250 247 83 108 185 235 233 88 189 63 201 166
    90 67 240 62 156 195 17 179 113 191 252 117 177 251 61 254 125 108
    63 253 189 120 253 252 254 243 237 61 253 69 251 252 227 121 245 118
    217 254 253 125 245 179 124 87 255 239 223 104 215 190 247 120 249
    125 125 93 123 175 213 225 246 111 186 189 153 13 242 29 158 93 62
    246 119 191 251 223 44 254 79 50 206 162 223 115 166 246 112 26 210
    55 106 223 131 65 75 221 185 244 225 85 143 249 46 124 24 133 222 71
    50 203 93 98 157 177 127 116 45 52 124 68 26 30 69 133 118 193 26 61
    28 132 209 189 206 9 214 228 47 157 76 147 100 240 77 38 101 176 220
    183 35 112 96 126 82 18 200 99 147 65 226 221 1 102 233 37 131 242
    78 248 188 173 210 4 49 203 87 36 85 186 83 120 225 116 120 84 24 15
    213 5 243 79 153 172 24 5 240 29 156 73 16 242 51 189 88 87 32 248
    62 54 109 169 223 245 167 253 253 126 218 53 125 62 187 245 251 244
    67 96 241 82 159 60 92 253 60 43 254 94 123 251 85 100 223 186 82
    114 45 116 116 69 90 30 84 132 244 85 152 45 28 4 242 29 142 89 144
    240 35 156 94 95 40 240 50 49 154 151 155 128 88 13 198 163 177 186
    183 194 146 94 118 146 98 211 139 174 203 79 158 130 230 107 2 185
    197 110 103 174 38 158 202 61 99 222 2 74 229 72 138 92 137 31 209
    174 144 129 36 24 180 113 16 114 240 25 60 20 160 231 196 41 131 83
    200 130 98 229 72 35 162 62 242 194 131 42 66 33 123 70 223 173 91
    143 18 106 186 175 192 140 34 2 107 7 71 187 0 53 103 222 56 96 144
    207 73 121 43 147 29 44 24 112 113 125 28 195 81 252 97 185 12 118
    177 232 122 21 125 190 55 143 31 11 231 70 85 20 189 110 60 86 254
    215 65 116 240 118 209 119 220 220 228 93 82 186 252 233 194 44 87
    190 194 120 201 124 48 221 29 47 213 20 229 111 153 172 24 13 242 29
    156 89 24 242 59 189 88 87 40 250 251 177 250 55 255 224 219 140 254
    161 213 255 175 74 166 93 254 151 54 211 239 47 227 126 228 219 243
    127 210 59 231 111 215 173 21 254 218 121 233 119 80 92 61 107 209
    21 253 63 153 174 24 5 240 29 156 73 16 178 51 191 56 87 160 250 196
    41 243 113 216 194 99 207 200 35 192 62 195 195 131 106 106 41 251
    70 111 173 126 139 22 203 186 175 192 141 34 142 107 7 7 251 16 181
    119 94 88 96 144 194 249 121 171 147 93 140 24 241 209 254 28 227 81
    188 241 187 28 116 145 232 122 21 125 190 87 143 31 11 231 70 85 22
    189 110 60 84 246 215 65 116 112 119 145 119 220 220 240 29 82 216
    252 169 198 44 87 190 194 120 193 124 112 221 28 47 213 20 229 79
