<?xml version="1.0"?>
<opencv_storage>
<ImageFile>"423.jpg"</ImageFile>
<Features type_id="opencv-matrix">
  <rows>253</rows>
  <cols>64</cols>
  <dt>u</dt>
  <data>
    57 252 255 239 59 255 245 255 255 244 252 255 255 63 255 252 251 247
    251 107 244 95 223 119 253 255 117 191 127 219 127 255 135 101 103
    254 215 251 249 124 127 93 255 183 221 179 253 111 191 172 207 141
    250 31 156 85 120 246 123 237 219 207 46 222 57 223 236 158 39 125
    157 55 63 92 63 207 29 126 127 237 253 250 99 242 245 118 209 247 89
    127 181 120 121 214 254 225 207 108 71 180 219 88 248 124 124 93 116
    175 213 118 247 111 189 172 152 13 242 29 152 85 58 243 115 181 251
    219 40 234 61 223 236 222 55 125 149 51 189 220 126 223 157 127 127
    237 253 250 99 250 245 118 211 247 89 127 245 120 125 214 255 227
    207 104 71 182 223 90 249 125 126 31 118 175 213 243 247 111 189 172
    153 9 242 29 153 85 58 247 115 189 251 223 46 250 251 221 238 223 55
    127 221 191 255 255 253 249 63 190 126 254 251 246 124 191 63 223
    247 63 127 231 243 63 127 251 94 191 247 239 188 255 254 127 255 255
    211 255 239 125 159 30 93 190 223 187 255 157 249 183 247 254 249
    244 236 127 223 252 158 191 1 142 130 71 249 206 194 66 26 125 6 95
    130 90 200 13 106 213 61 35 198 47 202 123 47 218 63 47 22 11 19 111
    215 167 93 155 82 250 239 54 241 116 40 79 201 12 253 227 153 164 24
    5 241 21 158 75 16 122 50 173 88 85 49 250 3 158 130 199 253 186 130
    18 30 89 6 71 162 90 200 29 106 215 189 11 196 47 203 123 47 218 57
    39 22 11 3 111 151 167 125 145 114 218 237 52 209 84 42 15 201 4 253
    235 152 181 24 5 245 37 158 203 16 242 50 175 80 87 52 250 251 222
    254 255 239 191 223 185 255 255 252 235 191 252 118 95 255 183 127
    255 252 255 219 125 211 127 255 190 254 209 255 167 207 47 70 117
    219 125 252 127 120 95 126 191 221 125 255 183 189 143 152 13 246
    189 159 209 113 246 247 191 251 223 152 250 89 216 158 221 110 179
    250 48 28 183 117 202 222 184 53 74 60 219 126 251 190 117 194 251
    169 123 255 254 104 231 245 251 223 56 145 109 223 105 248 123 248
    157 253 47 243 61 243 63 159 202 25 7 248 93 216 93 83 247 59 253
    249 179 96 255 27 218 12 207 47 185 218 48 60 155 116 201 172 25 108
    9 20 219 108 187 244 116 195 243 161 59 225 246 124 117 229 227 223
    120 216 36 255 88 248 97 252 31 123 47 209 165 211 111 186 219 153 7
    244 141 219 93 55 211 183 151 115 251 228 219 251 222 238 255 254
    253 221 177 255 255 125 203 159 252 127 221 253 255 127 251 254 255
    155 125 251 127 247 254 223 215 255 183 199 111 79 127 219 125 249
    126 120 92 112 191 223 252 255 55 157 205 24 13 248 159 156 113 17
    246 113 191 254 223 40 186 87 165 139 125 48 210 252 102 17 170 85
    152 66 129 135 26 11 76 48 75 142 45 230 11 109 195 178 47 83 45 33
    111 215 150 61 171 22 253 235 119 48 106 169 104 183 28 81 123 91
    168 58 215 240 25 180 76 209 242 59 219 89 87 35 247 20 169 155 125
    32 208 248 230 16 186 81 156 192 128 139 10 11 77 176 75 134 45 198
    91 45 219 182 231 69 45 51 106 215 144 61 139 54 253 234 55 48 110
    177 108 183 148 17 123 219 168 58 215 240 21 188 72 145 195 59 233
    92 87 99 247 22 169 155 125 48 240 248 230 24 154 81 220 192 5 139
    154 11 204 161 75 134 45 198 91 45 219 182 229 71 37 34 122 87 144
    61 139 118 189 232 53 49 108 177 108 191 148 17 123 219 184 58 211
    240 21 188 72 145 194 59 235 92 71 33 246 20 233 155 109 32 208 248
    226 80 154 81 222 192 0 153 10 10 73 163 75 133 36 196 219 173 152
    183 225 68 166 34 122 87 16 109 139 60 60 232 48 176 108 177 108 247
    148 147 127 219 168 56 211 240 21 60 64 4 195 27 233 92 83 97 183
    131 158 144 102 189 168 154 24 26 25 6 203 162 19 70 17 110 199 172
    9 196 47 235 89 101 218 57 39 22 43 3 102 151 165 124 144 115 25 233
    53 193 220 42 191 137 0 189 111 144 180 24 5 244 167 190 235 16 242
    50 173 80 87 52 250 133 22 70 1 221 176 163 248 40 185 162 99 162 27
    192 33 98 237 143 1 233 134 174 120 2 62 57 34 156 14 35 87 121 33
    220 187 80 184 45 149 213 68 26 30 193 97 218 81 40 253 24 37 209
    190 140 65 18 56 183 134 204 23 36 56 204 207 238 217 106 223 212
    247 61 253 46 203 159 249 255 238 137 217 249 47 220 221 254 243 123
    127 157 54 125 219 30 111 215 99 115 241 86 127 255 60 240 61 120 55
    221 22 125 227 157 172 30 157 209 93 157 206 82 254 115 189 91 93 1
    250 62 47 253 152 50 31 21 99 231 70 31 52 93 118 189 116 240 211 66
    164 213 117 80 231 223 224 164 93 34 252 220 104 134 28 71 174 202
    122 131 92 180 157 21 37 244 182 229 78 151 172 137 15 178 29 155 89
    56 115 58 188 123 218 106 248 175 222 110 239 255 220 223 137 191
    223 47 238 191 127 127 125 153 247 60 63 220 119 210 124 117 215 185
    55 254 123 95 51 135 252 223 195 243 89 248 57 112 93 106 253 245 84
    253 55 189 159 24 45 253 165 252 255 48 215 118 189 250 223 60 250
    243 205 255 154 66 95 5 231 103 68 61 152 95 189 255 254 255 244 124
    108 30 208 180 35 95 229 173 25 163 152 90 57 240 39 118 218 66 118
    23 220 54 219 60 63 28 158 68 140 197 37 86 156 42 27 135 79 152 244
    41 60 93 68 10 177 35 204 236 223 255 156 223 9 191 119 53 234 189
    123 110 93 136 183 48 179 222 119 210 107 117 215 145 63 62 251 95
    103 151 252 215 186 242 89 250 127 116 223 108 233 213 84 245 43 145
    174 24 13 244 21 220 127 56 247 242 189 250 223 56 250 29 48 190 148
    38 243 184 118 82 190 213 193 206 129 17 11 28 107 226 155 177 85 67
    203 137 115 240 246 104 117 229 231 207 24 177 36 159 168 232 107
    124 13 231 175 183 49 55 107 58 250 169 203 246 89 120 84 47 147 151
    243 179 243 204 78 146 235 155 93 32 144 216 235 202 131 177 202 194
    193 6 26 44 131 34 79 14 45 66 195 205 147 247 110 2 46 162 42 215
    20 69 174 90 56 234 113 112 124 185 109 179 20 177 111 155 170 24 67
    240 29 220 73 17 243 51 253 120 119 225 251 188 255 127 237 50 125
    253 195 125 223 239 249 95 246 252 253 251 220 255 107 55 216 180 59
    255 223 39 251 223 223 62 191 240 103 126 219 210 119 249 244 243
    223 120 63 254 150 92 252 205 189 118 181 216 23 135 77 144 244 105
    172 95 94 35 185 69 6 147 253 8 132 234 69 8 239 3 141 192 64 153 2
    2 77 129 107 142 45 202 91 13 138 134 38 0 5 49 79 119 147 125 43 16
    236 238 6 161 100 168 102 39 140 89 51 25 200 56 117 241 92 188 104
    17 202 51 173 72 71 33 246 82 33 155 85 32 144 216 107 194 130 145
    146 194 192 3 18 46 131 34 71 142 45 194 199 141 147 247 108 2 168
    160 42 71 28 69 174 26 40 234 64 48 104 177 105 179 52 145 111 155
    170 56 67 240 25 124 65 1 115 19 249 120 119 225 251 251 187 230 247
    255 179 219 152 254 185 149 251 175 91 34 93 254 247 126 255 255 47
    211 127 166 255 243 63 254 123 231 247 223 239 223 183 251 125 251
    117 125 92 251 127 217 113 255 127 188 190 24 71 244 183 156 233 19
    247 247 159 250 127 180 90 197 6 130 145 217 66 163 206 36 225 40
    111 2 207 163 173 107 125 41 71 72 139 238 32 70 223 25 39 145 10 34
    23 245 39 117 187 16 116 109 6 101 32 56 51 77 24 125 160 88 172 92
    52 209 122 132 203 144 248 33 61 76 85 48 122 199 7 130 117 64 66
    170 198 32 155 40 67 2 65 2 33 9 73 173 103 70 173 102 82 70 223 51
    98 144 38 34 19 86 51 93 169 112 100 110 160 97 32 56 123 207 16 245
    254 88 172 88 5 209 82 156 72 145 208 17 23 68 119 17 186 163 223
    238 79 239 221 223 137 191 213 47 206 190 127 110 189 189 179 60 191
    246 119 83 117 113 247 89 126 127 251 223 51 143 252 203 68 251 89
    250 59 117 157 104 253 181 88 253 63 189 219 136 47 252 229 250 255
    59 215 246 45 243 249 156 218 199 135 130 181 197 66 142 196 32 201
    40 203 130 197 2 43 41 77 45 39 72 169 102 32 70 223 187 39 147 34
    34 19 215 35 124 185 114 100 109 228 97 104 56 123 223 24 253 116 24
    140 88 5 209 90 156 107 145 240 33 61 92 87 48 250 35 220 124 207
    255 157 223 25 63 247 143 234 189 127 108 93 253 183 60 179 244 119
    211 109 113 247 249 127 126 123 199 103 143 252 219 20 242 89 250
