<?xml version="1.0"?>
<opencv_storage>
<ImageFile>"428.jpg"</ImageFile>
<Features type_id="opencv-matrix">
  <rows>163</rows>
  <cols>64</cols>
  <dt>u</dt>
  <data>
    58 21 125 138 38 63 23 63 247 84 87 20 61 60 60 86 246 246 67 240
    240 114 209 247 216 160 228 92 122 208 221 233 158 44 211 190 222 90
    128 120 244 159 29 7 212 180 229 78 155 172 137 13 242 29 219 89 56
    242 59 188 90 214 110 216 122 254 255 191 254 191 31 89 254 119 213
    90 255 249 180 93 242 213 63 102 252 85 146 117 206 222 189 191 210
    24 117 171 215 45 86 191 90 121 229 116 112 94 24 15 213 28 245 79
    157 172 24 5 240 61 157 73 80 246 51 189 88 87 48 249 249 93 191 253
    238 191 127 255 253 245 253 139 255 249 126 158 246 253 127 103 126
    143 246 183 223 234 190 174 211 20 122 171 243 39 84 255 82 127 245
    252 218 94 24 14 217 63 201 151 157 140 24 133 241 125 157 203 81
    254 115 189 88 86 18 249 235 222 108 207 255 189 159 153 191 127 191
    235 175 123 110 253 245 247 60 189 253 119 27 124 231 247 249 127
    255 123 255 55 215 237 222 87 250 121 253 247 119 223 106 63 213 222
    252 17 141 223 28 45 253 231 159 239 112 254 182 61 254 223 60 188
    125 62 255 184 126 191 51 127 244 124 212 181 127 255 191 223 250
    213 123 102 253 197 210 55 222 232 172 143 123 92 120 235 215 37 85
    191 82 114 165 116 248 95 24 14 213 29 193 79 157 172 24 5 240 29
    157 73 16 246 51 189 88 86 34 251 123 190 255 185 254 191 51 121 253
    127 214 58 255 249 190 93 242 245 123 100 252 87 211 245 222 234 188
    191 250 28 120 171 215 45 84 191 90 122 165 116 216 94 24 15 209 61
    229 79 157 172 24 5 240 29 157 73 16 246 51 189 88 87 34 251 60 175
    255 252 42 255 253 119 189 252 214 213 95 252 255 206 157 248 227
    107 246 125 222 251 251 127 150 246 109 215 127 239 207 210 99 36
    247 222 250 121 124 61 255 103 255 181 119 235 191 234 173 223 246
    29 154 92 63 211 255 239 251 255 205 222 254 254 255 255 255 253 253
    249 253 255 250 255 255 255 255 253 251 213 127 107 127 223 190 125
    255 255 119 187 255 91 126 191 247 111 125 255 214 119 253 246 127
    92 250 63 223 191 253 181 141 189 94 165 250 191 140 109 208 244 97
    191 223 95 32 190 58 186 254 231 255 177 219 56 254 185 214 255 191
    90 49 85 180 247 250 155 245 127 203 127 165 250 242 247 126 241 245
    255 159 249 222 53 255 219 248 119 217 93 227 110 241 229 219 123
    191 255 153 75 244 165 219 245 118 247 246 223 243 191 188 223 58
    186 254 231 255 177 219 56 254 185 214 255 175 90 57 85 246 247 218
    155 245 127 203 255 161 122 226 247 126 117 229 255 255 249 222 52
    255 219 248 119 217 93 227 110 241 229 155 123 191 255 137 75 244
    165 217 245 118 247 246 223 243 191 172 223 253 255 255 253 254 247
    255 255 253 255 222 191 255 255 251 239 251 253 123 111 127 223 254
    191 223 255 191 191 255 223 126 191 247 39 119 255 86 127 253 124
    124 93 250 62 223 189 253 183 157 172 28 149 243 191 156 77 80 252
    115 191 95 87 49 250 248 93 239 245 238 247 127 255 189 255 95 143
    223 252 115 206 255 221 127 111 126 159 238 57 95 255 191 190 217 83
    62 191 211 39 117 123 83 125 244 118 120 125 248 127 223 28 237 183
    221 141 30 245 217 255 156 239 81 252 113 191 93 21 17 254 42 5 45
    168 38 63 55 39 181 70 85 132 25 60 60 6 132 252 65 100 240 114 208
    51 92 168 132 28 112 144 61 233 212 36 83 168 67 106 128 120 144 159
    28 15 212 20 228 78 153 172 24 13 112 29 159 73 16 242 59 188 88 86
    42 251 250 31 255 253 238 255 127 255 253 255 223 143 255 252 123
    222 255 213 123 111 126 159 238 63 95 255 191 190 211 87 126 191 211
    39 85 251 82 125 245 118 120 93 248 63 221 29 237 183 221 140 24 149
    241 255 156 203 81 252 113 191 92 87 16 250 254 254 255 247 255 253
    253 249 255 255 254 255 255 255 251 253 251 213 127 107 127 223 191
    125 239 255 119 187 255 91 126 191 247 111 127 255 214 119 253 247
    123 92 250 63 223 31 253 181 141 189 94 133 248 191 141 109 208 244
    113 191 223 95 32 190 120 19 167 180 206 167 43 127 196 110 211 6
    255 200 18 6 246 221 123 102 248 135 194 183 14 234 188 172 82 148
    112 169 199 45 87 189 90 104 196 96 120 92 16 15 209 61 229 79 157
    172 24 1 240 61 156 73 80 246 51 189 88 86 32 250 125 63 255 253 127
    191 115 127 253 252 214 181 127 248 187 207 250 213 123 102 253 175
    215 55 79 234 232 141 90 92 120 235 223 37 85 187 82 122 229 116 248
    94 56 14 213 29 193 111 157 172 24 5 240 61 157 73 80 254 51 189 88
    86 34 251 249 29 255 245 239 255 255 255 253 255 223 207 255 253 123
    207 255 213 123 111 126 207 254 63 95 255 191 190 251 87 126 175 215
    47 85 127 82 125 252 118 120 124 248 127 221 61 253 183 221 140 24
    149 241 255 156 203 81 252 113 191 92 85 17 250 251 222 255 245 255
    191 127 249 255 119 213 218 255 249 54 95 246 213 127 119 254 223
    147 125 206 254 251 63 210 21 119 175 211 37 84 191 82 125 245 118
    120 94 120 63 221 29 253 23 157 172 24 5 241 125 156 203 80 254 51
    189 88 87 48 250 121 62 253 57 255 191 35 125 236 118 214 52 253 249
    187 85 242 245 91 116 253 71 211 117 222 232 236 173 114 28 121 235
    223 45 85 191 82 122 165 124 252 92 24 15 213 125 225 79 157 172 24
    5 240 29 157 73 16 246 51 189 88 87 32 250 60 140 255 252 42 255 253
    119 181 252 214 213 95 252 61 206 157 152 227 43 244 125 218 251 249
    127 151 246 109 215 255 239 223 210 99 36 255 220 248 57 125 189 255
    103 255 181 119 107 187 234 169 223 246 29 184 92 63 211 255 239 243
    251 205 222 122 22 117 164 92 166 43 121 228 78 209 21 237 41 145 20
    246 221 67 100 240 37 194 119 12 200 168 141 82 16 113 233 87 36 85
    186 82 120 1 84 124 64 24 143 193 17 225 79 153 172 24 1 240 28 156
    73 16 242 51 189 88 87 32 250 237 221 238 255 127 255 255 255 61 253
    92 255 191 254 191 239 235 245 249 111 244 127 254 123 127 235 186
    55 127 89 126 239 247 39 85 251 87 127 253 116 242 95 122 62 221 22
    245 239 157 172 26 5 241 61 157 73 16 246 123 191 90 87 34 251 121
    19 53 160 71 183 35 126 228 84 210 5 125 57 49 5 254 253 67 100 240
    99 208 119 12 248 172 156 122 144 113 233 87 44 83 188 82 104 0 72
    124 81 24 15 197 33 225 79 152 172 152 9 242 28 156 89 40 242 51 157
    88 151 36 250 255 254 247 255 255 239 255 249 255 127 218 127 255
    239 254 221 251 213 127 102 255 207 190 125 254 255 127 191 223 91
    126 191 215 111 93 255 210 117 253 118 125 92 216 63 221 61 253 149
    141 173 94 165 250 191 156 105 216 252 113 191 222 95 48 188 255 254
    247 247 255 237 253 249 255 253 250 255 255 239 246 253 251 213 127
    99 127 143 190 125 255 255 127 187 223 91 126 191 243 239 124 223
    214 119 253 247 95 92 251 63 207 31 253 181 205 181 86 165 248 190
    140 105 216 244 113 191 222 95 34 190 58 145 61 138 39 93 145 47 151
    214 94 132 61 60 61 246 253 150 64 48 212 114 192 115 217 164 224 88
    123 210 223 233 205 44 83 180 222 74 200 120 114 93 53 46 212 150
    229 110 155 172 153 13 242 29 156 89 16 242 59 188 91 87 42 250 123
    29 183 180 199 167 43 126 196 101 211 5 239 204 50 31 254 253 123
    119 252 167 210 55 78 234 252 140 82 16 112 169 207 45 83 189 82 104
    196 96 88 92 16 142 209 121 165 111 157 172 24 1 241 61 156 65 81
    254 51 189 88 87 16 250 105 6 167 177 206 167 35 121 172 101 82 7
    155 233 51 5 228 253 123 102 248 7 210 113 94 250 188 174 80 144 48
    139 71 45 83 187 83 104 237 76 120 84 16 143 197 120 225 111 157 172
    24 1 241 125 156 65 16 246 51 189 88 87 32 250 121 23 167 177 206
    167 35 126 196 101 210 7 255 233 19 6 246 253 123 102 248 167 210
    247 94 234 188 174 210 148 112 235 199 45 71 191 82 56 229 108 120
    84 16 143 193 57 161 79 157 172 24 1 240 29 156 65 80 246 51 189 88
    86 32 248 105 15 167 181 238 183 43 249 172 101 83 10 155 249 51 15
    228 253 123 102 252 135 210 113 90 234 188 46 208 144 50 171 199 45
    67 187 83 104 228 104 120 92 16 143 213 120 225 79 157 172 24 1 241
    125 156 195 80 254 51 189 88 86 48 250 131 22 4 38 189 48 160 20 112
