<?xml version="1.0"?>
<opencv_storage>
<ImageFile>"429.jpg"</ImageFile>
<Features type_id="opencv-matrix">
  <rows>340</rows>
  <cols>64</cols>
  <dt>u</dt>
  <data>
    60 188 255 236 62 253 253 127 253 252 254 245 255 125 252 252 243
    245 99 99 245 119 211 247 253 239 228 191 126 223 127 239 207 108 71
    190 222 122 249 124 124 93 125 175 213 119 247 111 189 172 153 9 242
    29 156 93 56 246 115 189 251 223 40 254 252 255 255 253 62 255 253
    247 253 255 253 219 223 248 255 238 187 221 255 107 254 253 246 255
    255 127 183 182 125 215 127 255 223 103 119 251 223 253 249 125 122
    127 251 63 255 55 255 127 159 173 156 223 242 29 157 93 84 246 115
    255 219 95 41 254 124 253 255 223 54 181 125 121 253 254 252 187 253
    254 189 78 251 213 99 107 253 127 211 255 93 255 183 191 122 223 125
    235 211 38 119 186 214 121 249 124 124 95 124 47 215 180 245 111 153
    172 24 5 242 29 156 93 24 242 123 189 91 87 40 250 251 221 108 247
    255 223 223 1 127 245 63 222 191 127 116 252 245 247 60 251 150 127
    177 127 253 222 227 127 127 123 255 127 151 237 84 223 218 123 251
    255 210 223 109 109 209 30 245 47 157 173 18 13 248 21 159 79 24 246
    115 189 217 95 58 251 251 220 110 247 255 223 219 9 63 231 63 254
    191 126 116 253 245 247 60 251 135 125 177 123 125 222 235 127 127
    123 255 127 151 237 94 219 250 123 251 255 210 223 109 105 209 30
    245 47 221 173 16 13 254 21 189 111 24 246 115 189 217 95 58 251 187
    220 255 239 255 253 219 189 255 255 254 255 191 126 127 253 255 247
    249 59 244 127 255 125 255 255 123 119 127 115 255 255 215 233 223
    117 247 249 249 119 121 93 239 47 213 21 253 115 191 252 152 13 244
    165 156 125 126 246 247 191 219 223 44 254 185 190 255 117 127 247
    251 62 252 189 212 251 239 121 34 77 252 255 251 251 245 111 195 255
    171 123 247 246 124 85 247 239 223 120 213 52 255 57 248 125 120 93
    251 47 209 113 247 111 185 238 25 79 240 29 156 69 54 247 247 191
    250 247 164 254 252 252 255 255 122 255 251 239 255 253 255 253 127
    255 223 254 251 215 250 107 253 121 247 191 253 239 236 255 111 255
    255 255 231 237 103 255 254 251 249 255 218 221 231 166 253 54 253
    111 191 174 207 203 248 29 156 93 124 254 251 249 251 223 122 255
    254 251 247 245 254 229 249 176 220 253 120 219 207 251 19 62 61 207
    255 251 255 173 238 251 139 127 247 242 220 247 231 255 127 251 125
    117 255 189 248 255 125 108 251 255 239 33 251 123 232 223 92 243
    244 254 156 237 199 247 215 223 254 119 129 190 201 207 70 207 234
    223 215 129 63 85 47 203 159 127 124 236 135 215 188 47 14 222 184
    112 123 215 29 54 191 107 30 29 178 231 121 81 64 223 254 170 183
    191 104 119 61 142 124 177 197 145 118 188 31 231 167 174 81 204 104
    44 85 77 19 184 252 251 246 245 190 245 253 179 28 255 249 251 223
    253 82 254 61 223 255 251 255 237 231 251 171 127 247 242 93 247 247
    255 127 251 125 117 255 253 248 247 125 108 251 127 255 37 255 123
    238 219 93 243 246 254 156 109 199 215 247 223 255 127 129 190 250
    221 254 255 55 127 93 247 63 255 125 155 31 252 118 254 255 214 125
    111 62 159 228 59 127 255 183 123 219 219 254 187 242 37 52 251 210
    125 241 245 114 223 253 63 223 22 245 124 141 173 94 133 232 31 151
    77 144 246 57 253 93 86 34 187 61 254 125 233 62 253 183 113 61 255
    236 219 223 61 252 205 251 253 239 107 244 117 218 249 125 255 61
    255 125 87 127 251 215 96 215 186 214 121 249 117 124 95 122 63 213
    148 247 111 153 189 24 13 242 29 158 93 16 246 51 189 91 223 44 250
    253 254 255 253 255 127 255 252 253 127 252 251 239 249 230 253 243
    253 255 123 253 255 186 254 231 111 227 247 253 85 255 239 255 235
    158 255 247 245 253 245 223 223 250 63 219 243 255 91 173 247 94 13
    232 191 159 77 190 244 247 159 223 222 174 189 63 245 125 252 54 127
    95 26 115 86 189 176 93 127 252 81 189 254 32 242 231 120 16 242 229
    247 243 249 123 122 253 225 214 116 215 170 202 120 250 117 116 253
    253 109 245 148 245 111 153 174 8 71 242 29 222 93 57 243 123 191
    121 255 237 250 122 217 223 223 103 223 211 47 255 213 23 222 191
    254 126 254 255 151 120 63 214 127 211 119 251 247 213 63 127 251 94
    107 151 44 67 182 218 90 250 124 242 95 237 39 149 22 245 111 159
    174 137 13 242 29 157 219 48 246 114 189 123 221 46 219 44 182 117
    197 188 245 163 121 252 253 198 117 205 117 153 69 234 205 203 106
    245 97 218 253 108 126 20 182 124 95 51 223 223 96 223 186 84 248
    249 53 125 84 90 182 197 161 247 107 184 189 157 9 240 157 158 73 6
    242 55 141 202 87 36 254 251 222 125 161 255 253 143 217 254 127 250
    95 255 61 254 245 243 245 31 96 248 195 190 124 110 237 61 63 255 95
    123 255 245 101 93 251 82 115 173 246 215 92 90 30 213 134 252 21
    153 173 28 5 248 159 143 73 144 244 35 156 92 87 34 184 60 186 239
    193 60 245 163 253 220 253 86 223 205 25 219 229 250 221 203 43 244
    39 206 253 105 58 20 166 124 91 51 255 239 96 223 186 86 250 233 52
    249 92 114 190 209 166 241 107 185 189 157 9 240 29 158 73 20 242 51
    141 218 87 36 255 88 185 223 253 50 243 248 246 91 190 87 221 223
    240 155 218 63 223 248 43 166 125 199 219 173 123 242 254 109 229
    246 239 215 18 245 37 255 252 250 113 112 125 251 103 191 148 247
    111 159 234 169 215 240 61 188 93 87 255 127 251 249 243 197 254 121
    156 254 249 255 183 243 244 61 126 214 31 221 124 187 77 254 221 219
    106 252 117 202 121 110 248 186 182 252 85 127 239 215 195 149 121
    119 251 253 118 120 221 222 62 85 133 239 115 191 76 24 37 247 253
    158 77 94 238 191 159 219 143 58 246 56 215 125 218 54 189 125 115
    119 214 93 144 157 60 188 70 255 215 97 111 182 116 209 119 89 255
    181 60 122 218 124 169 214 36 87 186 210 120 249 124 112 221 60 47
    213 20 245 110 153 172 24 13 242 29 158 77 16 242 51 189 89 87 40
    250 175 206 101 168 223 191 39 89 189 125 200 127 175 125 238 77 195
    125 167 96 240 71 154 120 86 252 25 55 250 91 59 207 213 224 86 58
    118 242 173 190 94 95 74 175 213 19 244 193 152 172 24 12 243 29 143
    9 56 244 183 188 218 215 46 252 251 252 255 247 255 191 223 88 255
    127 253 251 255 123 244 93 242 247 63 115 255 127 155 127 239 254
    247 63 126 123 119 239 215 237 92 191 210 121 249 247 91 222 123 111
    209 29 253 127 157 189 24 5 248 189 158 73 24 246 115 191 218 95 32
    255 189 246 111 229 191 245 251 248 253 253 212 255 239 127 179 101
    187 253 255 123 245 123 254 252 45 255 83 183 127 87 119 255 223 233
    191 250 255 249 249 53 125 125 251 63 213 161 255 115 190 191 159 13
    250 189 222 93 126 182 247 223 219 159 172 222 187 214 109 174 191
    253 153 28 191 87 157 92 189 61 118 245 253 246 5 240 112 82 178 124
    254 189 120 123 255 91 255 41 213 108 157 222 202 115 137 255 87 221
    92 31 212 22 252 28 153 181 86 12 234 157 150 77 184 246 49 156 220
    223 46 248 21 51 245 65 188 181 131 116 226 21 147 84 205 85 144 1
    122 229 67 226 209 39 67 215 136 58 52 110 52 12 193 106 223 44 71
    158 88 56 105 84 124 80 24 143 197 96 181 111 152 172 137 1 240 29
    156 73 32 114 19 149 88 87 36 250 51 53 223 151 31 133 153 57 254
    237 55 243 191 107 179 87 246 247 97 115 220 39 211 119 201 170 244
    47 82 24 241 107 215 44 87 190 82 120 233 116 112 92 56 47 209 20
    241 111 153 172 24 5 240 29 156 73 16 242 51 189 88 87 32 250 211
    180 24 7 204 128 154 4 74 43 49 72 164 67 0 17 116 195 20 144 201 33
    43 76 160 3 239 111 130 61 193 102 101 173 12 23 74 129 170 214 65
    74 0 137 145 88 152 23 145 204 24 3 36 128 24 227 146 115 178 52 252
    113 48 173 254 255 126 253 254 127 255 243 63 255 125 219 159 255
    252 253 247 223 61 111 111 238 172 58 239 223 255 255 223 87 254 191
    242 103 92 255 87 119 253 247 219 222 251 126 219 159 218 149 205
    173 86 133 248 191 143 73 208 244 57 191 92 94 50 189 3 134 12 139
    139 156 134 1 61 126 6 200 152 57 45 5 76 123 129 160 192 115 218
    121 113 208 9 38 60 81 25 67 149 192 211 32 113 200 168 42 228 31
