<?xml version="1.0"?>
<opencv_storage>
<ImageFile>"430.jpg"</ImageFile>
<Features type_id="opencv-matrix">
  <rows>154</rows>
  <cols>64</cols>
  <dt>u</dt>
  <data>
    200 141 238 221 106 95 244 183 61 245 78 207 158 252 63 238 173 249
    249 231 126 221 246 243 123 111 148 118 233 215 158 227 223 115 83
    224 215 75 252 120 112 61 252 55 221 60 247 239 157 172 155 157 241
    95 152 205 123 255 123 189 91 127 11 250 200 141 238 221 234 127 244
    183 61 245 94 207 158 252 63 238 173 249 121 231 124 223 214 243 123
    111 156 118 249 215 62 227 215 115 83 224 211 91 252 120 116 61 124
    55 221 54 247 239 157 172 155 13 243 93 152 205 59 247 123 189 91
    127 10 250 157 186 222 231 253 177 250 252 92 187 212 251 174 91 131
    73 122 223 249 155 229 45 239 121 41 123 122 183 94 69 225 255 223
    227 188 49 119 253 253 119 121 92 235 62 211 129 219 115 186 254 28
    37 244 189 156 73 86 247 183 207 218 63 164 254 253 253 255 253 254
    255 255 242 255 125 213 251 255 255 254 221 255 255 255 239 127 223
    123 255 251 127 255 255 253 87 254 175 223 239 215 127 223 255 255
    127 125 255 239 119 253 125 255 183 253 214 137 255 247 255 155 255
    127 253 245 63 255 253 159 254 88 0 131 149 10 195 168 230 16 170 82
    21 209 224 19 2 106 89 97 98 200 37 198 139 12 218 180 142 64 132 51
    106 87 36 69 186 22 104 233 84 112 84 52 46 197 20 161 111 153 172
    24 5 240 29 28 73 0 242 51 185 72 23 32 250 92 32 131 145 8 195 170
    102 16 170 82 21 209 192 147 2 106 73 97 98 200 37 198 211 12 202
    180 142 64 132 51 106 87 36 69 186 22 104 233 84 112 68 52 46 197 20
    161 111 153 172 24 5 240 29 28 73 16 242 51 185 72 23 32 250 220 171
    255 253 34 127 252 247 25 253 94 157 94 244 251 234 173 216 249 239
    63 221 238 187 251 111 182 242 109 199 190 254 253 51 113 105 223
    247 252 116 122 61 253 54 255 167 111 242 223 201 111 247 211 95 145
    76 215 237 107 255 95 110 67 246 220 235 255 253 34 125 252 247 57
    253 94 157 94 180 251 234 169 216 251 107 63 221 238 187 251 111 150
    242 109 199 190 191 253 83 117 105 95 247 252 116 122 61 253 54 255
    167 111 242 223 201 111 247 211 95 145 76 215 237 105 255 95 110 67
    246 195 205 138 94 75 75 84 135 59 224 45 207 62 246 46 254 237 19
    48 147 199 189 243 99 115 67 210 127 227 121 158 102 151 183 81 112
    115 78 250 114 114 191 236 105 157 22 245 239 213 234 26 221 244 13
    184 203 27 243 254 63 25 113 147 203 195 205 138 222 107 75 84 135
    51 224 45 142 30 246 46 254 237 179 48 151 199 189 115 35 83 71 210
    126 227 249 158 99 151 51 67 96 123 72 250 120 114 191 108 105 157
    94 245 239 213 238 26 77 244 93 216 203 19 243 119 61 24 113 147 203
    254 249 239 215 255 231 219 251 222 229 245 250 255 234 178 94 251
    213 126 119 191 175 231 63 31 255 247 63 83 187 119 255 195 45 52
    255 210 125 251 255 80 92 245 111 219 28 249 63 157 174 26 133 248
    31 156 65 80 242 113 187 120 87 32 255 254 185 239 214 55 183 93 123
    215 239 245 250 255 202 180 94 178 213 118 251 191 127 195 127 189
    242 231 63 82 253 244 235 207 44 182 255 222 125 251 255 88 235 245
    111 179 60 181 111 159 174 153 203 248 61 252 85 112 179 115 251 251
    189 169 254 254 185 255 215 55 183 221 123 215 231 245 250 255 202
    180 94 178 245 126 123 183 127 211 127 189 246 247 63 82 253 245 235
    207 44 182 255 222 125 251 255 88 235 229 111 179 60 245 111 159 174
    153 207 248 61 220 85 112 183 115 251 251 191 169 254 187 252 124 79
    255 253 215 56 255 85 191 255 191 127 124 253 253 247 126 187 245
    127 187 124 243 119 117 127 255 123 223 183 159 253 219 86 255 219
    250 255 127 159 239 255 213 115 253 55 189 223 143 111 254 165 219
    247 126 215 246 175 243 251 174 222 26 157 154 254 39 201 216 15 31
    193 21 204 62 228 46 254 253 146 32 219 134 61 231 35 237 195 242
    123 83 105 222 109 151 182 49 94 162 77 250 115 113 221 237 105 191
    20 253 46 209 194 123 215 246 5 176 109 25 179 250 251 49 125 129
    206 220 201 255 253 98 127 254 247 61 254 126 157 95 244 255 238 237
    221 249 111 126 221 230 179 123 111 191 244 201 199 62 187 247 51
    117 249 87 119 252 116 122 125 253 62 255 158 247 238 157 168 126
    213 241 127 156 205 209 252 107 255 93 118 3 242 44 135 109 136 55
    157 145 121 181 222 158 180 217 61 185 103 128 84 67 106 212 114 210
    114 93 160 132 17 124 220 61 73 247 100 215 186 82 122 201 52 246
    127 56 46 84 182 81 111 153 172 24 5 242 29 157 92 16 226 59 189 91
    87 42 251 200 206 238 73 234 221 254 193 57 247 45 206 222 181 127
    174 141 153 61 239 220 213 94 248 123 95 157 182 237 135 63 54 247
    245 65 105 83 251 252 58 246 126 104 62 213 30 255 49 157 201 24 37
    213 223 157 238 81 252 49 189 84 87 18 255 204 206 238 221 234 223
    254 245 41 247 45 138 222 241 255 238 139 217 121 111 158 245 86 241
    89 111 189 62 105 135 55 115 255 53 69 187 82 121 253 126 246 95 120
    63 245 190 247 47 157 172 24 5 241 93 157 207 16 254 51 189 88 87 34
    251 243 16 146 54 77 34 109 110 198 160 209 130 38 200 2 30 118 135
    51 211 162 143 201 15 134 202 250 206 82 5 224 238 75 175 32 61 3 44
    36 202 88 74 176 203 203 121 3 207 217 226 24 145 112 24 92 65 81
    178 183 217 152 86 144 79 68 34 195 177 216 194 170 228 72 163 67 22
    211 196 147 66 10 73 27 102 139 141 206 153 14 200 190 143 192 141
    51 30 119 167 117 187 16 255 69 86 144 96 0 14 75 12 9 177 29 44 120
    181 81 94 20 106 192 104 1 185 76 6 49 246 254 249 255 255 54 191
    221 51 223 255 213 250 255 242 180 94 182 215 126 251 191 125 195
    255 253 250 247 255 110 253 252 238 215 252 164 255 223 125 250 255
    90 223 253 109 187 61 247 127 255 238 137 207 248 61 191 93 93 247
    115 251 251 255 235 255 191 213 108 253 191 189 223 89 189 255 253
    250 191 122 244 253 177 245 119 123 247 114 176 126 125 255 243 59
    127 123 127 251 211 108 214 254 210 121 249 253 122 223 127 61 208
    23 245 111 157 175 24 13 250 29 159 93 48 242 115 191 251 223 42 251
    124 174 255 248 50 127 241 247 253 252 238 181 85 180 251 238 219
    220 235 107 245 241 236 179 221 105 132 151 109 199 63 239 253 0 101
    176 245 250 249 124 254 29 255 54 246 183 115 106 191 172 239 223
    242 29 157 92 54 242 111 253 91 94 107 254 251 126 247 231 255 51
    143 154 238 93 178 123 175 219 226 93 250 247 63 119 105 143 155 124
    6 255 121 47 222 26 114 191 90 45 223 255 82 124 109 117 101 68 58
    63 205 9 252 181 204 189 24 5 242 190 142 75 80 244 49 31 92 87 52
    58 76 41 131 149 192 195 170 231 8 171 67 22 210 196 147 34 11 73
    251 102 15 141 70 155 14 74 190 164 192 134 50 154 119 23 101 187 16
    172 77 68 56 96 176 46 111 44 139 179 29 172 56 241 209 94 28 74 192
    232 17 177 76 7 33 226 11 198 76 41 206 189 166 145 40 127 42 78 156
    117 109 165 196 253 13 224 200 80 26 120 98 12 41 34 220 3 57 23 112
    224 221 1 83 243 173 162 151 86 72 30 84 198 202 17 137 93 20 36 206
    133 143 105 16 196 171 172 212 90 34 177 220 42 211 177 216 192 170
    228 200 171 66 63 211 130 147 114 106 197 153 98 201 141 206 24 142
    152 62 175 194 11 51 62 119 167 125 251 16 255 109 86 208 64 64 30
    75 12 73 177 157 44 88 181 241 254 140 107 192 120 33 185 76 7 50
    183 51 212 124 138 63 157 23 9 231 70 61 234 189 59 36 85 245 247 36
    176 192 82 145 100 212 213 233 125 59 58 213 105 148 108 214 158 202
    88 171 117 118 223 44 45 149 84 244 77 145 174 24 12 176 25 222 91
    56 114 50 60 88 213 44 218 227 223 230 215 255 71 223 155 254 93 187
    123 175 219 226 109 235 213 60 55 78 143 177 119 78 223 187 63 158
    26 22 61 210 37 84 251 82 116 255 245 113 92 58 63 201 12 253 237
    204 181 24 5 249 190 158 203 80 244 48 31 92 85 52 186 227 223 198
    215 255 75 223 154 174 89 59 83 175 219 98 109 171 213 60 55 70 143
    160 115 78 223 187 63 150 10 22 61 210 39 84 251 82 116 255 245 113
    124 58 63 201 12 253 239 204 165 92 5 209 62 158 203 80 254 48 31 92
    85 48 250 187 222 125 237 255 189 255 249 255 127 255 127 253 125
