<?xml version="1.0"?>
<opencv_storage>
<ImageFile>"431.jpg"</ImageFile>
<Features type_id="opencv-matrix">
  <rows>66</rows>
  <cols>64</cols>
  <dt>u</dt>
  <data>
    45 54 109 168 54 189 37 125 181 84 238 48 93 62 188 199 210 252 67
    96 241 114 208 183 93 40 132 153 120 212 125 233 216 36 214 186 195
    122 129 252 190 151 28 7 84 167 230 78 153 36 153 12 98 29 159 29 56
    226 59 188 91 214 46 249 191 249 255 111 183 253 249 248 255 159 252
    251 239 26 254 253 251 247 255 191 117 126 247 117 237 255 119 179
    127 126 246 187 222 108 255 214 254 61 249 181 123 93 179 63 223 115
    191 126 187 191 159 143 248 167 252 117 54 210 118 239 119 223 172
    219 92 33 245 160 16 163 35 124 192 6 211 54 209 2 147 66 226 93 67
    68 241 37 194 215 12 40 172 141 64 140 49 232 95 36 85 186 19 120 1
    84 120 80 16 15 197 53 167 111 153 172 24 5 240 29 156 65 16 242 51
    185 88 87 32 250 174 253 125 206 55 29 217 91 183 68 135 246 191 126
    252 93 186 244 102 125 23 118 144 119 119 182 113 25 118 250 94 169
    150 116 95 218 194 122 217 61 209 221 61 47 245 84 245 110 153 191
    144 13 250 5 158 93 48 210 48 173 121 95 46 250 255 222 254 253 254
    255 159 240 62 127 127 218 159 253 254 253 227 213 61 103 237 197
    166 121 79 223 189 127 219 31 114 59 243 37 84 187 82 119 233 244
    242 94 56 63 213 30 245 93 153 172 24 5 240 29 157 73 16 246 51 189
    88 86 34 249 51 53 49 34 21 38 35 122 192 6 211 36 97 8 1 23 86 36
    67 80 240 34 80 198 148 160 196 140 2 144 65 200 12 12 131 174 136 8
    1 73 44 0 22 129 68 113 164 78 50 38 137 10 34 24 88 17 44 34 23 176
    42 130 108 64 253 254 254 253 254 255 255 241 61 255 127 219 223 253
    255 221 235 213 61 103 125 197 167 120 111 223 189 63 223 31 58 187
    247 37 84 251 82 119 237 244 210 94 56 62 209 30 217 29 157 173 28 5
    248 31 157 73 16 246 51 189 92 87 34 251 111 38 229 160 85 166 35
    121 228 100 211 54 233 43 147 71 226 237 67 244 241 39 211 247 92
    248 188 141 82 156 33 233 223 44 87 186 91 56 129 92 120 84 56 143
    213 113 231 111 153 172 24 1 240 29 156 73 16 242 51 189 88 87 32
    250 255 254 255 189 255 191 191 249 252 125 212 255 255 255 254 221
    250 213 63 103 253 135 167 117 79 254 189 63 219 95 115 187 247 37
    84 187 82 115 233 244 210 94 24 14 209 22 209 79 153 172 24 5 240 29
    157 73 16 242 51 189 88 87 34 249 255 254 254 253 254 255 255 241 61
    255 124 219 223 253 255 253 235 213 61 111 125 197 167 120 111 223
    189 63 223 31 59 191 247 37 84 251 82 119 237 244 210 94 56 62 217
    30 219 53 157 173 30 5 248 31 157 73 16 246 51 189 92 87 34 251 104
    7 133 146 64 135 42 49 4 198 83 6 145 32 19 6 102 219 65 100 240 37
    194 210 88 120 188 140 64 128 49 168 79 36 69 186 83 120 129 92 120
    80 48 175 213 52 163 111 153 172 24 1 240 29 156 65 16 242 51 189 88
    87 32 250 109 38 245 160 88 167 35 121 196 102 195 54 241 43 147 70
    226 221 67 100 241 39 195 247 92 248 188 141 82 140 49 233 95 36 85
    186 83 120 9 92 120 80 24 143 213 53 231 111 153 172 24 5 240 29 156
    73 16 242 51 189 88 87 32 250 197 21 16 22 149 160 33 88 34 1 161 34
    160 203 132 3 98 100 5 85 75 162 161 36 68 186 225 41 210 12 32 33
    90 36 20 186 2 56 1 212 80 192 24 139 192 81 172 12 8 164 16 0 96 24
    140 65 16 178 49 156 24 86 32 232 76 34 101 160 80 167 35 113 192
    102 195 54 209 32 147 66 226 221 67 100 241 37 194 210 28 56 188 141
    64 132 49 233 95 36 69 186 83 120 1 92 120 64 16 15 213 53 231 111
    153 172 24 5 240 29 156 73 16 242 51 189 88 87 32 250 76 32 229 160
    80 167 35 117 132 102 194 52 209 38 145 66 226 93 67 100 241 37 194
    241 24 40 172 141 64 132 49 201 95 36 85 186 17 120 1 92 120 64 28
    15 197 53 231 79 153 172 24 5 240 29 156 73 16 242 51 185 88 87 32
    250 255 254 255 165 255 191 191 249 255 127 253 123 255 249 244 125
    242 213 127 100 253 71 178 125 110 254 189 63 255 95 127 251 215 37
    84 251 82 115 169 244 210 222 24 31 209 30 244 93 157 173 24 5 248
    29 159 73 16 246 51 188 88 87 34 249 255 254 255 165 254 191 191 241
    252 127 253 251 223 250 246 253 243 213 63 103 253 133 162 113 79
    223 189 63 211 31 119 187 247 37 84 187 82 115 233 244 210 94 56 31
    209 30 244 77 157 172 24 5 240 29 157 73 16 242 51 189 88 87 34 249
    251 255 255 255 255 255 255 255 255 255 255 255 255 254 251 255 251
    213 127 111 127 223 247 61 79 255 191 63 223 95 118 191 243 37 85
    251 82 127 253 244 242 93 120 62 221 30 253 181 157 173 30 5 248 63
    157 73 16 246 49 189 92 87 32 250 248 223 255 255 255 255 255 255
    253 255 95 223 191 254 251 254 251 213 125 111 126 223 231 61 127
    255 191 63 255 91 126 191 243 39 85 251 82 127 253 116 242 93 120 62
    223 158 253 181 157 173 30 133 248 63 157 77 80 244 57 189 93 87 34
    250 76 32 245 176 216 167 35 97 196 102 195 54 209 230 147 66 234 93
    67 100 249 165 194 208 28 248 188 141 64 140 49 137 87 36 69 186 17
    120 65 92 120 64 20 14 197 53 231 79 153 172 24 5 240 29 156 73 16
    242 51 185 88 87 32 250 243 23 214 147 223 134 3 158 230 101 18 6
    175 235 51 23 254 247 33 246 200 135 211 119 202 250 248 111 210 24
    242 43 215 44 87 190 90 120 233 124 112 92 56 143 213 16 245 111 153
    172 24 5 240 29 156 73 16 242 51 189 88 87 32 250 113 51 33 2 84 38
    35 62 196 6 209 36 97 9 17 3 84 111 67 84 240 35 80 199 144 160 204
    204 0 144 65 200 12 12 195 174 9 8 1 72 44 0 20 129 69 113 165 78 50
    44 137 8 34 24 88 17 40 34 19 176 40 211 108 66 243 23 146 147 207
    198 3 142 230 231 19 6 175 235 51 23 254 247 33 247 72 135 211 119
    206 218 248 111 210 24 242 43 215 44 87 190 90 120 233 92 112 84 56
    175 213 16 245 111 153 172 24 5 240 29 156 73 16 242 51 189 88 87 32
    250 36 6 100 136 217 93 39 197 172 102 10 36 17 127 251 229 203 116
    195 96 81 210 30 36 86 197 28 1 185 138 27 192 69 70 71 138 0 178 13
    14 44 21 16 150 68 230 100 192 48 44 220 40 147 31 134 25 136 96 1
    36 78 71 40 112 255 254 255 245 254 191 191 241 254 127 253 123 223
    249 246 93 242 213 63 102 253 213 178 121 78 255 189 63 223 95 127
    187 215 37 84 251 82 113 237 244 82 94 24 31 209 28 253 93 157 172
    24 5 240 29 157 73 16 246 51 189 88 87 34 249 255 220 255 253 255
    255 255 253 189 255 255 255 159 253 255 255 251 245 123 111 252 223
    246 61 111 239 190 63 255 91 126 191 247 101 21 251 82 119 253 244
    246 223 124 62 221 158 217 53 157 173 30 5 250 191 159 77 88 246 59
    189 93 31 34 251 249 255 255 255 255 127 255 255 255 253 255 255 255
    254 251 254 251 213 127 111 126 223 231 61 127 255 191 63 255 91 126
    191 243 39 117 251 82 119 253 244 242 93 120 62 223 158 253 180 141
    173 94 133 248 63 157 77 208 244 49 189 93 95 34 186 76 34 132 146
    192 135 34 113 64 38 67 22 144 162 179 66 106 153 65 228 249 37 195
    209 24 120 188 140 64 132 177 128 95 36 69 186 83 120 1 92 120 80 16
    15 197 53 163 111 153 172 24 5 240 29 156 73 16 242 51 181 88 87 32
    250 255 222 254 229 255 253 255 249 189 255 254 255 223 252 251 253
    251 245 127 111 125 223 190 124 63 255 191 63 255 95 126 191 241 101
    125 251 82 119 253 246 215 221 124 62 223 142 252 181 141 173 94 5
    250 191 159 77 152 244 57 189 95 31 34 186 243 23 147 19 207 130 3
    14 226 35 17 2 174 203 34 19 124 231 33 214 200 167 83 119 194 218
    252 111 146 24 226 32 87 44 71 190 90 56 105 84 112 64 56 143 213
    112 181 111 153 172 24 1 240 29 156 73 16 242 51 189 88 87 32 250
    255 254 255 253 254 191 255 249 254 127 253 123 223 255 246 253 243
    213 127 102 253 215 162 125 78 255 189 63 223 95 127 191 247 37 84
    251 82 119 233 244 210 94 88 31 209 30 253 93 157 173 24 5 240 29
    159 73 16 246 51 189 88 87 34 249 211 51 210 19 223 130 2 158 226 35
    17 34 174 203 34 19 124 231 33 214 73 135 83 119 194 218 252 111 210
    24 226 34 223 44 87 190 90 56 233 84 112 88 56 175 213 120 181 111
    153 172 24 1 240 29 156 73 16 242 51 189 88 87 32 250 56 85 124 142
    38 31 31 119 55 92 125 145 29 60 124 198 182 214 192 44 80 112 144
