<?xml version="1.0"?>
<opencv_storage>
<ImageFile>"432.jpg"</ImageFile>
<Features type_id="opencv-matrix">
  <rows>224</rows>
  <cols>64</cols>
  <dt>u</dt>
  <data>
    108 254 239 233 254 253 255 253 253 255 252 249 253 61 255 237 219
    253 251 107 253 115 222 252 125 253 189 183 127 215 127 255 245 236
    223 251 246 251 249 127 126 95 126 191 215 247 255 113 189 189 158
    13 242 189 157 93 60 246 251 189 219 223 42 254 169 206 238 201 170
    253 243 245 61 245 124 207 221 61 127 238 137 248 249 235 252 209
    255 176 121 125 29 178 237 215 31 247 253 64 83 96 215 211 253 58
    246 31 122 55 85 182 126 225 159 201 207 45 223 159 155 92 62 228 43
    189 211 219 14 255 137 206 110 137 170 221 163 245 61 253 110 205
    220 61 127 236 137 248 249 40 252 80 190 248 121 125 29 50 237 215
    63 215 245 64 83 96 86 243 253 56 247 31 106 54 84 150 126 241 159
    201 223 45 219 93 139 92 62 196 43 172 211 219 42 253 120 253 255
    223 50 223 221 231 255 213 85 216 191 254 191 222 255 215 122 47 190
    127 215 103 255 243 246 125 127 249 222 171 151 70 99 254 214 93 250
    125 116 255 237 103 191 188 117 175 223 168 171 223 178 29 189 94
    121 246 122 251 251 253 143 255 220 59 243 245 240 241 248 246 64
    239 211 22 195 192 147 90 234 205 59 111 15 173 198 155 142 218 178
    239 192 15 50 63 119 55 53 251 84 253 233 86 80 104 185 126 235 12
    201 63 155 172 56 247 240 30 156 73 192 250 49 219 92 23 33 246 169
    207 110 249 39 253 245 243 61 223 254 202 159 184 124 239 133 253
    125 251 244 118 240 243 121 127 17 178 125 215 62 179 218 114 211
    104 211 123 248 184 254 191 126 63 213 183 119 235 157 137 156 13
    250 29 143 92 59 214 115 191 211 219 12 251 248 236 239 223 106 255
    255 247 253 255 126 157 95 188 127 238 187 217 251 235 252 219 255
    189 123 111 190 182 109 213 127 255 237 109 103 121 223 247 253 254
    250 95 255 62 223 183 219 123 191 237 222 143 255 31 157 92 222 246
    123 253 255 222 42 247 58 21 125 138 7 31 23 63 230 70 87 4 61 60 61
    86 212 182 67 244 240 114 208 247 216 160 196 220 106 208 221 233
    158 12 195 174 203 74 128 104 188 159 28 5 84 245 229 78 155 44 137
    12 114 29 219 89 56 242 59 188 90 210 110 217 248 253 255 223 54 127
    221 187 255 223 119 218 255 248 126 222 255 215 126 127 62 255 247
    247 251 127 247 254 123 242 254 187 218 60 119 254 222 125 250 125
    248 95 253 127 255 52 245 111 159 174 153 207 250 29 157 93 81 247
    115 255 123 255 169 250 58 23 45 138 7 31 5 43 247 86 30 4 61 60 61
    116 212 182 65 240 240 114 209 247 216 160 196 12 106 208 221 233
    140 12 195 172 202 74 129 104 182 159 20 141 84 246 228 78 147 44
    137 12 178 29 219 89 56 242 59 188 90 210 110 216 58 213 109 222 183
    157 93 57 239 70 61 90 189 126 124 116 247 246 70 178 86 114 145 102
    248 182 231 57 186 250 221 169 198 108 199 158 202 120 218 253 54
    223 21 175 212 118 245 78 147 172 144 9 58 29 159 89 56 242 122 61
    122 223 40 248 58 217 237 222 39 221 221 63 159 214 127 220 29 124
    125 254 189 214 112 191 150 120 228 35 253 247 227 124 127 251 222
    169 214 124 255 206 222 123 218 121 50 253 245 109 182 150 245 110
    151 171 159 207 186 29 247 93 249 243 122 251 123 253 234 254 59 245
    125 214 55 61 93 59 215 68 253 242 127 126 68 116 182 214 70 243 182
    124 209 103 253 182 227 91 122 122 221 105 206 124 148 158 206 122
    218 253 82 223 189 239 240 22 245 111 147 182 17 79 248 29 223 77 56
    179 115 251 123 223 174 219 253 127 255 253 251 255 127 251 253 117
    215 191 255 254 255 222 251 213 59 102 127 143 131 55 223 254 250
    175 211 94 126 171 211 39 85 255 82 119 245 124 248 95 24 63 221 31
    237 143 157 172 24 5 241 125 157 203 80 254 51 189 88 86 50 251 126
    254 255 185 254 191 55 123 253 127 214 187 255 251 254 220 242 213
    123 102 253 87 211 245 223 250 252 191 251 220 124 170 215 45 86 191
    90 122 165 116 218 95 24 15 209 63 199 79 157 172 24 5 240 29 157 73
    16 246 51 189 88 87 34 251 120 17 183 180 206 167 43 127 196 110 211
    7 239 200 19 22 246 221 123 102 248 167 194 247 158 234 188 140 210
    148 112 169 71 45 87 191 82 104 197 84 120 84 16 142 193 61 161 79
    157 172 24 1 240 61 156 65 80 242 51 189 88 86 32 248 127 62 255 184
    126 191 51 127 253 252 214 181 127 251 189 223 250 213 59 102 253 69
    215 55 223 200 172 159 123 28 121 235 215 37 85 191 82 122 165 116
    252 94 24 14 213 30 193 79 157 172 24 5 240 29 157 73 16 246 51 189
    88 86 34 251 124 61 255 248 91 191 99 127 253 252 198 189 255 250
    189 206 250 221 123 102 253 45 211 55 95 234 168 143 91 92 56 235
    223 39 85 187 82 122 229 116 248 95 24 14 213 31 195 207 157 172 24
    5 240 61 157 73 80 254 51 189 88 87 34 251 126 254 253 187 254 191
    31 89 238 119 209 58 255 243 252 93 242 213 63 100 253 69 146 117
    222 218 173 191 242 24 121 171 211 37 84 191 90 120 165 116 246 94
    24 15 209 28 213 79 157 172 24 5 240 61 157 73 16 246 51 189 88 87
    50 249 127 255 125 255 255 191 63 89 255 119 213 250 253 123 252 93
    242 213 27 100 253 101 147 117 222 218 232 191 122 28 125 169 215 37
    84 191 82 122 229 116 210 94 24 15 209 29 229 79 157 172 24 5 240 61
    159 73 16 246 51 189 88 87 50 251 248 29 255 253 254 191 127 251 253
    253 214 159 255 252 251 206 255 221 123 103 126 159 195 247 95 254
    190 190 250 85 126 171 223 39 85 255 82 127 245 116 248 93 184 63
    221 61 239 183 157 172 24 149 241 127 157 203 80 254 115 191 88 87
    49 250 253 125 255 253 243 191 119 251 253 245 213 187 255 250 255
    78 250 221 123 103 127 175 211 55 95 250 190 189 123 92 126 171 211
    39 84 191 82 127 245 124 250 95 184 47 217 61 195 239 157 172 24 5
    241 125 157 203 80 254 115 189 88 86 50 251 254 254 255 255 255 255
    255 249 255 255 250 251 255 255 255 253 251 213 127 111 255 223 191
    125 255 255 127 191 255 91 127 191 215 111 93 255 214 117 253 118
    125 92 250 63 223 157 253 181 141 189 94 133 248 191 158 109 208 252
    113 191 222 95 48 190 254 254 255 255 255 253 255 249 255 255 250
    255 255 255 254 253 251 213 127 111 255 223 191 125 255 255 127 191
    255 91 127 191 215 239 93 223 214 119 253 247 95 94 251 63 223 31
    253 181 205 189 94 133 250 191 143 109 208 244 113 191 223 95 50 190
    115 25 151 50 205 226 35 126 198 5 208 71 239 205 18 57 118 229 123
    118 238 47 194 247 142 234 254 142 210 0 98 169 223 47 81 189 90 40
    76 104 88 84 24 143 217 121 165 239 157 172 24 1 241 125 156 195 81
    190 51 189 88 87 16 250 243 223 158 215 182 93 216 179 123 255 63
    203 174 211 118 191 61 215 124 187 30 173 247 255 171 119 247 122
    223 123 214 55 255 253 253 117 254 125 250 247 243 124 235 255 187
    62 249 63 253 219 62 247 220 239 188 239 87 247 244 127 247 125 145
    191 250 27 183 51 198 167 163 122 230 133 240 67 239 201 18 31 246
    245 123 119 124 39 195 247 206 251 253 172 82 22 242 168 223 45 71
    191 90 56 237 116 120 92 48 47 209 121 183 111 157 172 24 1 240 61
    156 73 80 246 51 189 88 87 32 250 243 221 222 215 254 87 218 179 90
    255 55 219 142 211 82 191 61 215 60 191 95 173 231 251 171 95 247
    126 223 123 246 127 247 187 124 117 254 253 254 247 241 124 235 255
    187 28 249 63 253 223 30 247 253 255 156 239 87 255 244 127 254 117
    145 191 254 254 255 255 255 253 255 249 255 255 254 251 255 255 254
    253 251 245 127 111 253 207 190 125 239 255 127 191 223 91 127 191
    215 111 95 255 214 117 253 247 123 92 250 63 221 31 253 181 141 189
    94 133 248 191 143 105 208 244 113 191 222 95 32 190 249 189 255 255
    243 239 243 255 253 253 214 191 255 252 251 206 251 213 123 103 126
    175 199 247 127 251 190 173 219 197 122 187 255 39 117 251 83 127
    253 124 248 127 184 126 221 63 219 231 221 172 24 213 241 127 157
    203 81 252 123 191 88 87 179 251 193 138 131 69 232 208 146 228 26
    189 38 207 194 17 83 168 109 129 190 11 204 5 110 201 139 87 157 102
    5 143 3 126 247 177 97 48 126 185 234 234 241 28 32 183 153 48 185
