<?xml version="1.0"?>
<opencv_storage>
<ImageFile>"433.jpg"</ImageFile>
<Features type_id="opencv-matrix">
  <rows>175</rows>
  <cols>64</cols>
  <dt>u</dt>
  <data>
    125 254 237 137 62 255 183 113 253 254 254 158 221 61 255 239 251
    245 99 98 245 119 210 245 93 253 189 61 123 94 123 235 215 36 87 186
    82 122 233 116 242 94 56 47 213 54 245 111 153 172 24 5 240 29 157
    73 16 242 51 189 88 87 34 250 12 142 231 137 25 221 163 253 189 252
    10 5 153 61 251 229 139 125 225 42 212 119 222 115 89 237 20 38 124
    202 59 95 247 2 87 168 80 250 237 60 244 53 122 38 85 134 113 227
    153 172 24 13 243 29 157 72 16 226 51 189 74 87 32 250 44 142 231
    137 9 221 163 253 189 252 10 5 153 61 251 229 139 125 225 34 212 103
    222 115 89 253 20 38 124 202 59 95 247 2 87 168 80 250 233 60 244 53
    120 166 85 166 117 107 153 172 24 13 243 29 157 72 16 226 51 189 74
    87 40 250 107 205 238 207 247 191 223 57 189 223 189 203 191 61 124
    77 129 245 122 189 252 87 211 117 115 246 157 52 126 243 30 169 222
    120 219 241 255 89 248 57 126 255 127 191 245 247 245 123 191 159
    153 15 219 173 223 158 122 231 126 191 243 223 46 218 184 223 254
    254 54 127 252 179 117 220 125 219 31 184 126 238 255 222 253 239
    116 220 229 243 249 127 177 152 125 214 254 185 250 100 112 240 215
    90 216 245 254 223 191 55 252 151 215 110 159 169 159 141 250 29 155
    77 18 247 123 221 91 95 14 251 184 223 254 254 55 127 253 243 61 220
    125 219 31 185 124 238 191 223 125 239 116 220 245 243 123 127 179
    248 125 86 254 185 218 116 52 248 215 127 216 245 255 223 191 63 255
    151 247 110 141 185 159 141 250 31 159 77 25 247 123 223 91 95 14
    251 197 7 199 49 213 162 43 248 160 31 192 115 130 203 130 1 98 93
    173 103 104 141 170 121 78 138 58 37 210 8 32 9 118 39 60 187 80 116
    5 148 81 96 26 14 75 0 73 212 8 36 88 4 193 190 140 9 144 184 35 157
    76 86 32 177 19 7 0 22 37 130 10 120 66 0 211 2 168 65 1 2 230 197 1
    102 192 37 195 118 76 154 176 12 82 4 33 105 215 36 85 186 82 120
    193 84 112 88 56 15 209 20 225 79 153 172 24 5 240 29 156 73 16 242
    51 189 88 87 32 250 19 5 4 22 5 130 10 120 64 0 211 2 168 97 0 0 230
    197 1 102 192 39 195 118 76 154 176 12 82 4 33 104 215 36 85 186 82
    56 193 84 112 88 24 15 209 20 225 79 153 172 24 5 240 29 156 73 16
    242 51 189 88 87 32 250 205 42 231 245 216 162 171 254 144 255 194
    55 195 201 131 67 138 77 139 99 232 141 238 59 14 170 186 135 208 8
    49 95 115 35 124 187 84 246 69 180 208 100 26 30 75 0 73 211 24 44
    88 53 193 62 156 8 144 232 35 157 76 6 33 179 125 61 255 221 122 247
    255 125 251 252 220 189 253 244 187 250 255 213 219 107 253 125 71
    191 221 106 230 254 105 221 255 239 255 37 101 191 222 251 249 125
    124 93 255 46 247 181 231 111 191 174 43 79 242 29 28 77 94 255 127
    249 251 79 107 246 120 61 255 221 122 247 255 253 251 254 221 157
    253 244 187 234 255 213 218 47 252 125 199 191 221 106 246 190 105
    221 255 239 255 37 101 189 222 251 248 125 124 93 255 46 247 180 229
    111 191 174 43 207 242 29 28 77 92 254 127 251 251 71 107 246 205 35
    231 245 221 162 171 254 160 191 194 55 195 201 131 67 138 93 139 103
    232 141 238 59 14 138 186 135 208 8 50 95 115 39 124 187 80 118 69
    148 208 100 26 30 75 1 73 211 8 44 88 21 193 190 140 8 144 168 35
    159 76 70 32 179 206 35 195 177 217 162 43 206 128 235 193 54 227
    194 131 67 202 93 1 71 11 141 238 59 14 138 186 15 210 8 32 27 115
    39 28 187 64 116 5 214 128 96 24 10 75 13 73 146 24 44 80 5 65 30
    132 72 144 224 33 157 76 86 48 177 251 31 116 182 255 31 31 73 174
    103 187 114 191 232 246 119 243 245 39 103 221 167 179 118 94 223
    181 47 210 158 115 105 211 36 86 190 82 120 225 252 112 92 56 47 213
    22 245 79 153 172 24 5 240 29 157 73 16 242 51 189 88 86 32 248 103
    6 96 161 223 162 131 72 164 107 130 114 169 11 160 69 224 117 7 112
    201 7 154 120 6 216 56 47 146 24 33 79 85 165 94 187 82 112 45 86 64
    64 24 11 193 76 244 81 24 44 24 4 241 28 156 73 16 242 51 188 72 87
    48 248 250 93 124 181 255 159 31 201 174 111 187 90 191 232 246 253
    243 213 39 102 220 167 179 54 94 223 181 47 210 30 115 107 211 36 84
    186 82 112 225 244 242 94 24 15 209 22 245 79 153 172 24 5 240 29
    157 73 16 242 51 189 88 86 32 248 103 6 96 161 223 162 131 72 164
    107 130 115 169 11 160 69 224 117 13 112 201 7 154 120 6 216 56 47
    210 25 33 71 85 165 94 187 82 112 45 86 64 64 24 15 193 76 244 81 24
    172 24 4 241 60 156 73 16 242 51 156 72 87 48 248 255 246 117 231
    255 180 187 88 254 127 208 123 175 91 192 85 242 247 31 114 249 46
    154 124 38 190 235 63 222 27 97 255 83 237 158 191 82 57 169 247 217
    78 90 158 193 65 216 95 136 189 24 1 232 188 158 65 16 182 179 159
    220 23 36 189 171 204 206 138 39 255 150 55 61 215 60 200 62 61 110
    239 201 241 33 251 212 117 247 115 89 127 153 38 123 82 51 99 223 44
    85 186 91 120 233 112 114 95 56 47 213 20 247 111 153 172 24 5 240
    29 156 73 16 242 51 189 88 87 34 251 255 246 117 103 255 180 187 88
    254 127 208 123 175 91 192 85 242 247 31 114 249 46 154 124 46 190
    235 63 222 27 97 255 83 237 156 191 82 57 169 247 217 78 90 159 193
    1 216 95 136 189 24 1 232 188 158 65 16 182 179 159 220 23 36 189
    187 223 238 223 55 255 221 55 63 253 125 203 159 61 62 127 253 247
    97 251 244 119 211 115 89 255 177 62 123 82 119 235 215 36 85 186
    211 120 232 117 112 93 57 47 213 20 245 111 153 172 24 5 240 29 156
    73 16 242 51 189 88 87 32 250 205 237 255 217 98 127 240 247 57 213
    238 204 94 245 255 234 201 216 251 111 62 217 102 179 127 111 146
    252 109 71 62 171 245 83 117 235 82 119 221 252 242 191 188 54 255
    158 119 238 221 168 110 245 209 125 149 76 217 220 105 255 89 124 67
    251 234 202 175 209 174 245 217 187 188 255 116 203 155 185 83 14
    141 85 125 107 252 79 238 121 43 255 159 54 93 83 50 223 247 47 56
    121 94 109 252 162 112 124 234 63 219 52 89 243 29 137 24 133 217
    189 156 76 81 246 51 223 215 85 0 255 101 231 109 217 50 159 223 81
    175 199 41 218 221 121 244 79 130 245 46 111 30 117 82 99 93 247 183
    61 50 30 20 41 214 68 215 138 194 120 251 125 54 122 56 173 181 92
    245 47 145 172 16 5 48 25 156 95 24 246 112 61 88 213 104 251 63 150
    125 171 255 253 135 221 62 124 30 127 189 127 187 245 251 245 25 96
    240 113 154 120 110 220 56 63 254 91 123 111 213 228 85 186 114 115
    237 118 117 93 90 62 85 148 245 69 153 188 24 5 240 29 156 73 24 246
    59 189 218 95 38 248 76 2 167 177 8 119 160 246 32 252 194 5 64 213
    155 3 138 76 195 98 224 33 78 187 76 8 144 134 88 4 49 207 119 2 85
    40 20 250 97 36 252 52 26 6 69 133 67 235 24 44 24 5 241 29 156 72 4
    226 3 157 72 71 33 242 121 252 254 191 63 127 57 247 125 254 254 189
    63 255 255 239 251 255 97 227 253 167 215 63 89 111 240 191 91 87
    255 239 255 36 85 186 87 122 233 116 250 92 58 47 213 23 231 111 153
    172 24 5 240 29 157 73 16 242 51 189 90 86 34 251 3 0 0 130 201 130
    2 8 2 32 1 34 160 67 130 17 98 23 0 80 192 5 130 96 70 144 184 15
    146 40 1 105 149 36 84 154 2 112 33 86 32 64 24 9 193 20 244 77 145
    172 24 4 112 24 156 73 16 114 51 188 24 87 32 248 121 220 254 191 63
    127 185 183 125 254 126 157 63 255 255 255 255 255 97 99 244 167 247
    55 89 239 244 191 91 83 255 235 247 36 87 190 83 122 233 116 250 92
    58 47 213 23 247 111 153 172 24 5 240 29 157 73 16 242 51 189 90 87
    34 250 3 0 0 162 201 130 2 8 2 33 1 98 160 67 130 17 98 21 1 80 192
    5 130 96 70 144 184 15 146 40 1 73 149 36 84 154 2 96 33 86 64 64 24
    9 193 28 244 13 145 164 24 4 112 24 156 73 16 50 51 188 24 87 32 248
    91 17 138 55 7 98 248 174 80 138 84 133 50 128 3 26 111 27 177 215
    96 39 231 7 128 75 240 164 82 96 166 160 207 40 33 180 63 72 72 96
    120 76 55 43 215 21 55 110 59 170 25 5 240 28 120 65 31 179 55 249
    59 51 128 202 90 1 138 55 3 66 120 174 80 170 84 133 50 128 3 26 109
    11 49 215 104 173 231 7 16 75 242 164 66 192 162 162 207 46 33 176
