<?xml version="1.0"?>
<opencv_storage>
<ImageFile>"436.jpg"</ImageFile>
<Features type_id="opencv-matrix">
  <rows>78</rows>
  <cols>64</cols>
  <dt>u</dt>
  <data>
    234 11 238 243 255 127 247 247 61 253 214 255 191 252 251 206 251
    217 123 255 125 159 255 119 95 127 188 175 254 215 62 251 247 47 87
    251 83 123 253 124 248 93 120 62 221 143 211 239 157 172 156 5 242
    31 157 73 16 244 51 189 90 87 32 250 251 254 255 239 255 191 223 153
    255 255 189 250 255 123 246 93 246 247 127 123 252 119 179 124 239
    255 253 63 255 91 255 255 215 109 86 255 218 121 249 247 82 94 120
    63 209 30 213 61 157 173 24 5 240 29 157 73 16 246 51 189 88 87 34
    251 236 203 238 245 255 127 246 255 61 249 254 251 255 248 251 238
    251 221 127 255 125 159 247 55 95 95 185 175 251 214 62 186 255 39
    87 251 83 119 253 244 248 93 120 63 221 63 219 229 157 172 28 5 243
    31 157 73 16 244 51 189 88 87 32 250 251 254 255 239 255 191 223 152
    255 255 181 251 191 123 246 93 246 247 127 115 252 199 179 124 239
    255 253 127 255 91 255 255 215 109 86 255 90 121 233 246 242 94 120
    63 209 28 221 61 157 173 24 5 240 29 157 73 16 246 51 189 92 87 34
    251 108 175 247 220 122 159 209 111 183 212 15 85 95 255 185 108 178
    213 226 38 214 125 210 243 95 234 132 21 104 216 28 235 151 102 71
    186 210 90 251 124 244 61 188 166 245 22 245 111 153 172 137 13 242
    29 157 73 56 246 115 189 90 87 41 250 255 254 255 253 254 255 255
    249 255 127 253 251 223 255 254 253 243 245 63 111 253 215 190 125
    111 255 191 63 223 95 119 191 247 37 84 251 82 119 253 246 210 94
    120 63 221 30 253 21 157 173 30 5 248 191 159 73 16 246 51 189 92 87
    34 249 92 41 255 212 50 119 249 247 209 244 85 209 95 240 147 74 185
    205 122 111 183 61 230 211 189 107 182 222 108 221 116 234 215 59 36
    190 222 124 251 125 120 61 177 111 187 44 209 111 159 172 175 223
    240 93 156 76 85 247 123 223 121 53 97 254 187 222 255 239 255 189
    221 26 255 223 189 251 191 123 116 93 247 247 62 59 244 127 146 127
    247 255 247 127 127 123 127 255 151 252 223 222 254 125 250 127 119
    223 107 125 245 80 245 111 253 191 24 15 250 181 158 125 56 246 246
    191 251 223 188 255 237 51 247 49 212 167 43 122 224 39 193 50 207
    193 146 67 242 237 99 103 121 167 82 215 142 250 188 175 192 12 114
    136 223 44 71 190 88 56 105 84 124 72 48 175 209 121 181 111 152 172
    24 1 240 29 28 65 0 242 19 189 88 87 32 250 187 254 255 239 255 189
    223 152 255 223 189 251 239 123 244 93 247 247 62 59 244 127 146 127
    239 255 247 127 127 123 247 255 215 236 223 223 254 125 251 127 119
    223 107 253 245 80 245 127 253 191 24 15 248 181 158 125 56 246 246
    191 251 223 60 255 79 33 168 48 21 162 58 78 64 2 213 48 96 0 130 19
    72 41 3 212 225 53 67 215 132 24 248 205 64 164 225 224 143 28 135
    174 27 40 1 88 120 8 52 41 213 113 183 111 27 174 8 3 240 29 88 81
    56 179 19 177 56 211 104 74 251 220 222 255 239 251 222 135 63 249
    93 207 190 254 111 255 253 215 57 247 206 189 207 123 111 207 250
    127 219 115 255 111 215 167 85 123 115 127 253 118 242 223 232 111
    221 31 255 127 157 236 26 5 244 125 157 203 81 246 187 191 88 119 50
    255 252 253 255 253 114 127 253 255 221 253 255 191 95 255 223 238
    187 221 251 111 63 253 230 183 223 111 183 179 233 223 126 191 251
    55 101 255 215 255 253 253 250 127 251 118 255 191 91 254 175 173
    255 255 217 127 149 92 244 252 105 255 127 102 171 255 255 252 255
    239 255 191 255 249 255 127 252 251 255 251 246 221 251 245 127 127
    253 215 187 125 238 255 251 63 255 91 127 191 215 101 156 255 210
    119 253 247 219 223 90 31 217 159 221 21 157 189 30 5 248 191 159 77
    88 246 59 157 222 31 34 185 5 7 4 136 0 92 36 71 33 70 10 4 16 61
    105 165 201 120 129 96 64 96 20 34 84 21 0 0 32 6 24 65 148 2 83 168
    16 98 9 8 36 52 24 133 84 210 102 76 24 40 24 4 146 29 137 8 26 192
    11 164 64 67 40 96 5 135 44 136 3 93 132 71 37 70 10 132 24 61 109
    165 137 120 1 224 80 82 84 98 81 53 0 0 57 22 24 65 212 2 211 168 80
    98 9 40 52 53 56 165 84 214 118 236 27 40 24 12 146 29 201 24 58 192
    43 180 64 211 104 226 2 134 141 138 2 159 7 37 39 68 22 196 25 60 60
    132 140 118 64 40 144 81 218 97 121 160 12 4 61 208 25 73 149 100 83
    0 66 74 138 40 181 159 76 7 20 150 116 75 17 0 153 12 55 9 159 158
    57 66 58 188 65 93 14 251 125 50 247 163 222 167 163 248 230 127 210
    55 237 107 179 85 250 245 99 98 249 7 194 117 206 248 188 47 210 8
    115 235 87 36 87 190 82 120 233 116 116 84 56 47 213 16 245 111 153
    172 24 5 240 29 156 73 16 242 51 189 88 87 32 250 66 1 129 150 2 6 8
    7 134 2 17 0 17 224 18 18 124 16 2 197 2 167 192 7 28 138 164 9 2
    152 48 40 66 44 6 186 74 104 65 92 48 72 52 11 208 20 165 110 153
    172 24 1 112 24 156 73 16 242 51 185 88 86 32 250 247 158 118 133
    255 213 155 153 174 255 147 126 175 73 114 85 252 247 62 243 205 39
    155 124 206 222 253 111 210 31 243 127 215 45 95 191 90 121 233 118
    112 92 40 47 209 28 252 61 153 172 24 5 240 29 156 73 16 242 51 189
    88 87 32 250 243 182 243 165 255 166 155 217 238 127 147 127 239 73
    179 85 254 215 63 114 200 39 131 124 206 222 253 111 210 31 243 127
    87 45 93 191 90 121 233 118 80 92 24 14 209 28 217 29 153 172 24 5
    240 29 156 73 16 242 51 189 88 87 32 250 252 253 255 253 242 103 253
    255 253 253 253 251 223 252 251 238 251 221 127 111 63 143 230 191
    255 255 191 191 219 223 118 191 242 39 117 255 214 125 253 245 122
    95 249 62 255 62 217 190 205 173 126 245 249 191 148 77 208 252 121
    255 93 87 35 190 68 33 145 176 16 6 40 103 0 110 67 20 65 196 147 66
    234 76 1 100 10 160 192 19 12 136 166 9 64 12 48 73 82 36 85 186 0
    126 1 84 16 64 16 14 66 4 193 78 25 44 24 5 96 28 148 73 128 98 51
    185 76 6 32 242 254 221 254 253 255 255 223 241 63 255 125 219 159
    254 254 254 243 215 61 111 253 255 230 123 111 223 187 127 223 127
    255 187 243 37 84 251 210 127 249 245 210 223 121 63 209 30 253 127
    157 173 30 5 248 29 159 73 16 246 51 189 88 86 34 251 243 29 240 134
    71 14 7 3 103 68 29 70 63 255 54 93 244 179 36 245 80 135 17 103 214
    198 252 77 162 184 218 33 134 45 66 190 202 72 133 252 70 91 28 137
    217 92 229 204 209 164 152 12 114 25 152 75 56 242 49 188 88 84 58
    216 247 54 106 167 254 212 154 129 110 111 179 126 254 107 178 117
    242 245 38 243 201 37 19 124 206 222 189 47 210 63 243 119 87 44 95
    191 90 120 233 118 112 92 56 47 213 28 244 61 153 172 24 5 240 29
    156 73 16 242 51 189 88 87 32 250 248 29 255 223 102 7 95 255 247
    245 125 155 191 248 54 94 247 215 121 103 94 255 226 55 95 239 183
    60 123 216 116 41 211 39 20 251 82 125 247 252 114 223 189 47 221 28
    197 238 157 172 24 133 240 61 156 75 89 246 115 191 89 84 32 250 226
    12 138 150 199 14 22 11 39 97 29 6 191 191 54 63 244 179 48 245 10
    215 83 33 86 192 248 93 162 184 222 33 128 45 66 186 202 72 128 202
    6 91 28 137 209 92 228 13 213 172 144 13 114 25 144 203 56 246 49 60
    88 84 58 217 255 254 255 253 255 255 255 249 255 255 254 251 255 255
    254 253 243 213 63 103 253 135 167 125 79 255 189 63 223 95 119 191
    243 37 84 251 82 119 237 244 210 94 56 63 221 30 252 125 157 173 28
    5 248 29 157 73 16 246 51 189 88 87 34 249 5 5 144 146 0 6 32 71 2
    198 3 0 0 195 147 3 234 212 1 102 64 164 192 51 76 136 164 9 82 8 48
    105 214 36 85 186 82 120 1 84 112 80 24 14 212 20 193 78 153 172 24
    5 240 29 156 73 16 242 51 189 88 86 32 250 232 2 183 177 200 231 171
    249 236 175 194 6 211 225 179 34 238 221 99 102 248 135 194 245 94
    127 189 174 192 134 51 170 223 36 71 187 82 120 237 124 120 92 56 47
    213 125 247 111 153 172 24 5 240 29 156 73 16 242 51 189 88 87 32
    250 109 38 231 177 216 167 163 249 224 231 194 54 243 227 179 64 234
    221 99 102 249 133 195 245 94 120 188 175 194 142 51 171 223 36 85
    186 82 120 233 92 120 84 56 47 213 53 247 111 153 172 24 5 240 29
    156 73 16 242 51 189 88 87 32 250 120 29 255 222 38 7 93 63 247 252
