<?xml version="1.0"?>
<opencv_storage>
<ImageFile>"437.jpg"</ImageFile>
<Features type_id="opencv-matrix">
  <rows>262</rows>
  <cols>64</cols>
  <dt>u</dt>
  <data>
    253 254 255 253 254 189 255 240 253 125 252 251 239 123 254 221 243
    253 255 235 255 125 155 253 255 127 127 255 255 119 255 255 223 251
    254 127 255 255 253 255 255 223 235 255 253 187 255 51 174 215 141
    255 255 247 159 255 126 223 247 239 255 255 255 191 249 252 254 255
    255 255 253 255 253 253 222 255 191 255 255 252 255 255 251 59 253
    127 255 255 251 127 247 246 127 215 255 239 207 233 111 117 247 255
    249 125 125 221 255 183 255 115 255 123 189 254 191 191 246 191 156
    85 126 255 255 239 251 255 175 222 63 188 239 167 63 227 241 126 244
    248 214 245 47 91 163 93 235 244 163 19 245 47 239 119 37 235 80 39
    126 89 99 239 159 172 213 178 119 120 233 117 121 93 122 47 213 17
    245 107 185 190 25 13 240 29 220 65 48 178 183 191 154 23 164 222
    123 220 125 191 255 239 95 61 255 110 253 188 189 110 125 254 247
    215 83 114 254 115 195 127 253 236 238 127 123 251 253 239 247 108
    85 191 214 123 249 127 50 223 221 47 213 30 229 127 159 172 26 5 250
    29 156 77 88 246 59 185 217 206 42 245 250 253 239 223 54 95 209 183
    255 252 126 189 127 246 255 238 251 211 123 187 245 247 247 183 249
    111 180 191 107 223 254 234 239 44 71 254 222 122 249 124 250 93 120
    63 213 118 247 111 189 172 159 13 240 29 157 93 22 242 123 189 123
    87 42 250 250 223 239 223 255 223 223 153 255 223 191 234 191 122
    126 221 253 247 126 191 214 127 211 119 245 247 255 127 126 123 223
    59 215 109 223 223 218 121 254 117 117 93 111 127 149 126 245 63 157
    191 24 13 250 189 157 223 89 246 114 191 123 221 188 250 250 223 239
    215 255 223 223 185 255 223 191 251 191 120 126 221 253 247 126 191
    214 127 243 127 253 247 255 127 126 123 223 59 223 109 223 223 218
    121 254 117 117 93 239 127 149 126 253 63 157 191 152 13 250 189 159
    223 80 246 114 191 123 93 188 250 122 49 155 158 38 71 89 54 86 228
    85 148 117 132 19 90 63 214 112 215 154 189 199 135 153 234 246 220
    66 185 244 233 199 60 53 254 158 104 192 125 112 201 181 42 183 20
    165 110 155 170 27 199 240 28 60 65 24 179 59 249 57 22 32 234 88 49
    155 158 34 67 120 127 210 160 85 148 119 128 147 122 63 146 112 71
    30 173 231 135 153 43 230 220 65 160 244 168 207 52 37 254 158 104
    194 125 80 201 181 42 187 52 161 110 155 170 123 199 240 28 52 65 81
    179 59 249 57 22 35 235 122 49 155 158 38 71 88 39 82 230 85 148 125
    134 19 90 61 210 112 215 26 181 199 135 152 202 240 220 66 184 246
    105 199 60 53 190 223 104 192 125 112 201 181 42 183 20 229 110 155
    170 27 135 240 24 60 65 24 179 59 249 57 23 96 234 122 222 254 255
    255 253 219 49 127 253 214 255 189 126 125 252 254 215 121 242 253
    127 155 127 255 254 243 63 126 223 255 255 215 236 87 190 223 123
    249 126 240 93 253 47 213 151 255 111 157 237 153 13 242 29 157 89
    16 246 123 189 218 95 42 254 58 117 125 222 126 191 95 57 247 110
    125 50 189 110 60 84 246 247 66 242 246 118 145 119 220 190 231 93
    122 248 253 233 211 44 215 190 218 120 240 125 116 223 221 15 212 20
    229 79 159 174 24 7 226 29 157 89 24 243 123 189 123 222 40 248 39
    134 100 138 31 189 133 24 165 86 10 96 173 127 188 69 194 117 1 48
    240 118 152 115 84 180 0 23 62 24 89 65 151 100 214 154 66 120 185
    60 100 87 26 173 84 80 244 75 144 188 24 12 242 29 159 13 56 242 50
    189 218 223 44 250 239 204 108 169 203 127 167 193 61 254 234 174
    157 46 249 244 203 185 191 100 249 211 156 120 85 253 61 167 234 215
    127 243 193 192 71 235 243 248 173 122 124 93 124 185 85 223 246 113
    159 173 24 13 251 93 204 89 24 252 59 188 223 219 120 178 58 21 236
    154 39 87 93 47 247 198 61 128 61 190 55 94 157 246 98 189 144 115
    209 39 217 225 228 92 123 248 220 232 135 60 131 164 222 72 192 121
    56 219 53 45 150 244 181 110 179 170 155 15 178 25 252 93 56 243 123
    217 123 210 108 218 249 63 247 119 255 183 127 126 214 63 209 115
    239 219 146 95 250 247 123 111 255 47 195 127 142 250 246 63 94 25
    117 239 87 47 188 191 214 61 253 119 89 204 251 175 203 40 253 127
    188 180 24 129 224 188 158 65 80 182 115 159 250 23 36 254 51 53 163
    22 55 7 29 43 198 228 117 112 59 202 16 86 122 151 102 211 214 38
    209 87 156 187 229 15 82 152 112 105 199 44 68 190 218 56 225 124
    112 92 49 175 209 48 145 111 153 172 24 9 240 29 156 65 16 242 51
    189 120 87 32 250 58 149 236 154 39 31 29 15 183 86 61 160 61 62 60
    95 157 182 98 185 176 115 209 39 81 229 228 29 123 248 220 232 143
    44 131 166 202 88 160 121 56 219 53 173 148 244 181 110 179 174 152
    13 178 25 254 85 56 243 127 157 123 219 108 218 225 77 12 154 66 79
    71 55 39 68 45 134 25 253 126 174 133 115 124 36 30 249 176 34 91
    103 141 28 177 154 30 9 192 7 115 72 130 66 214 200 54 187 172 183
    28 30 100 172 5 1 247 28 11 75 131 142 121 108 104 56 65 68 15 248
    225 205 44 152 71 95 71 251 175 68 63 142 31 188 126 174 141 117 124
    44 22 214 176 34 95 245 157 56 185 210 30 25 128 103 115 88 194 66
    222 168 54 191 108 183 29 158 116 172 133 129 215 156 27 123 135 30
    121 108 104 60 83 204 14 248 58 94 125 255 63 253 125 233 255 254
    222 159 253 252 253 246 255 212 193 106 252 252 202 126 125 220 179
    57 126 243 127 255 83 164 117 250 246 127 249 116 112 221 255 62 86
    134 229 127 159 173 30 5 234 29 159 93 16 242 123 253 95 15 42 182
    125 118 117 97 252 245 171 248 248 191 226 59 205 25 217 103 242 237
    207 104 249 227 26 252 141 121 189 254 252 23 115 191 249 12 215 191
    220 185 233 125 252 92 58 159 241 227 250 117 184 189 28 35 240 189
    158 65 52 246 19 156 250 215 108 251 110 45 239 188 18 103 113 111
    245 236 220 181 95 174 191 238 235 84 35 99 244 183 228 55 93 203
    180 15 91 217 62 235 215 36 85 186 82 120 233 124 112 93 124 43 213
    20 229 111 153 172 26 5 240 29 156 73 24 242 59 185 89 86 32 250 58
    30 125 255 191 189 253 249 255 254 222 159 253 124 249 246 247 212
    193 42 220 120 202 120 125 220 178 57 94 211 127 255 87 100 93 248
    246 123 249 116 112 221 255 62 86 134 237 127 159 173 24 5 234 29
    159 77 16 242 59 253 95 15 34 182 28 186 247 245 248 229 251 245 218
    253 214 221 199 117 155 80 254 205 155 99 239 45 206 251 173 218 182
    255 78 79 243 239 215 167 125 63 118 251 249 119 81 92 235 110 237
    20 249 123 153 236 24 71 240 29 156 73 20 242 51 191 216 87 33 254
    125 118 117 97 252 245 171 248 248 191 226 59 205 57 217 103 242 237
    207 104 249 227 26 252 141 121 189 254 252 23 115 191 251 12 215 191
    220 185 233 125 252 92 58 159 241 227 250 117 184 173 28 35 240 189
    158 81 52 246 19 156 250 215 108 251 43 214 109 171 255 189 163 153
    253 95 212 207 173 61 127 69 222 253 91 116 248 115 155 116 116 252
    61 182 254 82 123 187 215 108 223 185 127 123 173 112 252 94 26 143
    213 213 254 85 189 156 24 13 240 189 157 121 24 246 55 189 82 223 46
    251 122 253 255 254 54 127 221 127 255 220 253 253 127 247 253 254
    243 212 123 111 87 47 229 55 253 203 230 29 127 220 252 232 246 44
    116 190 218 122 209 244 210 223 185 46 222 150 197 110 153 172 94 5
    240 29 159 77 16 242 123 189 89 86 34 249 120 29 191 222 34 95 125
    255 223 212 95 142 31 252 63 254 255 215 120 111 30 191 210 183 219
    254 246 92 65 210 254 169 206 55 99 252 211 110 218 105 112 93 181
    111 255 60 229 110 157 168 153 223 242 29 156 89 81 242 123 255 123
    125 139 250 48 69 93 154 2 15 21 47 167 68 61 144 29 190 60 70 215
    86 64 36 18 208 192 35 88 129 132 24 33 152 28 41 144 4 0 154 2 72 3
    88 50 155 60 35 20 20 228 78 147 164 147 12 50 25 149 27 56 114 56
    56 89 84 42 249 213 49 211 116 80 34 120 242 66 128 193 50 226 195
    130 27 106 137 35 199 15 173 65 151 134 91 243 237 192 12 162 32 90
    23 36 191 8 60 67 85 56 104 176 227 233 121 167 46 25 166 32 83 112
    26 16 65 16 187 17 147 60 115 225 106 156 185 255 253 32 245 252 247
