<?xml version="1.0"?>
<opencv_storage>
<ImageFile>"438.jpg"</ImageFile>
<Features type_id="opencv-matrix">
  <rows>91</rows>
  <cols>64</cols>
  <dt>u</dt>
  <data>
    255 252 255 239 255 255 223 216 255 255 253 251 255 251 246 253 251
    247 63 127 127 223 191 124 239 255 123 63 255 123 255 191 241 239
    190 223 246 247 253 255 215 223 235 127 219 158 252 181 205 181 86
    181 237 247 135 239 248 252 232 30 223 221 62 189 252 253 255 253
    242 127 255 255 253 255 255 255 255 254 255 238 251 221 255 111 63
    223 238 191 127 255 191 191 255 223 126 191 242 103 125 251 214 247
    253 255 251 255 251 126 255 191 89 176 207 173 119 245 217 255 167
    110 208 252 105 127 223 76 179 183 255 254 255 255 255 255 223 217
    255 255 189 251 255 255 254 253 251 213 63 111 79 143 175 60 111 223
    63 63 223 95 126 63 240 231 124 219 82 119 253 246 211 222 104 63
    223 30 252 181 205 173 86 181 217 255 135 239 208 252 33 63 92 92 50
    185 59 255 253 255 63 253 221 57 255 254 223 249 253 127 125 223 255
    247 98 251 246 127 219 255 253 255 247 255 127 251 255 239 223 254
    255 62 255 249 250 127 125 125 239 239 247 245 245 111 187 254 153
    79 246 29 254 93 61 247 255 255 251 255 173 254 255 254 255 239 255
    255 223 217 255 253 253 251 255 255 254 253 251 247 63 127 111 223
    191 124 239 223 123 63 255 123 126 191 241 231 124 223 242 247 253
    247 211 223 234 127 223 158 252 181 205 181 86 181 233 183 135 239
    208 252 224 62 223 93 50 189 253 236 239 253 255 127 255 255 253 253
    254 255 255 191 255 238 235 221 127 111 63 223 238 61 127 255 191
    191 255 95 62 191 241 103 125 251 82 119 253 246 251 95 248 62 223
    159 88 180 205 173 86 181 217 191 133 77 208 252 41 253 93 94 50 191
    250 250 247 247 222 231 139 249 206 255 122 223 255 234 243 252 255
    215 125 103 78 141 174 125 207 223 191 47 211 139 114 191 247 39 93
    251 82 117 237 246 112 92 56 63 221 28 253 181 157 172 24 5 240 63
    156 75 80 252 49 189 92 87 48 186 148 33 211 212 48 134 121 107 130
    225 1 242 195 194 144 90 162 213 36 107 135 44 224 67 13 154 162 79
    82 40 52 111 87 54 52 186 2 124 243 215 80 104 185 110 171 20 193
    111 153 164 56 85 112 28 188 73 16 242 51 251 88 23 33 251 243 254
    231 87 223 70 207 251 238 175 187 251 239 235 210 255 235 213 63 247
    79 143 175 60 79 223 191 47 211 31 50 62 243 47 125 255 90 53 237
    246 115 92 56 191 223 126 253 181 141 172 80 5 241 255 156 203 208
    252 49 61 92 85 48 186 254 252 255 255 255 255 223 255 255 255 253
    255 255 254 255 252 251 213 127 111 95 143 175 61 111 223 191 63 223
    95 118 191 243 103 125 251 82 119 253 246 115 94 248 63 223 30 253
    181 205 173 86 181 249 255 133 239 208 252 97 63 93 93 50 191 196 42
    227 161 216 198 163 201 172 239 170 126 211 167 243 233 203 85 63
    103 73 133 174 120 79 223 189 47 210 14 51 31 241 37 85 251 82 117
    237 118 112 84 56 62 213 28 248 177 153 172 24 5 209 31 140 73 16
    240 49 189 92 87 32 250 252 253 255 255 254 255 251 255 253 253 255
    255 255 254 251 254 251 213 127 111 127 143 255 61 127 255 191 191
    223 95 126 191 243 103 125 255 210 119 253 246 123 93 248 62 223 31
    253 181 205 173 94 181 217 191 148 111 208 252 97 191 223 93 50 190
    255 254 255 239 255 255 223 249 255 253 253 251 255 255 254 253 251
    245 127 111 127 223 191 124 239 255 127 63 255 123 126 191 241 239
    126 223 214 247 253 247 215 223 235 127 219 158 252 181 205 181 86
    181 201 247 135 239 208 252 232 31 223 93 54 189 247 222 255 237 255
    254 223 219 191 255 189 219 207 253 254 253 227 213 63 111 78 143
    174 57 111 223 63 47 215 31 122 63 240 167 124 219 82 119 237 246
    211 222 104 63 223 158 252 181 205 173 86 181 249 191 135 107 208
    252 33 60 92 84 50 185 221 221 210 117 121 226 250 66 56 189 197 255
    134 203 132 25 42 205 191 111 231 47 194 123 47 223 243 255 86 39
    226 255 215 243 61 155 51 189 254 119 121 108 187 111 235 25 255 255
    205 246 56 247 249 118 156 203 81 223 243 175 248 119 145 254 247
    254 235 223 255 220 223 137 255 255 62 251 191 254 254 253 251 247
    61 255 79 143 191 61 111 223 63 47 215 27 122 63 240 175 126 219 90
    119 237 246 243 94 104 63 223 158 252 181 205 173 86 5 248 191 135
    107 144 244 33 60 92 84 50 185 205 205 146 117 249 226 250 74 24 185
    193 91 130 201 128 25 42 205 189 103 230 47 130 123 46 223 179 255
    86 39 34 127 215 247 61 27 51 189 254 55 121 108 185 111 233 25 255
    251 205 246 24 245 241 118 156 203 81 223 243 175 208 119 145 190 94
    152 155 247 57 226 250 205 26 187 80 249 134 194 131 26 127 223 185
    11 204 45 238 91 173 219 242 239 87 97 161 238 87 163 60 53 119 253
    237 119 113 76 227 104 251 21 27 123 249 236 126 181 244 180 188 233
    214 250 183 223 220 23 49 247 243 254 251 223 255 222 223 201 255
    255 191 255 239 223 255 253 255 247 63 127 79 143 191 60 239 223 255
    47 215 31 250 63 240 47 127 255 82 119 237 246 243 94 56 190 223 222
    252 180 205 141 86 181 217 255 135 235 208 252 33 60 92 84 18 185
    247 54 231 19 223 167 3 248 238 39 147 54 239 203 178 85 250 245 123
    246 251 135 219 245 206 250 252 47 210 28 115 43 95 45 87 191 90 56
    101 86 120 80 24 143 193 104 225 151 153 172 24 5 240 61 156 73 16
    246 49 189 88 87 32 250 233 205 231 247 219 231 227 255 204 237 248
    223 243 232 243 238 235 213 63 103 78 143 239 61 79 223 191 47 211
    15 50 63 247 39 117 251 82 117 237 246 112 92 56 63 221 28 253 181
    157 172 88 5 241 63 156 73 80 252 49 189 92 87 48 250 229 237 255
    223 251 95 221 223 255 255 175 255 243 254 255 239 235 245 63 111 79
    143 191 61 111 223 191 43 215 15 58 63 240 39 127 251 82 119 239 246
    211 222 56 62 223 222 252 180 205 141 86 181 217 255 133 235 208 252
    41 61 92 84 18 185 204 233 198 247 221 227 234 255 140 169 248 251
    163 203 211 237 235 213 63 103 79 143 239 125 79 223 191 47 211 15
    50 62 247 39 117 251 82 125 237 246 113 92 56 63 221 28 253 181 157
    172 88 5 241 127 156 203 80 252 49 189 92 87 48 250 237 237 255 223
    249 95 253 255 221 255 239 255 243 254 255 238 235 213 127 111 31
    143 175 189 127 255 191 43 215 143 58 63 248 39 125 251 82 119 237
    254 211 254 56 62 223 62 124 180 205 141 86 181 217 255 133 235 208
    252 41 61 92 84 19 185 250 250 255 255 255 253 219 217 255 255 250
    255 255 254 254 253 251 215 63 111 109 143 175 124 239 223 127 47
    223 91 114 191 243 231 125 255 82 119 253 246 243 92 120 63 223 30
    252 181 205 173 86 165 248 191 141 107 208 252 33 61 220 93 48 188
    255 254 255 253 255 255 255 249 255 255 254 251 255 255 254 253 251
    213 127 111 127 143 174 60 111 255 63 63 223 95 118 191 241 103 125
    219 82 119 253 246 243 94 120 63 223 30 252 181 205 173 86 181 217
    191 135 111 208 252 33 63 220 93 50 189 233 207 247 247 217 231 235
    255 236 237 232 223 227 237 243 239 235 213 63 103 78 143 175 61 79
    223 191 47 211 15 50 63 243 39 117 251 82 117 237 246 115 92 56 63
    223 30 253 181 141 172 88 21 241 63 148 75 208 252 33 189 92 87 48
    186 251 250 215 227 255 250 139 152 254 187 250 251 239 219 106 249
    255 215 63 247 237 135 175 124 239 223 123 239 222 31 243 191 247
    175 93 255 123 125 237 246 121 92 122 63 221 31 254 181 141 173 24 5
    240 191 140 235 80 244 49 189 92 87 48 190 124 255 236 217 38 255 95
    49 255 247 253 154 221 61 127 78 157 251 122 255 253 119 83 247 217
    119 245 254 105 214 255 226 207 92 199 174 219 120 248 121 124 95
    125 175 245 117 247 111 191 174 137 79 242 29 216 93 62 247 115 189
    251 251 104 250 253 253 255 255 255 255 255 255 253 255 254 255 255
    255 254 254 251 213 127 111 127 143 175 61 111 255 187 63 223 95 118
    191 243 103 125 251 82 119 253 246 243 94 248 63 223 30 253 181 205
    173 86 181 217 255 133 239 208 252 33 63 92 84 50 190 254 248 255
    255 255 255 255 249 255 255 255 255 255 255 255 253 251 245 127 111
    127 223 191 60 127 255 191 63 223 223 118 191 243 103 127 223 82 119
