<?xml version="1.0"?>
<opencv_storage>
<ImageFile>"439.jpg"</ImageFile>
<Features type_id="opencv-matrix">
  <rows>221</rows>
  <cols>64</cols>
  <dt>u</dt>
  <data>
    250 223 254 223 254 159 223 51 191 253 63 219 159 254 124 252 183
    247 124 47 254 127 211 119 251 247 247 126 127 251 222 235 215 125
    87 247 214 123 250 253 246 223 255 127 253 150 245 111 157 175 156
    15 250 29 159 95 121 247 115 191 251 253 43 251 233 207 231 223 239
    223 223 191 255 253 44 203 191 249 126 205 255 247 252 47 220 223
    254 127 123 255 191 54 255 219 126 127 215 103 127 113 210 125 255
    124 119 127 106 63 221 116 253 243 189 173 28 5 247 63 157 207 17
    246 115 61 223 93 0 250 250 253 255 255 255 255 223 59 223 245 253
    250 191 254 118 254 255 215 126 255 190 127 243 127 255 223 247 127
    127 251 254 238 135 239 238 95 238 125 254 247 123 255 231 249 159
    63 253 191 255 182 155 207 255 247 255 255 121 191 245 251 187 253
    159 223 251 215 119 247 255 183 219 248 254 125 241 123 175 89 48 93
    246 247 127 119 254 175 147 126 174 186 247 63 222 121 117 191 227
    45 30 255 210 121 177 255 219 78 211 222 217 9 217 31 140 189 24 1
    120 190 159 65 112 246 115 159 254 87 38 185 171 214 108 139 255 189
    135 153 175 95 58 74 189 127 124 245 244 247 69 240 120 242 152 124
    84 244 125 123 254 90 123 179 192 108 223 190 218 114 169 120 246 94
    24 157 212 214 244 21 152 173 16 13 250 29 143 89 16 240 51 188 94
    223 42 184 185 253 255 223 191 253 249 255 255 253 220 255 255 127
    255 253 255 247 255 251 245 127 247 255 251 127 247 191 127 95 255
    255 223 111 253 246 223 123 249 125 127 93 255 63 221 53 255 111 191
    191 159 207 250 189 156 93 126 247 255 255 251 255 174 255 3 5 0 22
    7 128 10 0 6 97 19 66 136 74 32 7 100 179 32 211 204 39 210 99 0 26
    177 110 16 16 161 97 199 44 87 186 91 8 232 100 112 92 48 175 209 80
    181 111 153 172 24 5 240 29 156 65 16 242 51 189 88 87 32 250 253
    127 247 117 248 111 231 255 233 253 202 63 103 253 219 252 251 229
    255 110 127 175 191 191 223 255 127 175 255 30 122 255 99 103 109
    191 148 182 253 252 93 84 154 182 111 235 77 247 172 37 124 248 241
    190 143 69 228 252 67 239 222 70 51 180 141 197 44 152 1 31 101 90
    165 70 173 128 25 253 116 143 129 124 103 101 54 242 176 34 85 183
    133 16 121 148 24 1 154 82 194 232 128 104 18 168 54 187 60 165 52
    114 117 206 19 168 178 28 73 29 195 28 57 128 97 191 3 210 143 217
    59 54 117 166 63 37 57 122 246 126 240 51 109 43 147 86 242 244 67
    96 240 162 208 118 156 168 228 11 218 152 113 235 71 44 20 190 82
    120 161 124 120 76 24 143 192 48 192 77 153 172 24 1 240 28 156 65
    16 242 51 156 90 86 32 249 123 22 252 230 255 55 31 52 54 126 95 23
    157 125 51 85 246 215 25 100 240 247 130 112 110 232 184 92 254 81
    127 235 87 101 21 251 83 115 217 116 84 205 88 30 197 132 229 77 157
    172 24 5 240 28 158 73 16 246 59 157 88 23 34 248 0 5 130 150 0 199
    192 39 6 236 0 5 16 110 51 6 108 83 96 163 214 45 194 99 88 66 166
    12 16 136 17 67 199 38 85 186 18 104 235 108 112 124 48 47 213 20
    245 111 153 172 24 5 240 29 156 73 17 242 51 189 88 87 32 234 126
    117 125 182 119 63 63 107 231 110 251 50 125 111 244 86 243 215 103
    100 113 226 145 118 220 221 253 157 210 152 117 232 210 44 86 190 66
    120 161 116 124 94 56 47 213 21 244 79 153 172 24 5 224 29 157 73 24
    242 51 189 88 86 32 250 208 41 147 179 208 194 162 236 200 171 194
    254 243 66 139 226 107 21 161 71 206 37 207 78 13 219 179 47 66 138
    51 58 247 6 85 187 16 248 237 116 112 92 52 34 247 20 49 119 155 172
    56 37 240 29 156 65 0 250 51 185 88 87 33 250 199 206 2 1 205 210
    138 129 40 235 41 202 130 1 99 41 1 105 44 231 200 133 18 104 67 213
    153 102 144 2 35 83 215 48 81 41 83 104 236 34 96 60 40 173 213 92
    244 57 24 136 24 5 213 93 156 138 17 194 49 181 68 83 0 250 240 8
    146 163 217 194 162 237 78 169 194 119 178 2 139 114 106 149 161 71
    205 7 207 93 13 155 57 47 82 10 51 126 103 39 117 187 16 120 109 84
    241 84 48 14 75 20 57 245 153 172 24 5 240 31 156 65 16 240 51 185
    88 87 32 250 51 150 112 167 255 160 139 24 254 89 146 123 173 91 160
    85 242 247 7 80 225 34 155 124 100 156 105 47 222 59 97 127 21 236
    222 158 114 48 169 119 101 84 10 139 193 65 252 85 152 188 24 1 240
    148 156 97 16 178 182 188 216 87 36 120 92 59 251 241 254 243 106
    254 208 187 192 53 227 194 179 123 250 205 251 70 239 189 110 159
    142 202 170 135 66 77 49 238 119 167 214 187 127 246 117 247 216 108
    210 78 217 13 131 219 220 108 28 215 241 125 156 201 212 254 151 159
    216 118 243 253 254 113 125 246 119 51 123 126 214 62 245 49 125 218
    144 82 242 215 95 111 105 187 165 54 140 138 238 157 91 77 244 249
    112 45 180 255 86 112 1 213 218 203 155 30 194 143 192 78 143 37 87
    5 104 60 151 73 208 246 59 218 89 22 38 185 58 153 255 215 110 199
    219 165 222 245 23 87 191 126 51 116 254 147 96 179 214 63 199 103
    189 250 244 127 98 251 215 107 135 44 65 190 222 88 234 125 80 93
    245 46 213 20 241 111 153 174 137 15 240 29 152 73 48 243 51 189 120
    87 32 250 99 6 130 35 221 226 163 200 140 169 210 119 162 14 131 119
    106 213 35 85 201 7 207 125 5 220 57 47 82 10 35 63 69 37 117 187 82
    120 109 84 113 84 48 46 79 13 56 245 137 44 88 4 240 30 140 65 16
    240 35 188 88 7 32 250 122 245 121 190 119 15 95 11 199 98 189 186
    61 202 180 127 246 151 118 215 159 191 209 39 213 199 227 127 83 187
    253 232 131 172 151 158 202 120 227 215 34 219 245 105 213 30 181 47
    215 174 144 15 98 29 116 89 24 179 113 187 57 94 186 251 46 43 101
    210 51 31 5 107 231 66 179 48 127 242 252 198 242 148 70 125 22 188
    208 55 93 130 162 9 2 216 28 169 90 38 86 186 74 122 147 220 148 215
    20 15 208 6 229 78 149 165 144 4 98 29 151 25 16 114 49 189 89 94 32
    249 247 189 247 247 212 102 107 255 238 237 209 251 239 203 150 95
    123 229 127 119 63 143 247 191 158 255 255 175 211 154 98 175 199 47
    54 255 218 61 127 127 124 104 176 251 219 121 189 183 220 172 88 217
    241 254 28 227 249 188 113 59 222 245 153 250 126 50 247 247 250 131
    123 108 206 37 215 52 255 242 147 82 250 151 123 102 175 175 203 189
    158 202 238 255 66 169 245 174 87 173 7 159 74 181 245 94 184 65 209
    14 201 173 137 23 159 172 145 163 112 124 148 251 64 126 185 217 248
    6 48 254 197 6 2 1 200 210 162 193 40 187 42 66 130 81 67 33 9 41
    173 199 200 133 26 88 66 87 25 102 128 6 35 82 87 16 83 33 17 168
    236 2 100 52 56 181 245 72 246 49 24 200 24 33 213 93 136 138 19 73
    17 165 68 83 80 106 191 221 238 237 255 61 221 154 63 95 189 219 159
    249 118 253 229 244 61 251 118 222 178 120 111 255 51 123 255 123
    126 61 246 101 156 219 194 119 249 247 215 223 122 127 218 30 252
    149 205 181 86 5 104 183 151 109 152 244 121 31 223 221 46 185 250
    254 255 99 255 255 255 253 255 127 254 125 255 253 246 252 255 215
    127 117 252 215 191 61 255 239 127 191 255 215 255 254 245 239 206
    255 222 119 253 254 94 221 223 63 217 111 252 149 191 189 223 140
    234 189 143 125 216 252 227 188 254 158 58 188 120 59 255 215 54 183
    255 127 255 252 87 145 223 246 185 78 255 215 248 107 222 125 198
    243 217 123 182 126 120 217 117 235 223 38 117 190 214 120 243 117
    112 125 251 46 245 164 209 111 157 172 153 71 242 29 157 77 17 242
    115 255 91 87 33 250 9 150 76 170 47 183 191 20 49 126 70 69 28 125
    41 5 236 255 129 160 240 113 88 251 64 120 160 214 124 81 117 103
    223 96 209 48 119 120 232 97 116 93 122 47 213 21 247 111 185 172 24
    5 244 29 156 73 30 242 55 189 210 215 32 250 43 150 76 162 46 255
    187 20 52 126 70 69 28 125 57 5 236 255 129 160 240 113 216 123 72
    56 160 214 124 81 245 231 215 96 209 48 119 120 232 97 116 92 90 47
    213 21 247 111 185 172 24 5 244 29 156 73 30 242 55 189 210 87 32
    250 251 220 127 175 255 103 251 248 254 253 246 91 237 88 123 221
    255 245 127 118 252 143 158 124 254 253 253 191 223 83 119 255 229
