<?xml version="1.0"?>
<opencv_storage>
<ImageFile>"44.jpg"</ImageFile>
<Features type_id="opencv-matrix">
  <rows>393</rows>
  <cols>64</cols>
  <dt>u</dt>
  <data>
    123 221 220 158 111 223 95 15 55 101 61 200 63 254 52 95 255 247 60
    181 220 119 243 35 123 231 233 127 123 121 221 105 151 101 18 246
    195 89 242 253 114 223 125 45 213 28 245 111 149 166 155 13 252 29
    158 207 56 246 123 189 91 222 62 251 124 175 254 217 34 255 247 247
    125 244 94 189 221 190 255 238 251 187 249 235 245 117 215 243 249
    127 148 254 109 215 255 227 223 64 71 166 223 91 249 124 124 29 124
    39 213 181 247 111 191 172 137 13 242 29 152 93 62 246 123 189 219
    219 104 250 63 255 125 253 183 253 223 121 255 255 255 250 255 127
    252 223 185 255 126 251 191 127 211 127 253 255 247 255 127 255 255
    187 223 252 223 207 222 123 251 127 126 255 255 125 247 191 247 63
    191 191 157 79 250 181 255 125 120 247 255 255 251 251 253 254 250
    221 255 223 38 223 223 191 127 255 29 203 191 252 126 223 191 247
    248 191 190 125 211 251 249 247 243 126 127 243 222 175 223 247 251
    117 254 205 250 123 117 253 239 127 191 156 125 63 223 218 187 255
    255 237 254 254 127 255 254 127 243 253 221 254 205 250 75 225 253
    240 171 248 156 191 234 127 195 201 195 233 75 221 191 110 233 133
    174 120 46 221 59 167 222 79 51 159 113 193 157 123 118 245 109 183
    121 68 74 30 79 143 216 177 76 221 86 181 205 247 140 235 212 140
    173 14 204 31 48 180 111 173 231 248 18 142 77 75 165 102 137 184
    223 239 180 79 130 117 35 99 143 125 82 99 94 194 166 31 18 56 60 73
    215 6 86 186 128 124 243 118 38 122 60 233 213 92 197 207 217 172 24
    69 98 29 157 9 24 242 115 191 88 86 43 251 63 246 108 170 55 125 31
    29 247 86 189 244 61 63 252 245 241 246 70 248 241 114 177 116 245
    165 237 89 127 250 253 225 180 108 215 158 202 114 137 253 254 223
    30 173 212 215 244 108 153 191 150 13 250 21 215 93 56 242 59 188
    123 222 46 249 45 175 229 136 18 95 129 119 253 220 142 181 93 127
    253 236 235 244 227 34 213 99 208 247 89 125 4 4 61 222 26 73 207 98
    71 186 86 122 249 60 117 93 58 167 85 246 117 110 185 172 153 12 242
    29 156 73 62 226 99 189 90 71 40 250 62 246 108 170 63 189 23 25 183
    86 189 116 61 63 252 245 241 244 71 240 241 114 145 116 116 172 233
    25 127 222 253 225 212 108 215 190 202 114 137 253 254 223 26 141
    212 215 246 76 153 189 152 8 234 29 223 89 56 242 59 188 90 222 46
    249 126 252 253 254 191 189 93 121 255 127 253 249 255 250 180 95
    246 247 99 123 253 119 211 127 221 239 231 127 123 125 253 235 215
    44 214 190 218 121 241 245 126 223 127 47 212 20 245 95 153 172 24 5
    226 29 159 93 24 242 51 189 91 86 42 251 126 253 248 190 215 107 85
    79 71 64 221 188 63 206 174 222 251 148 49 84 15 157 169 39 110 221
    114 13 211 27 126 45 192 39 61 219 2 119 71 86 51 203 212 107 79 29
    109 182 197 36 82 148 40 62 164 105 216 176 105 187 29 12 178 179
    250 249 248 190 215 75 87 79 79 64 157 188 63 206 238 222 251 150 49
    84 15 155 169 39 102 221 123 13 211 59 126 45 128 167 61 219 2 119
    71 86 51 203 84 105 95 29 109 180 197 36 82 132 40 54 166 107 216
    176 41 57 29 12 178 179 197 157 146 85 125 194 218 210 26 189 7 239
    130 203 130 31 110 231 188 15 199 47 243 123 103 218 247 111 86 47
    226 119 199 167 125 191 114 189 255 117 81 124 170 238 235 88 185
    111 217 172 24 85 240 60 156 67 17 251 115 191 88 117 177 250 44 238
    238 249 43 221 244 69 61 250 238 185 152 243 253 206 139 152 225 107
    221 117 95 59 85 95 147 183 105 223 63 246 207 134 71 186 211 248
    249 126 120 127 104 175 215 215 119 107 153 236 56 13 244 29 157 76
    18 242 243 189 219 115 41 254 50 69 109 138 3 29 7 41 231 68 61 16
    61 60 124 228 215 180 68 116 16 114 145 36 88 181 9 8 51 154 88 57
    200 44 67 154 66 82 1 216 54 211 28 143 20 182 228 12 131 37 151 12
    42 25 135 25 56 98 40 60 88 214 42 152 54 176 137 186 28 182 203 12
    196 46 81 52 65 66 25 49 16 68 1 210 231 49 202 79 12 130 166 135 82
    185 33 202 39 142 159 10 191 160 107 19 168 104 131 200 80 16 177 75
    26 252 153 67 180 1 92 81 5 162 219 187 168 243 239 229 44 238 239
    235 185 253 173 109 249 251 74 253 185 55 237 204 139 152 225 43 253
    113 222 253 113 221 51 167 77 195 59 206 223 194 109 48 117 251 249
    62 125 124 106 175 87 181 127 115 185 236 60 37 244 13 156 76 22 226
    255 173 219 79 43 246 187 253 253 214 119 191 223 59 255 95 221 250
    191 127 244 93 246 247 126 127 246 127 209 119 253 254 247 63 126
    122 252 169 214 108 86 190 210 120 251 125 116 223 185 47 213 20 245
    111 157 172 24 13 240 29 158 77 56 246 115 191 90 223 40 250 57 190
    246 233 62 253 160 119 121 220 206 245 124 125 249 237 251 252 227
    234 245 120 95 255 233 125 116 178 125 87 255 231 223 98 255 180 127
    250 249 53 125 93 122 38 84 231 119 239 184 252 141 13 242 29 152 77
    62 210 175 175 211 79 36 254 196 174 239 249 248 244 251 245 153 255
    80 219 195 161 147 14 11 77 187 43 252 77 238 249 63 219 31 167 93
    69 35 206 215 211 253 97 119 189 253 50 121 108 235 253 191 25 123
    179 127 216 56 241 213 245 188 254 215 206 247 207 199 241 217 255
    124 41 239 255 126 127 115 255 253 252 222 189 127 254 187 238 251
    213 123 103 253 159 231 55 95 239 188 191 123 223 62 239 247 37 85
    251 86 123 253 116 122 93 124 46 221 55 229 239 157 172 26 5 242 29
    156 73 80 246 59 189 89 86 34 250 120 57 255 153 54 87 93 255 247
    230 253 152 95 188 63 222 255 212 115 111 30 209 230 183 221 227 180
    60 115 221 126 169 213 44 21 254 218 121 209 124 50 223 253 47 213
    60 197 110 159 172 159 141 242 29 149 93 24 242 59 249 89 94 42 251
    24 26 178 33 40 241 168 118 220 186 210 85 113 0 27 128 125 138 227
    218 245 7 207 223 153 121 246 230 76 199 227 238 79 168 79 52 125
    188 232 106 120 84 115 47 199 229 183 123 187 236 24 1 246 29 220 81
    134 243 151 245 242 83 96 118 238 49 235 245 54 50 121 223 212 171
    241 176 99 194 147 91 26 92 123 79 47 185 230 31 12 139 162 137 83
    172 52 186 98 6 182 251 91 125 65 213 218 106 177 88 242 29 3 30 91
    174 62 211 81 188 244 112 208 178 121 219 77 22 243 179 24 26 178 33
    42 241 168 118 148 186 210 21 81 4 27 2 125 138 227 218 244 7 207
    223 137 121 246 230 64 197 227 238 79 184 77 36 125 188 232 106 120
    68 243 47 199 229 183 107 187 232 24 129 246 29 156 81 134 243 151
    241 250 19 96 118 58 30 212 226 63 189 36 55 117 120 90 49 61 63 60
    213 246 222 193 184 245 80 217 127 209 8 224 215 126 209 253 231 77
    224 214 52 255 210 161 117 204 215 66 143 68 135 199 75 184 101 157
    8 230 13 155 89 6 242 247 148 218 78 44 92 191 245 125 254 255 189
    95 9 255 71 61 250 191 127 244 93 243 247 52 115 247 118 176 118 124
    255 243 63 251 123 127 105 210 108 150 254 194 121 249 253 114 223
    125 45 213 20 245 111 153 172 16 13 248 29 158 73 24 246 115 189 88
    223 40 250 58 18 212 238 63 189 36 55 117 120 90 17 61 190 60 215
    247 222 193 184 241 80 217 59 216 8 224 210 126 209 253 239 221 224
    210 52 255 210 177 101 124 215 87 15 68 135 231 79 186 117 157 12
    230 13 155 93 6 243 255 148 219 78 46 116 9 166 167 101 249 241 162
    124 216 185 198 125 224 21 137 161 10 205 219 10 240 3 207 221 41 40
    12 166 124 71 33 222 125 225 121 49 117 187 237 55 217 84 75 134 97
    225 187 115 184 92 109 33 245 229 156 72 70 206 191 141 226 15 38 86
    254 253 255 222 119 15 93 123 247 231 189 250 127 234 244 94 251 213
    118 103 31 191 241 55 127 223 247 63 83 59 116 105 210 37 52 255 194
    125 243 245 114 219 189 111 219 28 245 110 157 164 18 5 104 29 156
    73 24 246 113 191 89 84 32 251 241 5 147 151 65 6 11 175 134 197 1 2
    163 202 147 22 110 215 32 103 14 175 194 39 74 202 182 44 18 8 50 41
    82 37 85 187 82 120 195 84 112 72 56 47 201 28 225 110 153 172 24 5
    240 24 156 73 16 242 51 189 88 86 32 250 51 222 237 207 63 221 223
    57 191 215 31 218 157 62 124 220 189 247 120 187 150 119 210 103 121
