<?xml version="1.0"?>
<opencv_storage>
<ImageFile>"440.jpg"</ImageFile>
<Features type_id="opencv-matrix">
  <rows>204</rows>
  <cols>64</cols>
  <dt>u</dt>
  <data>
    179 221 77 222 39 31 93 11 183 196 61 202 63 251 116 127 245 246 36
    255 22 254 240 39 113 167 231 88 123 56 92 41 146 108 50 254 202 88
    210 249 114 219 60 109 144 86 245 110 145 170 18 13 120 25 183 77 57
    242 113 63 121 212 42 251 124 174 255 221 42 223 243 117 61 252 70
    149 221 116 187 230 184 217 227 107 244 117 210 243 89 106 132 246
    104 213 63 235 199 16 71 168 214 122 233 124 248 29 125 39 245 54
    247 111 159 172 137 15 242 29 157 89 22 242 51 189 91 87 40 250 216
    41 155 150 2 71 89 111 210 228 85 144 83 224 146 74 106 213 49 103
    14 173 230 147 159 203 182 13 67 136 52 104 199 37 36 186 82 124 193
    124 112 90 181 47 219 28 129 110 153 172 25 133 240 28 156 73 16 242
    51 249 88 86 32 251 3 6 196 55 253 160 138 16 40 251 0 75 136 73 32
    5 224 245 33 243 204 39 202 123 68 218 178 47 82 1 33 71 215 164 85
    186 82 120 233 118 112 76 56 47 209 16 245 123 153 172 24 5 240 29
    156 73 16 242 51 189 88 87 32 250 125 47 247 244 48 47 121 127 165
    196 199 53 95 255 184 78 234 221 99 103 247 45 208 115 95 234 166 29
    112 12 60 233 215 39 117 186 82 122 209 116 112 92 184 47 237 20 229
    110 153 172 24 5 240 29 156 73 16 242 115 189 88 87 33 250 30 139 76
    251 46 189 248 1 61 242 87 204 157 118 121 214 148 218 65 251 245
    114 210 115 121 18 164 255 124 243 189 226 151 88 199 166 251 91 248
    113 248 29 125 44 244 135 243 111 155 174 152 15 242 29 219 93 18
    243 59 189 123 251 104 250 61 189 255 252 54 255 253 127 245 252 220
    241 127 127 188 78 251 186 227 251 245 126 209 247 249 127 230 214
    109 213 253 235 207 122 103 180 255 120 249 125 124 159 255 167 244
    113 247 111 187 174 137 207 242 29 216 85 62 243 127 251 251 251 237
    222 124 117 125 190 119 127 127 123 245 94 222 181 125 127 252 247
    251 244 71 102 117 98 145 55 93 254 164 29 123 222 124 169 210 36 87
    190 82 114 209 116 218 222 24 47 212 23 229 78 153 172 24 5 248 29
    157 73 24 242 59 189 88 86 34 249 58 49 248 182 55 163 25 26 198 74
    209 114 175 74 160 87 254 215 39 209 225 38 193 119 132 154 240 79
    82 56 245 233 87 44 20 190 90 120 233 85 80 72 61 47 209 21 245 111
    153 174 24 5 240 28 156 73 16 178 51 189 88 87 32 250 56 173 239 220
    50 111 117 127 245 212 214 245 127 252 190 206 251 213 99 103 116
    127 241 247 95 127 148 156 105 214 94 233 206 44 99 190 214 120 217
    124 120 157 189 167 221 53 247 110 187 172 137 141 242 29 152 93 56
    242 115 249 123 215 44 218 44 254 247 233 62 127 161 255 253 252 238
    189 125 126 251 237 243 212 75 106 245 3 222 247 79 168 164 139 223
    92 59 251 245 36 87 186 82 114 233 244 218 94 24 30 212 182 193 109
    153 172 28 5 240 29 157 73 16 242 51 188 88 86 34 249 127 252 255
    190 63 255 253 111 255 254 222 253 127 190 255 254 251 244 115 99
    245 51 247 55 125 235 228 15 83 217 127 235 231 44 85 254 210 123
    233 252 218 223 60 46 213 23 245 111 153 172 26 13 240 29 157 73 16
    242 59 189 90 87 42 251 124 57 255 244 54 55 121 118 213 222 213 177
    95 208 147 74 250 221 251 111 247 61 196 179 143 235 166 221 88 68
    116 233 215 54 180 190 222 124 209 117 120 127 187 111 251 53 195
    110 155 172 57 215 240 29 156 77 68 242 115 219 123 119 161 251 204
    42 99 161 253 176 170 217 188 123 130 127 193 19 235 69 0 109 159 0
    233 7 30 88 6 220 25 167 156 79 35 214 109 129 223 35 117 183 45 54
    237 68 66 158 65 201 154 145 60 93 24 49 215 247 204 235 86 204 151
    132 206 87 48 52 196 42 163 161 221 178 171 217 188 123 130 111 195
    65 203 5 64 109 191 2 233 7 30 88 6 216 57 231 156 71 35 214 101 129
    223 33 117 183 45 38 237 68 66 158 73 201 154 145 60 93 24 49 215
    247 140 227 70 204 151 132 206 87 48 52 187 221 124 222 35 207 95 33
    255 69 61 250 191 126 116 126 247 179 116 183 151 127 243 103 249
    247 231 127 107 251 222 41 134 124 6 222 202 89 250 255 114 219 237
    235 181 126 245 47 151 166 147 79 248 9 154 223 57 247 120 59 251
    253 171 235 187 246 125 239 255 189 223 24 255 127 252 251 191 123
    244 93 246 247 127 243 245 127 187 127 229 254 247 127 127 123 253
    239 215 236 222 190 255 121 249 247 95 223 107 111 209 85 253 95 185
    255 24 13 252 149 159 77 56 246 247 191 250 223 46 255 124 63 255
    252 118 255 123 127 253 254 222 181 125 190 251 238 251 213 91 110
    253 179 198 183 93 236 172 157 91 94 126 169 213 36 85 187 86 114
    201 116 216 221 24 46 213 167 229 110 157 44 30 5 240 29 159 73 16
    242 59 189 89 6 34 242 29 186 191 229 252 241 251 244 120 191 194
    109 228 89 203 161 126 237 219 74 245 41 111 217 167 59 122 230 221
    71 227 247 125 227 223 53 119 183 237 55 249 84 90 30 67 227 219 115
    185 93 94 97 244 245 158 65 150 222 175 143 214 47 33 247 54 221 218
    223 63 157 220 11 63 251 53 248 159 122 52 95 189 151 48 187 135 127
    210 107 241 215 243 127 63 249 213 103 135 214 223 6 242 221 250 115
    112 255 229 105 183 20 245 107 215 250 184 79 246 5 252 255 25 211
    242 255 251 249 169 254 51 246 125 222 63 157 221 57 247 254 189 248
    189 123 60 93 247 246 98 187 245 114 209 247 241 167 229 123 63 121
    221 107 223 124 214 190 218 120 250 253 118 95 107 175 180 114 245
    111 178 190 152 15 242 29 223 93 56 243 246 191 251 223 44 219 122
    157 142 254 39 191 92 39 55 250 85 193 62 248 52 94 188 155 48 255
    246 127 209 115 91 219 242 94 122 241 244 235 215 58 48 48 255 76
    250 113 112 255 255 111 255 21 247 111 223 170 24 207 244 29 188 205
    27 247 119 255 123 119 137 251 56 190 255 237 62 253 189 253 253 252
    254 221 93 60 251 238 255 220 235 107 244 82 254 253 253 237 164 178
    125 215 127 255 237 232 255 60 247 251 249 125 127 93 255 62 246 167
    247 105 191 189 255 143 242 157 158 93 166 246 255 204 251 207 46
    254 127 189 255 254 63 175 125 127 247 116 213 191 255 254 190 94
    251 215 19 115 253 255 195 55 255 218 240 31 123 121 252 237 215 36
    53 254 214 123 209 117 80 223 221 46 221 21 229 111 157 164 27 5 248
    29 156 77 24 246 59 189 89 31 34 251 255 55 247 119 116 102 175 254
    198 221 241 243 239 139 146 95 251 229 111 111 59 143 247 255 142
    255 255 191 90 62 226 175 71 45 253 191 220 60 125 117 109 72 179
    191 207 121 189 127 186 180 89 139 240 190 156 69 232 190 83 219 254
    215 60 254 249 158 254 255 255 247 247 191 125 253 214 255 191 255
    187 205 255 255 249 191 253 95 223 255 235 127 251 246 252 87 247
    255 223 99 87 117 247 253 253 117 125 93 250 62 221 61 255 247 189
    252 24 141 245 255 156 203 118 254 247 191 218 95 52 254 58 178 124
    247 191 185 250 9 127 123 215 127 253 126 233 84 246 147 3 242 237
    123 219 126 245 138 226 255 126 245 253 231 215 236 95 182 255 251
    249 119 217 93 91 78 208 7 219 95 185 238 24 7 246 29 157 105 22 243
    183 189 250 95 162 255 205 157 174 117 102 55 250 246 49 191 212 195
    222 249 50 11 172 249 251 255 246 255 114 243 139 123 182 246 104 85
    246 227 223 59 32 101 223 44 252 121 88 60 187 47 251 113 247 239
    189 234 56 215 241 125 152 204 119 255 119 255 123 243 193 250 109
    55 247 241 252 183 171 254 244 255 226 49 239 251 147 71 218 237 235
    110 249 231 126 191 78 43 191 183 252 92 113 219 127 70 222 187 213
    52 53 117 252 68 58 158 195 225 211 223 56 189 28 1 240 189 159 93
    180 246 115 159 206 215 44 242 205 157 174 117 102 55 248 246 49 191
    212 195 222 249 50 11 172 249 251 255 246 255 114 243 203 123 182
    246 120 85 246 227 223 59 160 101 223 44 252 121 120 60 187 47 251
    113 247 239 189 234 56 215 241 125 152 204 119 255 119 255 123 243
    129 250 125 63 255 121 62 255 251 254 249 190 222 181 125 254 251
    246 251 252 219 106 253 251 207 191 221 236 230 157 111 223 127 254
    253 110 229 191 223 114 221 125 252 93 223 62 87 231 103 110 191 45
    207 207 242 61 157 93 236 246 107 255 251 142 110 246 121 158 254
