<?xml version="1.0"?>
<opencv_storage>
<ImageFile>"443.jpg"</ImageFile>
<Features type_id="opencv-matrix">
  <rows>297</rows>
  <cols>64</cols>
  <dt>u</dt>
  <data>
    63 254 117 239 255 189 171 217 253 125 234 127 253 127 253 245 242
    245 79 112 253 102 155 124 119 252 109 191 254 223 127 255 231 237
    95 159 242 243 185 254 255 94 90 158 212 227 248 21 168 189 148 41
    250 149 143 105 56 246 243 188 218 207 42 189 123 245 253 190 55 191
    127 63 247 198 253 184 125 58 62 95 246 246 67 253 179 113 211 183
    221 169 224 157 123 116 252 233 207 44 150 190 203 120 144 121 62
    219 125 45 246 53 199 78 159 174 153 15 98 29 223 85 56 179 123 251
    123 218 110 219 175 254 108 243 255 253 211 9 255 253 142 255 191
    127 252 125 243 183 63 115 255 127 219 125 117 254 115 63 126 251
    127 175 135 238 215 190 242 123 251 126 92 93 106 237 213 83 253 51
    189 190 152 45 244 149 220 125 56 246 247 191 218 223 190 218 190
    254 111 235 191 125 247 189 253 255 252 255 125 63 255 238 219 212
    251 59 125 209 239 188 125 253 121 179 255 219 127 255 253 236 213
    242 255 115 253 124 126 95 255 62 87 151 94 112 191 189 223 141 222
    159 207 125 254 244 239 220 223 223 110 223 191 252 255 255 190 253
    221 184 255 255 252 251 255 255 254 221 187 247 254 59 253 125 219
    253 255 255 247 243 127 123 255 239 151 248 255 118 255 253 251 127
    125 255 239 253 255 49 253 51 255 255 137 255 254 165 190 125 126
    247 254 239 251 253 237 254 58 220 252 254 63 255 125 63 61 122 220
    253 63 110 124 222 253 158 227 187 245 126 217 127 245 127 243 247
    127 247 255 239 207 248 255 52 247 252 248 125 120 221 255 111 247
    53 247 107 191 246 155 141 230 29 254 93 31 179 255 251 187 251 170
    198 58 221 254 252 55 127 252 47 61 250 222 253 63 252 126 254 253
    154 243 251 245 127 243 127 245 127 243 255 127 247 255 239 207 250
    119 244 247 127 248 125 122 221 255 111 223 23 247 111 255 238 155
    141 242 29 250 93 63 247 255 255 187 251 171 222 60 253 255 252 34
    127 249 103 253 220 222 189 125 246 255 254 255 186 251 239 245 121
    117 151 253 111 230 213 111 247 254 234 135 88 103 244 255 122 248
    124 250 221 247 231 245 247 183 110 191 174 239 207 242 29 56 93 127
    247 127 249 251 251 235 223 62 189 255 124 34 255 249 103 253 222
    222 189 125 244 255 254 255 186 243 251 245 123 87 183 253 111 230
    213 107 247 254 234 207 120 71 180 255 122 249 124 254 221 247 238
    245 247 183 110 191 174 143 207 242 29 88 93 62 247 95 249 187 251
    235 206 191 176 237 163 31 113 147 188 252 191 212 255 175 27 134 79
    203 244 51 121 224 83 238 124 45 251 120 35 127 91 99 239 221 236
    149 250 118 121 105 117 120 220 122 61 213 17 117 97 187 188 27 5
    240 189 220 77 48 176 167 189 216 215 36 222 44 166 109 137 250 159
    167 113 61 252 6 85 221 52 249 68 130 213 217 42 212 117 218 249 125
    112 12 54 108 221 29 207 199 192 87 58 214 250 237 62 244 93 106 166
    85 132 245 107 157 236 152 13 247 29 157 89 20 230 187 189 218 95 40
    254 13 14 231 169 216 108 163 212 172 124 202 13 65 109 187 229 203
    124 131 96 248 129 222 56 94 233 28 161 249 6 59 207 117 67 87 186
    16 242 109 60 61 20 24 150 69 130 253 240 25 44 92 52 209 31 156 9
    152 204 43 172 206 71 32 240 191 214 109 237 191 189 255 248 189 95
    249 251 237 121 252 85 240 253 79 120 116 114 146 124 109 254 183
    187 254 115 127 187 214 108 222 218 210 121 249 245 127 222 123 63
    212 147 252 29 136 189 16 5 234 149 159 109 24 246 51 159 222 223 44
    185 126 49 187 181 2 197 251 229 214 174 215 52 245 236 147 86 126
    155 82 210 187 183 199 143 156 184 246 205 66 245 247 250 71 60 5
    191 158 105 200 92 24 64 213 10 231 53 131 127 155 174 25 7 240 28
    28 81 88 115 59 249 57 7 32 230 13 14 231 169 216 228 163 213 173
    124 202 15 193 109 187 165 203 124 131 96 248 129 158 56 94 233 28
    161 249 6 59 207 117 67 95 186 16 242 109 60 45 84 26 134 69 146 127
    241 152 44 88 52 209 31 140 73 152 232 43 172 206 71 32 240 60 254
    127 236 55 127 253 255 189 220 254 253 61 62 253 252 251 220 221 107
    117 114 164 50 125 237 33 25 127 91 127 251 244 100 125 250 86 115
    153 244 211 223 91 62 212 151 212 108 141 189 94 5 248 29 143 77 144
    246 43 188 91 94 34 185 56 56 239 151 54 247 249 127 212 254 214 245
    127 168 179 70 250 213 99 99 244 55 199 247 29 250 180 135 90 221
    117 235 223 44 85 186 94 120 233 124 120 92 55 46 209 52 209 111 155
    172 24 5 240 29 156 73 16 242 51 189 90 23 32 250 185 215 116 100
    191 61 253 80 55 92 238 103 172 125 100 117 246 254 135 242 117 106
    145 118 240 62 97 218 252 86 253 241 254 104 88 180 247 114 216 253
    223 95 26 151 240 115 246 79 169 191 24 13 248 29 139 73 62 211 119
    175 114 255 174 153 57 215 124 124 39 61 125 83 165 86 237 198 252
    125 108 117 244 251 71 242 247 126 17 247 213 62 231 216 120 118 252
    241 218 124 194 174 219 122 216 249 222 31 24 207 240 115 230 79 137
    175 16 79 250 29 219 73 57 243 115 191 122 242 175 153 58 177 219
    246 50 71 217 163 82 222 87 215 253 38 147 82 126 215 32 107 167 60
    193 215 189 158 246 217 70 251 247 251 87 52 61 254 255 120 248 125
    113 220 181 110 231 4 241 111 155 174 25 71 248 29 188 77 20 243 123
    249 121 31 32 250 20 51 179 213 184 193 251 104 138 173 195 53 209
    64 153 82 122 221 130 66 206 45 202 219 140 154 166 111 64 139 113
    110 71 55 117 190 16 250 235 86 177 84 193 70 233 4 169 63 153 172
    24 101 240 28 156 65 0 114 51 187 88 7 33 246 171 213 109 158 63 29
    95 25 231 103 61 202 189 105 116 119 242 245 70 97 22 242 176 102 93
    247 167 59 251 59 125 121 210 108 214 218 194 120 243 255 86 218 60
    173 208 86 244 79 145 173 16 13 104 29 159 93 24 242 113 188 92 214
    42 185 163 214 109 138 38 157 29 25 167 103 41 202 157 43 116 111
    198 246 100 97 152 242 144 108 89 183 165 58 51 26 93 121 242 36 214
    186 194 120 160 251 118 90 40 173 146 86 244 77 145 173 16 5 104 29
    159 93 24 242 51 188 88 214 42 185 147 50 80 39 253 32 170 152 114
    57 130 119 164 79 131 81 102 246 129 16 193 34 139 124 132 152 112
    107 222 43 227 103 31 164 93 182 49 176 41 119 101 68 74 10 228 1
    254 77 152 246 24 5 244 6 156 73 18 50 183 133 156 7 36 92 179 22 80
    38 189 32 186 152 114 56 130 103 172 79 131 17 102 231 129 144 225
    34 9 124 128 152 240 91 222 43 227 103 95 228 93 180 119 152 169 117
    101 68 26 10 228 65 246 77 184 246 24 5 244 6 156 73 22 51 183 149
    152 7 36 88 58 177 219 246 50 69 217 163 83 222 87 215 125 34 147 82
    126 210 32 235 167 60 197 215 189 154 246 217 70 251 247 251 87 52
    61 246 255 120 248 125 113 220 181 110 179 20 241 111 155 174 27 71
    248 29 188 77 20 243 123 249 121 31 32 250 244 49 247 213 54 71 89
    255 198 229 241 182 223 233 146 110 187 213 126 111 62 175 246 167
    158 255 183 63 80 158 118 187 67 47 39 191 202 60 123 95 120 104 177
    175 175 56 189 174 25 172 145 219 240 26 148 87 72 246 113 219 124
    85 41 250 26 146 24 229 191 177 154 56 30 177 215 120 172 80 1 81
    116 223 9 219 201 53 203 121 164 26 224 255 118 101 165 190 191 244
    152 26 127 249 168 87 209 93 107 12 209 133 219 19 154 223 25 39 244
    181 217 105 18 243 183 159 80 27 36 223 173 230 109 168 18 125 39
    253 233 198 237 184 93 57 255 230 195 252 67 104 57 208 116 180 93
    173 141 185 235 156 59 137 240 4 71 186 74 112 129 252 62 95 56 191
    84 183 102 108 155 173 6 12 82 29 135 93 56 224 1 188 89 214 106 249
    236 238 239 217 90 127 231 255 189 254 234 191 91 236 255 239 139
    124 251 46 125 211 254 190 95 109 30 130 249 223 59 223 233 3 215
    233 214 246 245 188 254 119 118 190 86 247 67 240 63 44 254 156 211
    127 141 28 222 236 111 190 207 222 43 245 253 253 255 125 125 247
    127 254 253 255 209 251 239 203 134 95 187 253 251 111 255 175 238
    63 79 255 247 183 91 111 119 239 223 167 181 255 246 253 253 119 120
    108 251 255 255 57 255 123 253 174 56 247 241 188 156 77 208 254 247
