<?xml version="1.0"?>
<opencv_storage>
<ImageFile>"444.jpg"</ImageFile>
<Features type_id="opencv-matrix">
  <rows>227</rows>
  <cols>64</cols>
  <dt>u</dt>
  <data>
    255 252 125 255 255 255 223 89 255 127 253 251 191 127 244 125 243
    247 63 115 253 119 187 124 238 255 251 63 255 91 127 239 215 109 92
    191 210 113 249 247 86 222 122 47 209 28 253 127 157 172 24 5 248
    189 158 73 24 246 51 189 216 95 34 249 251 214 125 175 255 191 159
    24 255 127 189 255 189 127 116 117 246 247 29 241 252 115 155 124
    228 254 249 127 254 123 255 239 215 236 222 191 218 123 233 247 86
    94 90 15 209 23 245 95 157 172 24 5 240 61 156 73 24 246 51 189 218
    87 34 249 59 212 125 238 63 189 93 25 247 124 221 245 45 125 116 85
    247 246 71 112 244 122 152 126 236 190 98 91 126 115 253 237 151 236
    158 158 230 122 249 247 95 223 223 239 212 17 245 79 144 183 153 12
    234 21 159 93 56 178 255 191 251 223 46 252 253 253 255 255 247 255
    115 255 253 85 215 189 255 255 253 222 251 213 127 102 125 133 183
    55 223 255 248 189 251 94 126 185 242 37 85 187 82 115 197 116 210
    95 24 14 209 31 193 78 157 172 26 5 240 61 157 73 80 254 51 189 88
    86 34 249 125 127 255 253 246 191 127 127 253 125 255 185 255 250
    253 254 242 213 127 102 127 189 183 183 223 234 174 157 251 92 124
    185 242 39 84 191 82 118 213 252 218 95 24 14 217 31 193 78 157 172
    24 5 240 61 157 73 80 254 51 189 88 86 50 249 254 254 255 255 254
    191 31 89 255 127 245 122 255 251 252 93 242 213 63 102 253 197 147
    117 222 222 173 63 210 28 121 187 211 45 86 191 90 123 229 244 210
    94 24 15 209 30 197 79 157 172 24 5 240 61 157 73 80 246 51 189 88
    86 50 249 120 51 245 50 86 39 35 122 198 6 211 54 237 72 145 82 246
    213 107 102 224 39 193 247 140 250 236 141 82 12 112 232 214 45 69
    191 90 56 205 116 120 92 48 15 213 125 181 111 153 172 24 5 240 29
    156 73 16 242 51 189 88 87 32 250 123 17 183 48 94 39 35 126 192 4
    212 69 111 201 18 17 238 245 51 102 224 39 194 247 142 234 188 140
    82 4 112 233 215 45 69 190 90 56 109 124 120 84 24 15 213 121 181
    111 153 172 24 5 240 29 156 65 16 242 51 189 88 87 32 250 122 19 183
    176 206 167 35 127 196 110 210 3 239 200 19 22 246 213 123 102 248
    39 194 247 142 234 172 140 82 144 112 233 71 45 87 191 90 120 229 68
    120 84 16 15 193 60 225 79 153 172 24 1 240 29 156 73 80 242 51 189
    88 87 32 250 126 190 255 249 254 255 51 127 253 253 214 189 255 247
    191 222 250 213 123 102 253 69 215 183 223 202 172 159 123 92 120
    235 215 37 85 191 90 114 229 116 218 95 24 14 209 30 193 79 157 172
    24 5 240 61 157 73 80 246 51 189 88 87 34 251 186 253 255 255 62 189
    253 59 255 255 253 251 255 114 244 94 246 223 126 251 247 125 195
    255 253 126 231 255 111 245 253 239 223 252 180 118 255 251 250 247
    218 223 255 111 243 55 247 111 191 239 137 207 252 29 255 93 119 247
    247 255 251 255 239 255 124 61 255 255 255 191 115 127 253 253 198
    189 255 255 187 207 250 213 123 102 253 45 199 55 79 234 186 175 122
    76 56 171 223 39 85 187 82 126 245 116 248 95 56 46 221 29 193 239
    157 172 24 5 241 61 157 73 80 254 51 189 88 87 34 251 125 255 255
    253 242 255 255 127 253 253 214 189 255 254 253 222 251 213 123 102
    255 45 215 55 95 234 174 189 123 92 124 187 247 39 85 187 82 119 213
    116 250 95 24 46 221 159 195 206 157 172 24 5 241 61 157 73 80 254
    51 189 88 86 50 251 255 254 255 255 255 191 31 89 255 119 215 122
    255 250 252 93 242 213 63 102 253 117 147 117 206 218 249 63 250 92
    125 171 211 37 84 191 82 123 229 116 208 95 24 15 209 30 229 79 157
    172 24 5 240 61 159 73 80 246 51 189 88 87 50 249 125 253 255 253
    119 191 115 123 253 252 214 189 255 251 253 206 242 213 123 103 253
    173 193 55 79 250 168 141 123 76 120 251 242 39 84 187 82 122 197
    116 218 95 56 14 209 31 195 111 157 172 24 5 240 61 157 73 80 254 59
    189 88 86 34 251 123 49 245 178 87 163 163 126 198 196 211 52 237 72
    147 118 242 213 67 118 241 39 195 119 140 232 232 141 82 28 113 233
    95 37 85 191 82 120 205 92 120 84 24 14 193 25 225 111 153 172 24 5
    240 29 156 65 16 242 51 189 88 87 32 250 63 49 125 118 63 33 121 126
    214 60 212 49 125 123 128 86 242 182 195 82 245 42 193 247 148 170
    230 155 122 249 229 239 159 46 4 182 255 56 241 125 120 221 219 79
    224 113 131 79 187 174 137 79 240 28 220 65 54 242 255 155 186 151
    165 95 121 18 117 162 87 191 35 120 228 68 214 16 125 57 176 69 254
    245 67 100 240 115 209 247 28 184 236 140 122 144 113 233 222 44 199
    190 66 120 1 92 252 85 16 143 193 97 228 79 152 172 153 8 242 29 156
    81 56 242 51 189 88 151 44 250 48 50 101 130 28 180 33 125 228 94
    208 49 109 25 144 5 114 228 67 112 240 98 145 244 156 168 100 137
    126 156 97 201 76 108 150 190 222 48 1 92 124 66 18 143 64 225 128
    76 56 60 152 8 96 24 158 81 36 178 23 156 74 214 44 121 121 21 183
    48 79 231 35 127 212 100 212 5 103 200 18 21 254 213 123 102 240 39
    194 119 78 234 236 140 82 20 112 233 207 45 85 191 82 40 237 116 120
    92 16 143 209 57 181 111 153 172 24 5 240 61 156 65 16 242 51 189 88
    87 32 250 121 17 183 52 79 163 35 126 196 4 214 5 111 201 18 1 254
    245 123 118 224 47 194 247 142 234 252 140 82 4 112 232 223 47 65
    191 90 40 77 76 120 80 24 15 193 121 177 79 153 172 24 5 240 60 156
    65 112 242 51 189 88 87 32 250 123 17 183 52 71 167 35 126 196 132
    213 1 111 201 18 30 254 245 123 119 242 47 194 247 142 250 252 140
    82 20 112 233 223 45 1 191 90 40 76 108 120 88 48 47 201 121 181 111
    157 172 24 1 240 60 156 65 120 182 51 185 88 215 32 250 123 17 125
    184 23 35 59 126 212 6 213 52 125 8 165 83 126 245 67 116 224 51 192
    118 12 184 232 13 82 0 117 233 94 36 149 190 2 120 1 93 56 201 29 11
    85 17 229 78 155 172 25 4 96 28 156 65 56 178 59 185 24 151 36 243
    35 18 68 35 223 176 131 24 102 59 146 103 172 27 32 21 102 247 1 208
    225 66 139 124 68 184 104 47 222 0 225 103 93 172 223 52 115 56 41
    102 76 68 26 15 64 65 242 69 184 124 24 4 244 157 220 65 50 242 183
    148 216 215 36 88 119 54 116 131 255 150 139 73 230 127 178 115 237
    123 177 85 246 247 3 240 193 39 147 116 204 216 253 111 210 30 241
    123 215 44 85 190 82 120 233 116 112 92 56 15 209 20 240 79 153 172
    24 5 240 29 156 73 16 242 51 189 88 87 32 248 0 1 1 16 0 3 32 106
    128 2 81 0 16 0 0 2 108 8 65 64 192 32 192 195 8 24 160 136 64 128
    32 72 78 36 0 186 1 40 0 72 56 64 20 11 192 53 167 78 25 172 24 5
    112 24 28 65 8 178 51 185 8 23 32 234 253 253 247 253 115 231 125
    255 253 253 253 251 255 235 182 94 187 189 255 127 191 175 247 191
    255 111 243 255 121 245 246 239 207 243 52 255 183 253 247 255 127
    239 255 255 255 57 255 255 253 230 122 255 225 254 188 205 255 255
    247 251 191 117 145 254 122 51 245 182 86 167 171 124 198 196 211 54
    253 8 147 82 246 213 67 102 224 37 195 119 140 232 232 141 82 140
    112 169 87 36 85 190 90 120 201 92 112 80 48 14 193 28 225 111 153
    172 24 5 240 29 156 65 0 242 51 189 88 87 32 250 253 255 255 253 254
    255 255 255 253 255 254 191 255 254 251 239 251 253 123 111 127 223
    222 191 223 255 191 191 255 223 126 191 247 103 119 255 214 127 253
    124 124 93 250 62 223 175 253 183 157 173 28 149 243 191 157 77 80
    252 123 191 223 95 33 250 2 131 0 24 0 2 128 35 2 8 48 69 0 65 1 32
    100 10 65 146 196 38 0 195 16 10 132 68 0 128 128 64 238 56 67 32 91
    8 200 224 210 28 16 142 208 112 179 78 153 136 24 1 240 29 152 65 19
    242 51 181 80 87 2 233 255 254 254 245 255 247 255 249 254 255 255
    127 255 255 243 125 251 213 127 103 253 199 191 125 110 255 191 63
    222 95 119 191 215 37 85 251 82 125 253 118 112 92 120 63 221 12 253
    181 157 173 24 5 240 63 156 73 16 244 49 189 92 87 32 250 255 255
    255 253 254 191 127 251 255 127 245 187 255 251 254 94 250 213 63
    102 127 255 147 55 222 223 255 191 251 93 126 171 211 39 84 255 82
    125 245 116 250 222 184 31 221 29 205 159 157 172 24 133 241 125 159
