<?xml version="1.0"?>
<opencv_storage>
<ImageFile>"445.jpg"</ImageFile>
<Features type_id="opencv-matrix">
  <rows>277</rows>
  <cols>64</cols>
  <dt>u</dt>
  <data>
    253 186 255 229 60 119 249 254 212 255 244 245 103 155 147 239 123
    221 251 107 245 7 239 191 175 235 189 167 95 95 115 255 237 37 181
    255 214 252 233 117 120 92 115 190 255 33 115 235 187 188 126 145
    240 61 156 69 212 242 55 221 219 87 36 254 2 5 9 138 2 12 12 3 39 70
    9 128 25 164 60 6 141 84 0 96 0 144 208 35 92 148 129 8 18 184 28 73
    192 36 81 186 66 104 128 64 32 88 60 41 148 20 228 108 145 168 16 5
    34 25 148 9 16 114 51 188 88 86 32 250 188 254 111 233 191 125 187
    253 253 255 254 255 125 63 251 228 243 252 207 122 245 242 191 252
    253 109 245 179 255 223 127 255 237 108 87 254 223 115 233 252 254
    93 122 190 212 183 210 109 185 173 158 13 248 29 157 93 20 242 63
    188 94 95 42 249 254 60 238 165 63 255 190 253 125 249 222 247 255
    62 187 198 251 157 227 243 253 145 247 244 93 125 248 183 122 215
    255 239 205 44 87 186 255 122 233 116 120 93 126 47 213 21 247 109
    189 172 24 13 242 29 156 73 22 242 55 189 91 87 40 250 124 56 254
    255 127 127 255 247 253 254 222 191 191 254 187 222 251 223 123 230
    253 215 215 119 223 127 252 255 122 215 255 235 207 45 87 255 215
    121 249 124 120 93 119 47 213 181 247 111 159 172 153 13 242 29 156
    89 80 246 123 189 91 95 40 250 126 60 238 175 127 255 190 253 125
    248 222 191 253 190 187 222 251 153 115 243 253 149 215 116 93 125
    248 191 122 223 255 239 207 36 87 186 255 122 233 116 120 93 126 46
    213 21 247 109 157 172 24 13 242 29 156 73 18 242 63 189 91 87 40
    250 56 143 239 221 35 253 253 255 189 253 254 217 95 248 123 238 251
    220 99 107 244 127 246 243 121 127 183 178 125 215 63 251 255 36 119
    186 214 123 249 124 248 93 121 62 213 183 211 111 153 172 30 13 240
    29 157 77 16 242 123 189 91 95 32 250 179 213 124 222 183 156 95 9
    239 71 61 234 191 123 116 93 244 247 36 181 23 118 17 102 244 215
    243 121 182 186 220 49 146 124 158 222 202 89 250 253 102 219 61 233
    176 92 244 31 129 183 16 15 106 1 255 127 56 243 112 63 121 249 168
    187 179 213 124 222 183 157 95 9 239 71 61 234 191 123 116 93 244
    247 36 191 23 118 17 102 245 215 247 121 62 186 220 49 146 124 222
    142 202 89 250 249 102 219 45 233 181 92 245 31 147 191 144 79 42
    129 255 127 57 247 112 63 115 249 236 155 54 37 120 154 3 140 22 13
    103 98 21 176 61 46 188 86 242 146 0 96 129 112 211 99 92 128 224 13
    34 184 157 105 135 36 23 186 130 88 129 92 32 219 28 41 212 20 229
    79 145 164 24 12 32 25 159 73 24 242 59 184 88 86 42 251 249 223 255
    223 62 95 217 255 255 253 126 217 63 250 255 254 247 214 124 43 220
    255 245 191 251 239 167 58 255 219 95 127 243 103 117 254 214 119
    251 252 242 95 233 62 220 182 209 111 141 173 95 141 248 31 159 77
    16 246 123 189 91 92 34 253 192 9 138 213 64 66 90 134 2 225 37 138
    146 224 3 10 13 1 56 7 14 141 238 11 11 67 154 102 1 9 18 71 215 19
    49 97 16 205 118 98 112 40 168 99 191 28 113 171 85 200 58 245 149
    122 48 202 81 125 48 123 68 113 145 234 28 51 251 244 54 177 249 126
    196 170 211 52 225 130 177 115 114 221 67 91 163 55 195 223 140 170
    230 205 82 204 244 234 127 44 159 190 94 62 201 85 152 65 215 14 226
    229 163 111 186 190 153 195 242 156 92 81 4 50 31 219 41 158 228 118
    192 9 138 213 64 66 90 166 2 227 37 138 18 192 3 10 13 65 56 7 14
    141 230 3 11 67 154 38 1 1 18 67 215 19 49 97 16 205 102 98 112 40
    168 103 191 28 113 171 85 136 58 245 149 122 148 202 81 124 49 61 68
    117 17 234 219 222 28 235 239 188 191 16 63 127 122 203 142 121 108
    189 245 255 61 248 236 119 154 120 231 223 105 254 254 83 241 247
    247 233 218 37 127 249 172 227 127 94 106 61 213 159 254 17 157 217
    24 37 252 229 143 233 83 214 183 188 210 95 16 188 187 253 255 255
    63 253 221 251 255 221 253 251 191 254 246 253 251 247 127 107 246
    127 242 119 127 255 247 63 127 123 126 235 215 100 28 254 210 125
    249 245 115 223 253 63 221 22 245 111 157 173 30 5 248 29 159 77 24
    246 123 191 89 31 34 251 253 253 255 253 118 255 255 247 253 221 252
    219 223 253 254 255 255 255 255 111 245 95 247 127 255 255 255 255
    127 119 254 239 215 111 191 255 247 127 253 253 127 223 255 127 255
    183 255 255 237 181 223 221 248 191 159 93 254 254 123 255 255 207
    63 255 35 212 8 138 143 140 134 9 39 67 45 202 188 40 36 29 101 51
    36 144 128 82 153 104 112 213 105 58 51 59 221 97 133 228 90 16 226
    72 42 106 39 219 108 233 148 28 244 13 209 194 16 12 38 1 240 235 25
    51 176 52 16 89 26 75 247 62 243 117 221 132 139 201 174 111 130 127
    167 203 147 93 242 213 63 102 206 143 158 124 14 218 62 47 210 9 115
    62 119 167 92 255 82 181 109 214 209 64 72 158 201 12 201 145 141 44
    24 37 241 254 156 235 80 252 177 29 220 87 48 181 60 172 255 249 42
    223 244 103 125 240 222 253 127 246 191 254 251 153 249 107 245 125
    223 243 255 207 208 255 111 221 223 239 151 230 71 186 255 219 249
    126 112 157 253 103 213 149 247 235 159 236 143 207 246 29 152 93 54
    246 255 253 219 127 235 222 35 22 100 32 157 176 129 88 228 26 210
    39 236 73 1 21 100 236 3 208 225 34 25 116 4 184 100 137 210 20 225
    194 93 44 215 190 90 48 41 68 108 68 26 142 64 97 178 77 184 44 24 0
    240 29 220 65 16 178 23 180 24 87 32 120 118 237 249 222 34 15 93 11
    231 68 61 176 63 234 180 94 246 147 100 103 22 63 208 103 223 215
    231 93 35 184 220 41 130 46 102 158 130 120 211 92 50 219 181 105
    189 28 245 110 213 164 145 79 50 25 180 91 57 242 112 185 121 84 169
    251 114 237 253 222 34 15 93 35 231 68 61 144 63 250 244 94 255 211
    116 103 22 127 209 103 223 215 167 29 35 186 92 41 130 46 71 158 202
    88 219 124 50 251 181 105 149 28 245 110 151 172 145 77 50 25 148 91
    57 242 112 187 121 125 169 251 195 206 130 87 239 218 218 128 30 185
    54 207 170 218 98 189 45 147 60 159 206 15 235 121 99 95 59 38 158
    115 131 118 215 251 121 113 127 205 254 35 113 124 234 127 153 28
    253 179 237 219 24 245 213 231 152 235 83 221 246 55 214 125 145 254
    126 49 243 182 95 103 123 127 214 228 215 53 119 206 147 86 123 214
    114 87 243 171 231 39 158 235 244 223 82 249 246 239 7 45 53 190 183
    112 201 93 88 73 215 234 237 17 161 110 223 166 219 139 240 62 20 81
    104 179 123 251 187 7 52 238 195 142 130 87 239 218 218 128 30 185
    18 207 170 217 66 61 109 211 60 147 206 47 235 121 99 95 59 38 158
    115 163 119 215 171 89 113 127 205 254 34 113 124 234 127 217 28 253
    179 253 216 24 229 245 231 156 235 87 255 246 63 214 117 144 254 61
    190 255 77 254 245 183 253 253 253 222 95 221 61 251 229 255 253 235
    42 240 87 222 252 249 125 60 246 124 215 127 255 253 104 207 52 254
    251 233 125 125 93 106 190 213 227 222 97 184 253 141 13 242 157 158
    93 54 246 183 140 250 223 44 254 30 242 76 47 190 185 190 176 121
    187 90 239 236 55 105 241 229 218 5 248 237 96 11 252 193 28 245 250
    92 7 187 246 253 44 85 190 91 122 169 118 248 92 120 62 212 231 246
    125 153 237 24 5 240 29 159 73 18 242 51 188 88 87 34 250 19 49 25 2
    17 0 0 10 194 0 133 48 96 2 128 82 114 2 3 80 65 32 65 198 128 128
    192 137 2 136 192 104 154 12 4 190 9 8 1 92 40 65 20 1 192 113 160
    78 27 172 137 0 112 24 88 65 48 50 19 184 8 22 100 74 62 244 125 190
    62 61 61 89 247 126 253 181 125 46 252 119 242 246 67 112 245 114
    153 126 221 188 229 155 122 251 253 239 195 172 199 190 254 250 161
    127 254 223 87 173 212 247 228 111 187 174 152 11 226 29 159 93 60
    242 255 188 251 222 106 245 57 214 124 239 254 189 191 241 125 127
    126 91 189 61 121 213 247 255 77 232 249 112 155 252 249 124 249 186
    254 87 255 255 245 100 95 186 83 123 169 118 252 93 90 63 212 135
    222 85 153 173 28 5 250 29 159 77 16 246 51 156 218 95 32 184 104 6
    101 128 87 7 7 93 228 70 138 4 125 45 185 69 226 117 67 100 112 195
    144 52 92 168 44 12 178 152 57 201 112 36 86 186 64 114 5 204 148 80
