<?xml version="1.0"?>
<opencv_storage>
<ImageFile>"446.jpg"</ImageFile>
<Features type_id="opencv-matrix">
  <rows>331</rows>
  <cols>64</cols>
  <dt>u</dt>
  <data>
    250 223 254 223 255 255 223 179 191 253 127 223 191 252 124 253 247
    247 124 111 254 127 211 119 251 255 247 126 127 243 254 255 215 125
    87 253 214 123 250 253 246 223 255 127 253 182 245 111 157 175 156
    15 250 29 159 93 57 247 115 191 123 127 171 251 45 205 252 218 58
    223 247 119 61 254 12 157 157 126 255 205 219 245 227 34 245 119 211
    247 121 117 181 52 125 223 127 235 207 70 215 186 210 120 249 124
    116 93 126 175 85 180 245 111 157 172 152 13 178 29 156 93 56 230
    123 189 219 223 40 242 237 223 255 248 119 63 127 250 189 127 236
    250 223 249 246 239 131 253 255 111 116 247 240 242 79 239 179 182
    253 86 126 233 223 66 214 234 214 120 249 241 126 255 250 55 245 183
    247 111 158 189 28 13 242 61 223 93 56 254 119 159 91 222 173 250
    237 255 237 248 127 63 127 251 189 127 236 250 223 249 254 237 131
    253 255 107 116 247 240 242 111 255 147 179 253 87 127 235 223 66
    214 234 215 120 249 245 126 255 250 63 213 183 247 111 158 189 28 13
    250 61 223 93 56 246 119 191 219 223 45 251 108 239 247 253 48 103
    173 231 233 222 232 185 85 227 255 234 251 200 235 110 55 77 86 147
    223 105 166 221 73 204 56 218 231 7 103 191 145 246 245 124 174 126
    184 166 126 247 83 238 152 172 108 251 242 29 21 93 140 238 75 165
    91 102 107 115 62 237 255 172 34 223 245 103 239 196 223 220 95 188
    254 254 155 241 122 109 183 85 247 117 255 245 157 189 111 254 94
    169 149 68 99 154 194 127 249 126 52 157 253 37 191 28 117 174 223
    168 175 159 242 21 178 92 120 254 123 233 123 221 94 250 125 255 229
    252 55 191 103 122 253 221 252 187 255 191 252 78 251 221 127 109 63
    253 192 115 77 255 179 189 123 94 124 169 210 103 117 187 70 124 245
    116 124 255 190 47 95 149 127 230 140 165 57 140 234 61 143 12 104
    246 115 255 91 79 36 250 63 246 124 138 63 253 151 121 255 116 188
    249 189 63 252 85 251 247 99 112 245 115 219 117 253 253 125 63 126
    219 253 235 199 108 87 190 210 120 233 124 116 221 120 175 213 180
    244 111 153 172 152 13 240 29 158 77 56 242 51 189 218 223 44 250
    250 185 218 222 99 75 90 175 95 192 255 182 63 246 255 254 255 147
    120 159 7 189 229 35 253 195 242 93 67 251 222 104 167 55 101 255
    254 95 218 245 210 221 245 104 191 30 229 110 223 174 219 207 186 31
    245 223 81 247 121 123 57 60 179 219 237 255 125 120 55 63 101 91
    237 85 237 250 239 251 236 79 219 253 111 109 63 246 17 246 85 127
    213 185 251 30 122 177 154 78 215 254 194 120 253 125 126 223 56 183
    213 121 118 239 152 173 128 12 250 61 203 29 56 244 113 191 219 211
    237 218 143 150 78 101 253 176 187 216 56 187 194 111 170 89 131 1
    168 237 47 211 237 39 195 124 69 222 185 183 94 7 35 119 223 44 93
    186 115 56 233 117 120 92 58 47 209 81 243 123 153 174 24 5 240 29
    156 73 16 242 55 189 88 87 32 250 252 217 222 223 51 95 220 183 63
    213 125 189 30 190 255 254 191 210 124 239 31 249 229 51 121 79 243
    125 127 251 222 57 240 119 53 251 215 87 218 245 210 255 253 126 191
    158 77 174 207 171 119 213 248 127 183 206 209 255 105 127 93 60 147
    187 229 61 255 48 17 102 97 94 240 189 196 245 103 139 130 111 235
    237 167 111 53 143 118 183 69 251 182 143 82 14 98 233 223 6 53 190
    16 60 77 124 88 84 58 167 219 113 39 238 153 172 56 17 240 28 156 69
    48 186 51 191 88 215 37 250 13 38 111 33 152 181 171 248 152 191 194
    127 192 41 139 64 202 205 139 107 249 37 206 248 45 184 60 167 92 71
    51 223 127 0 93 187 86 187 237 54 248 84 122 46 211 33 91 115 185
    172 24 37 240 29 156 72 20 242 51 189 202 23 32 254 124 55 245 253
    250 239 111 109 239 100 203 53 253 110 187 212 255 179 67 98 255 43
    83 247 221 254 246 223 98 156 255 239 199 47 71 190 218 114 249 126
    60 93 84 174 213 125 231 111 157 172 152 13 242 29 156 73 24 242 115
    189 90 71 40 250 133 190 150 85 169 192 152 150 50 185 160 233 206
    115 2 57 109 170 164 147 197 45 111 219 194 95 241 250 109 39 227
    118 223 184 65 52 123 152 248 103 125 28 42 175 253 113 191 111 185
    238 8 67 244 28 152 73 23 211 151 181 248 115 160 74 159 246 93 103
    255 176 223 152 250 63 208 127 238 79 128 81 98 231 159 147 233 103
    43 252 166 254 127 255 222 75 227 127 95 237 156 119 127 185 109 247
    89 76 74 63 209 97 188 49 172 255 24 37 236 162 204 227 118 182 182
    159 252 159 180 190 195 7 130 54 73 130 2 14 34 33 161 99 162 195 2
    27 108 43 36 147 195 47 123 67 6 219 209 111 2 36 131 70 159 187 64
    52 57 8 110 98 96 40 40 225 217 89 183 111 88 238 8 1 244 88 88 195
    19 179 151 181 24 115 148 74 62 255 255 254 55 253 221 123 239 199
    253 250 255 254 188 95 251 247 98 127 183 119 211 247 221 247 247
    191 123 254 254 169 207 76 199 158 218 120 251 125 124 95 245 237
    247 117 245 111 159 174 152 79 242 29 252 93 56 247 115 255 251 223
    236 250 3 204 142 223 175 149 220 1 63 251 45 202 158 121 36 29 157
    187 224 179 212 119 83 107 113 119 209 118 61 241 221 99 159 216 194
    36 251 201 250 41 118 63 111 237 181 116 215 107 179 202 136 15 182
    65 216 223 63 215 246 181 179 249 204 75 203 158 134 119 237 96 240
    150 60 253 108 203 142 249 3 45 237 255 45 243 236 143 239 123 67
    127 177 98 220 7 227 119 223 35 113 112 83 124 233 118 113 92 58 63
    221 17 255 235 153 236 24 5 244 30 156 73 18 242 179 189 216 87 0
    250 159 150 68 103 191 241 241 48 60 189 118 109 174 91 32 117 125
    254 237 187 245 46 251 127 32 127 117 118 124 115 247 247 159 248
    179 52 247 217 248 127 125 29 107 63 205 97 255 107 168 247 221 13
    244 164 154 65 51 147 247 159 242 191 164 222 248 223 254 223 110
    255 254 183 31 253 127 159 159 254 123 238 255 223 121 111 222 253
    238 59 123 111 186 126 125 211 63 255 231 103 117 113 215 255 254
    119 242 125 245 126 223 142 217 255 159 169 223 157 255 127 157 223
    65 254 123 251 95 63 27 254 150 53 152 22 49 2 88 175 134 163 177
    242 34 202 130 22 120 130 38 211 199 166 225 86 208 27 243 107 66
    156 225 98 207 44 68 190 82 56 161 252 248 94 49 143 208 113 147 79
    153 174 24 1 112 29 221 65 16 243 51 189 56 87 32 251 126 169 251
    255 98 207 242 231 95 224 95 180 55 246 251 254 255 147 248 15 151
    61 199 67 223 199 242 79 66 251 158 234 135 135 103 178 183 218 255
    118 240 61 229 96 189 30 245 111 223 172 169 223 182 29 56 219 65
    251 123 249 91 125 249 206 61 59 247 117 56 103 241 254 208 188 214
    55 97 95 155 96 170 205 195 106 245 47 196 247 15 58 150 145 124 78
    115 223 95 39 117 186 84 186 217 93 221 117 155 22 109 161 171 111
    168 44 73 199 240 30 156 65 100 226 123 235 234 7 37 246 92 42 247
    245 248 247 235 244 216 188 210 53 197 119 155 64 250 205 219 106
    253 45 206 223 175 120 62 167 76 207 51 238 95 99 109 191 117 191
    253 124 253 100 211 6 111 161 171 243 191 108 125 243 241 252 156 73
    70 238 31 203 202 7 33 246 191 222 111 239 255 191 223 152 189 95
    252 251 175 123 228 221 179 247 190 63 244 127 186 124 103 255 123
    55 255 123 127 191 159 235 222 85 247 253 255 191 127 255 235 253
    221 91 253 179 238 215 156 189 207 231 239 191 124 156 246 47 247
    221 191 159 126 184 249 187 158 221 91 237 223 226 223 188 117 6 255
    254 219 150 115 80 157 241 239 140 253 197 240 171 195 255 255 234
    133 140 199 254 254 243 233 118 56 221 229 105 85 151 181 60 159 238
    143 79 178 21 116 121 196 178 233 249 187 219 122 246 93 42 247 117
    248 243 170 240 216 191 194 55 192 97 139 66 170 201 251 106 237 45
    74 221 141 120 190 167 76 71 35 222 95 19 77 191 61 188 237 116 124
    100 251 46 103 161 187 115 186 236 56 243 241 125 28 73 70 238 151
    229 232 71 97 118 255 223 255 253 254 253 253 211 63 255 125 203 207
    249 124 253 245 253 124 107 126 236 188 123 239 255 55 250 253 119
    126 191 242 243 254 89 242 255 254 183 215 254 235 127 251 158 253
