<?xml version="1.0"?>
<opencv_storage>
<ImageFile>"447.jpg"</ImageFile>
<Features type_id="opencv-matrix">
  <rows>127</rows>
  <cols>64</cols>
  <dt>u</dt>
  <data>
    197 58 243 49 216 162 34 200 200 35 193 58 226 195 130 89 122 41 59
    86 235 133 75 213 198 218 248 239 194 12 226 130 207 15 71 191 24 60
    109 94 104 64 48 129 209 121 187 149 220 172 8 113 241 125 92 227 64
    188 145 181 24 87 112 74 248 249 255 253 114 127 255 255 221 253 255
    159 127 252 251 238 251 221 255 111 62 253 231 191 127 255 183 190
    255 215 126 191 243 103 117 251 214 247 255 252 251 127 249 126 255
    191 91 182 207 173 127 245 217 255 149 76 209 252 105 255 223 110
    147 191 198 43 210 49 217 162 34 202 72 33 131 62 226 195 130 89 234
    41 59 214 75 133 75 213 198 90 248 175 194 12 162 2 223 47 71 191 25
    60 101 86 104 80 16 139 217 89 167 135 221 172 8 1 241 125 88 195 80
    252 17 181 24 83 112 74 252 249 255 253 114 127 255 255 221 253 255
    191 127 252 251 238 251 221 255 111 63 255 230 191 127 255 183 191
    255 215 126 191 243 103 117 251 215 247 253 255 251 127 253 126 255
    191 91 182 207 173 255 253 217 255 149 76 209 252 105 255 223 110
    179 191 5 6 247 136 24 87 165 127 164 230 138 20 81 61 187 229 203
    124 195 32 208 67 220 35 92 161 4 5 49 8 25 75 245 2 87 170 16 240 1
    124 52 20 24 134 84 144 65 206 25 44 56 28 176 25 156 73 24 98 35
    172 72 86 40 240 191 254 125 239 255 189 223 152 255 95 188 251 175
    123 230 125 243 247 62 57 117 118 179 124 231 255 121 59 255 123 127
    191 150 237 222 215 246 121 249 253 119 223 106 189 209 83 252 21
    172 183 28 13 232 167 223 111 56 182 246 30 254 223 62 153 204 42
    243 49 216 162 162 200 200 163 194 126 226 195 131 73 234 137 59 71
    239 133 75 221 198 90 191 175 194 14 34 130 223 39 69 191 89 60 237
    118 120 92 48 175 221 121 187 183 157 172 24 1 241 125 156 193 80
    252 19 189 88 87 48 250 243 157 146 118 69 66 93 14 198 129 37 235
    38 203 6 31 111 151 60 87 14 175 227 39 70 219 243 47 83 40 66 45
    151 39 52 255 35 12 118 117 97 234 184 235 187 24 253 174 209 162
    122 149 96 50 180 227 81 186 113 59 28 117 145 250 7 23 0 48 221 160
    38 8 32 10 128 99 160 75 0 17 96 41 5 208 227 46 25 123 70 154 99
    135 18 4 161 69 90 174 30 154 33 40 5 134 205 98 26 201 64 65 130
    195 8 118 16 0 96 16 207 1 18 178 151 150 8 98 160 1 69 34 69 128 16
    115 35 254 32 22 130 52 65 27 139 227 202 76 131 100 65 128 204 176
    12 168 8 1 144 12 48 73 120 6 213 186 16 114 5 20 148 84 24 6 64 128
    64 192 24 44 28 4 209 29 132 8 0 96 35 156 72 6 36 240 252 233 255
    223 114 95 249 255 223 253 127 191 95 246 251 238 187 213 250 47 31
    221 230 183 251 231 191 61 109 219 94 187 231 7 101 251 214 255 255
    125 242 125 245 118 191 190 125 238 223 172 239 255 155 127 180 222
    228 252 105 123 127 108 155 254 124 52 125 190 22 175 55 125 231 100
    213 176 125 59 180 86 242 212 67 96 185 35 195 183 220 168 236 141
    114 156 249 233 221 44 20 190 66 120 1 220 26 219 28 15 208 53 197
    78 153 164 25 4 112 28 151 73 24 242 51 188 88 86 34 249 254 253 255
    255 255 127 255 255 255 255 255 255 255 255 255 255 251 213 127 111
    63 143 191 60 127 255 191 63 223 91 118 191 240 103 125 223 82 119
    253 246 123 92 248 63 223 30 253 180 141 173 86 133 248 191 132 77
    208 252 97 191 93 95 50 190 252 249 255 223 114 95 251 255 223 253
    127 191 127 254 251 238 251 213 248 47 31 253 230 191 251 239 183 63
    255 219 126 191 243 39 117 251 214 255 255 252 242 125 253 118 191
    190 121 182 207 173 255 253 219 255 181 222 209 252 105 123 95 44
    147 254 79 35 192 48 217 162 38 74 96 34 192 50 226 195 130 83 224
    41 43 214 233 37 67 215 198 74 248 205 66 12 160 192 223 45 70 191
    89 56 69 84 104 80 24 139 209 121 135 79 152 172 8 1 241 93 88 65 16
    250 19 181 24 83 112 74 9 5 12 140 38 189 16 53 52 68 85 0 28 57 52
    7 132 88 65 224 208 112 208 243 88 40 128 88 120 20 29 97 212 48 16
    168 195 72 128 97 208 155 29 15 208 20 226 78 25 172 153 13 112 29
    155 9 56 243 59 156 88 82 46 233 206 41 194 49 217 162 34 198 0 161
    193 54 210 194 130 74 232 9 59 215 111 141 66 83 70 90 152 239 192
    140 34 130 223 39 69 171 91 56 101 84 120 48 48 43 217 93 167 239
    157 172 24 5 241 125 152 195 80 254 51 181 24 87 48 106 248 249 255
    255 98 127 249 247 221 252 127 157 95 254 255 238 191 223 249 111 62
    253 230 183 251 239 182 244 105 243 126 251 247 19 97 245 215 95 254
    125 122 125 247 118 191 190 119 238 255 168 239 223 219 127 180 222
    245 255 121 251 127 124 155 254 206 41 194 49 217 162 34 198 0 33
    193 50 210 194 162 74 232 9 59 215 239 141 66 83 70 90 152 239 192
    140 34 130 223 39 69 171 27 56 101 84 120 48 48 11 217 93 167 239
    157 172 24 5 241 124 24 195 80 254 51 181 24 87 48 106 187 254 124
    239 255 189 223 152 255 95 252 251 175 123 230 125 246 247 126 187
    253 119 155 124 231 255 123 127 255 123 247 191 159 237 222 215 255
    121 249 253 127 223 107 253 213 83 252 53 174 255 152 47 252 167 223
    255 126 247 246 47 255 223 188 159 248 201 255 255 34 127 248 231 93
    252 127 159 31 182 255 254 191 155 249 111 62 221 231 179 251 79 246
    252 107 227 254 251 183 19 97 245 247 95 250 125 122 125 245 118 191
    159 119 238 255 170 239 223 219 127 176 220 215 255 121 251 127 108
    155 254 199 5 130 50 201 130 2 6 2 33 4 34 146 194 34 27 104 11 49
    214 203 133 67 67 66 74 216 111 128 12 130 64 151 39 69 171 27 8 101
    84 96 16 24 9 209 93 167 207 153 172 24 5 241 92 24 203 18 243 51
    181 24 115 48 74 248 249 255 223 114 95 253 255 223 253 125 191 63
    254 255 254 251 215 252 111 30 157 231 55 123 239 183 63 251 203 126
    191 242 39 53 243 215 127 255 252 114 255 245 118 191 158 125 182
    207 169 255 245 217 127 180 206 209 252 105 123 95 108 147 255 70 32
    130 17 200 130 2 4 0 35 1 34 130 194 131 1 72 11 57 214 201 133 67
    193 66 82 184 111 128 12 163 2 223 53 69 171 25 24 229 84 96 24 16 9
    213 92 167 79 153 172 24 5 241 93 88 203 16 251 19 181 24 83 112 106
    71 33 194 48 217 130 34 70 64 33 129 54 226 195 130 83 96 41 59 214
    201 133 67 195 198 74 248 237 194 12 160 0 159 45 69 191 25 56 69 84
    104 80 16 137 209 89 167 79 153 172 8 1 241 124 88 195 16 250 19 181
    24 83 112 74 207 238 206 215 255 215 222 129 56 255 46 251 158 255
    226 237 233 219 61 231 79 141 175 121 107 95 187 111 213 15 178 55
    243 39 85 251 83 117 253 246 114 92 120 63 221 30 255 181 221 237 24
    37 217 255 156 235 80 252 49 61 92 85 48 186 70 5 130 18 201 130 2 7
    34 33 4 34 146 226 34 18 104 3 33 214 201 133 67 67 66 66 216 111
    128 12 128 64 151 37 64 162 91 72 101 68 96 16 24 11 209 92 167 79
    153 172 24 5 241 88 152 203 18 115 51 181 24 83 48 74 255 254 255
    237 255 255 223 217 255 127 254 251 255 255 254 253 251 245 63 111
    253 223 190 124 111 255 127 63 255 95 127 255 243 237 222 223 210
    247 253 247 215 222 106 63 217 30 252 177 205 189 22 165 233 247 143
    111 208 252 241 191 222 95 50 189 248 205 198 215 238 71 218 183 63
    253 126 223 159 254 115 238 233 215 125 239 94 141 230 51 91 127 187
    46 209 219 50 63 243 39 117 251 83 125 255 244 112 124 184 62 221 28
    253 183 221 172 94 149 209 127 156 203 81 252 113 61 92 85 16 250 71
    33 192 48 217 130 34 6 0 34 129 50 160 195 130 81 96 9 1 212 201 37
    67 67 70 72 232 205 64 12 160 64 223 45 68 171 25 56 5 84 104 16 16
    139 209 89 163 79 153 172 24 1 240 93 88 65 16 242 19 181 24 83 48
    74 195 93 134 215 206 71 195 182 174 229 57 202 143 233 50 175 109
    247 125 231 30 143 254 33 75 255 191 110 209 18 114 63 243 47 115
    121 83 101 238 226 112 88 56 63 221 60 253 180 221 136 88 149 209
    254 148 203 209 252 33 61 84 85 16 250 252 237 238 255 255 231 255
    247 61 253 126 255 159 254 251 238 235 221 125 111 127 141 239 59
    127 255 187 47 211 219 54 191 243 39 117 251 83 117 253 246 114 125
    248 126 223 30 127 183 205 172 94 181 217 255 156 235 208 252 97 191
