<?xml version="1.0"?>
<opencv_storage>
<ImageFile>"448.jpg"</ImageFile>
<Features type_id="opencv-matrix">
  <rows>322</rows>
  <cols>64</cols>
  <dt>u</dt>
  <data>
    45 174 230 168 91 255 163 87 189 252 238 189 93 61 255 237 203 252
    235 106 245 83 222 115 93 109 12 167 125 215 59 199 197 98 87 186
    117 242 237 124 254 93 122 167 85 247 119 235 185 172 28 12 242 29
    157 73 50 226 39 189 218 87 42 250 14 203 109 248 55 189 253 121 189
    223 253 216 219 125 124 239 129 93 125 123 246 124 208 123 109 223
    131 183 125 115 61 219 214 114 222 170 246 121 248 177 118 255 251
    125 215 151 245 107 31 189 28 5 203 157 255 28 25 198 115 255 75 223
    172 186 46 207 109 252 55 189 253 121 61 223 253 218 219 125 124 239
    129 93 125 123 246 124 208 123 109 223 131 55 127 115 61 219 214 116
    223 170 246 121 248 181 118 255 255 125 214 151 245 107 31 191 28 5
    203 157 191 28 25 230 115 255 75 223 172 186 61 254 125 204 54 157
    157 120 255 214 181 250 221 59 252 207 186 246 98 41 181 118 210 245
    249 53 245 122 125 221 221 107 223 92 222 142 218 121 184 127 246
    223 105 47 182 246 244 111 155 191 185 15 242 29 223 93 56 247 58
    253 251 219 110 251 116 58 247 85 56 215 171 255 194 191 163 241 71
    211 147 226 123 197 234 43 221 45 102 159 141 107 247 239 0 142 99
    110 111 36 69 191 220 184 235 117 112 92 161 175 247 32 177 111 184
    172 24 67 240 29 156 65 4 242 19 189 120 87 97 254 133 7 6 113 44
    176 170 208 48 191 98 67 194 81 1 3 8 109 165 107 236 36 74 250 69
    95 147 166 92 6 35 83 87 50 209 40 81 40 232 32 124 36 58 47 211 1
    243 123 24 136 24 5 209 93 156 8 17 194 51 159 64 87 0 250 45 164
    229 168 24 237 37 79 181 110 200 181 81 47 189 230 139 124 131 96
    245 96 216 59 93 141 128 133 91 216 57 203 197 4 85 186 177 242 233
    124 126 94 60 171 86 23 101 107 153 44 56 12 224 29 156 8 152 226 43
    188 90 70 42 242 129 7 6 113 44 176 174 208 32 187 194 67 192 81 1 3
    8 109 37 107 236 36 66 122 68 223 147 162 84 6 35 83 87 48 216 40 81
    40 232 33 116 44 58 47 211 1 211 123 24 136 24 5 209 29 156 8 17 194
    51 159 64 87 32 250 45 164 229 168 25 238 37 79 181 238 200 181 81
    47 189 230 203 124 131 96 241 96 220 59 93 136 160 133 91 88 57 203
    197 4 85 186 49 250 169 124 126 94 60 170 86 23 103 107 153 44 56 4
    240 29 156 72 152 226 35 184 90 70 42 242 61 222 126 233 191 253 251
    249 189 255 222 223 221 61 249 229 243 253 219 106 252 114 222 120
    125 252 52 51 126 87 127 255 247 100 93 250 86 251 249 126 247 93
    122 62 215 134 249 115 157 173 28 5 250 29 159 77 24 246 59 189 219
    95 34 246 45 172 245 58 73 239 39 77 253 116 206 181 61 127 191 244
    251 58 195 96 245 107 91 119 81 237 68 183 107 211 107 207 143 226
    67 52 181 146 253 126 109 21 124 163 85 115 119 107 185 228 201 8
    246 29 24 13 62 230 207 169 154 199 45 78 110 204 239 253 127 255
    255 253 189 255 218 189 223 236 255 239 185 221 123 107 252 63 254
    59 125 223 187 55 91 243 63 239 199 177 127 187 246 253 253 119 120
    124 255 111 215 21 245 123 157 172 26 5 243 125 156 77 208 246 123
    191 223 95 56 246 12 134 109 169 23 189 165 89 45 222 234 130 217 61
    249 71 129 125 99 104 240 84 218 113 77 252 9 36 124 86 57 219 215
    64 215 170 82 120 41 48 116 53 58 45 84 133 116 99 24 189 24 4 211
    29 142 28 16 226 51 188 73 223 44 242 126 156 239 253 127 255 255
    253 189 255 218 221 223 236 255 239 185 221 251 107 252 63 254 59
    125 223 187 55 89 115 63 239 199 179 127 59 246 253 253 119 120 124
    255 111 215 21 253 123 157 172 26 5 243 125 156 77 208 254 123 191
    223 95 57 246 250 153 187 215 39 103 217 255 214 207 245 222 119 200
    51 254 255 214 118 95 62 159 230 23 191 251 247 120 211 243 118 187
    102 46 61 255 218 109 218 253 88 200 181 126 187 60 177 254 223 170
    94 215 248 31 180 81 209 178 121 123 125 29 129 251 50 141 140 222
    35 221 212 47 55 208 29 196 61 124 61 158 255 146 96 187 150 116 209
    99 121 151 224 24 59 208 156 105 151 36 83 48 210 72 250 104 112 93
    45 47 148 20 245 111 147 168 153 13 178 25 156 93 25 114 122 189 83
    93 8 250 252 253 255 255 50 111 253 255 255 253 125 189 127 254 255
    254 251 214 251 111 127 255 247 55 255 239 247 127 127 219 254 255
    247 101 117 255 214 127 249 125 119 95 255 63 255 150 253 110 141
    173 255 157 250 31 157 77 248 254 123 255 91 78 43 255 247 252 255
    207 254 223 223 173 251 117 31 254 159 127 254 252 255 247 60 45 221
    85 250 108 255 247 253 127 239 123 223 111 151 229 93 223 222 219
    255 127 117 221 105 191 189 152 253 53 215 189 15 175 189 231 158
    239 120 254 120 61 219 157 62 254 43 150 108 169 255 253 135 29 189
    126 130 73 189 61 125 197 201 253 99 112 244 115 218 124 117 253 29
    54 124 83 121 207 207 104 223 56 211 120 233 56 124 93 122 175 85
    241 245 99 184 188 152 13 242 29 156 89 48 226 183 189 218 223 44
    250 41 215 125 252 63 189 253 120 189 92 198 201 221 125 252 69 239
    253 227 107 244 126 210 243 109 255 163 182 124 87 125 239 223 98
    223 184 215 120 249 117 125 221 122 47 213 181 247 111 153 189 24 13
    242 29 159 77 56 246 115 191 219 223 44 250 5 6 13 1 32 176 167 112
    48 158 2 64 192 49 129 1 8 108 161 107 192 96 66 242 76 185 21 32 84
    4 33 91 215 0 213 170 80 56 105 48 112 52 56 175 85 128 81 107 25
    172 24 1 209 29 156 8 16 226 51 157 72 87 32 250 41 223 125 252 63
    189 253 120 189 92 198 201 221 125 252 197 255 252 227 106 244 126
    210 115 101 255 163 182 124 87 125 239 223 98 223 184 211 120 249
    117 125 221 122 47 213 133 247 111 153 189 24 13 242 29 159 77 56
    246 127 191 219 223 45 250 133 22 100 165 253 176 187 88 52 253 162
    67 200 25 2 5 160 253 7 99 224 39 194 120 68 170 169 38 92 4 33 79
    127 32 92 186 82 120 169 245 81 92 58 143 193 1 209 111 152 172 24 5
    240 29 156 73 16 242 51 157 88 87 32 250 41 190 103 111 255 253 163
    249 253 125 222 127 237 125 251 229 251 245 235 114 245 103 155 124
    119 252 93 183 254 215 123 255 207 237 79 188 247 186 253 61 253 93
    90 191 213 227 255 99 188 189 152 9 242 189 159 81 62 246 247 189
    250 207 44 94 46 190 229 205 255 255 131 57 253 125 222 127 253 127
    251 229 241 245 107 178 245 119 218 253 119 254 28 183 254 223 127
    239 207 105 71 190 254 122 253 61 253 93 90 191 213 227 253 107 188
    188 153 9 242 61 159 93 62 246 247 189 250 223 44 222 243 57 211 87
    255 162 219 250 218 169 149 123 239 203 130 91 106 213 62 87 207 175
    235 127 46 218 251 47 210 43 98 63 87 167 60 251 82 125 255 215 81
    104 169 95 203 28 217 183 205 166 24 181 241 254 156 235 80 254 177
    191 92 21 177 254 46 135 108 162 55 157 5 73 37 198 31 246 153 62
    188 71 130 116 65 97 145 118 208 114 93 148 145 49 114 154 61 137
    214 36 87 186 66 120 201 60 116 125 60 45 212 20 245 107 25 172 24 5
    210 29 156 28 24 226 51 189 73 87 40 250 122 148 252 183 127 207 219
    13 127 255 157 253 191 110 52 124 255 247 49 243 213 55 243 127 221
    223 248 127 90 251 247 239 215 44 87 190 218 120 233 124 112 93 124
    47 213 20 245 111 153 172 24 5 240 29 156 73 24 242 51 189 90 87 32
    250 123 148 252 182 127 207 223 13 191 253 23 253 191 126 52 84 255
    247 48 243 213 119 243 119 221 223 244 127 122 251 245 107 215 44 87
    190 210 120 233 124 112 93 60 47 213 20 245 111 153 172 24 13 240 29
    156 73 24 242 51 189 90 87 32 250 56 174 237 137 38 255 147 117 253
    246 215 148 221 60 123 230 221 221 67 249 244 115 210 245 221 120
    188 190 104 214 127 234 207 44 71 190 222 122 233 120 248 93 117 47
    213 246 247 111 187 172 153 13 242 29 157 89 48 242 51 189 123 223
    104 250 124 51 247 245 248 183 171 249 200 189 210 51 229 211 155 66
    242 205 203 102 253 165 134 215 142 170 236 141 194 140 112 186 123
    37 84 191 85 58 133 244 216 84 17 142 193 167 131 79 153 172 24 1
    240 29 157 73 68 242 19 156 88 86 32 248 250 252 255 255 254 223 223
    169 255 255 127 251 255 254 254 254 251 215 126 111 159 223 255 125
