<?xml version="1.0"?>
<opencv_storage>
<ImageFile>"449.jpg"</ImageFile>
<Features type_id="opencv-matrix">
  <rows>64</rows>
  <cols>64</cols>
  <dt>u</dt>
  <data>
    87 50 211 55 248 178 58 108 74 171 209 60 224 195 131 82 106 131 25
    214 201 133 207 153 142 200 234 239 66 13 161 110 87 165 21 191 91
    189 37 86 208 64 73 14 193 13 139 19 159 236 24 37 245 252 156 235
    64 254 179 157 88 22 48 247 117 49 243 48 88 162 163 110 192 10 210
    52 227 194 129 80 90 45 123 86 243 39 66 199 150 234 238 205 2 140
    96 200 79 15 199 175 25 60 77 92 40 64 148 200 69 121 163 207 62 44
    24 209 243 120 92 211 68 62 87 179 40 151 249 98 114 108 251 154 10
    135 92 7 199 226 57 144 85 226 189 94 247 146 96 99 159 245 217 15
    221 195 231 111 3 185 149 110 195 134 71 62 136 236 227 94 34 74 229
    233 182 28 149 43 211 236 48 199 38 25 53 89 8 243 217 241 121 112
    105 231 1 5 128 48 13 162 32 90 16 40 128 65 34 201 0 1 64 44 129
    210 224 46 136 107 2 42 2 6 80 4 33 69 95 34 16 48 49 40 33 164 81
    98 26 11 72 17 195 203 24 36 24 4 96 24 140 1 19 162 183 151 8 119
    161 105 18 18 17 182 61 32 56 74 18 58 81 17 32 194 128 19 102 214 5
    66 192 168 168 58 12 138 226 75 210 33 33 127 115 164 20 58 115 240
    33 215 192 66 11 74 226 5 193 79 136 164 88 5 100 24 156 73 144 178
    179 156 92 22 32 181 197 6 70 35 221 162 163 248 48 57 194 119 162
    27 128 33 66 77 157 65 224 7 170 120 34 136 8 7 222 1 33 95 125 227
    60 49 53 179 5 150 209 100 26 22 72 3 74 209 8 117 88 52 93 230 143
    168 82 44 167 140 204 6 52 29 101 247 101 112 252 182 167 91 224 95
    232 114 239 95 212 101 83 237 255 102 247 111 24 215 214 255 47 167
    220 30 97 217 202 75 207 175 217 56 125 252 108 108 58 175 213 105
    183 79 184 189 8 72 241 125 206 81 100 254 87 151 250 215 253 56 60
    114 125 224 54 61 191 121 245 94 250 114 125 58 248 84 210 220 207
    105 241 112 128 246 205 188 165 153 126 218 125 249 114 68 220 190
    213 120 177 245 254 87 123 61 246 135 212 77 142 189 149 5 106 29
    207 93 4 242 51 220 91 158 104 176 76 32 145 32 80 131 34 96 192 34
    67 54 208 2 147 66 98 9 67 68 225 37 67 214 152 40 172 141 64 140 33
    232 79 36 69 186 27 56 1 92 120 64 16 15 197 117 163 79 153 172 24 1
    240 28 28 65 16 242 51 185 88 87 32 234 51 21 20 150 7 6 3 30 166 68
    16 1 45 105 48 23 244 247 1 240 192 35 209 119 200 136 228 76 82 24
    241 105 215 44 87 190 90 120 1 84 112 80 24 143 197 80 229 79 153
    172 24 5 240 28 156 73 16 242 51 189 88 87 32 250 60 42 109 233 186
    125 163 253 253 254 222 53 93 116 251 228 211 220 195 98 245 240 28
    190 221 40 132 129 236 215 63 219 109 0 199 170 223 114 201 124 252
    85 86 30 84 167 226 105 191 45 141 13 242 29 157 89 6 224 79 188 75
    142 106 244 123 23 125 190 119 63 63 127 247 94 215 181 61 62 253
    214 242 215 91 108 116 115 193 54 93 168 236 29 122 88 125 233 240
    36 85 190 82 122 129 116 210 223 24 14 212 150 192 78 153 172 24 5
    240 29 159 73 16 242 59 188 88 86 34 249 126 48 253 190 255 191 127
    125 247 103 213 56 255 255 180 95 242 215 91 116 251 87 203 61 206
    232 236 159 123 125 253 237 215 173 148 191 194 247 21 215 158 203
    95 14 217 157 201 23 159 36 155 132 97 252 151 255 88 190 187 158
    217 6 54 245 126 60 255 255 255 191 127 125 255 119 213 56 255 255
    182 95 242 247 123 102 255 221 219 61 206 234 234 191 122 125 253
    175 215 167 150 191 194 247 181 87 158 203 223 78 217 141 201 151
    221 36 26 181 97 252 159 255 88 254 251 159 216 6 62 245 70 239 194
    120 249 154 174 67 40 26 170 233 226 119 236 169 225 137 61 214 197
    37 1 83 71 95 235 175 71 14 161 66 223 39 76 187 90 58 237 244 242
    94 56 47 213 95 183 79 157 172 24 5 241 125 157 203 18 254 51 181 88
    115 50 120 62 244 125 172 62 253 61 127 244 126 252 245 93 61 244
    244 243 220 71 97 241 34 224 119 77 173 165 155 91 95 117 235 245 36
    84 186 82 114 169 244 218 94 56 47 208 22 244 111 153 172 24 5 240
    29 157 73 16 242 51 188 88 86 34 249 126 245 125 174 119 55 127 127
    247 92 253 177 125 59 180 223 242 247 91 125 241 99 245 55 236 232
    236 157 127 124 253 233 244 45 54 191 194 114 133 245 218 203 27 14
    211 159 194 78 157 36 94 5 104 60 151 79 208 254 59 156 89 70 54 249
    255 61 247 241 220 166 99 254 204 229 209 58 239 203 146 94 250 237
    123 87 127 143 219 223 158 234 254 175 210 157 226 175 79 175 70 255
    152 189 119 94 108 96 244 251 201 121 175 183 220 236 152 249 209
    254 28 243 104 188 209 187 158 245 185 126 253 57 243 241 221 166 99
    254 204 39 209 58 231 203 146 94 250 229 123 86 255 143 219 223 158
    234 254 175 210 157 226 175 79 175 71 255 24 189 119 94 108 96 212
    219 201 121 171 151 220 236 152 249 241 254 28 243 104 188 209 187
    156 245 185 110 211 18 144 119 205 162 34 8 66 41 0 67 162 195 2 17
    102 43 133 146 202 47 11 79 130 154 114 230 146 33 193 70 15 155 152
    37 61 140 102 67 73 32 130 193 233 73 139 211 112 82 41 242 101 226
    120 163 103 27 214 131 160 49 213 78 29 50 180 229 253 177 163 112
    92 61 194 119 226 89 144 1 118 237 199 67 249 47 203 221 136 58 100
    238 84 5 225 231 95 38 222 190 85 185 105 215 89 68 18 143 193 97
    191 119 184 244 24 32 240 188 158 65 54 178 183 151 200 23 36 254
    118 33 209 150 17 2 9 78 198 0 17 50 51 194 146 82 122 151 32 71 3
    165 195 7 142 130 240 13 2 136 16 41 214 36 20 186 2 120 67 92 32 72
    52 43 129 28 165 110 145 172 24 5 112 24 156 65 16 114 51 185 88 85
    32 250 12 0 0 128 0 131 34 117 0 2 67 4 80 0 17 2 96 8 65 192 241 32
    65 194 24 40 164 140 64 132 33 192 79 36 69 186 27 40 1 76 120 64 20
    143 196 53 163 79 153 172 24 1 240 29 28 65 16 242 51 176 24 87 32
    234 197 238 198 73 200 154 166 192 41 51 40 202 210 247 230 41 194
    73 189 103 205 197 10 249 78 94 25 39 133 15 59 70 215 135 92 155 80
    253 109 182 118 126 40 55 93 30 125 145 157 108 24 52 213 127 143
    171 80 252 49 165 92 85 50 249 109 55 231 116 125 163 239 122 240 60
    192 115 238 249 128 77 226 237 255 118 247 111 25 255 6 58 39 151
    124 5 97 215 123 107 28 191 87 188 119 253 93 102 154 206 201 97 211
    203 40 53 24 81 241 60 143 73 63 254 247 159 202 119 165 185 56 55
    125 174 55 63 63 125 245 94 214 53 61 62 249 214 242 212 67 100 241
    114 193 54 93 168 164 29 122 88 125 233 240 36 85 186 82 122 129 116
    240 95 24 14 212 134 192 78 153 172 24 5 240 29 159 73 16 242 59 188
    88 22 34 249 120 55 125 190 119 63 59 123 245 94 214 53 61 62 185 86
    242 213 75 100 241 115 193 118 93 168 172 29 122 216 125 233 214 36
    85 186 82 122 129 116 208 95 24 14 213 134 193 78 153 172 24 5 240
    29 159 73 16 242 59 188 88 22 34 249 59 23 117 166 23 164 9 30 230
    70 209 32 45 11 48 23 252 246 67 240 240 34 209 119 196 185 228 73
    82 16 225 233 223 44 87 190 91 56 201 116 120 92 56 175 212 113 245
    110 153 172 24 1 240 29 156 65 16 242 51 189 88 87 32 250 60 34 53
    160 0 165 33 119 196 102 210 20 81 40 145 6 254 232 67 96 240 32 208
    211 216 56 164 200 64 148 241 233 79 36 71 190 91 120 41 92 120 80
    48 143 196 49 163 111 153 172 24 1 240 29 156 65 16 242 51 189 88 87
    32 250 58 53 125 190 54 63 29 119 246 92 95 53 61 62 189 214 242 214
    1 100 65 34 193 54 205 136 228 25 82 24 252 105 208 36 85 190 82 114
    129 116 242 94 24 14 212 22 228 78 153 172 24 5 240 29 157 73 16 242
    59 188 88 86 34 249 59 23 117 166 23 164 9 30 230 70 209 32 45 11 48
    23 254 246 67 240 240 34 209 119 196 184 228 73 82 16 225 233 223 44
    87 190 91 56 137 124 120 92 56 175 212 113 245 111 153 172 24 1 240
    29 156 65 16 242 51 189 88 87 32 250 197 238 215 9 216 154 166 192
    107 123 40 203 206 119 206 9 194 197 189 36 201 197 10 120 78 212 57
    39 175 15 43 87 215 199 93 91 112 253 45 54 103 94 72 31 93 28 252
    145 220 93 24 52 213 247 140 235 92 220 144 37 220 85 50 189 58 53
    125 190 54 63 29 119 246 92 95 53 61 62 189 246 242 214 1 100 65 34
    193 54 205 136 228 25 82 24 252 105 208 36 85 190 82 122 129 116 242
