<?xml version="1.0"?>
<opencv_storage>
<ImageFile>"450.jpg"</ImageFile>
<Features type_id="opencv-matrix">
  <rows>155</rows>
  <cols>64</cols>
  <dt>u</dt>
  <data>
    124 232 239 137 34 127 251 247 221 254 95 156 93 180 255 238 155 221
    123 107 188 209 198 180 249 109 188 190 109 215 63 251 237 12 71 250
    222 123 233 124 250 93 117 62 247 182 230 109 159 172 191 15 250 29
    157 92 84 242 59 252 123 222 106 254 173 238 127 137 58 221 167 213
    189 255 46 143 221 61 251 231 203 252 201 41 252 208 126 184 93 253
    157 51 125 219 59 127 245 64 87 234 208 251 233 126 246 93 106 182
    85 134 116 97 153 173 62 45 242 29 159 76 16 244 43 188 219 215 42
    250 41 206 125 137 168 221 167 197 185 255 46 141 213 53 253 231 203
    252 137 104 220 80 94 248 93 221 29 162 109 67 59 127 245 192 87 56
    80 250 169 122 246 93 104 55 116 134 116 97 153 173 60 37 242 29 143
    77 20 242 35 172 218 87 42 250 3 196 12 136 7 158 5 11 39 70 53 128
    25 41 52 7 132 117 4 48 130 86 144 99 92 128 128 28 50 24 25 73 146
    36 18 8 66 104 2 202 134 155 12 9 144 30 228 79 17 32 16 4 32 25 143
    10 25 98 50 188 80 84 2 249 134 9 195 149 23 192 217 202 14 235 51
    243 131 202 178 127 233 213 36 99 142 173 230 107 13 223 179 43 82
    10 50 123 87 36 117 186 82 124 235 116 112 92 56 43 207 20 245 111
    153 172 24 5 240 29 156 73 16 242 51 189 88 87 32 250 221 155 222
    117 104 179 250 118 58 189 199 203 206 249 2 27 52 235 254 239 231
    111 226 243 171 106 230 254 124 101 229 231 255 115 48 36 215 155
    242 233 221 191 251 86 233 225 219 111 189 211 173 247 244 252 155
    205 119 223 247 199 240 179 133 223 2 0 0 34 207 128 2 0 70 34 16 2
    176 2 32 16 102 19 1 208 193 6 129 101 2 136 232 13 18 128 161 96 85
    44 6 182 67 72 1 68 64 64 20 8 64 84 130 77 153 44 24 4 96 24 156 73
    16 114 51 180 24 83 32 104 68 142 166 153 200 207 130 231 45 228 14
    141 147 252 187 174 203 81 233 38 222 13 222 33 91 197 28 36 33 138
    26 79 213 3 113 40 16 226 111 42 53 53 44 38 29 156 125 163 21 8 120
    60 147 89 148 10 25 76 34 45 64 69 1 250 34 205 232 138 103 158 31
    11 175 71 21 202 187 58 52 93 136 119 52 245 132 87 210 101 125 214
    157 63 50 186 20 41 135 44 87 154 194 88 233 120 96 223 60 41 149 28
    245 111 149 172 24 13 240 21 188 91 24 242 50 189 88 95 56 250 69
    142 134 153 200 207 130 199 47 229 10 13 146 253 187 172 139 81 184
    38 158 13 222 33 91 197 28 36 33 138 26 7 245 3 113 9 16 198 111 10
    53 52 40 166 13 158 125 179 21 8 120 52 151 91 148 138 17 76 34 45
    64 69 17 250 7 38 66 35 217 192 162 141 8 57 2 119 160 78 163 101 74
    53 129 2 201 35 159 76 2 216 24 39 150 11 3 86 37 166 93 146 49 144
    109 22 97 84 0 130 69 64 56 177 24 108 24 36 213 4 140 97 16 96 166
    172 136 23 32 88 195 142 202 251 221 242 227 216 28 251 64 223 130
    219 131 45 74 197 185 43 206 47 206 123 111 223 27 39 94 67 35 95
    215 227 93 49 119 189 127 54 113 116 234 255 95 152 121 243 125 220
    24 241 213 229 140 234 87 236 246 143 210 117 145 254 58 151 109 158
    39 157 29 25 167 78 153 128 61 108 61 87 245 246 66 242 244 114 208
    119 221 182 229 88 58 248 125 233 199 44 215 190 218 120 248 121 116
    93 61 173 212 116 245 111 153 174 152 13 242 29 156 89 56 242 115
    189 122 215 40 250 99 205 232 138 71 158 23 11 175 71 21 202 155 43
    116 93 136 117 52 245 128 87 210 97 125 215 153 63 50 186 22 41 150
    44 87 154 66 88 237 56 96 221 60 41 149 28 244 111 149 172 24 12 241
    21 188 10 24 246 50 189 88 213 56 250 108 7 230 184 18 119 37 247 53
    254 104 21 89 236 187 239 203 252 97 102 120 145 220 51 94 237 166
    133 81 84 56 203 225 38 87 186 83 116 69 116 122 68 24 46 84 149 71
    238 153 44 28 5 242 29 156 73 144 224 35 188 90 86 34 240 124 252
    255 253 62 253 125 255 253 254 253 184 127 254 255 254 187 188 243
    123 191 255 223 191 253 255 247 187 107 255 255 239 207 206 231 254
    255 253 249 127 62 255 247 253 255 247 119 123 255 238 191 223 250
    29 253 84 236 247 255 251 255 255 235 246 108 7 230 184 22 119 37
    247 53 254 232 21 89 172 187 231 203 252 99 102 120 145 220 51 94
    109 164 132 89 212 56 203 97 38 87 186 83 116 69 116 126 68 56 174
    86 149 71 238 153 44 28 4 242 29 156 73 144 224 35 188 90 86 40 240
    5 37 233 156 16 132 57 110 128 198 193 176 65 131 145 66 138 68 1 99
    130 32 196 19 13 137 162 9 82 8 48 105 86 36 53 186 18 120 193 84 48
    72 56 47 246 20 193 110 25 172 56 5 112 29 156 72 16 242 59 185 88
    86 32 243 44 39 109 188 54 189 61 113 245 222 219 148 93 124 189 71
    241 252 67 98 245 114 80 247 221 188 164 221 64 156 125 233 199 44
    71 190 218 120 233 124 120 92 48 175 212 116 247 111 153 172 24 9
    240 29 156 89 16 242 115 189 90 87 40 250 21 37 249 152 16 132 57
    110 128 198 193 144 81 128 145 66 234 212 1 99 130 32 196 19 13 136
    160 13 82 8 48 105 87 36 21 186 18 120 129 84 48 72 56 46 214 20 193
    110 153 172 24 5 112 29 156 73 16 242 51 189 88 86 32 243 251 222
    255 255 255 255 223 248 255 127 253 219 191 253 246 253 255 247 63
    111 236 199 175 125 239 255 255 127 223 27 255 63 243 101 92 255 82
    119 253 246 210 222 120 63 217 30 253 149 157 173 30 5 249 255 159
    235 80 254 51 189 220 87 50 189 186 222 254 245 255 125 251 189 191
    127 254 79 159 120 126 253 244 255 231 178 244 119 178 254 251 107
    245 250 253 87 255 239 255 120 211 52 255 114 248 241 250 93 91 31
    208 119 247 79 185 174 152 13 242 29 157 89 22 243 119 189 250 95 44
    253 255 182 127 231 255 181 187 248 252 255 210 127 237 95 251 85
    254 255 223 122 253 103 155 124 173 254 127 255 222 119 247 255 87
    233 223 55 247 249 237 119 121 92 107 62 197 141 218 49 188 221 24
    37 244 245 156 233 86 254 183 143 222 31 48 182 251 222 254 237 255
    191 223 152 63 127 61 219 143 249 118 253 245 247 61 255 252 207 186
    120 238 255 123 127 255 91 255 63 247 237 92 95 90 245 253 247 87
    222 106 63 217 30 253 145 221 221 28 165 253 255 159 239 80 252 177
    29 220 93 50 189 9 146 68 162 189 249 162 56 56 24 198 101 172 57 72
    1 108 236 193 240 240 96 9 240 64 56 80 130 124 70 33 195 221 96 211
    176 127 26 169 32 253 21 26 135 212 225 246 109 184 188 137 9 240 29
    218 73 54 242 183 180 82 87 36 90 44 239 239 216 50 29 181 115 165
    246 125 152 93 125 253 206 155 212 99 107 214 116 208 243 89 119 149
    48 125 218 29 219 215 68 87 186 214 120 249 124 116 127 185 183 245
    180 245 111 155 173 157 13 242 29 159 93 0 242 115 157 91 87 40 250
    251 222 254 237 255 255 223 152 63 127 188 219 191 249 118 253 253
    247 61 255 236 223 186 120 239 223 123 127 255 95 255 63 215 237 220
    95 90 245 253 247 87 222 106 63 217 30 253 145 205 221 30 165 221
    247 159 239 88 252 177 31 220 93 18 189 9 2 100 160 45 249 162 116
    48 24 198 5 104 49 9 33 200 236 195 240 240 96 81 242 64 56 128 128
    124 70 33 195 221 32 211 176 93 58 233 96 252 21 26 135 68 225 246
    111 184 172 137 9 240 29 216 73 54 226 23 180 74 83 36 90 86 17 147
    212 96 2 90 198 2 162 17 16 66 192 131 18 102 197 24 79 10 173 230
    11 140 130 162 77 18 44 176 40 114 55 52 187 66 124 66 215 128 96
    145 74 171 12 129 30 89 172 16 71 96 24 180 75 209 114 49 223 92 52
    49 179 80 1 147 212 32 2 120 231 66 162 83 20 82 192 147 18 102 203
    1 71 10 173 198 147 142 10 166 204 64 4 176 40 114 55 52 187 16 110
    66 196 144 64 145 14 234 12 131 78 153 44 88 71 112 24 20 73 129 115
    49 153 76 38 33 243 83 22 150 131 207 130 130 145 46 99 19 14 142
    237 35 21 124 251 57 246 200 7 218 121 194 92 249 110 208 18 227 35
    223 45 87 191 91 120 237 102 112 92 56 175 213 92 245 55 157 172 24
    5 241 125 156 203 80 254 51 189 88 87 48 250 67 132 138 131 15 146
    131 14 38 227 20 192 138 9 32 7 8 85 36 179 128 39 234 107 8 210 24
    38 18 25 17 75 215 174 16 26 82 72 111 34 80 112 40 41 145 28 113
    227 17 168 24 4 181 25 156 138 16 114 50 61 64 85 32 251 251 220 255
    237 255 255 223 217 191 127 253 251 255 249 118 253 255 247 63 127
