<?xml version="1.0"?>
<opencv_storage>
<ImageFile>"451.jpg"</ImageFile>
<Features type_id="opencv-matrix">
  <rows>302</rows>
  <cols>64</cols>
  <dt>u</dt>
  <data>
    193 17 142 87 21 98 243 190 16 185 212 195 162 137 2 11 47 69 189 31
    192 175 238 235 32 123 147 38 88 1 34 111 223 35 176 113 23 141 110
    181 81 232 171 39 171 49 125 235 57 146 123 149 213 234 156 134 87
    186 183 219 0 21 133 222 62 189 255 254 63 253 253 127 255 254 223
    252 253 126 253 222 251 247 99 123 183 127 219 127 253 255 247 255
    127 255 255 239 199 238 247 190 222 120 251 127 124 93 247 239 215
    181 247 111 191 190 153 79 242 29 156 93 56 242 251 255 251 255 173
    254 193 21 142 87 69 98 209 182 176 189 36 203 2 153 2 11 13 109 189
    47 104 143 238 171 42 123 159 38 217 1 66 119 221 43 176 113 87 141
    110 241 80 168 42 55 155 112 25 224 57 216 126 149 221 250 156 194
    247 188 39 31 196 181 5 250 209 1 146 23 1 2 10 182 2 165 17 3 130
    137 2 2 100 67 32 199 10 173 226 2 8 10 186 104 16 0 162 9 82 39 48
    249 1 12 70 192 80 96 177 10 139 8 9 60 25 128 120 1 81 90 156 194
    65 56 49 81 76 54 1 234 85 49 145 22 20 34 57 118 194 174 81 17 66
    195 130 3 54 71 194 7 234 173 66 135 136 42 230 204 0 40 224 72 95
    24 180 180 28 44 2 69 72 96 179 195 171 112 129 79 50 162 41 211 96
    56 28 65 47 51 23 211 40 182 229 107 197 0 144 23 217 162 98 124 16
    41 128 107 162 203 130 1 106 5 189 71 202 173 234 105 2 154 26 38
    208 9 33 15 95 39 52 179 1 141 39 150 81 226 10 7 105 25 73 147 8 36
    120 52 69 250 140 138 80 44 167 143 8 7 181 91 18 33 131 182 52 34
    24 6 64 160 85 144 66 128 2 26 40 68 33 201 130 13 224 19 13 155 145
    143 82 32 32 72 23 164 52 154 74 124 33 87 32 224 185 105 139 4 81
    238 91 160 121 151 112 24 180 8 0 50 51 217 73 21 4 254 81 49 147 22
    20 38 29 118 194 174 81 145 70 195 146 18 126 71 226 163 235 173 195
    143 136 34 166 206 0 44 225 110 87 56 180 181 28 172 98 101 104 74
    163 171 171 48 129 111 50 224 41 211 228 56 28 67 111 51 19 211 248
    244 101 239 210 50 146 119 200 130 42 230 66 171 82 21 98 192 147 18
    118 139 139 194 203 173 111 159 142 10 238 207 130 165 161 230 103
    175 12 61 61 164 101 198 200 64 129 74 235 109 139 219 121 108 88
    211 100 26 28 193 199 123 147 145 108 54 177 100 85 20 144 54 93 162
    58 122 16 40 192 97 34 203 128 17 110 207 181 85 225 13 224 123 2 90
    234 206 80 1 161 101 95 49 60 179 17 172 37 213 89 192 58 15 235 25
    251 79 8 182 88 21 224 120 156 193 82 186 183 155 24 7 165 75 27 145
    157 246 55 177 248 62 82 154 213 243 174 18 2 83 46 214 32 219 192
    44 195 211 168 26 242 218 86 96 229 105 95 52 188 186 95 120 224 117
    113 202 187 47 226 5 211 111 154 190 25 7 240 28 220 73 16 179 55
    219 121 23 164 251 19 48 0 2 223 128 2 8 66 9 144 113 168 11 0 17 96
    135 0 144 193 32 139 76 132 128 104 15 18 12 193 109 29 172 28 178
    126 56 1 212 193 64 2 10 192 0 136 85 16 54 24 0 32 144 92 97 2 50
    182 144 8 23 36 73 86 58 147 229 126 162 154 246 82 152 83 85 194 16
    131 80 108 205 24 47 196 45 198 219 173 154 186 207 84 44 53 127 119
    49 125 187 126 126 201 85 209 68 155 30 235 132 201 127 136 189 92
    199 240 126 156 73 196 82 19 223 72 7 32 247 254 57 251 246 119 98
    121 63 214 185 213 243 111 210 134 91 255 223 59 223 231 175 227 119
    143 219 242 255 90 124 230 232 159 61 52 191 255 124 249 117 120 93
    179 111 249 21 247 111 253 174 153 199 240 60 156 73 86 179 119 191
    122 119 181 218 254 57 243 246 119 34 127 63 214 185 213 243 111 210
    134 91 126 223 58 215 231 173 227 87 142 219 242 255 90 124 230 232
    159 61 52 182 255 120 249 117 120 93 179 111 249 21 183 111 249 174
    153 199 240 60 156 73 86 179 119 159 122 119 181 218 188 254 239 249
    190 253 253 249 189 255 255 222 223 125 255 238 251 221 107 107 190
    118 222 251 125 255 183 187 125 211 127 251 247 102 95 218 214 123
    249 126 254 95 249 63 215 166 245 63 159 173 157 141 250 29 159 93
    24 246 123 253 91 95 42 254 5 19 84 116 17 160 37 88 32 24 192 99
    224 89 128 1 34 109 135 65 226 44 128 115 4 186 66 135 20 4 33 77 94
    6 60 154 0 184 17 133 197 98 26 71 224 1 211 79 8 55 56 0 96 24 143
    1 1 50 23 135 8 23 165 89 220 33 211 181 208 131 122 231 66 161 211
    55 210 226 147 82 122 139 115 199 223 173 195 211 154 90 254 239 64
    140 178 170 207 39 69 191 27 56 237 92 120 92 181 47 205 61 167 111
    153 172 25 67 240 92 28 65 64 250 51 185 88 119 33 234 211 19 130
    215 255 162 218 190 66 25 81 115 170 194 2 17 106 215 57 215 74 173
    195 123 10 138 242 15 214 8 32 45 95 39 188 187 91 124 7 85 209 66
    155 94 203 12 201 223 24 180 88 133 96 186 158 73 80 50 51 159 92 7
    164 251 99 22 68 34 221 162 3 24 38 60 130 33 172 91 32 21 98 247 1
    240 225 39 155 117 66 232 232 15 82 24 225 99 95 44 86 186 83 56 37
    84 84 84 26 143 193 65 231 79 152 172 24 4 240 28 156 73 16 242 51
    188 88 87 36 120 129 207 222 90 0 91 100 199 115 144 44 200 22 183
    238 171 239 162 173 45 7 200 53 179 195 87 17 72 173 10 154 48 240
    70 112 242 64 84 87 244 118 191 56 55 30 86 116 236 193 161 102 84
    72 31 163 12 145 248 33 44 93 116 3 185 220 41 243 181 208 163 122
    231 64 161 215 54 210 194 146 82 122 139 115 199 255 173 195 215 158
    122 254 239 64 140 242 170 207 39 69 191 27 56 237 92 120 92 181 43
    229 61 167 111 157 172 9 67 240 93 28 65 64 251 51 185 24 119 161
    234 86 35 163 181 40 130 170 231 132 170 211 6 193 192 19 2 124 137
    99 211 206 167 70 215 156 26 182 238 0 148 163 218 71 60 71 174 89
    40 224 68 104 64 49 174 193 101 131 111 153 172 24 3 240 29 28 81 0
    243 19 181 104 87 96 122 28 26 143 229 60 177 248 126 16 185 214 81
    194 16 131 3 0 93 161 43 192 5 206 219 45 138 128 134 92 69 53 79
    127 144 184 40 118 253 168 19 209 52 235 6 171 5 81 107 26 248 57
    151 241 188 188 76 68 18 183 203 65 31 4 255 4 34 131 35 8 66 170
    135 196 186 66 21 17 6 155 224 10 0 129 66 193 35 206 30 8 136 46
    129 6 136 51 222 101 134 111 179 49 182 13 22 137 96 16 10 66 196 1
    240 57 44 126 1 149 4 164 64 128 96 11 140 76 7 32 176 4 32 129 160
    24 160 160 102 0 0 66 84 64 0 145 0 66 76 1 64 192 0 202 89 12 136 0
    3 82 12 49 79 85 134 29 154 0 248 9 22 1 96 16 2 64 4 97 195 24 60
    25 4 112 16 140 8 0 32 35 136 72 7 32 244 195 20 144 18 205 130 3 24
    162 37 0 67 174 75 2 21 102 231 36 51 194 47 171 111 2 146 119 46
    146 9 65 103 87 175 24 21 66 12 111 198 65 64 8 203 137 88 189 151 0
    20 16 4 36 162 140 227 25 48 48 31 208 85 16 248 20 26 143 225 60
    178 240 126 16 185 214 85 194 17 3 3 8 77 185 43 192 69 206 217 45
    138 8 134 124 69 1 79 191 144 176 40 118 251 168 49 208 52 171 6 225
    5 81 107 26 216 41 149 241 253 253 76 71 18 183 203 64 23 68 223 132
    239 199 25 32 17 172 231 97 186 40 138 94 177 47 170 193 136 33 235
    4 192 100 178 89 13 165 184 41 4 56 82 253 36 68 170 88 120 161 224
    118 94 56 63 214 182 83 108 153 168 28 5 240 29 157 76 16 242 19 180
    88 82 98 251 204 239 207 89 32 91 36 247 105 176 46 136 90 181 239
    170 137 136 173 235 77 224 100 178 73 79 145 178 105 6 58 82 249 0
    65 168 89 122 233 224 246 30 56 55 212 182 119 110 153 173 12 5 240
    29 153 76 22 242 19 181 88 82 98 251 19 18 136 130 4 16 0 54 2 34 20
    20 0 16 0 18 68 196 0 160 192 32 192 67 12 128 160 8 18 8 17 105 23
    36 144 186 86 120 1 64 208 64 24 12 208 4 193 79 27 44 25 5 240 24
    156 73 0 114 51 152 72 23 36 251 125 182 255 37 254 183 187 248 218
    191 210 127 237 91 139 81 254 239 251 114 249 103 203 252 238 124
    253 255 222 95 247 255 223 44 221 191 223 185 233 125 120 92 123 174
    213 33 243 127 187 238 24 7 240 61 156 65 86 246 183 189 250 215 96
    254 21 18 153 130 8 16 0 38 2 34 20 20 4 18 130 18 110 194 0 32 192
    0 192 67 136 128 224 74 0 8 145 105 85 4 144 170 82 88 1 80 208 0 8
    4 208 4 192 77 147 44 25 5 176 25 156 73 0 114 51 152 88 19 96 251
    133 2 0 33 200 128 162 196 0 43 32 68 192 65 1 33 68 40 7 192 201
