<?xml version="1.0"?>
<opencv_storage>
<ImageFile>"452.jpg"</ImageFile>
<Features type_id="opencv-matrix">
  <rows>35</rows>
  <cols>64</cols>
  <dt>u</dt>
  <data>
    252 254 255 255 254 255 255 251 255 255 253 251 255 255 255 252 251
    213 127 111 125 223 183 125 255 255 255 63 255 95 126 191 243 101
    125 255 214 127 253 245 255 223 123 63 223 142 253 125 141 173 94
    141 250 191 159 77 216 246 123 157 95 95 42 191 252 255 255 253 122
    127 255 255 253 253 252 189 95 255 255 238 251 221 255 107 253 253
    254 191 223 255 183 191 125 215 127 255 251 39 117 251 215 127 253
    244 254 95 251 62 223 183 215 239 157 173 95 141 250 31 159 77 212
    246 123 253 95 86 35 255 251 252 127 239 255 191 223 153 255 127 253
    251 191 126 246 253 247 247 126 115 255 255 179 124 254 255 255 127
    255 123 255 255 215 237 158 223 218 117 249 255 87 223 127 63 217 30
    252 29 141 183 22 13 234 191 159 109 56 246 121 191 255 223 62 185
    252 255 255 253 122 127 253 255 253 253 254 191 95 255 255 238 251
    221 255 111 253 253 254 191 223 255 183 191 125 223 126 255 243 103
    119 251 215 127 253 244 254 95 251 62 223 183 215 239 157 173 94 133
    250 31 159 77 212 246 123 253 95 86 35 255 249 253 255 255 255 63
    255 255 253 255 252 187 255 251 255 239 243 245 127 103 125 167 183
    55 95 235 189 191 219 220 126 187 243 37 86 187 83 114 225 252 218
    94 24 14 209 23 195 79 153 172 24 5 240 29 157 73 16 242 51 189 88
    86 34 249 253 255 255 255 254 127 255 255 253 255 254 191 255 255
    255 254 251 213 123 110 125 223 231 191 223 239 255 191 255 95 126
    191 243 101 85 255 214 119 245 125 254 95 251 62 223 167 201 255 157
    173 94 133 250 63 159 77 216 246 123 157 95 78 34 181 255 253 255
    255 255 247 255 254 255 255 252 251 255 254 255 254 251 215 127 103
    253 167 231 55 207 239 255 47 219 95 254 251 247 37 85 255 82 117
    233 244 114 94 56 62 213 22 209 111 153 172 26 5 240 29 157 73 16
    242 51 189 88 87 34 251 251 222 255 255 255 255 159 217 255 127 121
    251 191 255 254 253 255 215 61 103 204 167 167 124 79 223 255 63 215
    27 115 127 211 37 84 255 82 117 233 244 114 94 56 63 213 30 253 125
    153 173 24 5 240 29 157 73 16 242 51 189 92 87 32 250 252 221 238
    253 110 255 253 183 61 253 255 207 223 252 127 238 189 251 251 255
    255 255 254 251 251 127 247 246 109 247 254 247 207 251 99 101 255
    223 254 123 123 189 247 127 255 255 255 251 255 219 239 223 255 255
    187 220 127 223 255 255 243 251 223 222 252 59 247 245 126 119 249
    254 221 253 254 191 111 255 219 238 251 221 251 111 125 175 238 191
    159 239 183 183 255 223 118 255 107 47 117 255 215 255 245 253 249
    92 243 190 239 163 203 255 175 173 255 217 248 190 159 85 228 252
    123 219 255 134 33 182 252 63 255 252 114 63 117 127 253 244 254 147
    95 252 254 206 242 221 123 111 124 191 242 183 95 234 164 156 121
    212 124 233 251 36 84 186 87 122 209 252 218 95 56 47 217 55 199 78
    153 172 25 13 240 29 157 73 16 242 51 189 90 86 34 251 252 47 255
    252 114 63 117 255 245 244 246 147 95 248 190 206 242 221 123 103
    124 189 194 179 95 234 180 156 249 212 124 233 223 38 84 186 87 122
    209 252 250 95 56 47 209 55 199 78 153 172 25 5 240 29 157 73 16 242
    51 189 88 86 34 251 253 254 247 247 255 231 251 251 252 253 234 251
    239 251 243 237 235 213 127 111 253 143 239 125 111 255 191 47 223
    15 51 255 247 39 125 251 82 253 253 246 113 92 122 63 221 28 253 181
    141 172 24 21 240 191 156 73 80 252 51 189 92 87 32 250 125 37 247
    150 89 103 35 255 212 236 196 55 243 235 147 70 234 221 99 103 241
    167 195 247 90 123 180 174 80 140 51 235 223 36 85 186 83 120 233
    124 120 92 56 175 213 53 247 111 153 172 24 5 240 28 156 73 16 242
    51 189 88 87 32 250 93 33 215 150 89 99 35 254 212 172 192 55 243
    235 147 66 234 221 99 102 249 167 195 247 74 123 180 172 80 142 50
    235 223 36 85 186 83 120 233 124 120 92 56 47 213 53 247 111 153 172
    24 5 240 29 156 73 16 242 51 189 88 87 32 250 57 213 124 222 39 157
    93 57 255 68 173 234 189 125 124 93 255 178 102 241 247 118 81 246
    241 119 245 120 123 254 223 225 222 124 195 190 202 88 248 121 126
    223 61 175 245 113 247 111 153 174 136 15 242 29 219 93 56 243 115
    189 251 219 46 218 249 189 255 151 218 199 187 247 222 253 92 223
    255 238 179 126 255 215 119 103 221 167 231 247 223 255 189 47 211
    142 243 123 215 36 85 190 82 120 233 124 112 92 56 46 213 52 245 111
    153 172 24 5 240 29 156 73 16 242 51 189 88 87 32 250 252 253 255
    253 114 119 251 255 223 255 245 251 95 250 191 254 191 223 250 111
    63 253 230 191 191 127 255 255 121 255 246 191 223 19 53 255 215 253
    254 127 120 253 255 127 191 61 127 190 255 138 255 255 217 255 180
    254 213 253 121 123 255 61 153 254 254 57 255 247 255 231 251 239
    238 239 209 254 255 234 179 94 255 215 59 103 207 175 231 127 206
    219 255 111 210 143 242 191 87 37 85 255 82 125 237 118 112 76 56 46
    219 28 249 63 157 172 24 5 240 29 156 73 16 242 49 189 92 87 32 250
    229 37 179 20 0 71 81 239 194 196 133 148 83 224 147 78 235 85 35
    103 26 175 230 135 30 203 148 13 67 140 18 40 199 39 37 186 2 104 75
    92 48 72 60 163 221 60 161 238 25 172 89 21 240 24 20 73 24 242 49
    185 88 85 33 250 254 57 255 247 255 231 251 255 206 231 209 254 255
    234 179 94 254 215 59 103 207 175 231 127 206 219 254 111 210 13 242
    175 215 39 85 255 82 125 237 118 112 88 56 47 217 28 249 191 157 172
    24 5 240 63 156 73 80 246 49 189 92 87 48 250 125 63 247 245 118 39
    121 255 212 252 208 51 127 234 147 78 250 253 123 103 127 175 214
    183 158 234 182 157 88 220 116 169 75 47 39 191 223 124 85 124 124
    77 183 142 201 49 195 238 191 172 153 201 242 28 156 81 104 246 115
    219 122 214 41 250 252 57 255 246 118 103 123 255 212 252 213 179
    127 250 150 78 251 221 123 111 127 175 231 183 79 235 190 173 83 204
    54 233 223 39 53 187 87 124 229 116 120 92 185 47 219 61 247 110 157
    172 25 133 240 29 156 73 80 242 51 249 88 87 32 251 77 37 231 180 95
    103 35 127 180 228 212 55 217 233 179 71 232 125 99 242 241 39 210
    243 30 122 180 206 80 148 51 235 223 44 87 186 91 120 105 124 120 92
    60 175 197 117 247 111 153 172 24 5 240 28 156 73 24 242 51 189 88
    87 32 250 255 254 254 255 255 255 159 153 254 125 189 251 191 255
    246 253 255 247 127 247 253 167 183 116 215 255 253 111 215 27 243
    191 239 45 86 255 90 115 233 252 90 94 56 191 209 119 253 125 153
    173 24 5 240 29 157 73 16 242 51 189 88 87 34 249 250 223 239 255
    246 255 255 255 253 255 255 159 255 252 255 238 251 213 127 111 126
    223 246 53 95 255 191 63 255 91 126 187 243 37 85 251 82 127 253 244
    242 95 120 62 223 158 221 189 157 173 30 5 250 31 159 77 16 246 57
    189 93 86 34 251 55 54 113 2 63 144 9 76 230 62 147 52 109 43 161 85
    242 246 3 240 193 34 209 119 196 136 228 75 18 28 225 107 85 44 87
    190 90 56 161 84 228 84 24 142 208 64 193 79 153 172 24 5 240 29 156
    73 16 242 51 188 88 87 32 250 55 50 113 162 31 144 9 72 230 58 146
    52 109 11 161 85 242 246 3 112 193 34 193 119 196 136 224 11 82 28
    241 107 87 44 87 190 90 120 161 116 112 68 24 14 208 84 225 79 153
    172 24 5 240 29 156 73 16 242 51 188 88 87 32 250 252 254 255 253
    122 127 243 255 253 253 222 255 127 255 219 238 251 221 251 107 253
    255 254 191 255 239 182 183 109 223 127 255 255 103 103 254 215 251
    253 124 255 95 251 182 253 167 219 239 175 173 239 217 250 31 159 93
    108 254 123 223 219 15 47 255 115 22 209 34 223 178 3 24 226 98 146
    38 172 75 35 21 230 247 1 240 192 39 211 116 198 152 248 77 146 24
    225 105 87 44 213 190 90 120 1 84 68 64 24 140 193 64 225 77 152 172
    24 5 240 29 156 73 16 114 51 189 88 87 32 250 247 252 251 191 255
    222 223 201 254 255 61 251 191 251 222 252 255 215 53 103 205 167
    167 119 223 223 253 111 211 27 243 123 247 36 85 190 82 121 233 252
    114 94 56 175 213 22 245 111 153 172 24 5 240 29 156 73 16 242 51
