<?xml version="1.0"?>
<opencv_storage>
<ImageFile>"453.jpg"</ImageFile>
<Features type_id="opencv-matrix">
  <rows>174</rows>
  <cols>64</cols>
  <dt>u</dt>
  <data>
    193 148 142 23 77 98 211 182 16 189 4 207 130 137 6 11 109 103 189
    135 72 143 238 168 42 127 155 38 217 3 34 103 223 35 177 113 23 141
    110 97 112 104 42 63 155 48 61 241 57 200 122 149 213 250 156 194 87
    184 39 27 148 85 4 238 251 253 255 255 126 255 223 255 255 255 245
    251 255 251 182 95 251 247 123 127 254 127 242 127 255 235 246 191
    127 249 127 239 215 111 182 255 222 125 251 255 94 223 255 111 219
    60 253 127 189 172 26 207 240 189 156 93 120 246 115 255 251 223 171
    255 120 190 255 253 126 255 251 251 253 255 214 255 255 124 255 238
    254 253 251 123 244 127 210 255 249 126 246 246 124 215 127 239 207
    121 215 189 223 123 248 125 248 93 255 47 247 55 247 111 191 174 152
    15 242 61 157 93 118 246 119 191 251 223 42 254 187 221 124 238 39
    125 221 59 255 220 127 201 63 61 124 255 255 246 102 249 116 114 181
    55 249 191 229 88 127 242 254 249 232 108 99 244 255 90 216 249 251
    223 63 191 214 247 246 110 169 171 215 15 248 29 191 93 184 243 127
    252 115 222 46 187 199 2 128 182 217 162 34 74 32 41 0 103 162 203
    130 1 106 77 165 68 200 13 138 115 6 218 24 39 146 10 34 69 87 39 84
    187 49 120 109 68 65 64 24 11 201 1 253 199 24 36 24 4 241 26 156 9
    16 50 51 157 72 87 48 122 183 185 219 87 63 208 217 238 222 187 85
    255 179 202 131 122 123 214 48 11 207 175 231 79 175 147 246 43 83
    43 119 126 199 164 53 254 118 125 235 119 112 92 225 110 187 20 185
    127 219 174 26 133 240 29 188 65 16 242 59 251 124 21 32 254 253 221
    255 221 123 127 247 255 61 253 238 223 95 252 251 239 175 253 251
    111 244 253 254 243 123 111 24 246 125 87 126 255 255 115 113 112
    215 219 252 61 123 61 255 54 253 183 127 235 189 184 239 253 219 255
    153 76 119 220 239 239 211 127 135 222 69 1 213 20 17 163 35 126 16
    160 196 53 0 145 131 3 106 93 129 70 192 37 194 243 8 136 144 4 80 0
    33 73 95 36 21 186 16 120 65 84 80 64 24 6 97 5 225 111 25 44 24 5
    240 28 156 73 16 242 51 157 72 7 32 250 42 230 109 138 222 189 133
    55 245 92 124 117 61 127 125 229 211 212 65 176 209 82 157 255 122
    172 4 7 255 217 57 223 229 238 223 178 127 114 41 180 215 87 78 142
    84 182 212 203 185 61 157 12 246 5 143 89 30 226 38 188 218 95 46
    253 178 207 214 223 235 93 212 139 111 209 63 202 191 247 107 252
    231 147 44 123 70 220 165 114 123 215 113 58 175 154 30 58 242 102
    80 218 82 93 251 246 119 95 104 63 220 142 220 165 205 173 20 149
    218 15 143 79 17 244 48 61 92 93 0 184 205 207 198 217 226 91 228
    246 57 249 110 203 154 243 235 202 139 217 189 111 78 221 238 179 75
    95 155 54 237 66 58 31 223 35 117 243 81 253 253 116 116 125 120 55
    221 28 95 243 157 173 60 181 211 95 157 204 17 252 51 189 93 85 1
    250 235 220 238 111 255 255 223 137 63 125 173 235 190 123 102 253
    239 247 61 247 255 143 191 124 119 223 123 63 215 31 255 55 231 239
    94 219 210 119 253 254 211 222 120 255 217 95 220 149 205 189 86 13
    248 183 135 107 144 244 241 189 222 95 58 185 129 135 130 37 193 226
    160 150 32 29 0 67 130 25 2 1 108 107 165 133 96 13 106 65 2 123 25
    102 188 4 130 5 151 115 112 32 53 8 108 32 101 0 58 163 201 64 63
    228 56 208 73 48 213 66 24 129 39 25 6 133 0 115 4 74 69 239 215 24
    0 86 172 231 33 206 41 128 92 165 155 170 235 200 33 102 68 225 68
    178 221 205 165 216 9 14 58 91 245 4 69 170 80 112 233 108 38 94 56
    46 86 150 213 110 153 172 24 5 240 29 148 73 136 242 19 189 88 86 98
    242 75 198 76 142 250 31 23 69 55 116 45 140 28 191 190 253 226 244
    25 104 200 193 184 56 110 136 168 31 255 9 57 109 241 36 20 250 66
    115 129 246 146 219 88 30 80 150 196 76 145 37 94 4 104 29 151 9 144
    246 43 156 88 70 34 249 104 78 108 136 251 159 23 87 61 116 46 141
    29 189 253 239 226 212 25 104 216 80 188 49 127 136 136 29 127 89 29
    109 240 100 22 250 66 115 133 246 150 223 88 30 80 134 192 204 133
    37 86 4 56 29 135 13 24 230 43 156 89 14 34 249 222 127 187 245 252
    246 250 195 24 255 233 219 195 192 147 59 107 205 61 111 110 141 238
    25 14 223 187 239 210 39 50 191 99 167 61 251 83 253 237 246 120 104
    184 127 219 13 251 181 221 173 28 181 201 254 156 105 208 252 49 159
    92 86 49 178 205 33 231 177 16 99 160 254 16 185 194 55 194 133 131
    98 235 77 227 71 121 133 238 147 10 127 145 162 208 6 34 219 127 34
    117 186 21 120 109 116 120 68 58 38 205 53 115 237 25 172 24 21 240
    30 28 73 20 176 51 185 72 23 32 250 211 223 214 221 238 205 222 209
    107 231 57 202 222 101 118 185 237 215 60 231 142 109 167 104 207
    215 191 126 147 47 191 55 215 117 93 155 90 125 250 247 119 94 41 47
    245 30 253 55 157 140 16 39 240 253 156 107 89 247 48 189 92 87 50
    251 116 48 147 151 217 130 139 120 206 39 131 118 227 202 146 113 98
    85 59 70 203 47 203 77 14 202 190 47 18 9 51 111 71 167 93 155 2 253
    109 86 177 64 64 11 201 12 185 179 157 172 24 37 241 252 156 227 80
    58 179 185 200 23 48 254 255 254 255 247 254 191 223 249 255 255 127
    251 159 122 246 253 243 245 126 111 254 255 190 124 111 255 191 63
    255 123 127 255 247 229 252 219 214 255 253 247 215 223 239 63 219
    30 221 49 141 189 94 165 251 191 159 111 216 254 113 191 223 95 54
    191 204 33 131 181 80 99 168 254 0 171 192 23 194 192 131 34 107 77
    33 71 104 141 230 147 14 223 179 166 192 6 50 155 95 39 117 187 17
    108 109 84 120 64 60 47 207 21 243 239 25 172 24 5 240 30 28 73 0
    178 51 185 76 87 32 250 250 204 239 223 238 127 213 183 125 253 126
    223 31 252 127 236 239 213 121 43 252 221 239 59 123 239 58 54 255
    211 62 255 245 231 125 113 87 247 253 182 215 253 239 62 221 142 125
    241 221 13 95 157 223 191 159 207 217 244 107 127 215 13 2 254 243
    29 211 214 113 6 217 207 198 229 5 211 55 202 146 94 110 215 48 103
    134 175 231 103 14 202 182 15 82 40 50 111 215 39 52 187 82 124 251
    212 81 104 184 106 235 28 209 239 217 172 24 213 240 26 156 75 17
    242 115 191 88 117 161 250 247 61 219 214 49 70 217 111 198 197 21
    244 55 202 146 94 127 215 52 111 135 47 231 103 143 219 247 111 82
    42 246 105 215 39 52 159 82 124 251 85 80 72 185 107 187 28 245 110
    217 172 56 213 240 28 180 73 17 242 115 251 88 53 161 250 243 29 211
    214 49 70 217 207 198 229 5 215 55 202 146 94 126 215 52 103 134 47
    226 103 143 202 246 79 82 40 242 111 215 39 52 191 18 124 251 212 81
    104 185 107 171 28 241 111 217 172 24 213 240 28 156 73 17 242 115
    187 88 53 161 250 107 205 206 223 247 203 223 140 127 249 63 175 190
    238 111 239 171 183 56 183 205 191 215 119 67 207 186 55 123 123 62
    35 215 37 85 179 243 123 250 125 242 125 124 47 213 22 245 111 157
    174 24 5 241 29 157 203 24 247 63 189 89 87 50 250 194 11 130 149
    238 6 138 131 6 103 59 66 131 192 18 44 116 193 100 215 78 133 54 2
    30 195 189 42 130 152 50 18 226 44 70 187 90 36 224 196 194 88 16
    158 209 94 129 13 153 172 24 1 112 31 157 83 16 240 17 52 92 84 32
    249 252 255 255 253 254 255 255 249 61 255 125 219 223 253 246 237
    235 221 61 111 124 205 166 121 111 223 187 63 255 75 62 191 243 101
    92 251 82 119 253 244 210 94 120 63 217 30 253 181 157 173 30 5 248
    63 159 73 16 244 49 189 92 87 34 187 250 253 238 255 191 189 223 185
    255 255 253 250 191 123 118 127 180 247 126 251 191 255 243 126 253
    247 247 127 127 255 255 250 223 252 206 255 255 125 250 255 90 223
    235 253 243 127 247 63 191 255 152 207 252 189 255 125 88 247 247
    255 255 251 250 191 3 4 0 36 37 128 28 0 2 34 1 64 0 9 0 19 4 10 4
    209 128 34 192 66 0 0 224 74 16 36 161 64 80 48 16 32 3 8 0 195 64
    128 25 136 162 0 130 79 17 194 16 5 100 8 248 1 19 19 51 148 32 18
    32 104 66 0 128 147 207 130 2 0 64 99 18 6 176 194 3 0 104 17 33 212
    200 165 195 65 10 216 184 46 130 136 51 75 87 36 85 186 90 104 105
    84 112 64 20 11 197 20 245 79 153 172 24 5 240 28 156 65 16 242 51
