<?xml version="1.0"?>
<opencv_storage>
<ImageFile>"454.jpg"</ImageFile>
<Features type_id="opencv-matrix">
  <rows>386</rows>
  <cols>64</cols>
  <dt>u</dt>
  <data>
    109 207 237 184 2 127 37 127 165 230 238 128 95 189 252 206 139 56
    99 105 182 215 80 179 85 109 133 148 105 212 60 201 201 6 99 170 192
    120 241 104 62 191 124 167 86 247 119 234 153 160 188 28 226 29 151
    28 56 226 99 189 91 214 104 250 109 141 237 184 2 127 37 119 165 102
    236 128 89 189 188 206 139 56 227 105 182 115 88 179 93 109 133 132
    105 212 56 201 207 6 67 170 129 104 241 104 62 191 60 167 86 119 119
    234 153 160 168 28 226 29 151 28 57 226 107 189 91 214 73 250 41 140
    239 139 11 253 165 127 253 214 78 148 61 61 187 228 203 244 97 96
    240 83 222 53 93 237 16 0 123 208 59 235 213 100 85 186 82 114 233
    124 116 93 124 46 84 148 117 108 153 172 24 13 242 29 156 73 24 226
    43 189 90 95 40 250 92 59 155 246 34 115 248 119 86 186 87 145 87
    210 145 90 126 203 227 207 247 45 197 151 139 27 231 220 64 228 244
    234 79 62 37 182 223 60 242 117 120 124 177 111 251 165 147 111 187
    174 185 211 240 29 156 81 7 243 123 219 121 51 225 250 41 140 239
    139 19 253 165 127 253 212 222 149 125 61 187 236 203 244 99 96 240
    83 222 117 125 237 16 32 123 208 59 235 213 100 85 186 82 114 233
    124 116 93 124 46 85 148 117 108 153 172 24 13 242 29 156 77 56 226
    43 189 91 95 40 250 187 253 254 142 55 79 217 175 255 213 29 255 63
    62 182 254 255 214 32 59 149 87 247 119 253 223 240 59 123 123 222
    107 151 108 117 254 210 120 233 125 114 221 61 47 149 20 245 111 153
    172 27 13 240 29 156 77 56 242 51 189 91 95 38 250 178 61 251 150 55
    71 217 175 214 237 149 245 63 138 50 94 254 151 34 211 197 7 231 119
    157 203 244 79 82 185 246 107 199 44 5 190 218 120 233 124 80 92 49
    46 209 20 177 111 153 172 24 5 240 29 156 65 16 242 51 189 88 23 32
    250 194 203 138 221 230 211 218 177 26 251 55 202 146 144 123 138 13
    219 60 143 14 157 239 217 43 87 187 102 213 103 150 54 215 179 249
    97 91 221 238 51 240 60 225 127 191 140 123 177 223 201 62 247 221
    239 184 234 83 221 56 95 85 121 81 255 251 221 238 223 127 95 223
    175 191 255 60 219 191 252 127 254 255 213 125 103 220 215 247 55 95
    255 191 63 91 219 126 123 243 37 85 251 82 125 237 252 114 94 56 47
    213 30 245 111 157 172 26 5 240 29 156 73 16 246 51 189 88 87 34 251
    190 50 97 167 255 176 139 57 204 59 243 115 237 75 128 84 114 197 7
    210 233 39 139 124 140 222 249 175 214 30 99 254 87 172 221 190 95
    56 233 87 108 68 51 175 197 1 190 127 154 188 24 1 240 157 156 73 0
    242 19 157 88 87 32 126 186 249 127 222 54 31 221 187 255 213 63 250
    255 122 124 252 244 247 126 191 119 246 177 246 251 119 245 123 255
    251 222 184 250 108 198 254 222 91 250 253 250 223 253 63 208 118
    244 111 175 175 135 207 250 29 219 93 56 247 112 63 123 221 110 153
    192 1 130 23 201 66 2 166 2 161 32 7 146 192 3 34 110 147 33 71 76
    173 231 19 10 203 184 46 210 0 50 58 243 39 85 187 82 96 101 244 112
    84 48 14 201 28 129 110 153 172 24 5 240 28 156 65 16 242 51 189 88
    86 32 250 58 214 93 142 46 223 159 33 247 92 62 197 29 54 125 244
    247 214 192 160 212 112 145 231 249 164 101 92 47 251 221 123 165
    120 75 20 255 66 168 233 247 223 79 13 180 150 244 79 179 185 143 15
    190 5 155 93 46 83 62 172 115 207 110 253 45 230 125 168 248 189 39
    80 41 126 162 10 204 57 253 69 194 253 129 96 240 112 24 112 68 188
    169 165 124 4 57 193 215 4 215 170 80 122 161 116 246 94 24 5 84 150
    246 79 152 172 24 4 242 29 159 73 16 242 51 188 88 215 42 241 40 174
    237 136 2 221 161 119 245 222 94 148 89 60 249 230 203 212 67 104
    240 80 220 245 93 169 12 132 105 220 57 201 197 4 71 186 82 122 9
    124 180 85 52 174 84 182 116 238 155 44 152 12 242 29 141 92 16 226
    43 188 91 215 42 242 58 50 109 243 255 189 255 121 252 127 215 122
    253 88 240 85 210 245 95 115 252 119 155 126 44 254 243 191 86 119
    117 251 95 172 223 190 210 121 233 119 120 93 115 45 213 5 245 127
    159 191 24 5 242 157 222 89 16 242 179 159 248 159 44 254 107 222
    239 255 255 189 255 89 253 255 172 235 255 121 252 93 243 245 127
    123 252 127 219 125 101 255 123 55 127 127 119 239 215 239 255 59
    242 253 253 55 127 127 106 111 223 85 125 51 252 254 24 13 247 181
    190 109 56 246 247 191 219 223 190 255 58 253 239 186 54 125 125 39
    229 198 125 184 127 186 255 222 251 244 99 251 55 242 245 55 221 175
    165 185 123 220 252 233 224 44 70 190 219 120 177 252 190 95 61 47
    214 119 215 110 155 172 158 13 114 29 149 93 152 242 123 188 123 214
    42 251 28 47 214 252 40 187 108 99 97 248 106 145 92 243 169 66 230
    139 225 235 247 45 65 243 217 78 163 214 104 196 181 198 223 50 101
    176 85 120 241 108 124 124 184 103 245 149 247 111 153 172 24 71 242
    29 153 73 7 243 83 183 88 119 161 122 59 213 124 126 63 157 221 9
    183 127 165 234 190 122 36 93 244 179 38 147 245 118 83 103 245 182
    225 123 122 127 221 99 143 252 199 182 242 88 250 125 126 223 111
    233 244 113 247 111 185 238 152 15 246 29 216 85 58 179 247 191 187
    251 174 75 7 134 0 34 141 184 162 0 40 17 6 103 128 27 0 1 72 171
    129 145 193 39 75 112 64 24 25 39 20 6 129 67 159 32 81 176 113 24
    233 36 225 20 58 135 193 65 246 111 152 236 24 4 244 5 152 65 50 211
    55 181 64 83 36 74 16 19 223 144 48 179 40 126 66 178 209 18 198 145
    130 18 110 205 33 99 192 37 194 243 140 138 240 204 80 4 176 105 95
    4 21 186 80 120 97 84 112 64 57 47 225 4 241 111 155 172 25 5 240 28
    156 73 0 242 51 157 88 23 32 250 58 50 125 247 191 181 219 249 222
    191 211 127 237 72 145 84 242 213 70 51 253 42 199 124 172 186 231
    59 94 127 245 254 111 172 157 190 254 57 233 119 120 76 227 14 242
    37 153 127 186 190 24 3 240 157 156 81 4 242 183 219 250 23 32 182
    210 145 138 150 79 130 146 7 54 225 21 71 174 201 34 29 236 215 37
    243 192 39 227 115 70 218 240 110 82 24 179 98 215 44 84 186 90 120
    233 244 80 92 56 47 209 20 245 111 153 172 24 5 240 29 156 73 16 242
    51 189 88 87 32 250 43 150 109 136 63 253 147 121 245 126 158 117
    253 125 124 101 224 244 67 114 244 114 208 118 93 170 164 27 122 94
    127 235 215 44 87 186 90 122 233 116 242 93 24 15 212 54 245 111 153
    172 24 5 240 29 156 73 16 242 51 189 88 87 34 248 58 50 121 247 191
    181 219 249 222 187 211 127 237 74 145 84 250 215 70 19 253 42 199
    124 140 186 247 187 90 127 245 254 111 172 156 191 254 57 233 119 88
    76 227 14 227 37 153 127 187 174 24 3 240 157 156 81 132 242 183 219
    254 23 32 182 210 17 146 214 103 131 88 6 6 1 21 67 190 194 34 26
    124 147 32 151 78 47 195 67 130 82 242 110 18 168 212 32 215 60 0
    182 91 72 226 116 112 88 181 75 209 20 181 111 153 174 24 5 240 24
    152 73 17 115 51 185 56 117 160 234 42 205 238 254 39 127 220 55 53
    254 95 197 27 188 125 238 137 89 113 251 244 87 209 251 121 126 130
    150 125 247 60 235 223 120 211 32 223 126 248 57 120 125 255 47 215
    53 247 107 191 234 153 143 242 29 156 92 27 227 127 253 115 251 10
    254 51 21 8 150 39 143 30 3 39 68 29 0 28 126 52 21 116 178 0 176
    208 114 209 99 80 130 224 92 50 248 221 97 134 60 66 164 195 72 130
    105 64 159 29 137 148 84 229 79 145 162 153 13 50 9 219 89 57 115 50
    181 50 210 46 200 130 3 146 195 201 128 130 0 10 3 2 66 130 66 32 17
    100 131 44 134 198 45 11 65 2 86 123 110 150 10 130 17 22 167 88 1 1
    76 110 2 97 64 0 73 193 12 253 151 208 220 16 36 166 64 136 235 3 89
    18 37 64 113 17 40 38 244 104 138 159 136 13 73 167 74 185 48 61 46
    164 85 194 84 4 48 129 114 137 108 108 128 32 9 147 57 29 105 16 228
    156 154 34 114 3 150 134 194 76 9 18 22 196 29 3 52 16 4 42 16 231
    41 152 34 40 56 28 92 34 177 35 134 108 139 151 221 135 13 239 70 58
    44 57 62 127 229 203 116 1 176 80 82 223 36 85 129 24 41 183 152 27
    9 212 108 223 154 74 114 13 56 182 85 28 45 84 214 116 4 147 44 30
    12 146 29 197 25 152 96 40 60 88 223 42 240 175 254 108 235 255 189
