<?xml version="1.0"?>
<opencv_storage>
<ImageFile>"455.jpg"</ImageFile>
<Features type_id="opencv-matrix">
  <rows>94</rows>
  <cols>64</cols>
  <dt>u</dt>
  <data>
    254 253 255 255 255 255 223 251 255 253 253 251 255 254 254 254 255
    247 254 63 255 255 243 127 255 255 255 127 255 251 254 191 215 239
    254 247 246 255 255 255 127 223 239 127 191 63 253 183 239 191 191
    255 255 247 191 255 124 255 255 127 255 253 191 255 43 212 124 170
    223 45 7 24 191 124 172 171 61 59 236 245 246 246 1 112 240 194 153
    116 116 169 105 27 255 89 121 111 145 100 86 254 115 114 161 252 247
    223 90 159 84 211 244 69 137 37 94 12 248 31 143 73 56 244 43 188
    218 198 38 249 59 214 116 174 255 172 7 24 191 124 172 43 173 59 108
    117 246 246 1 112 240 98 153 116 84 168 233 59 251 89 249 103 177
    108 86 190 243 112 161 252 246 94 26 143 208 83 244 77 152 164 24 13
    240 29 157 73 56 242 51 188 218 198 38 249 60 246 253 172 54 255 191
    125 255 220 221 249 93 61 189 220 255 252 195 105 244 113 210 247
    253 237 228 221 127 220 125 233 213 100 215 190 214 122 185 125 127
    223 127 167 244 182 245 110 191 188 159 15 242 29 159 93 60 246 123
    252 251 223 46 251 58 241 253 254 55 189 221 47 215 244 245 241 61
    122 188 94 255 214 96 123 214 126 193 119 253 159 227 59 123 249 253
    235 151 44 87 190 254 120 251 117 112 223 245 111 244 20 245 111 155
    174 153 15 242 29 156 93 24 242 115 251 123 95 168 254 19 214 24 55
    63 176 154 8 18 187 51 66 172 91 64 21 102 214 4 211 196 34 129 122
    4 154 225 107 82 40 225 123 215 36 84 186 82 120 232 245 208 94 56
    15 208 20 209 79 153 172 24 5 240 29 157 73 16 242 51 189 88 87 32
    251 60 49 125 244 54 53 249 124 212 190 215 182 93 74 179 86 52 254
    66 123 245 114 194 214 189 42 230 219 88 245 245 235 239 28 135 174
    223 122 192 121 216 93 247 12 242 53 131 111 187 174 153 67 240 29
    92 81 52 179 123 251 251 147 106 251 60 49 125 244 54 53 121 124 212
    190 215 182 253 12 179 114 54 252 194 107 245 114 194 214 141 170
    230 219 88 245 245 235 111 28 150 174 223 122 208 253 216 205 215 46
    242 53 131 111 187 174 153 67 240 29 92 85 60 179 123 251 251 150
    110 255 51 22 81 230 189 176 153 8 198 91 17 115 165 74 128 85 102
    214 4 82 192 46 129 126 12 154 227 43 86 40 97 111 87 164 28 154 82
    120 161 215 65 72 24 15 192 4 209 95 136 165 24 5 96 20 158 73 16
    242 51 157 88 23 32 185 58 149 125 222 54 221 89 45 247 230 23 212
    29 126 188 86 255 214 64 99 214 50 194 119 93 154 166 27 82 251 117
    107 215 36 85 190 210 122 233 124 112 221 61 47 212 20 245 111 153
    172 24 5 240 29 156 73 16 242 51 189 89 87 32 250 150 249 219 246 54
    144 88 10 83 131 117 250 150 194 132 90 58 214 36 75 143 60 224 75
    173 147 243 123 82 43 180 41 210 182 188 218 202 125 242 247 112 234
    181 105 178 20 245 63 211 170 48 199 104 17 188 108 17 179 113 251
    125 117 225 187 44 38 109 160 26 61 33 127 180 92 214 53 93 62 185
    68 226 220 67 96 241 114 208 115 92 168 164 137 120 220 57 233 213
    36 87 186 82 114 129 116 248 85 24 14 84 20 225 79 153 44 24 5 240
    29 156 73 16 242 51 188 88 86 32 248 125 190 255 253 255 255 251 253
    253 253 214 255 253 127 187 207 251 253 251 107 253 127 223 255 253
    255 254 191 126 223 127 239 223 111 87 191 214 251 253 126 124 93
    122 174 213 181 255 127 189 172 24 13 240 61 156 77 112 246 243 189
    218 87 40 254 252 233 255 221 50 95 249 255 223 212 255 189 87 246
    251 238 187 213 250 111 31 253 230 179 255 239 182 189 109 223 30
    185 234 23 101 251 214 127 223 124 178 253 245 118 191 190 105 238
    223 173 239 255 219 127 181 94 209 252 105 123 95 44 187 254 58 177
    120 246 63 161 93 10 246 8 213 113 189 74 52 85 244 246 70 243 231
    46 209 119 164 154 230 223 82 248 245 232 215 60 6 190 251 56 242
    245 88 202 183 75 208 117 183 79 185 166 152 67 224 28 156 89 16 179
    115 159 120 119 160 251 15 38 97 160 21 160 41 90 224 102 195 48 105
    11 160 67 226 252 3 96 225 32 192 115 76 152 160 137 82 12 49 105
    213 36 84 186 82 120 129 84 112 92 56 15 208 17 228 79 153 172 24 5
    240 29 156 73 16 242 51 188 88 87 32 250 187 214 124 239 191 125 223
    185 127 255 253 251 45 59 102 253 245 246 71 249 241 242 181 124 241
    111 225 251 255 119 255 247 233 236 158 116 255 113 168 245 122 223
    123 191 208 119 214 93 185 255 30 15 252 157 223 93 182 243 247 156
    255 218 46 157 127 60 254 254 127 63 127 127 117 126 252 189 127 255
    191 255 243 255 251 246 253 255 219 191 223 106 234 223 123 85 253
    239 255 171 85 183 255 246 245 253 250 223 223 15 221 63 231 79 189
    236 26 5 244 125 157 201 94 254 255 191 218 86 178 253 58 49 81 246
    63 160 93 10 246 0 149 113 61 66 52 81 116 246 70 211 199 46 65 119
    132 138 230 91 82 184 245 224 151 60 6 190 235 56 242 245 72 203 149
    73 208 117 181 79 185 166 152 67 224 28 156 89 16 179 115 159 56 119
    160 251 58 177 112 246 63 161 93 26 246 28 209 113 253 74 52 85 244
    246 70 243 231 46 209 119 132 154 230 223 90 252 245 232 215 60 6
    190 251 56 242 245 89 206 183 75 208 117 151 79 185 166 152 67 226
    28 156 89 24 179 115 159 120 119 160 251 58 49 89 214 62 17 92 3 70
    2 21 112 125 66 48 80 116 130 66 146 199 52 1 199 140 18 230 217 2
    252 213 224 151 60 134 190 250 88 194 117 72 73 149 73 208 116 183
    79 179 174 137 67 242 25 88 89 22 115 19 179 56 115 224 234 203 22
    175 245 47 181 155 153 172 255 19 66 143 41 48 7 140 253 101 123 252
    103 210 121 77 251 183 62 80 18 49 219 87 60 222 57 91 120 232 99
    244 92 56 175 211 68 209 123 152 172 24 5 240 29 156 73 16 242 51
    189 88 87 32 250 3 23 4 6 7 128 0 26 38 64 150 69 172 121 32 21 236
    246 1 240 192 38 209 115 68 154 240 72 82 28 161 97 223 44 87 186 90
    120 201 116 112 84 56 143 192 80 245 111 153 172 24 5 240 29 156 73
    16 242 51 189 88 87 32 250 62 185 255 247 62 191 249 123 222 255 215
    251 255 90 180 95 246 223 242 251 247 127 195 255 173 122 246 255 94
    253 245 239 223 60 223 190 255 121 249 117 248 93 243 111 243 53 243
    111 187 254 24 71 240 29 156 89 22 243 247 255 251 255 233 255 21 53
    216 86 49 194 120 70 50 0 5 117 4 91 128 17 254 226 33 66 199 46 193
    115 196 27 230 77 82 14 225 96 215 38 85 190 82 56 233 116 112 92 56
    175 213 80 183 111 153 172 24 5 240 29 156 73 16 242 51 189 88 87 32
    250 35 22 16 35 221 128 131 8 38 59 34 99 160 11 161 21 102 247 5 64
    192 2 155 124 70 156 121 47 146 10 33 87 85 164 95 186 113 48 45 70
    101 68 8 139 69 64 252 85 152 44 24 4 244 28 140 73 16 112 35 180 72
    87 32 56 57 55 117 190 63 37 35 125 230 68 215 52 61 127 185 85 242
    246 65 96 241 34 145 54 92 168 224 9 82 24 113 233 208 36 85 190 82
    112 129 116 112 92 24 15 212 20 228 78 153 172 24 5 240 29 156 73 16
    242 51 188 88 86 32 248 63 252 253 247 191 189 255 121 255 253 213
    251 255 127 180 93 242 247 119 123 253 127 219 127 253 254 243 255
    126 121 245 239 223 236 86 190 255 249 249 127 124 223 255 47 213 21
    247 111 185 174 152 13 244 29 158 77 56 246 247 191 251 223 44 254
    61 182 125 141 62 181 187 117 247 252 214 213 221 61 185 69 250 244
    67 97 241 114 211 244 221 40 164 30 124 93 117 235 223 36 85 190 214
    122 169 116 240 93 58 46 212 52 209 111 153 172 24 5 240 29 157 73
    16 242 51 189 90 87 32 250 62 48 237 184 191 181 59 125 180 126 214
    53 221 110 185 69 250 221 67 98 253 49 202 123 76 170 160 143 90 93
    117 235 215 36 85 186 82 120 233 116 120 93 92 15 213 21 229 111 153
    172 24 5 240 29 156 73 16 242 51 189 88 87 32 250 35 22 16 35 221
    128 131 8 166 59 34 99 164 11 33 21 102 247 5 80 192 2 153 124 70
    156 121 47 146 10 97 87 85 164 95 186 113 48 45 70 101 68 8 139 69
    64 244 85 152 172 24 4 246 29 140 73 16 112 51 180 88 87 32 56 61
    183 117 244 62 189 251 120 244 124 214 117 237 121 185 69 250 253
    203 106 245 110 208 255 236 62 231 255 124 87 245 239 223 98 223 190
    215 248 249 117 125 93 251 175 229 161 247 111 184 189 156 79 242 29
