<?xml version="1.0"?>
<opencv_storage>
<ImageFile>"458.jpg"</ImageFile>
<Features type_id="opencv-matrix">
  <rows>292</rows>
  <cols>64</cols>
  <dt>u</dt>
  <data>
    59 253 252 250 55 223 85 11 255 70 189 232 63 250 124 255 247 182
    102 253 55 118 113 119 245 231 229 125 127 254 220 161 142 78 195
    158 202 88 251 249 126 223 116 237 148 115 245 110 183 175 131 8 250
    29 251 85 56 246 115 191 251 218 238 219 59 222 220 206 239 159 222
    1 123 123 45 201 188 127 108 93 181 179 184 187 213 117 91 123 241
    86 227 118 110 241 221 103 159 248 219 36 255 217 250 43 119 159 111
    109 245 213 247 107 181 218 136 79 230 101 219 255 63 215 246 167
    243 251 252 222 43 222 124 238 239 159 222 1 63 127 45 201 188 127
    108 253 181 187 184 186 245 117 91 123 241 119 227 118 111 243 221
    231 159 240 219 36 255 217 250 123 119 159 111 109 245 215 247 107
    181 222 136 79 246 69 219 255 63 215 254 191 243 251 254 222 41 206
    100 235 239 253 167 17 61 125 40 203 140 63 109 13 137 125 173 40
    244 86 26 121 113 253 25 54 61 83 91 87 151 194 219 0 241 201 252 42
    101 61 106 181 85 208 126 243 44 217 56 44 159 229 170 172 63 204
    254 167 211 207 28 182 252 254 255 255 254 253 255 249 253 253 246
    251 255 122 251 206 251 221 255 107 253 125 223 252 253 255 191 191
    127 223 127 255 255 101 125 251 215 251 249 119 255 95 255 63 223
    167 219 119 157 173 31 45 250 159 159 77 80 246 123 253 223 95 40
    255 124 172 239 235 250 255 243 237 253 253 86 255 191 126 251 236
    235 213 249 107 245 87 207 125 127 251 156 55 126 219 63 239 215 37
    85 186 119 123 237 124 240 93 124 46 213 150 245 107 157 172 153 13
    242 29 156 73 16 246 59 189 91 95 32 254 125 172 239 219 123 255 243
    255 253 252 94 189 189 254 255 238 235 213 251 106 245 119 207 127
    127 235 188 55 127 219 63 239 215 36 85 186 86 123 233 124 242 93
    124 46 213 182 245 111 157 172 26 5 240 29 157 73 16 242 59 189 91
    95 34 250 60 174 237 233 254 253 227 121 253 253 222 125 221 125 249
    228 251 253 203 106 245 119 218 253 253 126 4 183 108 215 127 239
    207 106 71 188 255 251 253 60 253 93 122 166 213 227 255 99 189 252
    137 9 242 29 159 93 62 246 247 189 218 223 44 254 252 253 254 223 51
    95 247 239 127 252 126 191 63 190 251 254 251 151 249 111 29 223 247
    54 125 239 249 59 251 219 254 255 241 101 117 251 214 127 253 124
    242 223 253 54 191 158 93 236 141 173 127 157 250 31 181 79 216 252
    105 125 95 14 34 254 13 206 46 201 232 255 179 245 61 223 46 205 209
    124 255 173 129 253 219 107 244 115 254 240 121 106 12 102 125 71 59
    211 255 16 83 168 82 243 237 184 210 63 26 54 212 246 209 99 153 172
    28 13 241 93 157 73 48 218 51 172 82 222 42 249 219 249 155 99 230
    248 210 176 90 145 254 206 238 208 74 185 125 139 127 223 47 157 39
    212 163 127 123 234 229 23 194 179 142 107 249 69 127 13 254 1 121
    53 179 245 159 43 63 180 238 219 231 251 221 231 96 247 231 157 196
    99 181 185 221 14 187 253 126 78 55 93 93 27 255 157 61 249 63 191
    108 255 247 246 62 249 21 74 181 55 247 239 229 27 127 123 252 116
    240 109 110 254 202 119 145 253 211 223 56 63 154 246 220 76 129 165
    86 5 104 31 135 77 144 246 43 188 121 92 34 185 231 174 231 65 248
    150 131 200 250 53 134 127 239 123 146 69 98 229 63 43 241 71 26 253
    62 250 28 55 238 29 67 127 23 239 14 223 90 191 61 158 221 80 8 158
    201 232 217 145 121 61 12 57 209 178 158 103 116 124 176 13 234 149
    48 254 204 42 239 241 120 247 235 254 188 191 224 219 195 241 179 75
    139 221 251 111 252 141 238 187 15 235 191 167 89 69 51 223 119 3
    116 187 84 252 117 116 120 108 122 63 219 37 83 243 61 172 60 149
    209 125 156 72 212 252 51 157 222 87 33 254 196 202 130 67 232 210
    130 128 10 161 43 206 146 150 67 168 13 43 124 207 15 135 47 200 147
    87 29 110 132 142 130 22 235 155 67 71 89 141 238 138 105 60 32 182
    189 106 58 177 237 203 36 243 213 239 64 226 83 93 144 37 100 113
    209 10 186 222 236 170 63 255 145 31 253 95 214 252 191 62 126 253
    249 247 107 249 245 87 251 119 117 255 125 63 127 219 127 235 207
    108 199 190 219 122 233 124 252 221 126 45 213 119 247 111 191 172
    152 13 242 29 222 93 48 242 119 189 219 223 44 250 197 22 247 245
    252 166 171 216 164 253 66 83 131 89 146 7 34 237 187 111 232 47 202
    121 12 250 158 55 94 32 113 207 87 241 124 187 53 188 125 21 77 100
    58 150 235 8 217 123 24 180 56 49 241 254 158 100 96 190 51 143 200
    71 53 250 109 172 253 11 217 153 166 201 251 59 134 62 244 119 175
    81 226 177 155 36 205 247 91 252 215 212 124 47 234 77 27 38 223 141
    69 191 16 187 173 126 120 95 72 36 85 252 173 21 189 44 24 36 176 29
    221 107 24 252 191 189 88 87 114 242 109 172 253 11 217 153 38 201
    251 59 134 62 244 119 175 81 226 177 155 36 205 247 91 252 215 212
    124 47 234 77 27 38 223 141 69 255 16 187 173 126 120 95 76 38 85
    252 173 21 189 44 24 36 177 29 221 107 24 252 191 189 88 87 114 250
    248 221 255 253 226 127 255 255 253 253 126 223 95 252 127 238 255
    221 127 111 126 157 182 187 127 239 191 190 223 211 126 191 240 103
    125 251 215 119 253 252 219 223 249 62 223 158 125 180 141 141 86
    181 217 127 133 77 209 252 105 253 95 94 19 185 255 255 254 127 255
    255 222 129 123 255 221 255 190 255 110 221 253 187 60 255 255 125
    123 255 243 127 251 255 239 247 255 183 207 251 111 117 255 253 254
    127 125 93 235 255 255 121 255 55 253 223 24 239 247 231 248 239 127
    223 247 183 247 251 153 206 247 53 251 151 49 68 221 141 206 239 185
    250 167 203 146 94 59 135 54 87 15 175 247 14 157 223 243 123 210
    187 230 59 195 61 36 255 210 61 235 255 112 72 177 235 187 24 189 63
    153 174 24 3 240 30 156 65 16 243 113 57 60 87 160 250 163 221 72
    207 175 156 223 9 255 65 61 234 191 127 100 93 157 179 52 155 150
    126 211 103 113 215 211 63 63 251 207 35 135 252 203 20 234 73 250
    43 103 255 237 233 181 92 253 43 247 218 129 79 190 129 250 191 57
    23 246 63 179 249 220 78 254 249 255 223 118 247 221 190 223 191 245
    251 255 202 151 218 251 215 122 191 159 255 231 191 175 243 247 127
    95 249 246 238 215 175 188 255 222 125 255 119 120 238 227 127 191
    60 221 191 255 174 127 215 249 255 180 255 209 255 249 91 253 53 145
    255 254 249 255 255 119 215 217 175 223 255 245 250 255 250 183 222
    251 215 122 127 191 255 247 63 191 243 247 63 95 249 246 238 199 175
    167 255 222 125 255 127 122 255 229 125 187 60 209 191 255 174 191
    219 249 189 180 255 208 255 249 223 255 253 187 255 42 204 234 171
    31 252 132 7 45 227 188 232 191 41 124 255 195 244 37 249 149 86 251
    125 117 135 33 43 83 31 57 99 229 172 223 154 82 122 233 246 242 94
    56 173 214 86 117 111 153 172 24 5 240 29 221 89 16 242 51 188 88 83
    42 251 57 151 124 246 191 253 247 53 61 124 222 117 189 127 57 245
    253 251 195 242 245 123 211 119 113 126 224 118 124 215 255 231 223
    104 83 180 247 90 248 125 125 93 127 47 213 117 247 111 185 238 153
    13 242 29 152 89 58 243 119 191 250 255 44 218 187 245 124 110 183
    189 221 9 255 91 189 250 191 123 100 93 246 183 38 155 247 118 211
    103 245 246 243 123 127 123 205 33 143 252 222 150 250 89 250 253
    102 223 111 233 181 81 245 111 245 191 152 15 254 133 255 117 58 183
    246 191 187 251 190 91 187 220 125 239 255 191 223 216 255 95 191
    254 191 127 252 253 246 247 30 115 244 118 177 126 111 254 107 63
    255 123 127 255 247 236 222 223 242 123 249 247 215 223 95 93 208 22
    244 95 141 189 18 13 248 181 159 109 56 246 114 190 223 223 62 185
    59 178 117 230 255 186 251 88 254 57 246 113 237 91 192 85 246 247
    143 27 229 43 137 127 164 186 99 191 126 123 229 239 31 239 254 54
    119 248 249 247 205 84 203 79 193 3 249 79 168 247 24 1 244 164 223
    105 54 182 182 143 154 31 180 93 13 207 253 252 32 191 253 115 49
    252 77 201 223 125 188 79 132 253 225 107 244 125 208 243 89 126 133
    246 124 68 125 235 215 80 209 168 213 248 248 105 118 63 187 39 245
