<?xml version="1.0"?>
<opencv_storage>
<ImageFile>"46.jpg"</ImageFile>
<Features type_id="opencv-matrix">
  <rows>379</rows>
  <cols>64</cols>
  <dt>u</dt>
  <data>
    62 252 253 175 191 253 255 125 255 247 223 252 253 62 255 254 251
    212 91 105 253 115 247 116 253 237 252 63 127 223 127 235 213 100 87
    254 210 123 249 124 254 223 124 47 213 150 245 111 157 172 30 13 242
    29 159 77 24 246 59 189 91 95 42 251 62 252 253 239 63 253 255 125
    255 245 255 253 125 62 255 254 251 244 91 105 245 115 247 116 253
    237 252 63 127 223 255 235 213 100 87 254 210 123 249 124 250 223
    125 63 213 151 245 111 157 172 158 13 250 29 159 77 24 246 59 189 91
    95 42 251 255 252 239 249 255 255 119 253 253 255 252 190 255 191
    255 254 251 245 127 125 189 215 255 61 255 237 125 191 255 223 127
    191 249 239 199 255 218 127 253 254 254 223 124 63 95 255 126 181
    255 45 158 140 251 191 135 125 248 252 233 252 223 222 58 255 59 220
    124 207 63 221 221 25 255 215 21 254 189 63 124 221 255 247 98 187
    245 118 211 119 253 247 245 127 127 251 223 235 199 108 215 190 218
    121 248 125 116 221 127 173 245 116 245 111 187 190 152 15 242 29
    220 93 56 243 114 189 251 223 44 250 236 237 255 249 51 127 241 255
    189 253 238 191 31 254 255 238 235 253 251 111 127 255 246 55 95 239
    151 55 121 218 62 235 199 38 71 250 211 122 249 124 250 127 124 167
    221 119 117 239 157 172 152 29 242 29 157 77 56 246 115 189 91 87 43
    251 59 220 252 207 63 253 221 57 255 223 157 254 189 127 124 253 255
    247 98 187 245 118 211 119 253 247 245 127 127 251 223 235 207 124
    215 190 218 121 248 125 124 221 127 173 245 116 245 111 187 190 152
    15 242 29 220 93 56 243 115 189 251 223 44 250 187 254 125 207 255
    253 223 185 255 255 253 251 189 127 252 253 247 247 126 187 245 119
    147 124 253 247 253 127 255 251 223 255 223 236 223 254 254 123 249
    127 127 223 239 63 213 182 253 127 191 191 159 15 250 189 223 93 120
    247 254 191 251 223 46 255 187 254 125 207 255 253 223 185 255 127
    253 251 189 127 252 253 247 247 126 187 245 118 147 124 253 247 245
    127 255 251 255 255 223 236 223 222 222 123 249 127 127 223 111 191
    213 246 253 127 191 191 153 15 250 189 159 93 56 247 254 191 251 223
    46 254 61 254 247 255 190 237 253 253 255 253 127 253 125 127 255
    252 255 246 226 43 247 122 255 191 249 239 231 251 111 251 255 255
    247 238 111 246 255 243 251 127 127 95 239 247 252 183 253 111 175
    247 207 239 254 143 157 93 174 247 255 235 251 239 175 254 61 252
    255 249 62 255 245 255 253 252 222 253 127 190 255 238 251 252 251
    107 245 119 222 255 253 239 180 183 125 213 127 239 255 104 215 254
    247 251 249 124 254 223 255 62 213 183 247 107 191 172 159 13 242 29
    159 93 60 246 255 253 219 223 46 255 59 253 247 255 62 237 253 191
    255 252 127 253 61 127 253 252 255 246 226 59 247 122 247 255 249
    239 230 251 127 251 255 255 231 237 109 246 255 243 251 127 255 95
    239 238 236 183 255 111 173 247 223 207 254 7 157 77 238 247 255 251
    251 111 175 254 117 255 253 220 50 31 93 107 227 196 125 184 95 251
    220 94 251 215 34 111 151 124 192 227 221 247 247 125 43 186 92 105
    146 84 117 158 136 120 251 125 54 219 189 231 181 24 245 110 147 166
    161 207 114 29 54 77 40 246 83 251 121 213 109 250 252 249 255 222
    50 95 93 239 215 198 125 188 95 238 191 254 251 214 112 111 31 253
    230 39 253 231 183 57 67 250 94 169 226 6 55 254 194 125 219 125 50
    251 245 125 191 30 117 174 223 172 247 223 186 29 180 94 216 242 121
    123 125 220 171 242 60 230 109 252 58 125 253 123 245 254 252 177 93
    124 253 230 147 220 195 106 245 120 156 191 125 173 167 147 127 215
    125 255 227 64 223 176 247 250 249 253 126 255 255 174 246 183 215
    107 187 173 158 15 250 29 159 93 158 226 127 190 219 206 43 180 60
    185 255 220 50 95 93 103 231 198 189 176 93 182 191 254 187 212 98
    111 23 241 116 167 221 231 167 249 97 252 220 232 199 28 231 174 202
    120 243 125 54 91 245 109 182 118 245 110 159 174 175 79 50 29 53 93
    56 243 123 249 123 222 105 250 58 188 253 223 62 221 223 37 127 255
    87 221 157 62 191 222 255 247 112 171 245 117 219 255 249 246 244
    127 110 249 253 239 199 228 87 54 255 251 249 127 112 93 109 47 213
    148 245 111 159 236 152 15 246 29 156 93 20 243 123 189 219 223 104
    254 251 220 222 95 239 217 222 129 127 249 63 239 190 126 110 253
    189 179 60 155 223 127 187 125 243 119 251 126 255 243 223 118 143
    249 75 85 255 223 254 251 243 223 239 127 189 127 255 51 237 219 152
    239 255 231 217 239 119 223 246 63 183 121 159 206 206 42 226 245
    221 226 235 254 12 255 210 251 203 203 147 78 8 45 123 215 255 143
    202 89 15 251 154 167 208 149 34 143 79 187 119 235 127 189 125 127
    108 100 243 255 207 25 63 179 92 206 24 241 213 254 156 242 64 188
    213 243 142 119 144 126 204 42 231 241 221 226 235 252 156 251 208
    255 195 203 147 79 89 45 127 95 191 141 238 217 7 255 187 231 208
    151 34 159 79 179 119 235 87 189 125 118 120 100 242 255 223 57 127
    177 92 204 56 241 213 254 220 246 64 188 245 251 158 119 177 126 63
    178 243 165 252 240 187 252 218 191 210 125 237 27 147 80 250 205
    155 106 233 5 206 221 172 248 120 239 94 109 115 255 119 229 93 191
    126 251 237 127 217 76 67 14 195 129 217 51 155 252 25 163 240 180
    156 97 68 254 179 201 216 31 48 246 191 253 125 221 247 189 223 89
    239 71 191 250 253 122 252 93 242 245 126 119 63 118 146 118 253 246
    247 63 246 63 127 57 198 108 222 223 202 123 251 95 178 223 253 125
    213 126 245 31 151 191 16 15 106 181 223 123 56 246 112 191 125 223
    236 187 252 254 125 253 254 253 255 249 255 255 251 251 253 123 253
    253 243 213 95 106 255 123 158 124 125 255 191 63 255 251 127 191
    243 231 95 251 210 243 255 247 247 94 233 127 245 158 217 19 141 173
    28 37 248 189 159 111 208 254 115 191 222 95 59 181 243 157 255 223
    255 143 95 13 239 101 21 218 191 250 54 92 254 247 56 247 158 127
    243 103 222 194 250 127 115 185 221 107 151 45 86 159 202 121 251
    254 82 219 109 105 209 28 245 47 157 172 24 13 112 29 156 75 24 246
    115 189 88 85 58 251 58 252 78 235 191 249 211 41 127 249 214 253
    189 62 233 252 251 147 185 155 245 115 223 125 241 221 121 183 127
    251 207 255 159 236 221 182 255 219 249 126 249 93 111 44 213 151
    247 99 191 254 137 13 246 133 216 253 54 246 190 189 155 219 238 94
    58 217 155 222 34 95 220 39 87 194 85 212 63 230 124 218 157 146 96
    155 150 124 193 195 249 87 242 92 103 243 222 232 135 86 171 4 175
    78 250 113 48 189 245 105 183 20 245 110 215 186 171 223 174 5 114
    92 31 211 122 235 51 249 203 206 253 190 247 253 250 255 251 253 189
    253 206 255 223 253 251 237 235 253 251 111 253 47 222 125 127 255
    191 183 255 71 127 255 215 231 125 251 247 255 253 119 125 125 250
    126 255 157 255 179 157 188 60 53 243 255 156 109 80 254 115 175 223
    79 49 254 191 242 125 103 255 177 219 120 254 63 213 123 239 91 224
    85 242 247 127 123 245 118 155 124 164 254 127 191 254 127 229 254
    223 237 158 159 254 57 249 119 125 93 123 31 209 97 184 95 174 191
    152 5 248 181 222 113 112 182 247 159 250 223 188 159 248 57 215 247
    48 99 249 255 214 249 87 215 119 240 147 250 254 215 249 111 14 173
    231 151 143 202 242 143 66 193 118 255 247 39 117 251 87 126 219 244
    208 125 177 118 235 31 201 238 157 172 123 213 240 30 156 73 81 250
    115 251 89 54 161 251 62 181 253 254 58 239 119 103 247 116 94 181
    125 126 189 214 255 243 225 98 245 121 211 119 221 239 228 223 106
    249 253 239 151 36 71 190 247 88 249 124 120 221 253 103 213 21 247
    111 153 172 137 13 242 29 152 73 56 242 123 189 219 79 44 254 126
    188 253 174 55 191 31 123 247 86 215 176 253 190 188 95 250 245 123
    125 177 87 211 119 253 248 252 29 122 220 124 233 215 44 215 190 194
    122 129 125 120 223 125 47 213 52 245 111 159 172 153 13 242 29 159
    93 56 246 59 189 91 223 46 250 122 186 255 247 255 247 219 189 222
