<?xml version="1.0"?>
<opencv_storage>
<ImageFile>"460.jpg"</ImageFile>
<Features type_id="opencv-matrix">
  <rows>18</rows>
  <cols>64</cols>
  <dt>u</dt>
  <data>
    254 253 255 223 54 223 223 191 255 255 63 253 255 190 255 254 255
    215 250 191 159 255 247 191 249 247 255 127 127 251 223 255 255 253
    247 247 254 255 250 127 246 223 239 127 191 190 253 127 255 235 255
    223 190 253 191 223 255 255 254 127 251 253 255 255 122 255 255 223
    247 223 223 239 239 199 223 254 255 254 255 222 255 215 122 255 31
    127 215 119 255 247 255 125 127 255 222 169 135 111 239 223 202 127
    255 127 53 221 253 125 191 190 253 190 223 191 183 255 186 181 247
    255 121 255 120 255 123 253 255 250 126 236 239 239 127 255 255 121
    253 255 215 255 255 63 253 204 155 253 251 255 245 119 219 255 125
    254 157 183 126 255 127 239 223 253 223 187 255 251 253 63 125 253
    255 175 245 189 247 107 191 254 137 143 255 253 223 222 126 255 255
    255 251 223 126 222 124 191 253 220 118 191 255 119 125 222 223 180
    221 126 253 230 242 221 67 103 245 117 211 247 217 106 228 221 120
    220 252 233 223 36 87 190 211 122 217 124 248 93 56 47 213 55 247
    111 153 172 24 5 240 29 157 73 16 242 51 189 88 87 42 250 124 255
    253 252 54 255 255 127 253 222 255 188 93 126 255 238 251 221 67 111
    245 113 210 243 217 239 164 221 121 218 127 233 223 36 87 186 219
    122 249 124 250 95 60 47 213 55 247 111 153 172 24 5 242 29 157 73
    16 242 51 189 91 87 42 250 47 230 109 255 62 253 223 9 253 254 95
    252 189 126 253 231 155 244 64 251 247 114 219 127 125 254 167 183
    126 251 125 239 215 252 223 186 255 251 249 63 124 125 239 109 247
    150 245 123 155 238 152 15 246 29 191 92 56 227 251 191 251 223 106
    246 45 247 124 220 54 189 127 84 35 231 173 200 220 121 180 95 180
    248 66 235 191 112 115 242 213 35 167 123 121 60 253 97 215 84 150
    170 194 120 176 253 118 219 56 175 242 80 215 79 153 174 24 15 112
    29 159 93 56 243 115 157 251 242 106 251 45 213 124 220 54 189 127
    84 55 119 173 200 220 121 180 79 180 252 70 105 191 114 114 242 85
    35 167 122 121 125 253 97 215 84 150 170 194 120 176 253 118 159 124
    175 242 114 215 79 153 172 24 15 96 29 159 93 56 247 115 191 251 210
    46 251 0 1 132 16 0 2 32 115 0 0 66 0 0 33 0 2 224 136 65 192 192 38
    192 211 72 8 164 140 64 132 32 96 223 36 68 186 83 56 1 116 120 84
    56 143 208 117 167 79 153 172 24 1 240 29 156 73 16 242 51 189 88 87
    32 250 38 54 97 128 191 148 11 73 166 110 131 50 237 9 177 85 242
    245 2 112 193 34 144 116 68 144 172 13 18 28 49 105 87 44 87 186 82
    120 161 84 96 92 24 141 208 68 224 77 152 172 24 5 240 29 156 73 16
    242 51 188 88 87 32 250 55 246 117 77 190 188 159 88 235 93 185 251
    237 123 236 85 241 247 38 50 245 96 144 122 237 247 241 123 191 123
    95 127 151 252 221 158 254 120 251 127 103 95 107 175 244 144 244
    111 144 191 25 15 242 149 159 77 44 210 210 191 250 223 44 255 39
    205 237 218 19 29 69 75 167 230 41 146 31 174 252 95 203 116 33 107
    134 246 216 99 93 215 183 41 51 154 16 73 210 6 215 170 66 124 115
    122 36 251 60 105 23 20 117 239 211 172 48 4 34 25 239 28 24 242 115
    253 89 213 105 242 41 134 36 171 139 237 163 197 189 124 78 5 25 61
    123 165 203 124 193 32 240 2 158 112 89 172 12 2 252 211 59 207 181
    96 83 48 117 194 169 44 253 21 94 134 68 214 126 97 185 44 217 12
    210 31 140 9 62 224 39 188 194 79 38 248 45 6 100 161 139 125 161
    197 61 252 78 7 25 61 123 229 193 56 193 96 244 98 158 112 81 40 4
    130 252 214 59 215 253 96 67 48 117 242 169 172 221 21 90 134 68 231
    226 97 185 44 152 13 210 29 137 73 54 224 39 188 74 70 42 248 5 34 9
    32 0 176 42 112 0 2 211 20 192 4 137 2 0 76 3 64 192 32 194 208 12
    136 164 140 64 4 49 72 87 52 85 170 90 120 129 84 48 72 24 14 212 20
    163 79 155 172 24 5 240 29 156 73 16 242 51 188 72 87 96 242 203 223
    175 245 239 191 251 248 188 255 243 203 207 217 114 45 132 253 127
    255 254 111 250 251 111 255 191 246 220 55 55 255 255 251 218 105
    219 253 254 227 248 124 251 255 249 123 251 59 157 219 24 103 245
    253 157 235 81 223 243 191 244 119 145 255 30 51 121 213 190 213 219
    125 142 190 83 52 221 94 153 84 249 212 66 106 142 58 194 120 45 156
    182 121 86 171 53 174 87 60 93 158 86 123 235 87 49 64 209 46 199
    132 253 63 155 172 153 1 178 157 156 89 0 114 59 217 105 15 32 246
    30 51 121 213 190 213 219 125 158 190 87 52 221 86 153 86 120 212 66
    106 142 58 194 122 45 154 182 89 86 171 55 238 87 60 61 158 86 123
    203 87 49 64 193 110 135 132 233 63 155 172 153 1 176 29 156 89 0
    114 58 219 73 15 32 246</data></Features>
</opencv_storage>
