<?xml version="1.0"?>
<opencv_storage>
<ImageFile>"461.jpg"</ImageFile>
<Features type_id="opencv-matrix">
  <rows>286</rows>
  <cols>64</cols>
  <dt>u</dt>
  <data>
    120 77 239 186 2 127 117 239 253 254 126 149 125 172 127 238 219 28
    211 102 116 211 212 183 89 237 132 144 107 208 126 233 225 36 71 248
    215 98 193 120 250 223 124 46 84 183 101 108 159 172 155 13 242 29
    157 93 184 226 107 184 91 214 42 240 61 246 125 232 62 249 187 88
    121 94 238 253 124 55 236 241 227 252 135 104 245 112 17 248 229 188
    97 211 127 71 255 241 216 64 221 234 127 123 249 117 254 223 126 61
    246 151 246 125 171 189 30 7 234 21 207 77 158 242 63 172 91 219 106
    179 187 255 125 254 55 61 93 123 239 84 253 250 127 249 252 222 247
    214 103 107 54 254 144 119 255 191 231 121 127 154 124 249 210 100
    84 222 194 120 241 253 54 223 185 63 212 150 244 78 137 165 149 13
    120 29 151 77 56 242 113 191 89 94 46 185 45 174 239 233 186 253 165
    247 189 253 238 219 223 125 191 237 203 253 235 107 244 85 222 249
    127 127 21 182 125 87 63 207 223 96 87 184 86 248 249 60 125 29 122
    55 213 181 247 235 153 172 28 13 242 29 156 77 60 246 51 189 218 95
    44 250 44 228 109 136 54 127 63 117 53 86 125 152 93 61 189 206 139
    220 81 108 113 80 244 176 125 161 140 25 125 92 61 233 244 68 148
    234 194 114 145 245 182 223 29 55 116 150 196 76 159 173 159 12 106
    29 151 29 152 230 43 156 91 222 46 241 127 50 109 165 253 176 187
    120 252 191 210 53 237 75 129 81 226 237 139 114 233 35 203 124 12
    168 234 167 94 77 97 255 127 172 221 187 127 185 169 119 216 68 90
    14 193 129 195 91 184 236 24 1 240 189 156 73 20 242 183 157 218 23
    32 244 207 141 238 213 107 151 222 135 49 249 45 203 158 253 38 79
    169 185 60 239 214 125 114 123 83 223 179 62 120 113 62 103 215 55
    86 187 211 124 250 124 112 125 248 111 253 28 245 111 157 172 24 69
    241 93 156 207 17 255 115 191 88 119 177 250 190 221 238 220 55 221
    93 11 191 231 189 250 159 238 116 95 189 247 52 251 158 126 240 107
    117 215 243 123 123 123 223 107 131 252 190 206 202 125 250 247 114
    223 237 233 183 28 245 63 215 170 18 15 232 21 252 127 25 183 112
    127 251 221 170 186 40 141 238 220 35 95 217 39 53 252 21 133 31 188
    63 238 141 208 96 171 212 119 214 115 121 99 144 18 121 209 31 107
    215 48 113 160 214 122 250 120 112 61 253 47 151 20 245 111 155 168
    155 13 240 29 156 92 27 243 123 253 91 95 42 250 58 221 222 223 39
    223 222 7 127 241 21 200 190 118 44 222 253 147 48 187 151 127 243
    103 241 87 243 126 123 255 221 98 151 252 115 52 251 89 250 113 114
    223 237 109 181 20 247 111 157 234 154 79 244 29 248 93 27 243 127
    191 123 123 171 203 87 153 139 86 109 146 218 14 146 177 149 247 162
    211 2 26 60 135 50 151 198 47 194 87 134 218 246 127 66 41 197 106
    143 62 65 182 254 24 250 117 112 60 177 239 241 112 177 111 185 174
    25 67 240 29 156 65 17 243 119 191 120 119 161 219 59 180 252 254 63
    247 93 127 247 254 252 177 125 127 180 95 255 246 67 243 245 115 243
    63 221 171 228 31 123 221 253 239 223 44 87 190 214 120 241 124 126
    95 126 47 212 53 245 111 153 172 24 13 240 29 156 77 56 242 115 189
    219 214 42 251 191 176 250 119 255 177 251 152 252 187 210 127 175
    74 161 85 114 191 223 219 237 63 219 127 164 250 242 183 94 113 229
    254 127 233 158 53 255 189 249 247 89 76 227 78 211 97 155 123 189
    254 24 5 244 165 220 113 22 183 247 159 186 191 176 94 252 185 255
    213 254 247 219 253 254 255 213 255 255 251 179 95 250 245 250 47
    255 127 210 255 175 251 246 255 126 255 247 239 215 125 159 255 222
    125 251 117 120 93 235 111 255 60 253 127 191 190 152 195 240 189
    156 95 84 255 115 255 251 223 185 254 255 253 255 253 126 255 255
    215 255 253 245 251 223 251 182 223 189 255 250 191 255 109 118 251
    255 235 255 255 125 117 254 231 215 251 118 53 255 253 254 255 127
    127 235 111 251 125 223 235 253 238 24 223 245 125 157 207 127 255
    247 191 251 125 147 255 59 213 253 254 63 181 221 31 247 254 61 249
    61 123 53 95 255 246 96 251 244 114 211 119 217 171 229 127 123 121
    253 235 215 108 215 190 219 120 249 125 126 95 123 175 212 116 245
    111 153 174 24 13 240 29 156 93 56 242 115 189 251 215 42 251 254
    185 255 213 254 247 219 253 254 255 215 255 255 250 179 95 250 213
    250 47 255 127 194 255 175 250 246 255 94 253 247 239 215 61 151 191
    254 125 251 117 120 93 243 111 255 52 253 127 191 174 152 195 240
    189 156 95 84 247 115 255 251 151 169 254 127 189 255 254 127 239
    251 127 255 252 215 253 255 254 190 252 250 247 123 119 247 127 211
    247 255 234 230 223 122 249 255 239 207 111 71 190 255 122 249 125
    249 221 255 111 221 55 247 111 189 174 153 207 242 61 156 93 124 246
    255 187 251 223 174 222 60 50 117 161 52 117 173 248 212 158 210 53
    101 15 153 66 251 204 227 107 241 34 205 222 141 189 119 161 94 206
    115 254 95 12 253 190 52 184 233 117 125 68 179 175 102 161 54 111
    186 188 57 1 242 29 156 85 132 178 23 233 250 135 96 182 59 150 109
    254 63 189 223 29 247 254 21 249 189 123 61 87 246 246 65 251 244
    114 211 127 221 170 224 63 126 121 253 235 215 108 215 190 219 120
    249 125 116 95 126 47 212 20 245 111 153 172 24 13 242 29 156 93 56
    242 115 189 219 223 42 251 123 221 254 255 111 199 221 15 183 236
    213 253 191 236 47 94 253 179 48 243 246 127 211 103 247 251 242 127
    123 241 254 111 223 63 5 190 251 109 250 125 114 223 253 107 253 21
    245 111 221 174 24 207 240 29 156 77 57 247 127 187 59 127 171 251
    234 254 239 255 255 255 255 255 253 253 254 255 255 254 255 237 187
    245 127 123 253 127 247 127 127 255 187 183 255 91 127 255 231 109
    255 251 214 127 249 245 123 93 123 63 223 151 253 123 157 189 94 13
    248 191 159 77 16 246 115 191 223 95 46 250 203 140 222 247 235 151
    222 1 59 251 13 206 158 230 38 95 228 187 56 227 206 125 90 123 81
    214 186 126 74 97 189 103 215 183 86 43 83 248 254 114 80 93 108 109
    213 28 245 107 157 236 24 5 247 93 156 203 17 255 179 189 88 119 48
    250 62 191 252 247 255 255 223 25 255 247 159 254 189 126 252 117
    247 247 98 243 245 119 211 119 213 254 245 127 126 254 255 235 215
    108 71 190 218 122 249 125 124 93 124 47 213 116 245 111 157 172 152
    13 242 29 156 89 56 242 115 189 122 223 40 250 235 223 238 95 238
    223 222 151 123 253 61 203 158 247 38 223 173 243 60 255 223 125 119
    251 251 127 183 126 111 123 246 103 215 63 116 127 218 125 254 127
    112 127 233 255 253 92 253 111 221 238 28 223 245 125 156 207 81 255
    115 191 123 117 153 250 126 57 251 244 54 163 90 111 214 162 213 176
    255 226 146 90 252 155 114 215 175 191 195 23 157 219 247 255 66 189
    244 234 195 60 39 191 218 124 243 127 120 72 181 107 243 61 163 111
    155 174 152 195 240 29 60 89 80 243 115 251 121 119 161 251 13 146
    198 225 253 177 163 120 56 185 198 97 232 89 129 1 8 237 171 27 228
    101 202 249 37 123 89 166 124 71 33 207 223 192 217 32 117 248 233
    37 125 20 122 39 213 1 247 99 184 254 25 5 244 189 216 73 54 210 183
    143 194 223 164 94 15 146 198 97 253 176 166 88 56 185 194 99 236 89
    1 1 64 173 169 219 228 101 202 121 4 222 81 183 126 71 33 199 159
    224 217 48 117 248 249 37 109 28 122 47 213 1 247 107 184 254 24 5
    244 149 220 73 22 210 183 151 210 87 164 94 110 255 249 223 55 159
    222 73 111 235 129 250 191 98 252 95 146 183 40 127 159 117 82 123
    213 214 243 127 18 248 253 99 199 20 223 175 210 120 251 119 112 127
    117 109 183 92 245 127 157 174 24 71 226 29 253 89 16 243 115 191
    121 251 233 250 248 206 238 205 234 191 251 241 61 255 214 219 223
    120 123 204 188 185 251 171 253 127 223 249 251 126 191 246 108 215
    255 255 255 249 79 117 255 255 252 126 253 93 107 62 245 167 219 115
    189 207 24 47 247 253 157 207 86 255 247 189 251 95 56 254 248 253
    255 255 54 247 253 255 255 255 125 251 191 254 247 254 251 215 125
    111 253 127 247 127 253 255 247 63 127 251 126 255 215 101 61 255
