<?xml version="1.0"?>
<opencv_storage>
<ImageFile>"463.jpg"</ImageFile>
<Features type_id="opencv-matrix">
  <rows>307</rows>
  <cols>64</cols>
  <dt>u</dt>
  <data>
    62 253 253 254 54 207 93 43 255 100 127 250 191 254 252 254 251 215
    96 107 151 125 211 119 253 223 183 63 107 251 95 237 135 228 119 158
    202 120 251 127 117 221 229 235 189 22 245 111 215 164 153 143 226
    21 190 93 56 246 123 249 219 93 40 254 13 222 254 249 63 255 247 90
    189 252 228 233 221 121 253 207 137 253 251 107 244 127 222 123 101
    255 23 247 125 103 125 255 159 210 251 32 247 251 253 59 255 191 250
    117 247 247 119 107 255 251 175 125 255 245 251 92 63 206 255 239
    243 251 255 223 28 50 145 228 248 178 162 116 192 56 194 119 193 82
    155 32 114 205 235 66 229 37 75 223 142 74 172 231 76 196 163 206 95
    32 71 180 125 184 233 68 109 20 51 39 229 229 183 111 184 236 137 67
    242 29 152 65 6 242 23 165 104 87 100 126 252 253 255 125 242 127
    254 239 251 227 237 254 255 246 238 254 251 155 127 111 63 221 119
    191 247 207 254 255 239 255 254 174 255 117 39 223 219 127 253 247
    218 223 253 126 255 127 255 188 221 174 126 247 249 127 149 207 216
    255 121 189 125 93 179 251 223 189 218 117 119 226 251 190 88 153
    245 251 238 203 6 59 125 175 63 223 167 47 231 119 165 107 243 255
    91 55 226 231 223 63 52 255 127 61 249 245 121 220 187 239 219 121
    191 111 249 246 91 199 248 254 248 69 119 183 255 251 184 55 180 207
    82 49 217 190 54 130 92 10 70 42 81 178 181 198 148 82 127 215 32 81
    131 52 193 79 140 215 243 45 82 171 181 104 19 164 21 186 107 124
    235 86 32 200 181 105 215 20 245 111 211 164 24 5 224 24 190 73 16
    242 59 153 88 87 48 242 46 161 237 185 54 183 255 69 245 254 248 184
    221 40 187 71 147 253 227 107 245 115 87 255 93 227 166 183 75 244
    125 234 231 8 198 172 255 120 177 248 126 79 118 45 214 119 211 79
    191 172 152 11 242 29 221 93 30 242 119 189 123 218 104 243 249 253
    247 183 220 230 251 250 220 239 241 251 239 201 210 31 126 237 127
    103 254 143 247 223 223 251 255 175 210 151 98 255 199 47 94 191 223
    60 237 253 216 76 179 175 219 57 187 255 184 172 24 129 240 191 28
    81 64 190 115 187 254 215 40 191 252 239 247 253 250 223 254 227 107
    241 235 254 223 247 251 248 243 137 255 111 223 253 87 251 223 79
    183 255 239 239 190 254 247 215 71 191 216 253 255 254 126 125 249
    119 253 30 255 191 221 236 8 255 243 95 156 207 92 255 81 191 93 127
    241 254 254 253 255 125 248 254 251 207 249 251 205 253 255 247 254
    250 187 141 191 111 191 237 119 191 247 223 247 255 111 191 254 190
    247 255 111 223 250 191 249 255 219 126 249 254 255 127 255 63 253
    175 110 255 248 247 181 109 220 255 241 239 255 127 251 255 213 112
    91 33 144 64 186 228 202 135 231 126 102 163 194 178 122 138 23 69
    41 128 39 148 172 27 253 235 195 142 226 186 112 4 12 223 2 53 1 222
    218 64 16 30 242 123 138 52 139 173 86 35 88 31 4 97 144 240 33 56
    92 22 96 185 195 13 130 86 73 66 66 142 194 161 4 213 34 203 130 26
    106 3 56 7 142 175 239 39 10 203 146 15 19 9 2 110 151 167 36 179 18
    4 127 214 209 112 168 194 137 24 41 238 85 36 90 212 245 106 180 195
    81 60 98 59 24 53 147 235 190 50 203 247 191 176 249 153 148 187 242
    115 171 74 161 85 114 223 165 91 232 47 202 127 4 139 227 167 94 97
    53 254 119 168 158 51 119 253 225 247 232 68 98 77 194 5 219 91 184
    254 24 5 244 156 156 105 20 242 183 159 218 23 32 254 15 206 108 232
    172 188 46 81 41 127 43 202 204 53 124 5 133 233 169 233 244 117 90
    249 93 87 183 246 60 119 189 199 215 208 223 41 233 248 248 35 108
    30 106 173 247 192 247 123 154 217 24 38 230 213 223 61 31 215 147
    165 210 219 104 246 232 142 239 137 202 127 163 245 189 253 78 207
    93 124 123 236 219 252 235 34 252 243 254 180 91 109 28 162 237 215
    63 206 205 106 67 48 215 242 253 104 252 29 118 54 85 246 119 225
    189 44 141 13 211 29 152 89 62 244 99 189 91 95 46 250 229 45 211
    119 81 98 99 206 208 161 196 247 98 195 130 26 106 33 191 87 111 175
    111 7 6 203 210 143 195 12 34 110 171 39 36 255 51 60 119 252 216 96
    176 194 201 89 11 238 93 166 120 209 209 126 60 195 81 188 229 187
    24 116 145 75 203 77 190 92 66 79 88 199 163 230 41 142 94 228 127
    190 228 59 54 231 30 255 116 139 223 34 166 220 1 182 254 114 226 62
    65 47 138 110 210 202 154 122 156 202 186 126 131 174 221 168 16 87
    98 93 21 67 153 243 81 177 125 240 203 161 251 220 126 223 255 191
    223 185 191 255 61 219 191 234 118 93 246 247 124 63 222 255 186 124
    111 254 255 127 223 123 255 127 115 237 190 127 214 253 246 247 211
    207 239 127 219 30 221 25 141 221 18 5 111 255 157 239 216 190 249
    63 223 31 50 183 192 10 18 3 200 194 170 240 8 187 2 71 130 64 91
    160 79 75 189 38 204 133 142 88 11 93 63 102 148 3 51 94 115 131 93
    33 53 237 109 2 97 68 106 62 79 12 120 177 140 201 24 53 213 239 140
    235 195 92 0 37 68 23 16 182 168 142 231 201 202 223 163 245 189 253
    78 77 153 124 251 228 219 121 235 34 244 115 254 246 91 111 28 38
    237 211 27 207 207 66 67 48 212 210 253 40 253 53 86 166 85 118 117
    227 189 44 141 40 211 29 152 89 63 236 103 173 210 95 45 254 108 46
    239 153 222 191 39 125 189 126 218 61 221 253 251 236 209 253 91 100
    253 87 218 185 95 232 140 149 248 221 124 139 109 111 215 187 222
    119 149 124 158 85 94 142 85 174 237 211 159 44 156 140 243 253 159
    219 120 238 107 188 202 206 58 240 108 143 231 249 202 255 231 127
    189 92 222 21 221 253 249 236 211 125 251 102 244 95 218 247 95 108
    12 132 124 212 56 137 239 107 71 185 214 118 221 60 254 117 94 174
    93 239 103 195 189 44 153 156 243 125 143 31 124 238 107 189 202 207
    58 240 186 218 222 231 255 184 221 154 254 155 246 251 175 91 100 93
    124 247 61 155 229 94 187 125 167 223 115 251 254 115 231 246 159
    233 190 117 255 93 248 117 121 223 107 125 219 69 223 255 236 223 28
    135 252 167 255 253 22 215 246 159 247 63 148 158 187 221 109 255
    191 189 223 57 255 127 253 250 191 121 116 93 245 247 126 251 246
    126 147 127 245 255 247 127 127 243 253 251 223 252 206 190 218 121
    250 127 126 223 255 109 213 117 245 111 191 191 152 15 250 29 223 93
    57 247 247 191 251 223 170 255 251 205 234 254 39 14 92 3 103 198 61
    138 62 234 54 94 189 179 52 255 30 255 241 39 95 215 243 61 115 176
    244 33 130 60 34 219 203 76 242 249 34 251 189 233 191 28 245 46 221
    170 16 207 122 29 180 207 25 247 113 255 121 116 154 235 253 63 247
    49 212 103 39 254 244 191 192 51 239 139 147 79 251 237 251 111 121
    143 230 181 142 235 190 165 218 12 114 169 95 47 244 191 84 60 101
    116 124 68 58 191 75 105 75 244 184 172 24 144 241 190 156 65 228
    188 35 159 94 215 36 250 246 61 218 23 251 198 218 167 214 171 87 53
    54 202 147 246 126 147 24 215 207 171 231 15 154 202 238 79 67 185
    247 126 103 173 5 255 155 55 195 255 210 76 197 202 233 30 129 111
    157 238 90 71 244 61 20 195 208 251 243 185 56 54 178 237 81 21 220
    94 43 75 85 62 99 32 29 36 60 255 38 82 191 50 0 178 135 249 195 163
    192 98 192 94 40 105 221 101 159 54 33 54 131 202 210 95 20 185 205
    98 164 52 229 111 145 226 235 79 54 24 80 207 57 55 251 251 185 36
    167 78 189 172 255 45 186 253 179 253 249 253 254 221 223 52 251 238
    235 220 243 99 252 209 238 188 253 237 188 178 233 71 63 238 253 36
    85 250 87 243 233 244 122 93 126 62 213 55 255 101 185 172 30 5 240
    29 156 73 20 242 51 188 90 87 34 254 249 156 255 45 186 253 187 253
    249 255 238 207 254 181 239 255 239 252 179 99 252 209 126 188 221
    239 252 250 251 87 127 239 253 36 85 254 82 115 233 244 122 93 120
    62 213 119 247 109 153 172 30 5 240 29 156 73 16 242 51 189 90 87 34
    250 125 48 245 51 221 162 35 124 192 45 192 51 229 139 130 83 122
    229 227 84 249 135 75 157 134 249 124 175 210 12 225 174 77 47 134
    191 17 184 37 84 108 64 50 139 65 121 59 149 56 164 24 32 224 188 28
    65 108 184 135 153 152 87 36 74 121 142 231 136 10 127 165 247 189
