<?xml version="1.0"?>
<opencv_storage>
<ImageFile>"464.jpg"</ImageFile>
<Features type_id="opencv-matrix">
  <rows>362</rows>
  <cols>64</cols>
  <dt>u</dt>
  <data>
    108 238 109 216 126 95 93 91 189 118 175 186 221 191 252 239 145 253
    126 108 63 214 144 51 127 245 157 121 253 251 126 249 210 92 199 234
    194 127 249 127 190 191 124 189 245 254 244 41 151 173 150 13 139 93
    199 28 56 230 121 189 255 222 106 179 236 237 111 221 54 93 209 247
    61 212 255 157 93 188 253 238 249 244 127 110 63 216 180 178 127 125
    5 24 253 223 94 191 248 103 119 218 218 115 221 252 183 159 92 62 92
    190 108 164 141 45 215 141 218 31 135 93 56 228 105 188 91 78 46 249
    253 254 247 237 254 127 163 249 255 253 254 255 255 123 255 253 243
    245 255 107 253 213 190 124 255 239 57 59 255 91 127 255 245 101 93
    251 86 115 253 252 247 95 122 63 221 150 248 245 141 173 28 5 242 63
    141 77 16 244 51 188 222 95 34 253 40 12 239 152 10 95 52 103 61 228
    127 148 89 180 253 238 139 80 97 96 148 208 212 179 89 5 132 16 105
    221 29 203 193 4 67 186 210 114 225 126 182 253 124 39 84 150 229
    106 159 172 159 13 178 29 149 28 24 226 107 189 91 94 40 250 255 254
    245 239 255 255 255 121 255 125 252 255 239 127 254 253 243 247 127
    116 253 95 187 124 239 255 123 255 255 123 255 239 223 237 220 255
    254 119 253 247 95 223 95 63 221 31 252 21 172 183 94 141 234 183
    159 109 120 190 247 191 222 95 62 188 63 254 109 171 255 253 183 121
    253 125 222 255 253 127 253 253 251 245 227 176 245 118 155 252 245
    253 81 183 126 223 95 239 159 232 223 20 254 219 249 63 125 157 111
    167 85 245 254 99 190 255 137 44 254 165 218 125 62 134 254 175 179
    207 236 94 63 254 109 235 255 253 167 121 253 125 222 255 237 127
    252 229 251 245 239 48 245 118 154 252 245 253 93 183 254 91 95 239
    159 232 223 22 254 219 249 63 125 157 110 167 85 243 252 115 190 247
    137 44 254 165 202 61 62 150 254 175 243 223 108 94 45 222 255 233
    59 253 241 251 189 221 198 223 159 61 255 205 219 253 251 43 244 95
    218 127 127 255 21 54 125 211 127 239 223 194 251 112 245 251 253 60
    253 61 126 55 125 245 125 227 189 185 185 189 247 165 158 92 62 206
    255 239 211 223 13 222 31 242 79 233 254 177 219 240 248 191 212 251
    205 57 177 65 120 237 127 235 233 117 74 252 173 255 191 191 124 79
    119 255 215 236 157 63 94 249 249 119 124 76 107 63 215 160 218 51
    191 253 24 39 248 189 158 125 92 246 187 223 249 223 100 190 100 14
    183 152 64 207 5 71 175 100 42 4 17 188 249 174 203 48 224 36 158 19
    92 35 91 229 12 68 33 154 24 73 225 3 67 42 128 194 71 74 166 53 68
    166 45 254 100 226 149 40 244 56 179 89 133 26 185 76 106 44 75 68
    11 240 227 206 110 207 239 31 159 145 175 215 45 202 159 121 127 173
    245 247 124 111 94 215 146 112 123 247 189 62 191 154 95 59 246 109
    82 91 210 91 188 234 246 95 40 191 213 222 212 29 157 141 16 13 89
    111 159 223 56 244 112 60 86 223 58 249 255 254 121 255 255 152 223
    137 123 123 189 251 191 122 236 221 255 183 60 147 207 125 19 124
    247 215 243 127 255 123 255 127 135 237 223 183 251 217 251 127 103
    95 239 105 245 31 253 63 221 255 24 79 246 165 253 235 20 247 246
    191 186 255 248 95 63 239 109 170 183 93 133 9 239 86 61 250 189 63
    255 252 243 182 33 124 53 82 145 116 125 213 121 57 191 250 94 169
    132 108 95 218 234 120 185 124 39 223 60 185 84 150 244 44 213 173
    148 12 170 5 167 125 56 244 120 60 95 223 42 240 237 205 238 152 98
    95 94 135 61 198 45 138 154 175 127 206 137 57 248 173 29 213 82 225
    113 117 153 52 41 219 30 1 207 80 195 97 137 205 254 40 52 191 108
    181 183 252 117 233 23 202 168 127 151 77 120 158 127 207 92 101 183
    249 89 194 251 221 12 254 39 27 92 11 63 75 61 138 190 238 108 223
    164 151 52 189 14 252 176 34 113 150 243 88 251 115 252 33 146 116
    152 225 227 79 146 241 210 255 189 121 178 30 228 30 197 131 18 7 44
    5 247 175 153 247 121 63 21 120 154 177 59 255 125 170 55 29 141 139
    239 198 185 250 61 47 253 252 243 182 32 116 18 82 149 100 253 213
    113 57 191 250 94 57 164 100 95 158 194 120 155 124 39 91 60 249 22
    150 212 12 209 189 16 13 58 1 165 125 152 246 120 60 95 205 42 176
    126 48 245 156 58 133 31 109 231 238 209 176 253 110 179 86 242 213
    66 98 217 115 211 62 220 168 228 93 74 220 253 235 215 44 70 190 210
    120 161 124 116 74 29 14 212 52 193 79 153 172 24 5 114 29 157 73 24
    242 51 189 88 86 34 243 252 250 119 229 252 183 171 241 206 255 250
    123 199 80 209 116 242 213 239 107 253 167 159 220 159 254 189 175
    214 158 115 254 99 45 79 191 84 56 237 116 120 92 50 190 213 228 152
    117 184 173 24 1 240 29 156 89 0 242 51 157 94 87 32 190 220 250 119
    229 253 241 170 217 188 251 234 127 231 17 243 249 255 205 255 111
    252 5 62 248 167 223 121 239 221 71 227 190 125 225 95 125 119 245
    237 246 121 92 122 190 219 239 250 181 173 221 28 33 248 247 142 105
    214 220 183 140 214 95 48 190 59 212 125 239 191 237 255 120 223 255
    222 255 189 78 233 117 227 213 145 34 236 62 202 125 109 220 50 55
    94 107 127 127 215 230 93 50 118 251 249 55 113 93 207 110 85 148
    253 115 157 188 24 37 190 133 156 105 16 178 190 175 219 79 34 246
    222 250 251 117 252 182 254 217 248 187 225 250 207 209 240 91 50
    205 63 111 239 229 90 221 143 219 255 255 86 37 181 254 115 157 222
    191 219 189 229 247 248 78 123 221 243 77 219 27 156 239 24 99 241
    253 157 105 84 255 179 159 124 87 112 191 221 250 214 97 248 240 162
    240 152 191 226 223 198 17 211 169 107 205 191 111 237 135 174 248
    47 95 61 231 221 7 163 190 117 225 125 125 119 181 237 246 249 84
    122 190 219 43 122 177 173 221 92 49 221 255 140 233 214 220 167 141
    220 87 48 190 124 168 239 223 126 247 251 119 125 253 84 219 223 250
    179 78 187 221 249 171 245 125 203 251 57 123 183 182 124 223 119
    239 223 179 117 49 255 249 255 125 120 125 235 111 255 52 247 107
    191 236 153 199 245 125 156 206 87 255 247 255 219 127 161 254 43
    206 236 203 255 253 199 25 189 255 188 235 191 61 124 205 203 245
    255 187 244 119 219 125 117 247 25 55 127 219 95 231 143 202 219 0
    246 217 253 58 125 255 110 173 149 113 117 227 191 221 153 12 255
    165 203 190 58 214 246 175 211 219 60 222 222 185 251 253 54 115 248
    246 81 187 213 249 126 192 150 218 189 219 122 255 47 189 231 151
    175 91 247 255 75 103 246 234 215 63 53 255 255 125 254 117 120 253
    183 111 191 29 55 238 255 170 63 215 249 125 188 206 215 255 123 251
    125 53 209 255 16 138 143 223 40 83 220 182 50 190 20 199 158 117 27
    8 45 203 248 43 196 109 202 251 43 119 183 118 76 67 51 111 215 114
    57 97 95 253 250 50 113 124 235 63 191 132 245 107 155 232 28 199
    244 13 158 77 23 211 58 205 84 53 1 246 254 249 254 253 54 115 248
    246 85 187 213 249 127 192 150 218 191 219 122 255 39 189 231 151
    175 91 247 255 75 247 246 234 215 63 53 255 255 125 250 117 120 239
    247 111 191 61 55 238 255 170 63 215 249 125 188 222 215 255 127 251
    121 49 211 255 195 206 138 119 233 218 218 136 56 187 165 235 174
    123 102 157 45 171 188 159 205 111 127 125 115 95 251 118 223 39 163
    118 159 249 74 117 115 153 252 122 249 124 40 253 241 89 251 51 249
    206 24 33 245 229 216 235 19 255 183 181 176 115 144 91 110 79 100
    250 71 159 70 1 47 114 2 170 157 254 125 95 244 187 73 244 223 127
    81 115 81 24 242 93 56 220 188 129 218 39 87 187 67 122 151 108 164
    255 92 79 85 221 231 79 149 36 24 68 34 29 159 13 25 230 123 183 89
    103 163 115 92 146 221 209 248 183 175 112 38 255 65 202 143 121 182
    21 126 223 249 103 192 117 202 123 8 242 190 126 124 0 115 235 215
    85 223 43 80 248 125 99 116 72 120 47 245 28 245 111 158 172 24 5
    242 125 156 223 72 254 51 157 88 87 33 254 92 18 221 209 248 183 171
    112 38 255 65 66 141 121 178 85 126 223 233 103 192 117 202 123 8
    250 190 126 124 0 119 235 87 84 221 43 81 248 124 99 116 72 120 47
    245 12 245 111 158 172 24 5 242 125 156 221 72 254 51 157 88 87 33
