<?xml version="1.0"?>
<opencv_storage>
<ImageFile>"467.jpg"</ImageFile>
<Features type_id="opencv-matrix">
  <rows>279</rows>
  <cols>64</cols>
  <dt>u</dt>
  <data>
    58 222 254 255 47 253 221 57 127 251 253 251 191 122 125 94 253 187
    248 187 245 127 211 255 241 127 243 254 110 247 255 231 207 248 195
    52 255 217 250 123 120 93 239 239 245 117 247 111 191 238 137 79 246
    29 216 93 55 243 247 191 251 251 237 222 59 254 254 255 47 253 221
    49 127 253 125 235 191 126 124 94 253 187 96 187 245 125 83 255 241
    127 243 254 110 247 247 231 207 248 83 52 255 216 250 123 124 93 239
    239 245 53 247 111 187 238 137 79 246 29 216 93 63 243 247 191 251
    251 236 222 58 191 255 255 46 253 220 51 127 253 127 201 255 116 125
    94 253 187 96 187 247 125 83 255 217 127 243 254 110 247 255 231 207
    248 83 52 255 88 250 121 124 93 255 111 245 53 247 111 187 238 137
    79 246 29 216 93 55 243 247 191 251 251 233 222 249 254 255 253 255
    255 255 248 253 255 252 255 255 125 252 255 255 253 255 123 253 127
    251 255 253 255 247 191 127 87 255 255 223 239 255 255 255 255 249
    127 255 223 251 63 215 183 255 127 191 191 159 207 250 189 159 93
    124 246 255 255 251 223 174 255 253 255 255 253 252 246 251 248 254
    125 253 127 207 123 211 125 114 239 127 110 255 109 190 126 174 255
    119 255 255 31 243 191 247 231 93 223 215 181 255 255 127 92 155 222
    249 137 251 55 141 189 28 225 248 247 158 235 112 254 113 143 222
    119 183 189 248 253 255 255 247 111 255 255 125 253 255 191 255 254
    255 254 251 213 125 111 127 141 167 62 111 223 251 63 211 95 126 191
    242 39 117 251 82 119 253 244 211 223 252 62 223 31 205 180 205 173
    86 181 249 191 133 203 208 252 105 191 93 14 51 185 124 252 254 254
    58 255 254 119 127 254 93 253 127 118 253 254 255 187 251 235 247
    125 95 255 249 111 230 223 109 247 255 231 223 218 199 38 255 219
    248 127 122 159 255 100 247 247 247 111 191 238 175 79 252 29 216
    221 127 255 255 255 251 251 239 223 124 238 127 235 50 127 247 255
    221 254 222 189 125 190 251 238 251 220 219 111 61 209 253 188 125
    253 60 145 127 223 126 191 224 101 119 251 215 119 221 124 58 221
    247 62 95 175 110 244 143 45 255 189 219 63 134 92 212 236 105 252
    223 14 42 182 51 220 80 142 219 204 131 13 111 97 14 253 189 63 236
    245 255 151 32 48 196 35 219 100 85 221 121 47 19 27 91 111 135 165
    85 186 114 90 233 118 97 92 40 171 213 22 253 111 145 164 24 12 244
    29 156 75 16 242 50 189 88 71 32 250 44 170 239 232 58 127 165 255
    253 252 206 181 93 62 187 236 203 252 227 106 245 85 222 251 125 253
    20 147 125 215 63 207 221 96 87 186 119 250 249 60 124 93 122 54 85
    165 119 235 185 172 156 13 242 29 156 92 54 226 47 189 219 79 40 250
    237 43 231 245 220 39 99 254 212 253 210 55 235 219 147 79 226 221
    251 111 127 143 202 55 14 234 190 167 218 12 50 207 119 39 116 187
    86 124 117 116 216 100 154 30 201 41 73 199 157 44 24 145 209 126
    156 73 80 252 115 159 76 86 49 251 26 49 155 118 54 49 248 58 208
    154 87 115 190 82 2 82 52 207 225 219 197 60 195 215 136 26 246 211
    74 96 181 234 95 56 148 180 127 88 232 117 88 77 179 111 225 37 147
    111 187 174 9 71 240 29 220 89 6 243 55 219 120 51 228 250 255 254
    255 255 255 183 255 254 253 253 245 251 255 251 182 95 251 245 127
    115 253 103 243 127 207 235 252 191 123 93 127 239 215 45 84 191 82
    121 249 245 90 95 122 47 209 21 245 111 157 172 24 5 240 29 156 73
    16 246 51 189 88 87 34 251 243 5 210 23 202 134 138 129 206 103 19
    90 190 235 19 84 118 211 57 230 201 167 131 117 222 218 189 47 194
    152 243 58 215 45 69 191 90 120 237 92 112 88 24 143 209 28 217 31
    153 172 24 5 240 29 156 73 16 242 51 189 88 87 32 250 59 48 88 38
    191 177 95 24 214 42 215 116 189 78 32 85 116 150 2 144 225 114 129
    110 164 144 224 95 86 125 229 111 15 172 157 30 238 120 232 83 56
    201 199 73 196 5 181 79 179 254 25 7 172 1 222 81 48 51 190 155 184
    155 236 198 205 254 223 193 254 127 222 209 59 255 46 219 222 242
    238 249 227 213 189 47 79 221 46 248 239 215 59 119 253 79 63 119
    243 195 220 91 114 247 255 182 215 255 106 127 155 142 124 177 205
    221 118 244 207 231 143 239 214 220 160 47 213 125 19 189 125 20 253
    180 95 167 59 126 148 238 212 21 205 105 147 86 234 221 3 98 240 39
    194 119 76 234 180 143 82 20 113 235 215 36 21 186 82 120 233 124
    120 76 56 175 213 17 225 111 153 172 24 5 240 29 156 73 16 242 51
    189 88 87 32 250 45 5 244 188 19 47 51 127 52 68 199 53 61 60 188 71
    234 252 65 96 240 35 208 115 92 168 160 13 114 212 61 233 215 36 87
    186 82 120 129 124 112 93 28 15 212 21 229 78 153 172 24 13 242 29
    156 73 24 242 51 189 88 87 32 250 61 246 125 237 191 189 191 249 253
    254 250 191 237 125 249 245 243 252 203 122 245 114 151 252 253 44
    230 211 253 85 253 255 239 104 223 190 255 123 185 253 222 95 91 190
    214 227 194 95 184 191 156 15 242 157 159 93 62 246 127 190 255 222
    46 180 59 213 124 94 39 159 93 27 247 68 189 232 61 123 36 95 180
    178 98 249 183 118 81 231 241 55 197 92 123 253 220 225 158 124 130
    166 203 24 242 121 126 155 253 229 180 113 247 110 179 162 139 78
    106 29 251 29 59 247 255 255 187 251 238 75 51 17 16 150 221 130 94
    8 70 65 17 69 164 78 0 17 110 215 4 20 194 41 131 98 44 146 242 15
    146 40 1 45 23 37 28 154 66 96 75 86 65 192 8 75 193 28 253 15 129
    164 16 5 32 0 156 75 16 50 50 157 88 23 48 250 56 255 127 223 50 159
    219 113 255 212 63 220 221 125 253 236 242 213 66 43 214 124 208 247
    249 102 165 62 108 218 93 123 255 100 87 190 222 122 251 125 246 95
    249 38 244 182 241 111 155 172 137 15 242 29 157 93 48 242 115 189
    123 95 46 251 108 39 228 178 211 191 39 83 36 70 2 52 185 238 184 69
    226 245 73 100 217 7 145 113 94 200 168 13 82 24 56 137 82 37 86 187
    66 122 5 84 148 84 24 15 69 12 228 206 157 44 24 4 99 29 143 73 16
    242 51 188 72 86 32 248 194 204 142 223 39 223 222 3 63 255 61 202
    154 188 52 14 141 91 60 191 140 85 242 105 121 215 153 118 61 243 30
    99 215 240 48 33 243 77 250 35 114 191 109 45 151 28 245 107 87 202
    24 5 253 73 188 158 25 215 50 253 81 89 26 250 254 252 255 247 255
    191 223 249 254 127 253 251 255 250 246 93 251 215 63 103 207 63 163
    125 238 223 255 63 215 91 119 63 215 37 92 255 82 125 253 246 114 94
    120 63 217 28 253 31 157 173 24 5 248 61 156 75 80 246 51 189 92 87
    48 251 122 221 253 222 39 207 93 47 247 228 61 153 63 238 116 254
    247 214 52 99 142 58 229 39 253 207 231 31 83 249 253 107 243 36 52
    254 210 121 242 252 82 223 253 107 214 22 229 111 153 172 26 5 248
    29 157 73 25 242 123 185 89 86 34 251 121 20 254 180 94 167 59 119
    180 254 84 23 157 233 179 71 238 253 99 102 240 39 210 115 30 234
    188 46 80 20 113 235 215 36 85 186 83 120 233 124 120 92 56 47 213
    52 247 111 153 172 24 5 240 29 156 73 16 242 51 189 88 87 32 250 44
    7 228 130 19 79 1 79 165 68 6 52 25 62 185 102 202 84 1 96 65 50 208
    35 92 136 0 1 18 136 24 73 212 36 87 186 66 114 1 84 48 85 28 14 68
    20 101 78 25 44 24 4 242 29 156 9 16 226 35 188 72 86 32 248 212 234
    243 81 248 82 166 233 202 187 234 251 226 215 195 202 123 129 255
    159 79 143 47 220 151 95 127 175 134 143 162 150 235 143 77 255 92
    189 111 126 104 116 160 246 223 105 31 177 239 237 44 243 213 255 72
    243 70 252 197 69 252 113 241 30 211 19 214 50 221 34 39 58 98 56
    210 35 238 217 2 17 110 239 43 246 105 135 131 247 134 122 248 238
    210 4 224 97 95 47 84 191 91 48 101 68 124 84 24 15 201 105 199 207
    152 172 24 4 240 28 156 73 16 242 51 149 88 87 32 122 9 2 69 128 8
    167 161 118 52 252 66 5 1 125 153 1 106 92 193 98 224 32 200 243 8
    168 4 132 88 64 49 203 87 38 85 184 85 122 73 116 212 84 26 6 68 128
    225 111 153 44 24 5 240 29 156 73 16 226 51 189 72 7 32 250 199 233
    147 31 209 194 90 142 202 163 41 250 162 194 134 58 43 3 52 87 15
    143 111 13 199 215 251 47 131 43 2 54 131 167 44 223 2 173 111 246
