<?xml version="1.0"?>
<opencv_storage>
<ImageFile>"468.jpg"</ImageFile>
<Features type_id="opencv-matrix">
  <rows>121</rows>
  <cols>64</cols>
  <dt>u</dt>
  <data>
    109 175 231 249 88 255 231 247 189 252 206 157 223 253 251 238 203
    253 251 111 244 125 222 243 95 127 28 166 124 199 59 207 223 67 87
    187 85 250 253 60 124 53 122 38 93 165 119 227 157 172 56 29 243 93
    156 76 16 238 115 189 75 87 33 250 77 174 231 249 88 255 227 247 189
    252 206 149 217 253 251 239 139 125 235 106 244 125 222 243 95 126
    20 166 124 199 59 207 223 66 87 168 85 250 253 60 124 53 122 166 85
    181 119 227 153 172 24 29 243 29 156 76 20 238 115 189 74 87 41 250
    236 175 247 241 120 255 231 247 189 253 78 223 215 253 251 239 235
    253 251 111 252 13 222 251 95 255 30 166 124 199 58 223 215 3 119
    187 85 254 253 124 125 117 122 54 253 167 127 227 157 172 60 61 243
    95 157 77 16 252 115 173 90 87 33 250 255 253 243 245 253 226 251
    216 222 253 243 127 239 203 194 125 226 213 63 111 238 173 170 121
    46 223 251 63 214 43 99 63 83 231 60 219 82 253 255 215 81 232 187
    127 235 9 249 183 204 181 80 181 233 182 140 107 208 188 177 159 220
    23 177 190 126 173 237 154 87 159 87 127 255 229 253 184 255 250 190
    78 251 245 123 119 191 119 211 119 93 235 172 63 115 217 124 233 215
    47 87 187 210 121 245 124 114 223 124 47 213 28 245 111 157 172 152
    13 242 29 156 93 24 246 115 189 89 87 42 251 255 190 255 235 127 255
    151 127 255 253 222 255 255 255 254 253 251 247 251 59 245 87 251
    127 255 255 125 191 127 219 255 239 215 237 87 191 254 120 253 124
    124 93 122 47 221 53 245 239 189 172 153 13 242 61 156 93 124 246
    247 189 219 223 44 254 110 173 239 219 215 159 87 125 237 231 149
    184 255 234 191 78 251 245 123 119 191 119 211 119 95 235 174 45 115
    152 124 171 215 47 87 187 82 121 253 126 48 95 60 47 213 28 245 167
    157 172 24 13 241 61 157 75 88 246 115 189 88 87 58 251 243 158 210
    231 221 130 130 136 94 121 18 123 166 91 128 93 118 215 61 146 205
    47 139 125 34 218 123 47 150 11 225 119 23 167 92 23 115 221 111 118
    193 84 74 74 201 12 217 147 201 252 24 5 244 164 156 235 16 114 182
    157 216 85 48 253 243 254 210 103 253 160 219 136 222 57 144 123 174
    91 194 93 114 151 60 19 207 47 171 125 102 222 123 47 214 43 227 126
    151 175 92 215 114 189 239 247 193 92 106 89 201 29 185 179 200 247
    24 37 252 166 156 235 80 242 182 159 220 85 176 31 221 189 255 125
    112 247 251 246 217 191 212 159 206 241 147 202 189 201 251 239 127
    173 102 159 191 107 190 246 73 213 246 170 207 59 37 237 223 61 252
    125 120 60 187 254 255 57 179 255 255 168 47 211 241 125 28 197 87
    255 123 219 127 183 209 255 172 170 231 241 28 231 225 255 252 253
    194 245 99 219 179 207 235 221 227 107 245 47 238 255 79 235 54 167
    94 77 51 239 215 39 117 186 86 252 237 118 121 116 122 46 219 53 83
    235 153 172 24 5 240 29 156 73 16 242 51 191 88 87 32 254 124 58 247
    241 252 183 43 122 212 63 210 51 239 203 147 91 242 205 251 110 249
    79 203 255 142 250 254 191 90 69 112 239 95 39 156 191 85 188 117 85
    124 68 211 143 75 169 203 215 254 60 24 240 227 252 158 81 68 190
    151 223 222 135 53 246 236 174 231 241 88 247 225 255 252 253 194
    117 99 219 187 237 235 221 251 99 245 15 238 255 79 235 54 167 95 77
    51 239 247 39 85 187 86 244 237 118 121 116 122 46 205 37 81 227 153
    172 92 149 241 29 156 73 16 242 35 189 218 87 33 254 205 9 163 245
    52 34 121 254 144 187 192 209 67 193 130 11 170 77 187 107 238 173
    230 59 15 139 178 134 81 5 32 239 119 51 60 185 87 252 240 245 216
    110 187 110 235 17 67 251 25 168 122 213 225 126 157 72 145 186 51
    223 92 86 129 243 252 251 255 213 250 223 221 239 223 245 127 254
    223 254 254 254 251 213 126 111 159 253 238 63 255 223 183 63 239
    219 126 191 243 103 118 255 214 255 255 254 210 127 229 126 187 142
    217 183 223 173 215 253 250 63 151 127 208 254 113 127 93 93 59 255
    255 61 235 247 223 134 219 136 222 239 213 126 191 234 146 92 250
    213 63 119 143 175 203 125 46 222 187 47 210 27 114 63 87 175 29 219
    90 125 237 86 80 72 184 107 219 28 253 183 221 172 24 133 249 189
    156 235 80 254 49 189 92 23 48 250 59 252 253 255 63 253 221 56 255
    255 213 249 191 127 252 93 255 247 98 251 245 119 211 127 245 255
    245 127 127 123 245 239 223 236 215 190 255 121 249 127 124 221 123
    47 213 113 245 111 187 190 153 15 240 29 222 93 56 243 247 191 251
    223 44 222 124 56 255 87 254 247 251 255 222 191 215 255 255 234 147
    78 250 213 123 127 255 127 207 223 159 234 254 191 74 221 119 238
    111 47 7 191 222 61 253 126 120 92 241 174 211 121 145 127 191 172
    152 195 241 61 156 83 84 254 115 255 251 151 120 254 191 253 127 223
    255 189 223 153 255 255 61 251 191 122 254 253 247 247 60 59 220 127
    242 126 253 223 243 127 255 123 127 123 247 36 84 254 242 123 249
    245 210 95 123 63 209 22 245 111 153 172 24 5 240 29 157 73 16 242
    51 189 90 87 34 251 43 220 44 108 175 253 209 48 61 125 94 205 156
    125 108 165 173 250 65 241 244 114 218 115 113 127 209 118 125 87
    255 231 223 120 211 32 255 75 248 41 125 157 122 175 213 113 247 107
    185 218 152 13 244 13 154 77 59 211 247 189 242 251 12 202 124 190
    255 237 254 191 187 249 253 253 214 63 255 253 251 252 242 221 123
    110 253 87 222 253 255 232 252 191 254 213 127 255 255 109 87 255
    214 127 189 126 253 93 91 30 221 175 219 85 157 173 28 141 243 253
    159 77 80 254 59 188 219 15 50 252 59 220 124 238 175 253 213 56 191
    125 222 205 189 125 108 157 253 254 101 241 244 118 219 125 241 255
    113 126 127 83 255 239 159 232 211 52 255 73 248 105 125 221 122 175
    213 113 247 111 185 218 153 13 252 141 222 77 59 246 247 189 210 223
    44 222 254 190 255 237 254 191 187 249 253 253 214 127 255 253 251
    220 242 221 123 110 253 215 222 253 255 232 252 255 254 213 127 255
    247 109 85 255 223 127 189 127 220 93 91 30 221 175 203 21 157 173
    28 13 243 255 159 77 80 254 59 189 219 31 50 254 191 254 111 239 191
    189 253 152 253 255 212 251 239 123 237 93 250 255 255 251 253 126
    219 125 229 255 115 183 127 119 255 255 223 238 223 118 255 249 249
    119 255 95 251 125 215 85 255 115 185 255 24 101 252 133 221 125 62
    246 247 191 251 255 174 255 126 185 255 244 54 103 249 127 213 252
    213 241 127 224 146 94 191 223 114 251 247 45 227 247 221 235 246
    223 74 245 246 235 223 62 37 190 223 124 250 125 120 124 181 111 255
    53 247 111 155 174 25 199 240 29 156 73 21 243 115 251 123 119 161
    250 254 116 249 190 255 175 95 13 247 103 253 186 191 234 182 126
    242 183 86 243 191 255 243 47 212 234 226 63 115 249 253 239 163 173
    150 255 202 121 241 255 26 203 197 73 209 31 205 31 159 166 147 15
    104 188 245 117 120 183 249 187 185 214 186 221 124 45 255 223 114
    127 243 255 253 252 222 181 127 254 251 238 251 213 123 111 253 191
    199 183 95 235 164 13 123 219 126 251 255 39 85 186 86 122 249 124
    250 93 124 46 221 54 225 110 157 172 27 5 240 29 157 73 16 242 59
    189 89 86 34 250 255 252 255 247 127 183 223 251 255 255 253 251 255
    187 182 95 242 245 63 127 253 71 211 127 109 254 249 63 90 123 119
    239 215 45 84 191 210 121 233 245 112 94 57 47 209 28 245 111 157
    172 24 5 240 29 156 73 16 246 51 189 88 87 32 250 186 241 154 247 62
    160 220 131 87 251 113 251 191 194 20 90 116 214 164 155 231 60 225
    95 173 154 243 251 94 241 245 254 39 186 188 117 255 253 242 247 75
    206 231 105 186 21 147 127 235 251 26 195 236 132 124 245 199 179
    255 219 191 59 241 167 253 190 255 113 254 183 235 248 252 63 210
    123 239 219 209 93 242 237 255 102 253 95 27 253 190 254 127 191 254
    95 241 255 111 79 206 191 255 189 125 253 92 68 210 158 217 233 155
    215 190 189 152 251 241 253 206 211 102 190 215 159 254 223 253 188
    251 212 218 231 255 150 223 137 255 251 61 235 191 106 38 125 116
    179 60 147 237 127 191 125 246 195 251 127 223 249 255 247 167 237
