<?xml version="1.0"?>
<opencv_storage>
<ImageFile>"469.jpg"</ImageFile>
<Features type_id="opencv-matrix">
  <rows>399</rows>
  <cols>64</cols>
  <dt>u</dt>
  <data>
    58 188 253 143 58 223 211 45 255 252 94 189 189 126 255 244 247 147
    192 178 213 117 211 247 249 236 228 95 106 219 223 239 183 108 71
    182 254 90 249 124 246 93 77 38 212 182 245 111 191 172 137 15 246
    29 152 93 62 242 127 189 251 95 42 222 169 222 237 221 254 189 221
    116 189 125 124 201 223 125 126 205 253 253 123 107 244 127 242 251
    111 235 164 62 125 85 125 239 215 108 86 248 218 123 249 245 214 223
    122 63 209 182 213 79 157 173 30 5 240 29 159 77 24 246 51 159 219
    95 38 251 190 254 255 239 187 221 241 237 255 245 254 253 255 62 255
    252 251 148 123 123 181 91 239 124 253 239 117 59 127 219 127 254
    253 108 109 222 214 123 249 254 251 95 253 62 222 183 89 53 159 173
    223 141 250 31 149 77 144 246 107 252 219 79 42 255 61 53 252 220 19
    237 117 127 245 228 221 180 125 191 189 206 251 244 67 105 187 250
    247 183 89 41 164 152 121 220 124 233 217 38 37 190 194 122 17 124
    62 219 60 47 86 183 103 110 153 36 255 12 114 28 151 77 184 242 107
    220 89 70 42 243 125 53 252 156 18 229 117 119 245 228 221 180 125
    191 191 206 251 244 67 105 187 251 247 183 93 41 164 25 121 156 124
    233 249 44 37 190 194 114 17 124 62 203 60 46 94 180 69 110 153 36
    94 13 112 28 149 77 184 242 43 220 89 70 34 243 249 222 126 221 255
    191 255 240 63 255 44 203 159 121 118 253 245 255 253 47 252 119 178
    120 123 255 191 126 253 83 255 251 247 113 222 121 210 121 248 249
    118 95 122 63 209 22 245 127 157 173 24 5 248 253 157 77 16 246 115
    191 222 223 42 251 249 223 126 223 254 191 255 144 63 223 45 203 158
    123 126 253 247 255 252 175 124 125 51 242 227 127 243 126 253 115
    255 51 247 112 222 245 211 121 250 253 118 95 122 63 245 86 247 127
    157 173 24 7 248 61 159 77 51 247 115 191 90 255 43 251 220 239 255
    253 250 255 254 245 121 255 94 223 223 244 255 234 187 221 251 111
    127 221 238 185 255 127 191 246 237 199 62 191 215 83 125 251 214
    255 253 116 120 125 255 63 255 158 255 179 159 173 62 247 219 255
    156 76 214 252 121 255 95 127 97 246 210 17 211 247 252 162 219 236
    214 175 81 91 143 203 147 90 126 215 56 103 142 173 194 123 174 202
    250 127 210 41 247 47 87 183 60 255 118 253 246 87 81 202 169 74 235
    28 201 31 223 134 24 231 97 242 188 235 193 190 57 219 92 7 177 247
    249 252 255 255 255 127 255 253 253 255 254 255 255 253 255 255 251
    253 127 111 124 219 247 60 127 255 191 191 255 87 126 191 241 101
    117 255 215 119 253 117 126 221 127 62 223 151 255 244 141 173 94
    141 248 191 159 77 216 244 107 191 223 31 42 186 220 255 255 253 250
    255 254 247 61 255 95 159 223 244 255 238 185 221 251 111 191 221
    230 185 255 127 191 254 109 215 62 175 215 115 117 251 214 255 253
    119 112 125 253 63 255 158 255 179 159 172 62 247 243 255 156 77 212
    254 123 255 95 95 51 254 251 213 108 222 39 31 87 24 55 69 61 136 60
    185 100 255 245 246 28 253 62 242 177 50 113 231 225 124 123 115 220
    33 154 124 146 252 194 73 146 249 118 155 124 47 144 94 228 78 149
    131 151 12 122 29 211 207 57 247 123 188 89 222 46 217 246 254 105
    141 254 221 159 201 175 103 27 222 157 46 252 244 249 245 94 32 158
    119 154 104 125 212 191 127 182 251 95 191 135 253 79 79 194 251 255
    95 36 217 101 249 151 222 252 49 215 141 144 41 175 241 182 255 88
    94 248 61 255 221 56 182 56 223 255 220 34 95 241 119 127 220 78 221
    95 180 255 238 255 213 248 47 212 85 214 243 249 127 149 244 109 210
    94 235 215 64 115 176 214 90 248 120 244 29 255 55 181 182 117 110
    159 168 173 159 242 29 159 93 62 246 123 237 91 95 47 250 45 206 108
    236 63 189 255 113 61 254 94 157 157 60 253 199 160 220 73 105 244
    114 208 115 125 168 164 23 125 89 61 235 247 36 84 186 214 122 129
    245 210 223 91 14 208 150 193 79 153 173 28 5 248 29 159 73 16 242
    59 188 91 94 34 249 149 61 150 87 40 193 220 182 50 187 41 193 134
    195 130 59 125 194 100 131 215 45 103 195 193 111 243 126 64 14 227
    98 255 48 84 182 91 56 234 245 112 92 57 47 245 48 247 111 153 174
    24 71 240 29 156 73 23 243 51 181 88 119 33 234 147 181 154 87 32
    192 220 6 82 177 61 249 166 115 130 58 127 131 32 147 199 45 99 199
    193 67 243 127 2 44 199 98 223 60 69 182 218 24 234 125 112 92 169
    239 181 16 181 111 153 174 8 67 240 25 24 73 22 243 18 181 120 115
    225 234 122 140 190 143 162 93 158 165 31 198 63 140 29 44 123 254
    253 146 64 164 92 209 214 32 217 69 188 120 169 242 223 171 229 48
    67 224 223 66 232 104 50 29 117 46 213 150 244 108 159 136 155 13
    178 29 145 217 26 243 59 56 91 91 42 226 122 140 190 139 74 95 150
    165 63 230 30 140 29 180 127 254 253 146 96 164 92 209 214 160 217
    69 188 120 169 210 223 235 197 48 67 100 223 66 232 104 54 29 101
    175 85 22 245 108 159 136 139 13 182 29 24 219 26 242 59 56 91 91
    106 234 55 177 219 94 54 192 216 6 82 129 53 249 254 115 134 90 127
    131 32 147 199 45 67 199 241 67 243 127 3 184 199 98 159 60 69 182
    250 24 250 125 112 92 185 235 181 80 181 111 153 174 9 67 240 25 24
    73 22 243 54 185 56 115 224 202 252 168 255 43 123 123 242 237 249
    184 222 189 125 54 235 250 251 144 155 123 237 145 239 188 253 201
    248 143 107 207 63 254 253 44 69 254 127 115 237 116 218 93 124 62
    213 55 227 109 189 172 31 5 242 29 157 73 20 242 175 188 89 95 34
    223 251 221 238 255 255 127 219 159 191 253 254 223 191 252 126 253
    253 245 60 63 124 223 190 127 111 255 187 55 255 123 126 127 247 239
    85 249 246 119 255 245 211 223 239 127 217 30 253 253 205 173 94 141
    219 255 159 239 80 244 117 63 223 93 22 253 233 206 238 201 75 95
    231 215 61 255 44 201 31 188 127 239 207 253 253 111 116 215 252 59
    127 239 27 38 253 215 58 119 241 199 90 121 82 247 253 186 246 255
    108 63 95 158 84 224 221 73 126 156 223 127 135 206 209 252 105 60
    215 220 26 185 250 221 254 255 255 255 95 177 63 127 125 218 159 249
    118 253 245 215 60 255 94 253 162 123 111 223 251 127 255 123 246 59
    211 101 92 251 210 125 249 245 114 222 121 63 213 30 253 63 157 173
    26 5 232 29 159 77 16 246 49 189 92 87 32 186 255 254 127 253 255
    125 255 217 253 255 252 251 255 255 254 253 243 253 63 107 253 253
    190 120 111 255 187 187 255 95 127 255 243 229 212 251 118 247 253
    247 214 94 122 62 217 151 221 49 141 173 30 5 248 191 159 109 80 244
    49 159 222 86 50 189 107 206 236 201 238 159 147 1 63 247 7 206 156
    125 127 77 192 245 25 230 220 117 90 113 93 246 188 62 126 31 59 35
    215 100 215 187 90 123 237 122 244 93 120 44 213 28 245 55 157 172
    24 5 241 29 156 75 16 246 51 189 88 215 42 251 62 253 255 255 191
    253 253 253 255 255 252 253 253 78 255 253 243 214 115 123 255 123
    255 127 237 239 226 187 95 91 127 239 255 238 223 254 246 123 249
    247 123 223 255 110 214 23 253 127 157 188 26 5 240 189 156 77 16
    178 255 191 219 95 174 254 59 212 109 221 54 221 219 85 63 247 181
    200 221 57 52 127 189 244 66 251 212 113 242 115 125 227 164 127 123
    125 125 107 215 124 215 186 218 121 248 117 114 223 121 47 213 20
    245 111 153 172 24 5 240 29 156 77 24 242 51 189 89 87 42 251 107
    206 108 137 238 159 147 17 63 247 21 206 157 125 125 77 200 245 25
    230 220 117 218 113 93 246 188 62 126 95 63 35 215 100 215 187 90
    123 237 122 244 95 120 46 213 28 245 55 157 172 24 5 240 29 156 73
    16 246 51 189 88 215 42 251 40 65 109 152 3 15 29 79 165 70 45 128
    25 236 188 70 139 116 66 96 18 242 208 35 92 133 132 25 115 152 28
    201 208 36 71 186 130 96 129 92 54 251 52 43 84 148 229 78 17 164
    144 12 34 29 151 25 24 226 57 189 89 70 42 242 76 9 143 218 34 95
    113 247 29 252 110 149 17 182 251 238 139 88 248 47 84 249 228 163
    89 97 132 4 105 200 30 203 237 18 99 224 151 74 214 120 242 61 245
    38 60 182 101 234 191 40 239 221 147 93 157 158 119 234 107 249 75
