<?xml version="1.0"?>
<opencv_storage>
<ImageFile>"470.jpg"</ImageFile>
<Features type_id="opencv-matrix">
  <rows>168</rows>
  <cols>64</cols>
  <dt>u</dt>
  <data>
    47 221 238 250 55 253 221 27 191 247 173 248 191 191 252 223 155 244
    124 123 182 86 240 119 117 247 211 63 127 251 92 235 135 206 247 234
    242 125 251 123 118 255 254 237 183 215 117 239 223 187 190 157 250
    21 255 92 56 246 255 255 251 221 143 219 47 221 238 250 55 253 221
    27 191 223 189 248 191 191 252 223 155 246 126 123 182 94 240 119
    113 247 247 63 127 251 126 235 207 78 255 230 243 93 251 125 126 255
    255 253 191 247 117 239 255 187 190 157 254 13 255 92 56 246 255 255
    251 221 143 218 61 221 253 204 63 253 245 123 189 92 204 233 221 125
    252 77 255 252 227 43 244 126 216 243 117 255 65 118 125 87 93 239
    223 82 251 48 246 248 249 61 125 189 254 167 245 181 117 107 184 180
    185 12 242 21 158 93 63 150 254 175 211 223 173 222 61 222 253 204
    63 253 245 123 191 92 204 217 221 61 252 77 255 252 227 41 244 126
    218 243 253 255 65 118 125 87 93 239 223 80 251 52 246 248 248 61
    117 157 255 39 245 181 245 111 184 180 169 13 242 29 158 93 62 214
    254 239 211 223 45 222 250 221 254 223 54 223 221 243 63 255 125 219
    159 248 126 254 255 215 124 111 158 255 246 123 127 255 183 62 95 91
    126 63 215 103 125 251 210 125 250 119 115 255 249 127 159 30 253 63
    157 173 30 133 248 31 156 77 17 246 115 255 93 93 35 187 208 137 139
    223 32 199 216 167 82 229 85 216 19 224 19 10 111 195 48 103 142 173
    230 131 27 219 182 46 65 137 50 107 215 38 53 250 90 109 234 124 112
    124 177 47 159 28 245 238 155 168 27 197 240 29 156 73 81 242 51 249
    88 85 1 250 250 221 254 223 55 255 221 243 191 255 125 219 159 248
    246 255 255 215 124 111 158 255 246 123 127 255 183 63 95 91 126 63
    215 103 125 251 210 125 251 247 115 255 249 127 223 30 253 63 141
    173 30 133 248 31 156 77 17 246 115 191 93 93 35 187 248 14 247 155
    218 111 163 253 253 125 78 31 221 252 251 236 235 213 123 102 124
    133 222 180 95 236 188 46 251 218 59 175 245 39 85 187 82 114 237
    124 116 85 92 62 77 150 237 229 157 44 92 5 242 31 156 73 16 244 35
    188 88 70 34 248 45 54 247 113 56 247 227 254 240 188 194 117 77 125
    155 97 234 237 203 107 245 111 94 255 141 106 6 151 108 77 113 223
    255 106 71 190 92 186 249 124 253 116 58 166 197 225 211 107 184 172
    8 67 240 29 156 65 54 242 87 159 250 215 101 254 197 168 146 117 121
    226 250 246 216 189 192 255 226 203 130 10 106 205 187 15 239 143
    239 223 15 107 190 167 89 69 34 110 255 163 60 113 119 189 255 246
    217 108 234 126 235 57 27 251 253 236 120 241 245 126 156 194 215
    254 247 255 222 117 145 255 197 186 215 119 120 98 251 246 216 189
    192 255 226 203 130 139 107 205 187 47 237 143 239 159 47 107 190
    167 95 69 34 238 255 163 124 113 119 189 255 247 217 124 234 254 171
    121 27 243 253 232 126 241 213 254 188 230 215 252 247 255 222 117
    145 255 248 255 247 223 250 255 255 255 255 253 122 95 223 255 251
    236 243 213 255 110 126 237 190 191 255 239 167 191 255 219 126 191
    114 103 127 255 212 247 253 255 223 93 219 182 239 174 201 182 141
    53 247 249 250 191 135 77 224 252 105 207 223 14 43 180 248 33 187
    156 34 71 93 111 198 228 213 154 83 224 150 90 255 213 114 103 14
    189 226 135 157 219 182 44 67 172 22 40 199 37 37 250 138 105 194 92
    48 201 181 43 191 28 165 46 159 172 155 135 112 24 20 75 80 242 57
    249 89 21 32 250 218 1 139 158 2 71 91 47 198 230 85 146 83 160 54
    90 63 85 112 103 10 189 226 3 28 211 182 44 67 168 54 41 195 37 53
    251 10 108 226 92 48 201 181 43 151 28 229 46 159 172 26 135 112 24
    20 91 88 242 57 249 89 22 32 250 62 249 254 254 55 235 125 123 117
    250 253 249 63 238 228 95 187 222 39 251 167 126 225 127 237 223 243
    255 91 119 253 239 211 182 181 190 247 124 248 117 120 239 255 105
    255 21 247 111 219 230 58 199 234 29 252 77 27 179 247 251 187 127
    161 190 61 254 255 77 56 253 241 246 249 148 206 253 94 125 255 232
    251 232 251 235 245 125 95 247 251 127 85 246 109 215 223 231 223 90
    195 172 221 155 249 61 253 29 251 183 253 227 247 235 191 255 175
    255 242 93 91 93 110 223 223 231 243 251 237 222 167 222 202 103 255
    248 221 152 62 219 50 235 174 91 96 93 125 247 188 187 197 78 187
    125 103 215 115 115 158 123 227 119 23 251 222 85 254 189 255 183
    101 124 234 253 155 64 252 179 236 223 24 245 221 231 238 235 87 221
    246 47 246 253 149 62 179 158 194 103 255 176 223 136 190 251 18 107
    175 91 98 93 124 247 188 155 196 79 155 125 231 215 123 119 158 123
    231 119 23 251 222 21 255 189 254 55 101 124 235 253 223 65 253 243
    252 223 24 247 247 229 252 235 87 223 246 143 246 125 148 62 183 222
    194 103 255 184 221 136 190 219 50 235 175 91 96 93 124 247 188 155
    197 79 187 125 103 215 123 119 158 123 231 119 151 251 222 85 254
    189 255 183 101 124 234 253 155 64 253 179 236 223 24 245 253 231
    238 235 87 223 246 47 246 125 149 62 187 213 108 255 191 189 223 9
    255 255 189 250 191 126 100 93 181 183 126 155 247 118 211 126 241
    247 243 63 127 251 223 251 143 252 142 246 251 89 250 249 122 223
    239 249 149 117 245 127 191 191 152 15 254 133 254 245 57 247 246
    191 187 251 188 218 223 249 251 116 119 162 120 74 208 11 213 242
    230 194 132 91 176 169 55 215 231 47 33 87 166 218 231 223 66 61 228
    224 202 63 142 191 235 60 209 253 88 234 177 201 251 121 183 79 249
    174 24 195 104 52 124 65 22 179 247 187 56 179 241 139 194 3 130 147
    239 150 138 129 46 231 51 74 154 232 50 5 228 211 37 231 206 165 131
    115 74 90 179 46 210 8 177 115 247 36 84 186 82 120 225 244 208 92
    56 15 209 20 209 79 153 172 24 5 240 29 157 73 16 242 51 189 88 87
    32 249 58 184 253 255 62 253 223 61 255 254 215 188 253 126 189 214
    191 215 66 186 245 119 211 255 249 118 230 255 126 253 253 235 223
    124 215 182 255 122 248 125 120 93 255 45 245 181 247 111 191 174
    153 15 242 29 220 93 54 243 127 191 251 219 104 254 62 37 125 158 18
    13 93 111 199 100 253 176 125 34 180 246 242 212 66 97 147 112 225
    167 221 129 164 25 99 156 93 233 240 36 4 190 202 120 129 220 178
    219 61 15 208 22 229 78 147 164 155 12 96 29 23 93 24 242 59 248 89
    86 42 249 109 32 225 53 217 163 43 120 196 175 211 118 243 202 128
    70 226 53 99 83 255 39 195 95 12 250 167 47 82 14 33 206 79 44 69
    187 82 56 233 94 120 72 48 47 213 121 181 111 153 172 24 5 240 29
    156 65 16 242 51 189 88 87 32 250 126 255 255 253 254 191 255 121
    255 255 213 250 255 123 188 92 242 213 123 111 255 125 194 127 239
    250 174 191 126 125 125 239 215 101 220 187 214 125 249 119 244 223
    251 111 215 140 221 63 159 173 24 5 242 189 159 93 80 246 123 159
    219 95 58 255 92 191 247 253 120 191 254 115 123 253 97 219 223 241
    159 90 182 207 248 107 191 109 66 251 205 127 247 255 108 101 245
    239 215 211 117 63 221 253 250 119 117 62 235 103 255 156 255 123
    159 234 41 247 244 253 188 205 69 255 211 239 251 119 241 254 125
    175 255 245 122 191 251 115 189 255 215 223 223 253 249 78 176 253
    123 111 255 127 210 243 95 122 190 254 120 215 125 235 215 53 87 187
    215 122 249 124 248 93 185 47 245 61 247 111 157 172 24 13 240 29
    157 73 112 246 115 189 90 215 40 250 175 244 109 168 255 188 31 88
    189 119 173 250 173 59 228 69 130 245 7 112 241 82 144 116 116 180
    137 51 255 57 125 105 145 108 214 186 194 113 161 255 118 223 26 141
    208 83 244 73 144 191 24 12 104 157 223 29 56 182 51 188 218 214 46
    249 211 20 142 131 207 214 130 149 46 103 16 74 142 233 50 29 237
    215 33 228 72 135 227 112 74 219 184 110 210 0 179 35 213 36 85 186
    82 112 237 116 112 92 56 47 213 28 245 109 153 172 24 5 240 29 156
    73 16 242 51 189 88 87 32 250 134 205 121 252 185 140 95 73 175 99
    169 250 147 110 244 94 139 85 52 35 142 124 146 106 125 215 147 59
    19 43 31 13 147 214 156 203 160 253 250 23 38 171 237 97 183 28 253
