<?xml version="1.0"?>
<opencv_storage>
<ImageFile>"471.jpg"</ImageFile>
<Features type_id="opencv-matrix">
  <rows>192</rows>
  <cols>64</cols>
  <dt>u</dt>
  <data>
    189 184 255 213 62 245 249 254 222 191 214 249 239 154 147 223 250
    245 251 123 245 127 239 255 173 235 246 191 94 93 119 255 239 108
    190 254 222 189 249 119 217 93 243 190 219 33 153 127 190 188 159
    203 240 189 156 85 116 178 247 219 251 159 44 255 59 222 238 239 191
    253 247 60 125 253 222 253 191 125 126 253 191 247 248 187 244 127
    219 127 233 127 81 182 127 115 223 239 159 235 251 116 255 219 250
    63 125 189 239 119 253 183 255 107 189 219 143 207 246 165 154 77
    127 215 254 239 243 255 175 222 213 189 247 117 48 162 249 250 208
    189 225 251 230 201 130 11 42 173 254 79 191 47 102 223 135 123 247
    246 72 37 230 246 207 187 36 63 157 188 250 127 120 108 187 231 187
    121 147 107 249 234 40 211 241 124 60 198 119 191 215 223 186 245
    209 110 213 189 255 117 52 242 251 254 208 191 245 251 230 217 130
    11 57 173 254 223 191 47 102 223 165 123 247 246 73 37 230 254 223
    155 164 45 223 189 250 127 120 46 187 239 187 121 147 107 251 234 41
    211 245 124 124 198 119 255 215 223 187 241 213 223 35 134 101 171
    217 222 131 137 57 252 14 207 173 127 175 37 194 247 137 34 212 97
    90 120 81 220 24 39 190 91 11 71 135 224 83 48 113 218 237 62 101 92
    106 166 85 208 245 99 152 172 24 13 244 5 156 73 60 246 182 189 218
    87 46 250 49 178 93 70 255 145 147 56 230 21 21 122 173 123 132 85
    118 247 68 177 209 102 131 229 168 50 229 127 62 27 193 111 223 108
    148 158 74 25 251 223 85 217 43 15 145 32 244 15 144 191 145 9 240
    153 158 75 48 114 50 157 248 215 36 219 58 221 222 223 47 223 217
    143 63 249 29 205 63 126 63 252 245 151 56 59 196 125 230 115 253
    202 224 95 127 249 223 107 183 36 85 246 242 91 250 244 210 223 125
    110 213 22 245 111 157 174 26 5 240 29 156 73 16 242 59 189 89 95 34
    251 58 246 125 207 255 221 223 61 255 125 29 255 189 126 191 213 255
    215 90 50 223 123 211 108 253 247 246 127 63 249 223 111 215 237 95
    158 218 123 251 119 117 95 111 47 181 180 253 63 149 190 152 15 182
    157 157 91 24 246 114 191 251 95 46 254 189 254 111 252 62 61 125
    251 253 127 248 251 255 255 252 237 243 252 111 251 245 254 57 255
    223 127 231 179 255 223 125 255 251 108 206 254 223 126 241 253 254
    222 123 191 212 243 214 79 169 175 28 79 232 29 159 93 22 242 247
    191 254 214 106 189 250 222 247 255 254 183 191 141 253 255 121 203
    191 224 55 95 255 223 57 103 252 143 254 124 222 203 255 255 219 113
    127 254 231 165 92 127 243 253 165 247 110 78 122 191 219 29 219 145
    221 204 24 165 247 255 157 235 208 252 241 189 222 87 26 255 237 255
    127 253 250 191 255 211 249 127 234 251 223 247 252 109 130 253 191
    103 255 125 24 251 223 222 183 183 238 127 63 223 243 211 223 171
    240 254 255 247 110 124 250 253 253 31 247 251 204 189 24 119 251
    253 141 89 84 254 83 175 218 255 249 188 251 212 120 190 255 158 95
    9 127 99 61 250 191 234 228 95 247 215 60 245 143 245 179 45 221 215
    235 63 83 59 253 109 195 165 148 255 194 125 247 247 114 202 237 105
    147 30 245 31 215 166 18 4 108 185 247 255 88 182 241 187 157 214
    186 191 216 26 154 243 255 179 250 151 28 187 96 75 135 210 50 27
    118 223 249 99 204 5 239 123 10 202 170 166 90 65 49 238 119 167 150
    49 119 253 229 247 216 76 114 14 217 5 211 219 157 236 24 5 244 189
    156 201 82 254 179 159 88 86 16 253 63 180 109 188 63 191 95 125 183
    126 253 241 253 110 180 87 240 245 66 241 245 115 210 118 93 234 228
    31 122 253 125 235 215 44 150 190 218 120 161 253 122 223 127 47 212
    116 245 79 153 174 24 13 242 29 157 89 56 242 51 189 123 215 42 250
    246 53 112 182 211 142 7 9 199 65 153 50 189 110 164 84 243 147 4
    212 11 162 145 36 212 212 233 13 130 186 221 41 0 45 6 158 138 112 1
    222 0 193 20 41 197 28 236 12 133 164 16 12 34 24 20 107 24 50 49 56
    24 22 48 72 204 169 207 189 80 230 250 230 16 239 69 154 210 225 147
    74 235 93 57 103 143 173 230 59 79 219 190 175 81 13 50 107 215 39
    53 251 82 125 237 118 112 110 56 47 219 28 209 255 153 172 26 5 241
    29 156 73 144 250 51 189 92 87 32 251 50 222 248 143 43 222 158 9 63
    241 63 238 189 126 109 252 255 179 32 179 197 119 211 103 245 215
    241 127 47 251 223 102 135 172 71 182 242 90 235 126 226 95 104 233
    149 86 245 111 153 238 152 13 244 5 217 91 16 243 246 189 122 95 42
    218 50 220 88 143 235 222 158 9 63 241 47 238 189 126 236 252 255
    179 48 147 197 119 219 111 245 215 249 127 35 251 207 102 135 172 71
    54 242 218 235 126 226 93 104 233 149 86 245 111 153 238 152 13 244
    5 249 235 16 243 182 189 250 87 58 222 50 204 248 143 43 222 150 9
    127 240 63 238 189 126 111 252 255 179 32 147 213 119 211 103 245
    215 241 127 35 251 223 99 135 172 71 182 250 90 235 124 240 93 104
    169 149 86 245 111 153 174 152 13 244 29 217 89 48 243 114 189 90 83
    40 218 195 6 0 34 221 162 2 8 32 57 2 67 170 75 0 21 96 229 37 209
    200 39 59 121 70 154 57 47 146 0 33 71 87 167 86 187 115 48 37 198
    197 64 24 139 193 65 216 195 24 36 24 0 116 28 140 73 16 240 51 149
    72 87 32 121 236 34 227 177 220 166 43 209 196 111 194 22 195 193
    147 71 234 213 35 102 200 133 194 113 78 218 188 47 210 12 51 235 87
    36 85 187 82 120 97 84 112 68 24 15 209 20 225 79 153 172 24 5 240
    29 156 73 16 242 51 189 88 87 32 250 198 18 130 21 204 134 138 193
    166 35 3 66 131 193 51 17 100 229 43 70 206 175 26 91 6 218 191 111
    144 8 33 70 71 39 86 187 80 48 101 70 96 64 16 143 193 72 153 23 152
    172 24 1 240 28 156 75 16 114 51 181 88 87 32 248 248 223 254 223
    254 255 255 247 127 253 127 221 159 252 123 254 255 215 121 239 254
    125 231 183 251 127 247 254 125 215 254 255 255 101 117 255 215 115
    248 117 255 95 251 62 221 182 219 111 157 173 223 141 242 31 157 77
    81 247 123 255 91 79 34 254 254 252 239 255 255 253 223 153 255 255
    253 251 191 250 246 253 251 247 127 251 253 223 187 125 247 255 255
    63 255 251 255 255 199 237 142 255 254 125 253 255 91 223 239 253
    219 127 253 181 237 191 158 141 236 183 255 127 120 246 245 191 255
    223 190 191 120 255 255 223 126 127 243 255 255 252 94 223 255 255
    251 252 255 215 251 46 244 127 215 247 251 127 245 254 111 219 255
    255 255 111 101 244 223 123 249 125 253 93 251 182 221 166 241 111
    191 173 141 207 242 31 157 93 108 246 123 255 251 207 46 254 192 2
    131 145 200 199 138 243 134 239 2 7 211 192 147 0 234 213 97 102 200
    133 142 217 78 219 189 46 208 138 51 122 71 37 85 187 82 120 237 116
    112 68 48 15 213 20 241 111 153 172 24 5 240 29 156 73 16 242 51 189
    88 87 32 250 254 252 255 239 255 253 223 153 255 255 188 251 255 250
    246 253 251 247 126 187 253 215 187 125 247 247 127 63 255 251 255
    255 207 237 222 255 250 125 253 247 123 223 110 253 219 119 253 181
    253 191 158 13 234 183 255 127 184 244 246 63 255 221 190 191 60 174
    237 216 58 125 245 127 245 252 94 149 93 62 191 238 251 212 195 106
    244 113 222 183 93 169 132 145 105 217 127 235 215 36 87 186 214 122
    249 124 120 93 126 47 84 182 117 111 187 172 159 13 242 29 156 93 52
    242 123 189 91 223 42 254 61 186 255 121 60 119 249 254 241 190 196
    241 103 19 147 75 219 237 235 107 245 117 79 223 205 107 246 183 109
    77 229 238 223 8 231 190 252 184 249 117 124 92 243 167 247 241 19
    107 186 254 169 91 240 61 92 84 38 178 215 207 251 211 109 255 191
    221 254 247 255 237 221 153 191 125 255 251 191 254 246 253 251 247
    60 123 238 191 190 122 111 223 243 59 255 123 127 127 119 231 60 219
    246 245 251 247 115 253 239 127 239 14 253 63 205 183 94 133 238 183
    159 111 217 246 240 63 223 61 181 188 51 150 194 87 189 144 218 12
    122 187 17 105 172 107 1 17 110 163 32 147 207 47 207 127 96 219 243
    63 30 41 225 102 95 172 93 54 115 185 250 119 113 76 106 239 213 64
    217 123 153 238 24 5 244 4 156 105 18 243 182 159 248 119 160 254
