<?xml version="1.0"?>
<opencv_storage>
<ImageFile>"472.jpg"</ImageFile>
<Features type_id="opencv-matrix">
  <rows>88</rows>
  <cols>64</cols>
  <dt>u</dt>
  <data>
    125 239 231 253 50 231 175 253 253 255 248 185 95 171 221 206 235
    252 255 111 189 235 254 189 93 255 191 183 123 220 121 191 225 103
    124 187 215 124 181 124 127 78 184 191 95 177 95 246 137 173 126 141
    241 30 133 76 200 246 99 253 223 71 40 183 175 220 110 229 255 125
    221 153 61 95 255 207 159 125 126 253 245 253 125 121 116 214 178
    120 127 255 177 123 255 115 127 187 214 116 222 250 210 115 249 245
    211 223 126 63 209 22 244 125 157 189 30 13 248 159 159 77 24 246
    115 191 95 95 46 185 236 239 119 253 80 111 175 223 237 238 170 179
    85 239 251 239 251 125 235 102 55 233 52 190 85 255 191 185 219 158
    122 215 98 71 127 187 144 246 253 124 47 124 60 190 127 223 85 252
    140 173 116 57 211 63 133 77 152 236 65 173 95 70 57 178 250 221 104
    246 255 191 95 25 191 99 191 250 191 78 116 127 244 247 116 213 254
    118 144 102 117 214 243 127 82 123 255 233 130 188 214 254 235 123
    250 245 82 221 119 233 213 95 245 111 212 191 144 13 234 181 255 113
    48 178 247 191 59 223 188 154 252 234 127 217 248 245 231 249 253
    255 126 155 221 247 219 238 203 220 249 106 252 248 142 184 89 253
    23 178 237 203 59 255 243 70 85 250 84 243 253 124 246 127 251 54
    117 166 88 241 143 173 127 181 219 31 143 77 204 236 43 205 223 70
    35 183 187 220 125 237 255 109 221 249 191 127 253 251 239 109 118
    253 255 245 63 121 124 222 186 124 111 255 123 123 255 127 127 191
    213 237 188 223 246 119 249 247 87 223 255 63 223 23 252 53 204 181
    86 141 232 183 143 109 248 180 121 190 223 223 46 188 196 235 130 81
    216 210 234 134 8 171 33 254 130 194 131 42 9 9 188 207 15 141 110
    201 3 87 187 231 129 15 34 22 119 147 77 195 25 189 111 182 96 104
    160 125 187 92 59 177 93 204 48 243 213 235 116 226 215 221 144 39
    76 113 209 47 187 252 127 239 255 111 223 249 255 95 253 255 255 108
    246 253 251 213 127 119 116 127 180 124 254 255 127 59 223 91 127
    255 199 109 157 223 214 117 249 247 115 223 255 63 221 28 252 125
    141 189 18 141 250 191 156 73 88 182 113 191 223 95 42 190 171 223
    108 231 255 191 223 153 189 95 191 239 191 92 116 125 176 245 29 247
    244 118 176 116 103 254 249 63 254 115 127 187 246 108 222 250 251
    123 248 245 214 95 94 61 209 87 244 79 156 191 24 13 250 189 159 73
    56 182 115 191 90 223 46 248 206 137 138 117 113 122 248 135 24 145
    199 239 130 210 166 219 41 155 57 223 7 175 103 83 39 219 210 239 87
    39 166 166 135 183 63 219 99 95 254 55 217 188 177 125 187 77 63 190
    221 242 126 247 217 103 178 226 83 223 121 239 125 53 145 218 249
    222 247 255 254 183 255 249 253 255 120 219 223 253 251 78 251 245
    127 111 252 207 214 125 95 255 191 63 255 91 127 191 247 101 85 251
    214 125 253 124 124 94 56 63 221 148 221 125 157 173 28 5 240 31 157
    77 80 246 51 157 94 87 32 250 238 46 226 213 254 143 94 129 47 111
    11 78 159 238 190 125 177 123 122 230 255 223 27 105 86 118 190 127
    128 191 255 134 71 191 79 111 202 189 255 95 108 124 68 249 221 124
    191 179 221 204 152 123 199 255 156 243 88 255 209 55 254 241 56 238
    85 182 223 95 248 146 254 116 90 191 32 185 228 147 131 27 110 199
    184 43 137 101 79 217 173 97 251 255 79 45 225 111 87 133 188 63 126
    189 55 119 48 74 235 47 55 136 89 51 159 220 62 247 53 248 190 239
    214 255 186 207 216 225 113 247 221 54 54 117 253 49 254 248 24 185
    234 115 226 216 195 33 116 237 239 210 253 174 141 218 130 127 243
    226 216 71 231 247 107 19 212 101 181 184 224 245 120 60 243 22 225
    97 155 91 168 255 25 119 252 254 216 65 103 155 215 135 190 178 165
    12 175 215 108 254 183 189 95 25 191 83 159 238 189 127 108 117 128
    245 4 245 119 114 145 118 101 246 209 63 126 122 95 49 154 124 215
    186 202 122 216 245 214 223 63 45 245 87 244 111 152 191 144 15 250
    29 223 93 56 183 119 191 122 223 174 219 213 254 223 75 248 178 254
    240 122 191 97 250 238 243 203 88 106 227 189 239 175 205 15 252 171
    127 127 255 239 15 227 55 255 199 93 223 89 189 253 126 191 78 232
    63 127 169 90 177 207 221 52 247 253 239 143 239 214 253 153 69 220
    241 113 183 222 169 202 245 247 107 248 166 92 177 215 255 251 246
    242 250 57 153 127 223 15 173 231 83 47 91 210 183 239 239 182 166
    159 251 39 251 127 95 255 183 217 189 241 126 235 13 251 187 253 230
    207 211 221 247 186 238 87 221 253 127 109 61 151 222 60 21 252 188
    55 127 255 247 181 222 254 149 93 60 187 230 251 220 99 102 117 243
    215 54 125 109 181 57 251 222 127 233 229 36 87 250 214 112 233 124
    120 221 124 47 212 182 247 108 157 172 94 13 242 29 156 73 152 242
    123 189 91 15 40 242 173 254 116 237 255 189 247 121 189 125 238 251
    239 127 236 237 227 253 239 107 245 110 187 124 103 255 49 183 255
    87 127 255 223 227 220 50 119 251 249 183 255 223 122 63 213 135 254
    83 168 245 28 45 254 167 143 109 54 214 183 143 218 95 38 189 202
    153 146 117 97 106 120 207 88 169 197 239 226 192 166 155 46 137 59
    223 15 141 115 91 167 219 250 239 83 37 162 164 143 183 127 251 115
    63 254 117 201 252 176 123 251 93 63 191 221 226 120 247 193 119 248
    226 83 255 245 183 61 117 147 75 189 29 178 245 189 224 249 250 28
    249 250 119 163 202 193 53 55 239 229 83 255 174 190 91 131 127 243
    242 216 119 231 255 107 179 125 53 181 172 248 231 105 108 247 234
    234 51 187 123 168 246 120 243 244 190 28 65 231 147 247 227 190 103
    165 12 121 30 247 189 254 167 63 255 237 239 249 155 223 237 187 78
    251 213 99 102 252 135 214 61 95 237 189 63 210 24 127 239 243 37 85
    187 82 124 225 126 116 94 60 47 221 28 205 127 153 172 24 5 242 29
    156 73 24 242 51 189 88 86 32 250 253 253 255 253 50 103 249 254 125
    220 221 189 95 253 191 238 187 221 251 111 63 253 230 179 255 107
    178 189 121 215 126 171 223 119 53 251 215 125 251 125 126 255 255
    118 255 53 247 238 223 174 255 223 248 63 156 76 125 255 123 251 123
    239 175 255 47 237 238 75 23 253 215 57 253 221 222 255 255 63 127
    239 137 117 123 189 53 87 211 245 121 125 29 181 127 223 30 169 222
    110 231 242 255 91 253 60 125 253 126 191 23 245 127 230 191 185 175
    140 219 173 234 28 126 228 110 253 91 219 110 218 87 38 200 14 117
    146 31 44 194 170 177 176 224 139 131 82 10 35 58 157 137 3 195 141
    132 49 253 61 2 44 225 66 93 188 132 191 74 56 33 95 40 74 41 137
    179 249 145 95 51 238 24 7 37 24 124 194 194 99 159 209 168 211 112
    103 208 1 51 180 16 102 41 254 196 134 241 20 65 128 147 98 98 84 3
    71 2 168 228 22 12 138 166 9 82 8 48 120 96 38 52 186 2 116 1 212
    146 64 16 14 202 4 1 78 9 44 82 5 96 26 148 65 144 242 33 152 76 6
    32 177 125 253 255 252 50 127 121 246 253 252 85 157 95 253 191 254
    191 223 251 111 126 253 230 179 255 235 182 220 105 229 254 235 215
    83 181 236 247 127 218 125 254 191 255 118 255 183 231 110 255 170
    239 223 248 125 189 93 127 255 123 255 123 255 207 251 125 127 127
    253 55 255 255 251 253 254 255 189 125 254 249 239 243 253 127 110
    255 254 148 63 125 255 167 189 127 223 127 251 242 102 215 251 214
    127 249 125 126 125 255 62 215 135 199 111 159 173 158 13 250 61 159
    93 248 246 123 255 219 158 47 178 174 223 100 244 255 255 189 83 61
    95 91 87 159 126 244 109 241 253 69 231 245 62 176 115 78 222 163 31
    222 94 62 185 214 36 95 186 83 122 201 244 81 93 28 47 213 22 247
    111 153 173 24 5 242 29 158 73 16 242 51 189 88 95 34 248 21 112 93
    188 61 48 57 90 226 166 229 176 109 171 141 91 98 244 3 104 170 160
    132 59 12 137 161 9 83 9 113 127 240 36 52 186 66 120 33 246 178 202
    56 15 82 146 192 79 137 173 86 5 104 28 151 73 144 242 57 156 88 70
    34 177 252 61 110 181 255 119 190 247 61 254 126 55 29 254 251 230
    251 220 69 102 125 176 181 50 95 205 177 25 219 222 63 251 240 36 87
    250 215 114 129 244 114 93 92 62 212 22 198 76 157 172 94 5 250 31
