<?xml version="1.0"?>
<opencv_storage>
<ImageFile>"473.jpg"</ImageFile>
<Features type_id="opencv-matrix">
  <rows>121</rows>
  <cols>64</cols>
  <dt>u</dt>
  <data>
    187 220 124 207 239 221 215 1 255 85 63 202 189 126 124 253 247 247
    60 185 212 114 153 100 249 247 125 59 191 251 223 119 135 236 211 84
    227 91 250 251 247 223 109 253 149 214 244 45 215 217 151 13 190 5
    187 255 57 247 120 60 243 217 62 220 124 185 255 252 50 255 253 103
    255 246 221 156 93 244 191 254 189 216 242 106 183 117 198 179 253
    229 246 253 105 255 254 235 215 80 199 174 222 124 248 121 60 157
    245 37 247 180 247 110 191 174 175 223 242 29 92 93 108 247 123 249
    251 219 105 246 248 235 255 223 234 127 251 255 221 253 126 159 95
    244 251 238 251 213 251 46 124 253 238 190 255 239 190 182 239 211
    126 255 231 39 103 253 222 247 253 124 250 125 247 62 221 174 249
    239 191 173 223 223 251 63 157 223 197 252 107 249 223 14 59 254 187
    221 207 223 47 93 221 190 255 253 60 201 63 252 127 255 255 246 125
    59 212 63 247 119 105 239 247 58 127 91 127 127 247 46 119 252 90
    123 251 252 242 95 122 63 212 22 245 111 153 173 30 5 248 29 157 77
    16 242 51 189 89 87 34 251 43 205 206 223 47 221 218 5 63 245 61 205
    158 122 109 255 237 242 48 251 134 59 247 115 113 203 162 62 119 121
    29 103 247 46 115 186 82 91 250 254 242 95 104 111 208 22 241 111
    153 172 30 5 244 29 157 77 17 242 51 189 89 87 34 251 237 47 246 85
    113 79 113 230 188 253 102 243 19 250 178 206 235 213 187 111 127
    175 230 55 95 235 151 39 91 72 50 107 215 39 101 251 82 124 255 124
    112 124 184 119 253 28 245 238 221 172 124 213 241 31 156 73 81 254
    115 191 88 117 161 250 248 141 175 223 106 95 243 175 157 253 94 159
    155 246 123 238 185 223 248 47 222 189 230 179 123 207 154 54 233
    211 30 255 231 51 113 113 215 91 254 124 242 61 245 54 253 30 253
    107 157 172 155 157 247 95 156 203 81 254 123 253 91 29 19 254 251
    253 127 254 127 127 127 255 247 126 253 183 63 254 254 255 255 246
    127 126 116 250 181 62 254 239 247 27 255 91 126 255 242 109 60 255
    214 119 209 253 223 207 223 30 218 167 197 78 141 165 94 141 234 62
    159 77 248 246 123 159 223 142 42 181 248 137 255 223 106 95 211 239
    159 252 94 159 31 254 251 238 187 213 248 47 222 189 230 179 123 239
    150 54 233 219 30 239 231 35 113 241 214 83 254 124 242 61 245 54
    253 22 245 111 157 172 223 141 243 95 156 203 113 254 123 253 91 93
    35 254 141 222 247 101 249 249 251 248 185 185 234 239 199 89 235
    173 169 253 255 43 252 143 190 248 103 255 27 242 253 71 35 223 255
    211 253 97 117 191 252 165 253 60 234 247 239 227 255 241 236 219
    124 245 221 231 142 238 247 220 246 15 246 127 149 30 195 222 110
    237 255 126 223 210 61 93 44 203 142 121 124 253 225 245 61 239 100
    207 188 120 111 223 61 63 255 31 58 119 240 101 94 251 82 119 253
    245 215 222 58 63 217 210 220 213 137 189 94 5 248 191 143 77 144
    244 51 156 92 87 38 185 255 220 239 237 254 255 223 211 189 255 252
    219 223 253 252 253 227 213 63 111 108 205 174 57 111 223 63 63 255
    95 62 191 240 103 60 251 82 119 181 247 211 222 90 30 219 158 216
    149 205 189 86 133 121 191 135 109 208 244 41 158 93 94 50 185 251
    222 255 239 255 253 223 216 255 255 252 251 255 253 254 253 243 245
    63 111 236 223 191 125 111 255 63 63 255 95 127 63 241 229 124 251
    82 119 253 247 215 222 122 63 219 158 220 181 141 189 86 5 248 191
    143 109 144 244 49 158 221 95 50 185 242 25 222 22 87 3 86 182 22
    161 21 186 190 202 54 95 124 211 123 215 79 175 227 39 138 122 254
    111 82 28 242 96 223 47 4 191 90 124 103 116 80 72 52 47 217 124 165
    239 157 172 24 5 240 60 156 195 80 178 51 189 88 85 32 234 191 255
    125 255 191 253 221 25 255 127 189 250 191 127 252 253 255 246 36
    187 247 118 145 126 245 247 243 123 255 123 223 123 151 236 223 246
    250 121 251 127 118 223 111 253 212 214 245 127 149 191 156 13 254
    133 223 125 56 246 254 191 251 223 172 186 246 189 243 247 249 66
    216 143 94 225 245 251 255 227 130 222 251 131 61 215 143 173 231 31
    223 223 243 175 195 187 162 238 199 167 100 255 91 125 255 118 112
    92 176 251 219 29 253 191 217 172 88 209 240 30 156 105 80 242 113
    189 92 117 177 250 251 61 243 247 91 66 89 143 230 225 181 251 191
    234 162 94 251 179 55 215 175 175 119 63 150 219 243 47 195 185 226
    231 199 47 38 255 90 61 255 126 120 88 48 235 217 89 189 175 217 172
    24 65 240 30 156 65 16 242 113 189 28 117 176 250 191 254 125 238
    191 189 221 24 255 127 189 250 189 123 252 253 247 246 36 185 245
    114 145 124 229 247 241 123 255 123 255 127 215 236 222 222 250 121
    249 255 119 223 107 61 212 150 244 125 144 191 20 13 238 149 159 109
    56 246 242 191 251 223 44 186 138 205 142 255 47 123 248 143 61 249
    254 239 62 252 111 188 237 154 33 219 197 47 247 115 115 75 242 82
    127 117 175 230 255 56 81 112 119 90 248 244 218 95 120 62 208 23
    243 111 153 238 30 5 244 29 217 73 19 243 183 189 90 119 162 219 195
    222 138 3 239 146 154 136 46 171 49 202 174 139 102 31 100 247 60
    223 10 135 251 124 71 215 251 47 210 59 226 51 243 173 222 219 90
    125 237 242 242 74 40 61 155 88 88 181 221 141 16 5 93 255 236 235
    80 252 49 61 92 85 16 187 252 237 255 221 50 79 249 231 221 228 255
    189 87 180 255 238 187 216 251 111 63 187 230 183 253 111 166 217 65
    207 126 186 226 23 101 255 150 127 219 252 186 255 245 118 62 190
    101 238 223 168 255 223 153 95 181 76 209 236 105 123 125 108 131
    247 252 237 255 221 50 127 249 247 221 239 255 188 87 230 223 238
    187 220 127 111 63 185 230 191 125 111 183 185 65 207 62 187 226 39
    101 251 214 127 223 252 154 254 189 126 190 190 105 182 207 169 119
    247 217 127 181 78 209 252 105 123 93 100 131 183 198 42 35 225 248
    220 174 193 136 63 234 94 211 84 219 96 203 201 47 98 205 37 10 88
    31 223 61 175 134 143 51 94 71 133 77 155 80 249 237 22 97 84 96 61
    197 12 188 49 153 237 24 37 241 85 140 97 0 248 17 173 76 87 48 190
    221 41 211 213 50 71 121 238 134 229 125 151 19 238 179 106 43 85 48
    111 14 173 230 35 14 207 179 59 211 42 54 127 243 55 53 251 18 124
    251 221 112 104 189 123 175 28 245 238 93 172 122 215 209 26 180 78
    217 250 113 91 93 116 129 250 187 223 124 239 191 189 223 25 255 95
    189 234 191 123 124 125 247 247 108 251 247 118 147 126 245 247 243
    127 126 123 247 179 214 124 223 158 251 121 250 113 118 223 123 253
    245 87 245 127 153 191 24 15 248 133 223 125 48 247 118 191 251 219
    172 186 57 174 254 221 42 253 241 119 253 253 222 221 223 125 127
    236 255 184 251 171 245 127 255 247 249 127 84 246 109 215 255 239
    223 122 99 52 255 219 248 60 253 189 255 167 253 247 247 107 191 248
    175 207 246 13 155 93 63 215 255 239 243 251 205 222 213 45 211 117
    0 66 125 238 208 164 109 147 82 235 131 106 107 69 179 103 14 173
    230 35 15 207 183 43 195 10 50 107 215 39 37 250 16 124 251 124 112
    120 185 99 255 24 117 238 217 172 123 213 208 30 148 64 89 248 113
    251 92 116 129 250 206 42 99 225 248 220 174 193 72 191 203 94 211
    84 219 96 139 201 47 98 205 37 138 88 31 223 63 175 198 143 51 222
    71 165 77 155 80 249 237 30 96 84 96 61 197 12 188 49 153 237 24 37
    241 21 156 97 64 250 19 189 204 87 48 190 124 249 255 253 54 119 253
    254 221 254 253 189 95 182 255 234 187 220 250 111 63 253 230 183
    189 111 246 253 105 255 126 251 255 25 229 239 222 127 250 125 122
    125 247 118 191 191 231 110 255 174 239 223 251 127 180 94 252 255
    127 251 255 236 255 246 124 57 255 220 34 95 125 247 215 246 223 180
    85 180 187 250 157 154 242 111 55 241 198 147 153 101 246 220 105
    247 254 233 239 16 161 238 158 122 218 121 56 189 245 100 183 183
    231 110 191 170 175 223 178 93 112 92 239 239 127 251 123 170 235
    214 158 186 113 225 252 252 174 209 200 127 250 90 193 84 217 209
    235 205 47 98 197 37 138 88 175 223 63 175 214 15 51 254 71 165 221
