<?xml version="1.0"?>
<opencv_storage>
<ImageFile>"475.jpg"</ImageFile>
<Features type_id="opencv-matrix">
  <rows>187</rows>
  <cols>64</cols>
  <dt>u</dt>
  <data>
    43 214 100 130 159 189 135 89 237 125 42 77 189 61 252 101 227 244
    69 96 240 98 155 124 84 188 45 43 190 90 121 71 213 100 95 154 80
    114 41 238 103 85 88 175 84 198 244 69 152 61 24 12 242 29 143 73 56
    242 51 188 218 95 40 248 41 198 100 139 223 253 167 89 237 125 42 79
    189 61 252 229 227 244 71 96 240 66 155 124 92 252 45 35 254 90 123
    223 245 100 95 154 80 114 41 190 119 85 90 175 84 194 252 81 136 61
    24 12 242 29 143 73 56 240 35 188 218 223 40 248 140 207 110 248 2
    95 228 195 41 64 206 142 88 116 255 236 137 88 101 102 86 248 20 178
    127 93 17 176 237 214 62 145 208 82 83 202 64 114 217 32 53 189 60
    55 93 150 246 236 141 173 70 28 219 31 130 12 153 192 105 173 85 107
    11 178 12 205 100 216 2 79 100 67 41 64 175 132 88 244 252 239 137
    88 37 102 22 184 52 178 95 95 19 200 225 134 62 17 210 54 83 202 0
    98 219 4 54 189 60 119 92 158 118 238 129 37 86 92 202 31 130 8 153
    192 105 189 77 110 3 160 24 21 52 220 0 15 124 119 3 64 105 129 84
    228 61 166 245 138 193 230 22 168 84 131 217 15 230 216 65 132 188
    224 234 18 96 172 129 64 210 192 62 27 181 167 230 54 199 78 137 160
    233 95 98 28 17 73 143 243 91 242 59 98 137 224 201 207 142 216 3 95
    101 7 45 199 5 202 154 253 126 143 137 121 57 239 62 215 250 115 91
    119 19 50 121 146 26 1 215 82 83 72 67 77 254 42 52 189 60 245 151
    28 119 163 85 136 56 28 211 93 178 140 57 204 113 189 65 241 9 250
    57 50 213 134 54 55 49 54 210 20 86 53 109 19 147 80 126 198 67 224
    241 32 193 215 136 40 228 216 108 72 241 233 223 44 85 182 95 24 137
    117 124 93 27 7 192 161 243 79 186 172 137 11 240 28 154 73 36 242
    19 157 120 87 100 218 59 51 213 150 54 55 25 54 210 20 87 17 125 115
    19 82 126 198 66 240 241 96 193 247 136 40 228 216 106 216 245 233
    223 44 85 190 223 88 192 125 124 93 187 15 208 32 227 110 187 172
    137 7 240 29 156 73 36 243 19 217 120 87 36 250 28 41 191 117 32 229
    249 118 144 156 214 149 67 208 155 162 136 76 195 107 182 41 230 147
    173 42 134 192 68 132 48 138 127 18 37 170 28 62 219 28 217 52 177
    102 170 161 35 238 59 40 239 211 240 28 52 68 133 194 75 203 105 39
    193 251 17 53 145 22 36 34 25 54 210 44 85 1 96 74 2 18 108 170 2
    210 241 43 65 215 128 42 228 204 64 36 229 97 207 60 4 180 219 40
    192 125 120 72 25 143 224 113 131 79 185 174 24 7 240 28 28 65 54
    243 51 185 56 23 32 235 131 214 0 39 157 128 130 8 34 41 32 75 174
    11 4 17 110 230 5 209 200 2 59 120 68 153 121 43 150 9 161 71 21 165
    124 26 99 48 37 198 197 66 40 139 192 80 88 17 8 213 80 0 100 130
    143 105 16 240 162 148 84 87 32 57 60 13 180 220 2 79 112 103 7 68
    95 21 21 116 251 228 253 154 64 102 86 56 212 163 219 14 132 88 97
    210 158 169 166 54 65 186 145 66 218 108 150 29 149 38 228 22 229
    110 153 164 201 13 242 29 144 73 41 242 115 185 90 70 43 248 131 214
    0 39 157 128 134 8 34 41 32 75 174 11 4 17 102 231 5 209 200 2 59
    120 68 153 121 43 150 9 33 103 21 165 60 26 99 56 37 230 69 66 40
    139 192 80 88 17 0 213 80 0 100 130 143 105 16 240 162 156 84 87 32
    59 187 220 110 239 255 125 221 153 191 95 61 218 191 126 118 253 245
    247 124 243 124 214 178 124 126 255 247 59 255 123 127 191 198 108
    158 223 218 117 248 255 83 223 127 191 209 22 252 29 141 191 150 13
    232 191 159 125 56 182 121 63 255 223 46 185 131 150 0 6 221 128 7 8
    34 33 32 75 170 11 4 21 102 231 37 209 200 7 171 104 70 155 121 47
    150 9 1 103 85 165 60 27 66 56 37 214 65 194 40 139 201 88 216 145 0
    180 80 0 100 130 142 107 16 48 178 156 88 87 48 251 45 150 117 169
    153 237 167 92 189 124 138 45 157 127 191 213 251 252 195 32 244 114
    222 120 84 253 52 115 253 73 127 239 213 192 95 48 53 242 249 126
    109 93 78 39 117 213 253 83 184 252 92 45 182 29 156 73 188 226 175
    173 218 207 33 246 130 82 0 198 255 146 10 16 102 59 48 67 172 19 32
    17 116 215 12 153 192 34 169 108 0 144 233 14 150 9 129 118 113 172
    154 49 74 80 34 195 210 66 10 31 130 132 208 93 0 145 20 4 44 168
    143 203 144 114 50 30 84 84 36 185 253 54 247 183 221 167 171 252
    244 253 208 55 239 203 147 87 250 245 67 103 249 167 199 117 14 234
    252 175 210 28 113 171 87 37 84 191 83 56 37 116 88 68 26 142 193 49
    203 79 153 172 24 1 240 28 156 65 16 242 51 157 88 87 32 250 210 9
    146 214 65 2 88 14 6 225 21 194 178 202 6 30 110 19 48 151 142 175
    227 99 2 194 242 46 18 41 128 103 151 39 48 179 2 76 230 214 80 232
    164 107 137 28 225 239 209 162 24 149 52 24 188 203 17 115 50 59 24
    117 145 235 61 150 117 173 153 237 167 220 189 124 202 45 29 127 187
    213 255 254 195 34 244 106 158 122 84 253 112 243 253 65 127 239 213
    226 95 52 53 242 249 126 125 93 78 38 100 213 255 67 184 252 92 45
    246 29 156 73 190 242 239 173 218 79 37 246 121 223 255 207 238 223
    215 177 255 213 45 203 159 125 125 221 255 247 252 47 190 127 83 245
    251 119 125 126 61 251 222 183 159 127 235 85 210 217 254 43 117 31
    235 247 189 248 253 183 237 219 165 255 191 229 154 255 127 223 122
    111 243 253 157 222 210 9 130 214 67 2 88 6 6 225 21 194 178 202 6
    30 110 19 48 151 142 175 227 35 2 194 242 14 18 40 128 97 151 39 48
    187 2 76 102 198 80 104 164 75 137 28 225 239 209 160 24 5 52 24 156
    203 17 114 50 59 24 116 145 235 50 51 24 86 54 55 92 51 214 26 117
    49 45 18 20 87 116 198 66 153 209 50 209 215 136 2 230 217 86 120
    229 224 78 60 150 180 239 24 130 245 88 202 179 141 178 229 135 78
    178 183 137 75 96 24 251 81 6 51 119 215 123 178 236 251 69 46 231
    221 72 71 36 231 9 236 74 149 82 165 139 170 137 72 169 106 142 141
    110 155 95 205 154 134 1 13 58 79 85 147 117 43 20 246 127 6 36 52
    232 118 47 140 109 227 93 104 111 247 147 94 52 14 205 204 1 249 77
    68 81 246 130 206 138 79 239 88 156 129 59 251 61 203 158 246 110
    185 237 146 36 179 204 132 166 120 99 215 177 106 215 11 19 118 245
    36 84 250 82 115 232 246 114 94 40 63 213 22 244 109 153 173 28 5
    248 29 157 73 16 242 51 189 88 87 34 251 77 47 167 220 0 79 100 230
    9 228 75 149 82 245 155 170 137 72 169 111 142 141 78 155 95 111 146
    132 33 4 58 79 87 19 113 43 28 238 246 14 52 52 185 102 47 140 103
    234 91 160 109 247 147 95 20 12 205 206 1 241 73 100 65 246 252 237
    239 253 246 127 253 247 253 215 255 252 95 254 255 236 153 220 127
    110 127 243 182 183 255 255 151 185 237 255 126 185 244 92 199 207
    223 119 217 189 186 255 253 62 245 191 247 46 159 189 199 207 219
    189 151 93 240 247 121 255 127 223 110 249 243 205 154 223 67 79 89
    135 95 229 63 207 179 238 126 254 239 211 60 47 30 175 247 39 91 223
    183 46 83 154 30 41 199 39 113 251 82 79 254 252 242 253 188 111 159
    30 125 174 221 168 90 149 241 31 157 203 81 254 113 63 89 117 147
    251 40 14 246 223 235 221 194 129 63 124 14 7 188 126 123 228 247
    179 193 162 221 61 155 115 90 78 160 30 238 211 159 247 247 38 83 48
    83 82 249 124 244 93 88 14 213 134 231 111 153 236 152 13 246 29 152
    73 19 242 115 189 90 103 34 248 104 6 108 219 235 221 194 165 63 124
    30 5 157 126 123 228 253 211 65 162 220 113 159 50 90 108 160 6 248
    211 191 231 247 38 83 48 87 82 249 120 244 93 92 14 85 134 231 79
    157 236 152 13 246 29 152 89 18 242 123 189 90 94 42 248 60 189 255
    157 50 255 253 255 255 214 223 246 253 118 251 254 251 213 99 99 245
    53 214 247 221 255 180 191 82 158 119 235 215 36 85 190 82 122 233
    116 112 93 56 47 213 22 245 111 153 172 24 5 240 29 156 73 16 242 51
    189 88 87 32 250 168 205 239 252 55 125 253 255 189 220 254 223 95
    252 127 238 235 220 103 107 116 182 228 115 127 191 181 18 121 83 62
    251 246 36 84 250 82 122 233 244 210 95 56 46 208 22 209 110 153 172
    26 5 248 29 157 73 16 242 51 189 88 87 34 251 253 253 255 253 119
    127 255 255 253 255 252 191 127 253 255 238 251 213 123 111 124 221
