<?xml version="1.0"?>
<opencv_storage>
<ImageFile>"477.jpg"</ImageFile>
<Features type_id="opencv-matrix">
  <rows>233</rows>
  <cols>64</cols>
  <dt>u</dt>
  <data>
    120 61 255 254 90 111 127 103 247 238 91 181 127 238 191 254 255 243
    251 102 255 255 247 191 223 111 246 253 75 253 254 238 199 175 103
    191 151 244 255 126 56 125 245 235 255 125 167 238 255 236 250 223
    246 125 20 215 255 255 123 251 251 229 153 230 58 248 251 190 54 127
    251 239 223 254 223 253 125 36 255 254 251 212 19 107 165 49 231 62
    253 207 178 159 83 255 127 235 231 36 117 250 254 123 233 116 210
    221 117 44 215 22 229 111 159 172 26 5 250 29 189 77 144 242 59 249
    89 31 34 254 191 244 125 238 63 255 223 89 255 255 253 249 125 59
    252 253 243 244 127 121 244 114 180 124 253 239 237 63 127 91 127
    251 241 108 222 254 218 113 185 253 118 223 122 63 212 22 244 109
    157 173 30 13 248 29 159 77 152 246 51 188 219 222 42 185 59 254 252
    235 255 185 255 24 127 127 164 235 174 123 236 93 254 247 189 185
    245 119 91 125 229 255 121 247 127 115 237 231 223 232 222 53 255
    249 249 127 127 223 106 45 213 81 255 115 189 255 24 13 244 165 223
    109 62 246 182 175 210 223 62 223 59 222 252 235 255 189 255 24 127
    127 228 235 190 123 100 93 254 255 189 185 245 119 91 125 245 255
    121 247 127 117 253 231 223 232 222 52 255 249 249 127 127 223 106
    173 213 81 247 123 189 255 24 13 244 165 223 125 62 247 247 191 211
    219 174 223 251 223 254 255 255 127 223 255 255 85 125 255 191 254
    190 252 251 215 59 103 125 143 243 119 95 235 188 47 211 24 126 41
    215 37 85 255 82 123 237 252 242 95 56 63 221 30 245 111 157 172 24
    5 240 29 157 73 16 242 51 189 88 87 34 251 250 48 255 247 255 179
    219 184 214 187 213 119 239 74 147 84 126 215 127 215 225 47 131 127
    174 250 255 255 222 251 231 254 95 173 143 191 255 57 233 117 121 76
    243 14 193 101 179 127 191 190 153 131 240 60 156 89 84 246 183 155
    250 23 176 254 45 190 247 225 252 255 163 248 188 253 198 127 207 29
    217 229 235 253 255 106 244 71 158 249 47 253 29 182 252 71 115 223
    255 193 221 49 117 250 253 55 253 21 122 182 109 163 250 225 188 253
    157 57 247 245 142 77 102 220 183 143 194 223 36 254 19 50 17 39 252
    224 146 160 90 57 86 95 164 83 73 48 110 199 153 128 201 41 143 216
    168 152 120 239 198 43 131 127 53 229 57 16 127 147 109 87 193 84 75
    30 73 128 250 49 136 85 77 39 188 166 136 235 70 83 154 132 192 7 52
    244 60 246 109 192 62 189 151 121 255 222 254 116 93 62 249 228 211
    212 207 41 245 112 188 248 125 180 37 19 127 223 125 255 117 196 220
    218 214 243 185 183 215 215 79 30 82 134 80 65 143 61 151 12 250 149
    143 93 184 86 42 204 203 159 46 188 175 254 124 206 191 189 223 25
    191 127 173 251 173 123 236 253 243 247 44 57 245 114 152 124 117
    247 241 59 255 123 95 127 155 236 214 190 242 121 251 255 118 223
    106 189 212 210 244 111 144 191 156 13 252 157 223 93 56 246 246 191
    218 223 46 217 19 50 81 39 252 224 178 160 90 57 86 127 172 87 201
    176 110 199 157 144 201 40 143 88 168 152 120 239 238 43 227 126 21
    229 61 84 127 211 237 86 209 84 75 30 65 133 250 17 137 85 79 39 252
    166 138 233 70 112 190 140 208 15 52 220 242 49 251 54 53 6 95 110
    214 175 209 178 103 202 150 94 123 215 51 87 11 175 227 23 156 219
    247 47 83 184 96 232 199 45 36 191 66 60 225 124 120 202 177 235 211
    24 181 110 153 172 24 1 224 28 156 65 16 242 51 185 120 87 32 250
    246 49 251 247 125 134 223 239 198 239 241 178 239 203 147 94 250
    213 59 119 143 175 231 63 158 219 247 47 82 185 96 238 71 47 36 191
    210 60 231 118 120 72 177 239 219 24 145 127 153 172 24 1 240 28 156
    73 80 242 115 189 120 87 48 250 246 189 251 255 253 246 251 239 222
    239 245 250 231 203 151 94 250 213 123 103 255 175 231 63 95 219 255
    47 83 153 99 238 199 39 21 255 82 61 253 118 120 94 177 239 219 25
    217 63 157 172 26 129 241 61 156 75 80 254 115 191 88 87 49 255 118
    48 211 167 254 194 155 137 222 187 19 127 247 66 147 80 126 215 58
    146 205 47 207 77 174 218 254 111 210 123 247 126 103 173 93 63 126
    253 237 119 97 76 67 72 195 28 153 55 157 236 24 7 244 180 156 227
    208 114 178 185 252 23 48 182 126 233 235 222 54 87 93 143 199 198
    61 184 25 238 189 126 153 86 114 127 31 254 212 7 93 215 183 57 3
    250 30 184 130 30 167 206 202 124 210 91 34 235 245 105 183 156 181
    46 87 171 183 207 26 17 116 118 217 99 120 91 125 248 251 178 250
    184 255 247 254 231 219 190 222 191 251 123 239 194 210 248 255 215
    126 243 239 143 175 223 174 255 255 255 222 255 247 254 119 239 44
    127 254 181 255 247 89 76 227 127 203 44 185 191 239 255 223 195 252
    190 156 251 196 182 243 251 252 29 176 190 62 252 125 173 191 253
    191 237 189 254 254 189 125 62 253 246 247 222 195 120 253 114 222
    60 253 140 228 217 127 247 255 254 165 216 199 238 247 243 169 125
    254 221 87 60 116 151 230 109 191 175 159 15 250 29 255 125 46 242
    255 248 251 142 110 212 58 48 117 231 255 167 219 120 214 127 243
    113 237 74 144 85 246 247 95 114 241 43 131 125 172 170 238 255 94
    249 245 255 103 237 158 191 222 113 177 247 217 204 215 142 193 33
    153 95 174 183 216 1 232 188 156 81 192 182 251 154 250 143 36 181
    220 249 255 245 54 251 249 254 217 191 247 255 207 208 219 250 187
    205 255 111 175 125 230 223 173 251 247 255 93 103 246 255 255 119
    189 255 223 127 248 245 218 252 251 126 251 167 251 127 255 191 63
    215 248 189 191 93 197 255 123 219 253 63 231 255 255 244 124 255
    255 189 223 56 127 127 253 255 253 127 244 125 247 247 94 243 255
    127 211 126 253 254 227 127 126 127 255 239 215 237 157 255 218 123
    249 255 82 223 255 47 245 23 255 63 157 238 24 7 248 189 158 77 24
    247 251 191 250 223 42 254 253 191 247 245 255 239 255 255 253 253
    203 255 255 254 187 127 251 253 251 111 255 47 210 127 95 254 182
    191 126 223 126 239 199 103 119 191 214 254 253 125 93 125 255 126
    237 13 255 239 220 164 216 221 242 190 156 77 120 254 115 191 219 79
    181 250 249 223 255 221 242 127 255 255 253 255 255 155 223 253 255
    238 251 213 255 111 62 223 238 63 127 255 191 62 255 87 126 191 242
    103 125 251 214 255 255 254 247 255 249 126 255 142 93 182 205 137
    118 245 219 255 135 110 209 252 105 127 223 76 19 183 122 172 249
    158 34 223 95 37 207 230 31 156 29 46 189 246 255 210 64 99 158 115
    214 47 221 199 166 31 67 251 125 235 199 172 71 190 202 122 235 126
    50 221 229 40 183 30 229 111 159 172 154 15 178 29 180 93 152 242
    123 249 123 222 106 246 251 254 125 239 255 127 223 201 239 247 249
    250 191 63 254 255 243 245 63 109 62 243 181 60 125 223 187 59 255
    59 127 255 240 101 92 219 194 119 249 247 118 222 121 63 215 158 244
    61 141 173 22 5 106 63 151 77 152 246 113 188 93 94 58 185 191 254
    125 239 255 189 223 153 255 255 253 251 255 127 254 221 251 247 126
    187 253 119 155 124 253 255 255 63 255 251 255 255 215 236 223 255
    254 249 249 127 127 223 111 253 213 151 253 121 190 255 156 15 254
    181 159 125 124 246 246 191 255 223 62 190 47 228 108 42 23 57 4 11
    53 90 172 176 60 59 236 87 192 184 5 208 225 114 17 119 84 148 193
    145 123 220 169 225 152 72 198 162 107 88 33 124 126 159 62 41 84 85
    246 79 177 175 152 12 234 29 203 29 62 242 191 188 26 210 110 75 253
    255 247 255 255 255 119 127 253 125 236 251 255 255 246 253 251 245
    127 111 253 111 251 119 95 239 253 191 255 93 127 239 215 103 118
    191 210 120 253 245 127 95 122 63 221 31 255 111 157 164 156 13 242
    63 159 77 120 254 115 191 218 87 54 251 216 155 154 253 111 179 254
    246 28 251 245 139 230 208 11 155 60 223 249 223 238 189 231 155 139
    75 251 254 89 101 230 239 223 19 208 97 247 237 246 97 248 126 243
    127 251 29 211 127 223 202 24 215 245 253 221 219 87 255 247 255 125
    115 209 255 46 23 104 138 23 31 5 11 39 64 175 48 61 62 252 87 211
    246 1 116 1 80 145 99 85 133 193 9 50 216 28 33 144 4 215 154 66 88
