<?xml version="1.0"?>
<opencv_storage>
<ImageFile>"478.jpg"</ImageFile>
<Features type_id="opencv-matrix">
  <rows>212</rows>
  <cols>64</cols>
  <dt>u</dt>
  <data>
    121 156 236 155 255 255 151 49 191 118 94 30 157 124 63 108 253 255
    123 246 252 119 218 245 91 124 188 126 248 211 255 235 223 108 211
    172 223 122 253 120 124 93 126 47 213 180 245 111 159 172 153 13 242
    29 156 89 56 246 59 189 218 223 44 250 45 205 108 11 131 221 215 25
    189 87 140 234 188 63 236 77 137 49 115 189 181 118 211 117 113 117
    21 52 125 223 95 33 142 78 203 142 194 89 253 56 61 191 124 165 21
    241 126 51 183 150 185 44 171 133 202 60 58 198 254 173 179 251 172
    202 233 31 215 247 253 227 227 254 220 249 198 127 163 217 130 77
    234 213 189 111 236 143 239 127 47 218 58 39 222 73 50 127 127 39
    124 251 118 253 253 244 209 116 186 62 201 13 89 243 141 172 88 149
    241 190 156 73 80 252 55 159 92 23 49 254 251 222 111 255 255 125
    223 217 191 127 189 219 191 249 126 253 243 245 63 111 126 222 190
    124 127 255 63 59 255 91 127 63 242 231 222 219 210 117 253 247 243
    222 106 127 219 30 220 149 205 189 22 5 200 191 143 111 208 244 113
    63 222 93 58 189 248 205 254 255 99 255 251 247 61 245 125 223 159
    248 255 238 251 221 121 111 62 255 247 51 123 127 183 190 121 211 62
    191 215 39 117 251 211 127 253 126 250 255 253 63 255 31 127 191 157
    172 126 157 249 31 157 76 81 254 121 255 93 127 3 251 252 169 255
    217 34 95 243 239 253 252 94 159 95 182 255 238 155 153 248 47 92
    213 230 179 249 247 156 244 105 219 30 235 151 16 99 224 254 91 248
    120 112 29 247 55 181 182 117 110 191 168 175 223 243 93 152 222 126
    254 127 249 91 221 105 222 235 222 110 253 255 125 223 209 191 127
    61 203 159 249 124 253 247 245 61 107 94 222 188 120 111 223 63 59
    255 123 127 63 242 231 222 219 210 117 255 247 247 222 106 127 219
    158 220 149 205 157 22 5 200 183 143 111 144 244 112 63 220 93 50
    185 250 223 238 255 255 127 253 219 61 255 252 251 191 248 254 253
    243 213 61 111 110 223 174 57 111 223 187 63 223 91 62 191 243 231
    124 251 82 119 253 247 211 222 250 127 219 31 253 181 205 141 86 181
    217 255 143 239 208 252 97 63 93 92 18 189 193 143 198 215 253 242
    243 150 60 253 38 203 142 249 2 141 107 245 189 47 204 143 239 123
    107 123 155 38 253 3 34 119 215 39 116 241 83 125 253 244 209 124 58
    191 217 8 249 243 153 173 92 21 241 127 156 203 16 252 51 159 88 85
    16 251 250 217 238 255 255 127 249 219 61 255 252 251 191 248 254
    253 251 213 61 127 110 143 174 57 111 223 187 59 223 83 62 191 242
    231 124 251 82 119 253 247 211 254 250 127 219 31 249 181 205 157 86
    181 217 255 143 239 208 252 97 63 93 92 18 189 57 246 108 76 46 189
    221 49 255 214 221 200 221 124 124 69 157 186 98 187 245 114 83 247
    241 119 197 254 108 215 221 226 207 88 195 36 223 88 248 105 124 31
    247 167 245 245 183 111 186 250 137 79 246 13 90 85 63 211 214 183
    243 251 236 78 210 146 202 197 252 148 222 193 30 255 17 219 202 81
    19 24 168 213 60 107 204 37 194 121 109 223 191 63 86 47 51 127 215
    181 92 59 82 121 232 119 112 92 41 47 211 28 217 59 153 172 24 5 240
    29 156 105 16 242 51 189 88 87 32 254 232 201 239 217 34 127 241 255
    189 253 110 159 19 188 251 238 139 220 253 111 30 153 238 186 123
    239 23 34 253 195 62 191 249 7 117 251 86 247 253 182 242 253 252 54
    95 174 105 176 141 41 127 181 219 31 133 76 209 236 105 109 93 14 3
    183 253 253 255 253 254 229 251 241 189 253 255 223 223 252 251 254
    243 221 127 111 126 143 166 120 127 255 191 191 223 95 126 191 243
    103 125 251 214 127 253 247 219 124 249 126 223 30 217 181 205 173
    86 181 217 191 157 109 208 252 121 255 95 94 51 189 206 9 170 245
    235 227 250 225 8 227 213 218 218 224 2 10 232 153 61 231 207 173
    226 121 79 95 187 238 192 135 178 179 215 39 84 251 83 125 237 118
    112 92 56 47 217 29 251 55 153 172 24 5 240 29 156 73 16 242 49 189
    88 87 32 250 193 141 130 87 201 194 250 198 40 161 1 207 130 193 131
    139 235 193 61 103 78 141 238 59 79 223 187 46 211 3 34 55 215 39
    117 251 82 61 237 118 112 124 56 190 217 24 249 183 221 172 88 53
    241 126 156 203 80 252 49 189 92 85 17 250 43 223 108 235 191 189
    215 24 189 85 173 234 189 127 124 77 153 245 110 251 247 118 19 119
    117 119 81 55 127 127 223 177 158 76 211 142 203 89 251 57 124 191
    126 229 213 113 247 47 190 191 129 13 250 165 219 53 58 183 246 191
    179 251 236 90 251 222 127 237 255 125 221 217 255 253 252 251 255
    253 254 253 247 245 63 107 124 206 188 60 111 223 127 59 255 91 127
    63 240 231 124 223 242 247 253 247 215 223 106 127 219 142 220 149
    205 181 86 181 232 183 135 111 208 252 104 30 223 76 50 189 248 217
    255 223 242 127 253 255 189 253 127 223 159 252 255 238 251 213 127
    111 62 159 174 61 127 239 191 58 255 211 62 191 240 103 125 251 86
    247 253 246 211 255 249 62 223 158 89 180 205 141 118 181 217 255
    133 239 209 252 105 127 93 76 19 181 205 207 231 85 254 231 235 240
    168 191 195 95 194 192 243 201 233 221 127 103 126 141 174 248 78
    127 191 174 208 7 50 62 223 39 85 251 82 117 237 118 120 92 56 62
    217 60 251 181 153 172 24 5 241 63 156 73 16 240 49 189 92 87 32 250
    193 205 130 119 201 66 248 198 56 169 41 207 130 193 99 171 107 161
    61 71 78 143 126 25 67 223 187 46 195 3 34 54 243 39 103 251 83 53
    237 254 113 124 56 191 223 88 189 181 201 140 88 177 209 94 156 227
    145 248 49 61 92 85 17 250 248 219 255 255 246 125 253 253 253 253
    126 219 95 252 255 238 251 220 255 111 62 216 174 60 111 255 191 187
    255 67 62 191 240 103 124 251 215 247 253 247 219 255 251 62 255 142
    88 176 205 149 118 181 217 191 135 108 208 252 105 95 223 14 19 181
    191 222 101 231 255 189 155 25 191 127 18 127 191 127 252 93 250 247
    60 51 220 119 154 124 103 222 121 63 254 123 119 111 215 237 223 151
    242 249 249 119 117 93 106 63 213 20 253 51 156 189 24 5 246 165 158
    107 16 246 178 191 218 95 60 254 205 175 135 85 232 231 251 240 184
    189 67 79 210 240 243 169 233 205 127 103 94 141 46 217 75 127 191
    174 192 3 50 62 223 39 85 251 82 125 237 118 120 92 56 62 217 124
    249 181 153 172 24 5 241 31 156 73 16 240 49 189 92 87 32 250 195
    214 75 35 255 148 138 137 170 123 51 90 140 83 65 21 224 215 61 98
    200 39 138 120 110 212 61 47 214 43 51 62 215 165 221 155 114 121
    237 118 96 92 8 29 209 28 248 17 153 141 24 5 244 181 156 107 16 242
    50 189 92 87 48 188 255 252 127 239 255 255 223 152 255 255 252 251
    191 123 230 253 243 247 62 63 253 223 191 124 247 255 123 63 255 123
    255 255 247 237 158 95 246 245 253 255 211 223 111 125 219 31 252
    177 237 223 22 173 253 231 143 239 248 252 244 63 255 221 190 189
    194 202 143 151 239 215 155 185 174 239 49 74 155 232 51 45 237 213
    61 103 78 135 166 120 78 223 191 46 210 26 51 59 247 37 85 251 82
    125 237 118 112 92 56 62 209 28 217 53 153 172 24 5 240 31 156 75 16
    242 49 189 92 87 32 250 251 222 255 237 254 125 221 241 191 255 126
    223 223 253 126 253 255 213 63 111 108 205 174 120 111 223 63 59 223
    95 126 63 241 231 124 219 118 119 253 247 211 222 234 127 219 158
    252 181 205 157 86 181 200 183 135 111 208 244 41 62 221 93 18 189
    233 15 199 215 201 103 161 255 172 237 106 75 155 233 50 174 235 213
    125 103 94 143 238 177 91 255 191 46 208 2 50 63 255 39 117 187 83
    124 237 244 112 92 56 63 205 60 253 181 153 172 88 5 241 31 156 73
    16 240 49 189 92 87 32 250 193 14 134 151 201 71 128 183 44 229 42
    79 154 233 50 175 237 217 125 231 94 143 238 49 75 127 189 42 208 2
    50 55 247 39 117 251 83 124 237 246 113 92 56 63 205 28 253 181 153
    172 88 5 240 30 156 73 16 240 49 189 92 87 0 250 200 137 154 191 65
    66 112 231 16 160 68 141 50 208 135 170 107 25 177 71 204 141 231 3
    75 75 144 38 67 1 2 110 159 35 49 240 55 72 237 116 112 61 188 35
    253 21 119 238 217 168 123 149 241 28 152 200 83 250 47 249 24 119 1
