<?xml version="1.0"?>
<opencv_storage>
<ImageFile>"479.jpg"</ImageFile>
<Features type_id="opencv-matrix">
  <rows>189</rows>
  <cols>64</cols>
  <dt>u</dt>
  <data>
    212 58 247 117 248 246 251 240 218 191 195 95 199 193 147 24 126 205
    250 47 254 173 78 216 143 250 254 254 204 103 247 254 119 147 125
    125 252 189 254 119 125 76 227 254 239 168 153 51 254 221 60 243 245
    254 156 227 199 223 209 79 254 101 209 182 255 254 255 253 254 255
    223 217 255 127 253 250 223 250 246 253 243 245 63 103 125 247 182
    124 127 255 191 63 215 95 127 191 243 37 86 255 210 117 237 246 242
    94 120 63 209 30 253 53 157 173 24 5 248 63 157 73 16 246 49 189 92
    87 34 185 251 223 254 255 255 190 223 137 191 255 61 251 191 127 110
    253 247 247 188 63 238 127 186 120 103 223 123 127 255 123 127 63
    151 247 254 85 246 255 254 183 231 255 235 121 191 30 253 51 205 223
    30 245 239 231 191 239 89 222 246 47 215 125 159 191 40 143 239 216
    34 255 245 119 181 254 84 144 93 184 61 206 203 220 227 107 244 117
    220 179 89 127 149 182 105 213 61 235 223 2 83 168 87 120 249 120
    124 127 248 39 87 181 119 107 155 168 189 13 242 29 157 92 21 226
    123 253 91 215 104 250 124 254 247 245 255 253 255 249 253 253 254
    253 255 125 249 237 243 245 255 107 252 111 254 127 127 238 167 63
    127 219 127 255 247 229 127 187 214 251 249 247 95 93 251 190 221
    167 221 123 157 173 28 13 242 157 159 77 16 246 115 191 218 95 34
    252 124 191 255 221 250 255 255 253 253 252 222 189 221 253 251 238
    251 213 251 110 254 127 214 183 255 235 182 189 127 221 127 255 247
    103 117 255 214 115 253 124 253 93 221 54 237 166 201 111 159 173
    223 141 242 31 159 93 104 254 123 255 219 15 43 254 191 254 119 235
    255 127 167 217 255 93 252 251 175 127 252 221 235 245 61 108 101 71
    184 124 111 223 57 63 255 91 123 127 214 103 93 219 114 117 253 116
    119 222 122 63 221 148 252 245 140 181 28 4 248 183 143 77 24 244 35
    173 94 95 52 186 147 211 16 119 255 160 222 8 26 185 59 123 166 66
    64 49 116 215 44 155 206 46 163 78 164 222 243 127 22 43 231 126 23
    191 60 21 255 253 250 199 65 72 235 123 171 4 189 63 192 211 16 103
    236 162 190 227 65 19 246 79 244 61 181 62 146 210 16 119 253 128
    222 136 10 57 59 107 166 66 64 49 118 199 44 147 206 44 171 74 166
    223 243 123 150 43 231 126 23 183 124 23 241 249 250 199 65 72 227
    123 233 4 189 31 192 215 80 103 236 162 190 227 1 19 244 7 244 103
    177 60 252 127 255 253 118 183 255 251 253 253 255 155 223 252 249
    238 243 221 255 111 254 253 244 191 223 239 167 255 125 213 124 255
    227 39 118 191 214 126 241 253 254 95 251 190 255 167 195 111 159
    173 157 207 242 29 157 93 80 246 115 255 123 86 41 254 120 41 252
    186 66 15 39 103 231 228 93 148 125 190 191 254 243 145 91 100 151
    211 213 55 93 200 172 13 99 156 252 232 241 45 103 190 66 114 133 92
    154 219 28 46 84 190 69 206 157 36 222 4 114 29 149 77 24 246 43 188
    89 70 34 241 254 57 255 119 127 99 251 255 214 187 241 251 255 194
    146 90 255 143 127 223 255 191 231 159 143 123 247 255 203 247 230
    254 75 61 172 255 255 61 249 117 120 76 247 127 251 125 147 127 255
    238 26 195 224 191 92 81 198 183 247 251 191 247 248 54 15 205 142
    250 239 155 212 3 49 80 4 202 154 123 100 13 132 59 37 242 199 124
    16 115 114 86 17 102 124 18 154 97 159 122 83 0 91 72 250 32 112 63
    56 109 213 85 247 111 153 236 24 13 244 13 216 73 19 211 115 181 80
    123 136 202 252 125 255 252 50 127 125 247 245 212 253 145 95 252
    190 238 251 220 243 111 54 253 228 179 223 107 182 216 105 212 126
    233 218 54 101 254 215 124 209 252 122 255 189 39 254 55 231 238 159
    172 255 223 242 29 157 93 57 242 123 251 123 86 43 251 253 123 255
    245 62 117 249 250 252 189 215 247 239 249 211 126 246 221 239 107
    125 238 229 254 143 58 247 251 252 87 247 255 251 60 212 254 223 123
    249 245 216 92 251 30 241 33 211 111 187 175 153 67 248 31 156 73 54
    243 119 159 254 151 36 255 20 197 61 220 34 157 85 103 39 68 45 128
    93 49 60 14 157 112 98 109 22 112 80 163 221 55 133 88 33 188 92 41
    134 84 194 138 136 104 146 73 54 187 189 165 180 28 245 46 147 160
    161 78 34 25 51 28 57 83 88 249 113 217 77 251 253 123 255 245 62 55
    249 250 252 255 247 255 239 249 211 127 246 221 255 107 127 254 229
    254 141 62 247 251 252 87 247 255 251 60 212 254 223 121 249 245 216
    93 251 62 241 33 211 111 187 175 153 71 248 31 156 93 52 243 115 223
    254 215 165 255 246 52 251 181 250 134 27 201 198 103 241 122 223
    234 146 86 226 213 39 103 201 135 130 116 78 218 189 47 210 14 51
    123 211 36 84 187 82 120 225 246 80 88 56 15 209 28 209 77 153 172
    24 5 240 29 156 73 16 242 51 189 88 87 32 250 191 254 125 239 255
    189 223 153 255 127 189 251 191 123 254 253 243 247 60 115 221 119
    179 124 111 223 249 63 255 123 119 63 215 108 92 255 242 121 233 245
    115 222 122 63 213 22 252 125 153 173 24 5 248 157 159 73 16 246 51
    189 90 95 34 251 16 69 61 152 34 31 28 103 99 70 61 128 92 48 60 18
    213 202 64 229 18 112 80 131 217 1 165 216 33 180 220 33 128 20 66
    142 136 72 128 72 54 155 53 161 180 28 231 78 147 168 161 78 34 25
    51 29 41 243 17 240 121 242 104 235 123 205 236 222 38 223 93 3 103
    198 61 138 189 238 124 94 157 243 96 247 150 125 209 103 93 247 183
    61 115 250 94 105 198 60 87 186 202 120 250 121 54 255 189 105 183
    20 245 111 147 174 152 15 242 29 188 93 57 243 123 189 123 247 40
    250 171 254 110 235 255 125 149 153 253 127 188 251 191 251 246 253
    235 245 61 115 125 198 191 124 110 255 57 59 255 91 123 255 241 108
    94 250 82 117 237 244 214 94 90 31 217 22 220 213 137 173 30 5 248
    31 141 73 16 244 49 188 92 87 34 185 59 221 124 223 55 189 223 25
    255 223 189 250 191 122 124 95 255 247 126 187 183 118 211 119 245
    247 243 127 127 123 245 251 207 108 223 158 218 121 250 121 126 223
    255 237 151 117 245 111 191 191 152 15 250 157 254 93 56 247 246 191
    251 251 174 219 104 15 142 218 98 223 86 55 53 252 86 133 28 244 57
    142 253 219 121 174 222 125 215 179 91 122 134 20 104 208 188 227
    223 34 83 176 87 74 246 104 116 125 184 46 213 180 231 111 157 168
    152 77 242 29 152 201 19 247 115 189 90 115 1 250 90 16 146 179 78
    166 170 167 86 250 80 21 2 194 17 18 126 203 121 226 201 37 207 27
    138 74 174 206 66 133 177 246 103 165 30 49 127 124 101 116 208 76
    16 14 211 20 131 95 153 236 24 1 244 28 156 201 214 242 51 157 88 87
    32 231 231 38 195 163 221 144 131 200 236 123 2 126 163 75 131 101
    226 213 37 98 201 135 139 124 78 220 57 43 146 10 35 91 87 36 85 186
    82 120 109 116 96 84 56 15 85 20 240 245 153 172 24 5 240 29 140 73
    16 240 51 189 88 87 32 250 252 255 247 253 123 255 253 251 61 249
    255 255 223 245 251 238 179 221 255 111 255 173 198 251 223 127 243
    254 125 199 126 255 251 51 117 251 215 255 251 247 251 125 249 126
    255 191 219 127 141 175 56 215 248 95 157 77 81 255 115 255 91 119
    163 254 187 220 239 255 63 247 223 191 255 255 252 249 191 123 116
    253 245 247 127 187 244 127 255 127 245 239 227 127 127 123 255 255
    255 236 214 180 255 121 249 253 126 95 255 47 209 55 245 111 189 190
    152 13 240 29 156 93 62 246 247 191 251 223 174 255 169 222 254 235
    254 253 175 208 61 127 66 207 143 125 254 205 235 253 189 43 244 101
    186 120 107 255 57 54 255 67 123 255 215 224 223 49 119 249 253 54
    117 92 106 63 213 132 255 115 153 253 28 5 244 189 158 77 22 246 179
    173 218 95 32 254 252 255 247 253 123 255 253 251 61 249 255 255 223
    245 251 238 179 221 255 111 255 173 198 251 223 127 243 254 125 199
    126 255 251 51 117 251 215 255 251 247 251 125 249 126 255 159 219
    127 141 175 56 215 248 95 157 77 81 255 115 255 91 119 161 254 231
    255 111 206 255 94 151 218 239 85 189 250 239 251 252 253 227 245 61
    103 69 5 161 119 79 223 185 63 247 10 50 121 210 37 84 186 82 112
    233 244 242 94 56 63 213 30 244 79 153 173 16 5 248 29 159 73 16 242
