<?xml version="1.0"?>
<opencv_storage>
<ImageFile>"480.jpg"</ImageFile>
<Features type_id="opencv-matrix">
  <rows>238</rows>
  <cols>64</cols>
  <dt>u</dt>
  <data>
    123 220 109 171 255 255 159 89 189 127 254 223 189 61 124 253 255
    245 95 112 240 83 154 124 109 253 249 63 255 83 127 239 213 236 223
    255 246 115 169 117 126 223 94 63 213 151 244 93 157 189 30 5 234
    189 159 77 24 246 59 188 219 223 46 188 123 222 109 169 255 255 159
    24 189 127 222 79 189 61 124 245 253 253 93 112 240 83 154 120 110
    253 249 62 255 83 127 239 213 108 223 249 243 115 169 117 126 223 94
    31 213 151 244 93 157 189 28 5 250 189 159 73 24 246 59 188 218 223
    46 248 236 250 243 241 221 242 235 216 252 251 194 127 227 194 243
    89 234 221 191 103 239 141 174 125 46 223 59 175 214 11 51 255 119
    167 93 123 114 253 109 118 249 100 106 94 219 29 89 179 221 253 24
    181 245 247 140 235 208 252 161 175 220 87 49 182 255 254 243 251
    216 206 235 201 239 255 10 127 159 239 251 253 251 245 189 102 239
    141 158 125 95 223 63 47 222 203 123 255 87 231 95 219 112 247 253
    126 101 84 104 126 93 28 253 177 205 237 24 181 247 247 140 235 208
    252 241 45 220 77 49 182 235 222 110 239 255 253 223 153 189 255 253
    251 191 123 126 221 249 245 63 123 252 119 186 124 119 255 251 63
    255 123 119 255 215 237 222 255 243 121 249 255 123 223 122 189 213
    95 253 55 157 191 24 13 248 181 159 109 48 246 243 191 223 223 60
    187 254 254 243 247 251 238 235 203 255 255 106 127 191 239 251 253
    251 215 189 103 239 141 190 125 239 223 123 47 223 75 123 255 119
    231 125 95 113 247 253 246 101 92 234 127 207 14 253 177 204 253 92
    181 223 247 140 235 208 252 225 47 222 93 49 182 255 254 124 111 255
    189 255 184 253 125 222 255 254 127 236 125 245 191 255 251 253 127
    27 252 243 126 121 247 252 119 255 183 159 249 207 85 255 219 253 63
    125 157 255 191 245 123 255 51 172 215 137 111 255 231 219 253 126
    223 247 167 179 251 188 94 253 254 125 237 255 255 255 248 253 127
    236 251 239 127 236 253 243 253 255 111 253 245 186 252 231 239 235
    255 255 95 255 255 251 197 222 255 247 247 253 247 223 223 122 63
    243 159 254 21 141 191 30 37 232 255 143 109 252 254 255 174 223 222
    63 189 251 244 109 175 255 191 223 24 255 127 181 250 191 123 180 93
    242 245 62 115 252 119 210 124 108 254 249 63 122 123 119 111 215
    108 214 190 210 121 249 127 116 223 126 47 213 20 245 111 157 172 24
    13 240 189 156 73 56 246 51 189 218 223 44 250 60 190 125 237 190
    253 251 121 253 252 223 253 253 127 253 244 255 255 195 106 245 115
    211 255 253 255 245 255 126 247 255 239 207 108 71 190 255 250 249
    125 124 93 127 175 245 181 247 111 187 174 153 15 242 29 156 93 60
    242 119 189 251 223 40 254 43 246 108 170 191 189 159 25 245 126 252
    249 189 59 164 85 242 244 67 240 241 114 155 124 116 172 225 59 126
    89 125 235 223 108 222 190 250 120 169 125 126 95 122 173 212 85 244
    79 152 188 24 13 242 29 223 89 56 242 183 188 218 223 46 249 59 213
    124 254 191 189 95 9 255 111 253 250 189 111 116 93 247 183 100 243
    255 126 147 126 245 254 227 123 122 251 253 235 207 236 214 182 251
    121 250 127 126 223 253 233 212 85 245 111 155 174 152 15 238 29 220
    93 56 179 247 191 187 223 168 218 215 50 211 5 221 162 139 216 202
    59 128 123 231 75 130 81 226 197 57 102 201 13 138 121 14 202 122 47
    210 9 97 111 87 165 28 187 82 253 37 215 81 64 74 14 201 8 217 145
    156 180 24 37 225 250 156 235 80 190 179 157 220 87 48 253 220 51
    247 181 246 35 58 255 208 187 211 55 255 192 146 66 250 221 123 103
    125 165 194 247 142 122 252 239 208 4 178 170 95 37 85 191 91 120
    229 116 120 92 56 15 209 61 227 111 153 172 24 5 240 29 156 73 16
    242 51 189 88 87 32 250 252 59 247 181 254 99 58 255 212 187 211 55
    255 224 179 66 250 221 123 103 125 165 195 246 142 122 254 238 208
    132 242 170 223 37 85 191 91 120 237 116 120 92 56 47 213 61 243 111
    153 172 24 5 240 29 156 73 16 242 51 189 88 87 32 250 252 59 247 181
    254 119 59 254 212 191 210 55 255 224 179 66 254 223 123 103 125 165
    195 246 138 123 254 238 208 134 242 234 223 37 85 191 91 120 237 116
    120 92 48 47 209 61 243 111 153 172 24 5 240 29 156 73 16 242 51 189
    88 87 32 250 5 6 113 160 217 166 163 89 180 126 130 117 129 75 145
    69 226 213 129 98 192 35 202 123 76 154 160 15 82 8 49 111 87 36 85
    186 82 120 233 116 112 84 24 14 193 4 209 79 153 172 24 5 240 29 156
    73 16 242 51 189 88 87 32 250 101 191 243 246 124 162 227 90 80 88
    194 117 226 211 128 89 226 197 57 103 199 45 195 87 78 218 162 15 82
    12 32 107 215 39 85 187 82 120 237 116 81 92 26 206 201 16 241 239
    153 172 24 5 240 29 156 73 16 242 51 191 88 87 33 250 247 176 217
    247 253 162 223 152 218 251 81 123 167 74 130 81 126 215 60 3 201 45
    202 124 172 218 251 127 82 41 229 111 87 165 156 63 118 253 239 119
    113 74 235 105 243 28 221 19 157 254 24 37 228 176 156 227 80 190
    179 155 220 87 48 190 239 190 239 227 255 183 163 249 252 255 214
    127 239 123 251 69 250 253 255 123 253 103 155 124 111 254 61 183
    254 87 115 255 223 237 223 59 119 249 237 119 125 92 106 63 213 165
    251 115 188 253 24 5 245 189 156 73 84 246 183 189 218 87 36 254 124
    53 245 252 50 15 127 111 167 100 117 176 93 250 180 86 242 213 99
    103 150 45 192 51 93 202 166 29 82 136 116 233 210 36 84 186 66 120
    209 116 112 91 56 47 213 20 229 110 153 172 24 5 240 29 156 73 16
    242 51 189 88 86 32 250 122 179 253 214 127 183 219 57 246 245 215
    112 253 122 176 84 254 215 123 247 245 119 195 247 189 122 236 255
    126 221 245 234 223 44 199 190 222 120 233 117 120 93 115 47 213 45
    247 111 191 174 153 11 240 61 156 89 112 246 51 189 122 215 44 250
    187 253 254 255 55 253 221 57 255 255 253 251 255 122 52 95 189 247
    126 251 247 127 211 255 249 127 247 255 127 119 247 239 223 252 191
    244 255 121 250 125 122 223 255 109 247 53 247 111 191 250 139 207
    252 189 250 93 127 247 255 255 251 251 238 223 124 63 255 188 122
    183 63 127 244 254 215 51 223 249 187 78 242 221 99 102 244 37 210
    247 95 234 172 141 80 156 48 235 215 36 85 186 82 120 225 116 248 92
    56 47 213 52 209 111 153 172 24 5 240 29 157 73 16 242 51 189 88 87
    32 250 187 253 255 255 55 253 253 59 255 255 253 249 255 251 52 94
    253 255 126 251 247 127 243 255 253 127 247 255 127 247 245 239 223
    248 182 52 255 125 250 125 122 223 255 111 247 53 247 111 191 250
    139 207 252 189 254 93 127 247 247 255 251 251 239 223 186 177 125
    247 63 181 223 56 254 255 213 250 191 74 52 87 246 215 118 251 255
    127 195 127 173 254 247 127 90 249 245 239 223 172 150 190 223 121
    250 119 88 221 231 111 243 53 245 111 187 174 24 7 252 29 156 89 16
    243 243 191 251 159 168 254 67 6 1 131 206 150 139 145 166 111 34 2
    137 9 51 5 228 213 1 96 200 129 134 120 76 136 172 46 210 0 49 123
    117 36 84 186 82 112 161 228 240 68 24 14 208 20 208 77 153 172 24 5
    240 29 156 73 16 242 51 188 88 86 32 248 252 57 255 245 126 183 251
    255 212 255 213 243 223 234 179 94 242 221 251 111 255 47 194 255
    143 234 182 191 90 221 118 239 215 39 20 191 214 124 255 117 120 124
    243 111 251 61 209 239 253 172 24 215 241 61 156 73 80 254 115 191
    122 87 177 254 58 182 108 170 55 157 156 9 127 90 19 240 189 54 125
    85 242 214 1 240 193 112 209 116 221 148 225 57 126 250 253 105 214
    108 215 186 218 120 169 116 116 93 56 45 212 20 244 111 155 172 24 5
    242 29 220 89 16 242 51 188 88 91 104 250 124 191 255 252 114 127
    113 127 245 244 214 181 127 254 189 206 251 189 251 111 247 127 208
    183 223 107 230 221 105 220 124 235 207 47 71 190 215 120 255 124
    124 125 188 231 221 53 247 239 189 172 137 221 242 29 156 93 120 254
    115 191 91 119 169 250 125 191 255 252 114 127 113 127 245 244 214
    181 95 255 191 78 250 189 251 111 247 127 208 247 223 106 230 223
    104 220 252 235 223 35 103 190 214 124 251 124 124 61 185 231 253 53
