<?xml version="1.0"?>
<opencv_storage>
<ImageFile>"481.jpg"</ImageFile>
<Features type_id="opencv-matrix">
  <rows>232</rows>
  <cols>64</cols>
  <dt>u</dt>
  <data>
    108 142 239 249 234 191 167 119 189 124 214 23 223 252 187 204 218
    253 251 102 244 87 218 247 91 104 28 180 124 213 126 235 223 106 67
    176 119 122 253 124 252 29 126 39 85 165 247 239 191 172 153 13 242
    29 157 89 54 246 127 189 90 223 44 250 252 235 255 221 98 95 254 247
    125 253 126 223 95 244 255 238 247 217 255 111 124 157 246 187 251
    111 191 254 237 215 254 254 243 35 102 253 215 119 253 252 219 95
    249 62 251 54 219 236 141 173 222 223 250 95 157 77 214 252 99 189
    95 94 35 249 221 63 215 245 116 99 249 254 88 253 214 255 70 211 131
    235 107 205 253 111 125 141 238 187 139 123 179 167 221 71 50 255
    255 35 117 241 119 253 253 245 89 124 187 126 235 33 123 239 237 172
    126 213 241 126 156 77 214 252 103 223 94 103 133 254 255 253 255
    253 55 111 249 255 223 254 252 189 127 238 255 254 251 158 251 63
    125 251 246 63 253 239 246 243 123 255 254 255 239 59 37 247 247 127
    251 125 122 253 255 126 191 55 103 110 255 174 255 223 248 31 188 93
    254 247 127 251 255 190 171 246 187 222 111 239 255 253 223 153 255
    93 252 251 175 127 100 253 243 247 61 189 100 95 187 124 103 223 123
    63 255 123 127 191 150 239 188 83 255 245 253 183 119 223 234 125
    223 159 252 177 196 215 86 188 205 231 175 239 248 220 228 15 215
    221 158 189 254 255 255 255 254 253 255 233 255 255 126 251 191 255
    254 252 251 213 61 111 30 221 174 124 127 223 63 63 255 123 62 191
    242 231 124 219 246 247 255 183 243 255 235 127 159 142 92 177 205
    149 118 245 205 247 167 238 209 252 104 79 223 109 147 181 253 253
    254 223 246 255 87 183 255 245 221 250 255 255 190 222 255 247 123
    247 127 255 211 247 219 127 255 255 251 223 254 171 223 111 71 255
    218 121 253 124 124 95 252 63 221 60 247 175 157 172 153 205 242 125
    156 223 120 254 115 191 91 247 60 250 237 237 255 221 242 231 251
    254 189 253 237 223 223 236 251 238 171 213 127 111 62 253 238 59
    127 255 191 63 249 75 62 191 243 103 61 251 82 255 255 254 211 127
    253 126 255 30 89 179 205 141 126 245 217 255 148 238 217 252 105
    127 221 125 147 191 236 238 231 209 218 223 227 241 237 255 250 127
    223 254 251 236 251 213 127 111 127 159 190 60 95 255 63 47 215 223
    58 191 243 39 95 251 82 119 253 254 241 85 120 62 221 14 125 177 141
    173 84 181 219 191 133 107 208 252 97 61 93 93 48 186 248 239 247
    221 250 223 219 241 255 253 127 223 223 253 251 238 251 213 127 111
    30 141 191 61 127 255 191 63 255 223 62 191 243 231 125 219 210 255
    255 254 243 124 233 126 223 30 125 177 205 141 86 245 217 255 132
    239 208 252 113 127 221 93 49 190 127 244 253 157 255 191 91 249 239
    103 213 190 253 110 191 95 244 247 90 246 255 247 211 124 220 250
    252 127 210 61 255 171 215 45 87 191 218 123 225 127 16 95 93 14 213
    28 229 63 157 172 24 5 240 29 156 73 16 246 59 189 88 87 34 251 196
    235 162 245 248 102 248 199 28 191 234 251 194 193 210 173 107 197
    191 79 79 143 239 90 47 223 63 35 215 15 34 62 103 167 125 251 114
    189 255 182 113 108 176 255 219 24 57 177 205 173 94 241 209 255 156
    226 209 252 97 63 92 117 145 186 249 251 255 245 126 119 250 246 120
    189 252 251 110 241 147 234 251 205 255 111 125 173 231 191 171 127
    247 182 221 71 242 255 255 35 52 245 95 125 253 245 123 124 187 62
    219 37 219 239 189 173 94 213 249 126 156 205 215 252 119 223 94 119
    129 255 254 254 127 253 255 255 255 249 189 255 255 251 255 251 254
    252 243 213 127 111 126 223 182 124 127 255 191 63 223 123 127 191
    242 101 92 251 210 127 253 247 243 94 249 63 219 30 220 53 141 173
    22 165 249 191 159 111 208 252 113 189 93 94 50 189 251 184 255 103
    255 231 219 248 222 61 215 127 239 74 179 85 254 247 127 246 255 143
    175 124 174 250 254 127 214 31 247 191 79 173 14 223 218 53 237 95
    217 92 81 30 201 105 153 21 189 190 24 1 240 190 156 99 80 246 177
    191 252 31 48 254 196 9 227 213 216 198 227 247 12 237 40 219 195
    201 146 238 235 213 61 103 14 141 238 57 79 207 191 47 211 15 50 63
    243 39 116 251 82 117 109 246 81 104 56 63 203 28 89 181 205 172 88
    181 209 126 148 203 208 252 33 189 92 84 16 250 198 235 194 117 248
    98 248 198 24 185 40 223 130 195 194 185 235 197 61 111 79 143 238
    123 111 223 63 39 215 15 34 62 247 167 125 251 114 181 255 246 113
    108 168 127 207 28 253 177 205 173 94 241 217 246 156 235 209 252 49
    63 92 117 17 186 254 223 127 253 255 255 255 249 189 255 255 250 191
    251 254 253 243 213 63 111 126 255 166 120 111 223 187 63 223 123
    127 191 242 101 92 251 210 119 253 247 242 222 249 63 219 30 220 53
    141 173 22 37 249 191 159 109 208 252 49 191 92 94 50 185 251 222
    126 239 255 252 223 137 127 125 61 251 175 123 238 253 243 247 60 59
    205 111 187 124 103 223 123 63 255 123 255 63 151 229 124 83 246 253
    255 183 119 223 235 125 221 30 252 49 205 215 86 165 205 231 175 239
    80 252 244 47 214 93 182 189 187 254 127 239 255 189 255 217 255 125
    254 251 239 127 252 253 243 245 127 123 252 95 155 125 239 255 127
    63 255 91 127 255 215 237 222 223 246 127 253 247 255 223 122 191
    221 139 252 149 172 189 28 13 248 183 143 109 112 244 243 191 222
    223 62 188 253 189 251 119 49 98 249 238 210 185 213 253 119 218 130
    222 191 215 186 79 231 47 231 127 175 219 247 255 87 107 246 238 215
    55 117 255 246 124 250 117 121 124 187 111 251 21 181 111 249 174
    123 215 240 31 188 65 81 251 119 255 121 117 161 254 251 252 255 255
    255 111 223 253 255 253 253 251 255 238 246 253 255 215 127 103 127
    143 191 60 255 255 255 47 215 31 246 191 243 39 93 255 82 117 253
    246 115 92 120 63 221 30 253 181 205 173 94 133 248 191 148 235 208
    252 113 61 92 87 48 184 243 60 230 151 223 198 155 205 110 239 145
    126 175 235 162 95 234 213 57 119 77 135 227 124 78 219 184 47 210
    28 50 43 215 37 85 187 82 124 237 116 112 92 56 15 209 28 249 61 153
    172 24 5 240 29 156 73 16 242 49 189 92 87 32 250 251 222 254 255
    255 255 223 153 255 255 253 251 191 251 118 253 255 247 125 255 125
    215 183 124 239 255 251 127 255 91 254 191 247 109 94 255 90 117 253
    245 214 94 122 63 217 31 253 181 157 173 30 5 248 191 157 109 88 244
    49 189 92 87 50 187 214 189 155 247 235 130 219 201 154 227 149 250
    183 194 130 90 126 151 60 87 142 173 226 73 190 218 251 111 194 171
    247 63 199 181 28 223 82 125 239 94 80 72 161 105 251 28 185 63 221
    174 24 39 240 119 188 227 80 254 49 189 92 23 48 255 253 254 239 253
    254 253 255 249 125 255 254 251 255 255 254 237 235 213 127 111 127
    205 190 120 127 255 59 63 223 95 50 191 243 103 124 219 82 119 253
    246 115 94 120 63 223 30 124 177 205 141 86 181 217 255 135 239 208
    252 97 63 221 93 48 190 251 220 254 255 255 255 223 152 191 255 253
    250 191 251 118 253 253 247 61 255 125 215 183 124 239 255 251 127
    255 91 255 187 247 109 222 255 90 125 253 247 210 94 122 63 209 31
    253 53 157 173 26 5 248 191 157 109 88 246 49 189 92 95 50 187 255
    254 239 253 254 255 255 249 253 255 254 251 255 251 254 237 235 245
    127 111 127 205 190 120 111 255 59 63 223 95 118 191 243 103 93 251
    82 117 253 246 115 94 120 63 223 30 253 181 141 141 30 165 217 255
    141 235 208 252 49 189 92 95 48 186 227 15 194 55 253 66 139 204 172
    189 35 75 171 233 163 45 235 245 61 103 76 143 247 116 70 223 191 47
    210 10 50 59 215 37 87 251 82 60 237 124 112 92 56 63 221 88 249 125
    153 172 24 5 240 31 156 73 16 240 49 189 92 87 32 250 215 232 235
    177 223 210 203 200 142 235 145 254 251 234 195 120 235 149 63 119
    207 133 174 121 78 223 187 47 210 15 51 63 215 167 93 251 82 125 237
    118 112 92 56 63 217 28 249 181 157 172 24 5 241 63 156 107 80 252
    49 189 92 87 48 250 195 15 130 23 233 70 155 204 188 189 34 79 131
    233 162 45 235 245 61 103 76 143 246 116 70 223 191 47 210 10 50 63
