<?xml version="1.0"?>
<opencv_storage>
<ImageFile>"482.jpg"</ImageFile>
<Features type_id="opencv-matrix">
  <rows>265</rows>
  <cols>64</cols>
  <dt>u</dt>
  <data>
    84 42 211 113 216 242 170 231 200 186 194 55 193 130 155 66 74 201
    187 78 205 13 78 221 143 216 62 167 6 141 35 222 119 135 109 59 60
    188 109 22 169 100 224 62 111 172 27 179 126 108 124 243 135 254 44
    234 196 108 139 193 76 5 113 54 62 53 253 190 55 63 93 127 231 68
    213 176 125 126 188 86 250 246 67 115 247 118 209 247 221 186 228
    153 114 216 252 233 223 44 87 190 218 120 193 124 120 93 61 47 212
    53 229 111 153 172 24 13 242 29 156 73 16 242 51 189 88 87 40 250 88
    58 211 227 216 226 162 252 216 185 82 55 231 151 219 208 123 199 249
    46 204 13 207 221 175 216 126 167 206 75 51 254 117 231 125 119 117
    247 109 86 233 68 194 30 79 141 73 177 238 93 127 240 245 230 140
    235 196 124 143 203 204 15 49 182 63 246 125 42 63 189 63 89 245 126
    205 250 253 127 252 85 242 244 7 113 245 114 81 118 213 190 245 187
    122 95 117 235 215 108 215 190 218 120 249 125 124 93 122 47 212 85
    245 111 153 172 24 13 240 29 156 73 24 242 51 189 90 215 40 250 204
    205 138 125 235 195 254 135 57 163 45 202 146 228 102 138 141 25 60
    223 15 189 118 155 83 95 155 246 193 231 182 54 223 179 96 97 91 205
    254 106 122 63 252 127 255 93 255 187 221 202 42 247 213 127 88 234
    83 223 245 183 61 113 211 203 58 201 136 254 39 200 92 13 13 226 221
    172 177 70 44 94 157 26 32 211 135 60 211 107 85 223 243 127 83 243
    191 230 135 182 119 42 163 72 250 115 32 253 245 105 183 21 247 107
    219 234 24 71 230 21 252 120 17 179 243 251 25 123 169 78 62 49 253
    182 54 39 121 127 212 254 215 53 125 202 179 86 250 220 67 115 229
    47 195 119 140 138 230 143 82 28 245 235 215 44 85 190 91 120 225
    116 88 92 57 14 208 21 195 111 153 172 24 5 240 29 156 73 16 242 51
    189 88 87 32 250 242 245 121 158 38 142 95 1 231 71 61 250 191 110
    116 94 247 147 36 245 23 126 145 102 221 215 247 125 2 186 220 41
    130 44 6 158 202 88 242 95 32 219 165 233 183 28 245 47 147 166 144
    79 40 25 54 91 24 115 112 57 121 213 104 170 200 15 134 245 235 235
    238 181 57 249 74 15 154 245 107 172 237 217 57 230 206 173 206 123
    75 94 186 230 216 7 186 23 247 51 81 57 83 127 252 100 240 60 56 62
    221 31 219 179 157 204 24 5 241 95 153 201 83 255 51 181 92 119 1
    250 50 221 153 222 34 204 93 3 199 68 29 216 189 102 60 94 255 147
    32 167 134 124 211 71 249 215 247 125 35 186 220 40 134 60 67 158
    202 72 250 91 32 219 165 105 181 28 245 47 211 162 129 79 34 1 52
    127 25 115 122 121 121 125 233 234 59 246 124 239 255 253 191 121
    253 255 250 251 253 127 253 213 251 255 75 242 253 115 219 124 221
    255 245 191 126 215 247 255 223 44 87 190 219 120 233 126 124 92 122
    47 213 53 247 111 153 172 24 5 240 29 157 73 16 242 51 189 218 215
    40 254 50 205 9 142 34 156 221 1 47 68 31 200 157 118 124 84 253 146
    32 161 134 116 210 99 253 215 181 125 34 186 221 41 135 124 67 142
    202 72 250 74 32 153 37 105 149 20 245 47 147 136 129 15 178 1 56
    123 57 83 114 185 113 93 104 250 62 221 168 254 63 236 124 11 29 234
    209 168 177 70 108 95 189 26 32 211 135 60 211 123 85 223 243 127 83
    247 189 230 135 180 223 34 163 232 250 115 96 252 229 105 247 21 247
    107 219 234 24 71 230 21 252 121 27 179 247 251 59 115 169 102 62
    220 170 253 63 255 254 25 29 251 217 233 191 76 108 95 157 223 241
    219 247 127 218 123 245 223 243 247 88 119 253 230 207 152 223 37
    255 237 248 115 120 124 231 233 247 21 183 123 254 250 24 79 230 229
    252 125 23 147 247 251 179 251 249 102 61 159 245 212 62 253 241 119
    61 220 94 213 29 125 249 228 243 252 193 99 244 120 210 115 89 170
    164 18 124 210 127 235 215 100 85 186 214 122 249 124 245 93 62 46
    212 22 245 111 153 172 153 13 242 29 156 73 56 242 115 189 90 95 36
    250 44 36 109 136 22 157 7 125 245 254 150 180 121 61 189 71 138 116
    67 32 248 115 218 181 89 160 140 4 120 216 25 201 221 44 215 186 82
    122 1 124 116 85 60 46 84 180 101 107 27 44 152 12 242 29 156 28 56
    226 59 188 74 214 42 250 55 50 17 35 217 130 131 72 194 33 130 118
    225 3 129 17 122 35 131 144 225 39 75 196 132 240 124 239 2 174 193
    198 15 140 199 150 60 136 45 78 109 0 2 129 197 97 182 101 186 254
    137 43 246 160 88 243 102 59 150 161 170 211 252 78 123 213 124 159
    255 151 95 57 63 255 53 218 189 106 52 95 244 247 117 119 252 119
    210 114 93 255 241 127 83 155 245 107 215 36 86 190 210 120 233 124
    114 94 56 47 213 20 245 111 153 172 24 5 240 29 156 73 16 242 51 189
    88 87 34 251 57 254 244 207 170 253 191 53 123 253 94 221 220 63 93
    220 253 235 233 171 245 113 219 249 249 125 125 246 109 215 255 239
    207 240 121 36 253 216 248 107 125 29 107 167 245 177 255 107 186
    218 169 47 246 133 154 221 110 215 214 229 243 219 108 94 195 69 194
    116 213 162 109 90 32 5 129 74 162 201 132 15 98 101 61 103 10 47
    160 123 6 154 51 47 82 8 32 5 82 39 60 155 0 61 119 150 65 226 184
    203 203 24 89 151 64 180 112 48 105 186 166 42 17 190 49 159 76 117
    145 187 197 69 226 117 209 162 111 86 32 7 161 234 194 201 134 15 43
    109 63 111 43 175 242 59 6 223 179 47 209 12 34 5 82 39 60 219 0 61
    119 150 113 234 184 251 235 89 127 178 72 164 112 240 65 250 182 170
    209 188 97 159 76 117 145 187 60 170 239 249 58 255 241 255 253 252
    214 181 93 116 249 236 154 221 203 106 245 125 206 255 125 106 6 150
    108 213 61 223 255 66 253 48 247 254 249 60 253 117 255 54 127 167
    83 235 191 125 173 221 243 29 157 92 102 198 255 239 203 175 239 246
    57 150 116 174 63 189 161 125 244 124 86 53 61 127 185 84 250 246 67
    96 241 98 219 118 92 168 164 27 126 216 121 239 215 36 87 190 87 114
    233 124 124 93 90 15 212 165 247 79 153 172 24 13 242 29 156 73 16
    242 51 189 90 87 32 250 28 50 113 245 62 181 186 113 208 187 210 119
    193 80 144 81 250 205 195 99 229 36 194 219 141 154 183 239 82 71
    181 238 87 36 85 190 95 120 233 117 120 92 115 47 245 5 183 111 153
    172 24 7 240 29 156 73 20 242 51 189 88 87 32 254 191 255 255 237
    254 127 255 251 253 223 220 255 255 127 255 253 251 245 127 103 117
    119 144 118 255 255 247 187 255 223 118 187 214 108 95 255 214 121
    249 125 121 92 59 63 213 53 245 109 153 173 24 5 248 29 156 73 16
    246 51 189 94 95 32 250 197 37 226 117 209 226 111 206 32 37 161 234
    194 201 134 11 43 109 63 103 43 175 114 59 6 223 155 47 211 44 34 5
    83 55 60 219 0 53 119 151 97 232 184 251 235 88 125 178 72 164 114
    240 65 250 180 170 209 188 97 159 76 117 145 186 111 244 109 233 255
    191 123 89 253 87 213 254 253 59 252 93 194 245 31 124 169 119 147
    124 108 216 60 191 254 61 61 169 214 237 156 219 66 123 157 55 158
    203 88 28 209 141 232 21 159 61 18 36 105 245 143 47 88 254 57 157
    92 159 62 179 57 190 245 221 40 205 165 117 123 252 74 137 220 117
    221 156 255 234 225 42 244 109 91 219 217 127 119 246 45 215 249 231
    199 242 113 52 189 200 250 110 101 29 235 231 117 144 255 107 184
    200 41 111 182 13 24 77 47 211 215 231 210 103 105 102 37 254 245
    201 168 253 165 80 123 252 46 201 204 117 253 9 239 235 161 42 245
    101 90 251 217 119 21 246 44 71 209 103 215 208 209 32 145 216 248
    106 116 28 106 167 245 144 247 107 152 252 40 111 244 29 26 77 63
    211 211 165 210 243 109 254 127 189 255 253 63 247 251 127 247 254
    213 189 253 252 187 126 255 255 115 115 247 127 210 127 221 235 246
    255 90 213 247 235 223 44 85 190 223 120 249 125 120 93 249 47 213
    53 247 111 153 172 24 5 240 29 156 73 16 242 115 189 122 215 40 250
    124 238 111 233 254 191 251 249 253 223 222 62 253 62 249 228 194
    221 91 110 125 83 134 244 125 236 44 157 252 215 61 187 248 101 221
    251 87 115 141 116 154 223 89 30 85 175 202 21 159 45 23 5 251 189
    143 89 80 238 59 188 89 14 42 177 45 38 101 32 24 180 163 120 192
    190 194 55 225 15 145 65 194 109 195 96 241 34 90 222 12 184 164 135
