<?xml version="1.0"?>
<opencv_storage>
<ImageFile>"483.jpg"</ImageFile>
<Features type_id="opencv-matrix">
  <rows>39</rows>
  <cols>64</cols>
  <dt>u</dt>
  <data>
    122 221 124 218 55 159 95 3 255 198 61 186 191 191 124 255 247 247
    126 253 55 118 209 119 249 247 229 125 123 250 222 185 130 108 199
    222 202 89 250 121 54 223 253 237 151 254 116 110 151 171 145 15 250
    29 251 223 56 247 123 255 123 249 126 251 235 253 236 218 55 31 93
    11 239 70 61 250 191 255 252 255 211 247 118 255 55 246 145 103 87
    247 231 61 123 250 92 169 130 110 198 190 202 92 243 253 118 255 60
    237 148 126 245 238 215 175 144 12 106 29 255 31 56 246 115 191 123
    216 238 251 107 206 109 188 110 127 63 119 165 228 253 136 93 61 125
    174 157 124 123 249 182 115 252 187 93 125 157 254 121 215 127 207
    205 249 227 12 203 224 248 43 62 191 237 175 213 251 247 107 191 234
    199 15 247 125 146 28 233 199 251 249 243 223 108 254 250 221 254
    223 103 223 95 191 255 255 61 202 191 254 126 254 253 247 124 255 62
    223 247 55 251 231 251 126 127 251 254 171 255 125 87 255 219 127
    254 249 114 223 253 127 223 158 245 190 223 175 158 207 250 125 151
    223 217 255 121 191 127 252 154 251 122 255 255 255 251 255 255 111
    255 253 255 253 191 254 252 252 251 183 251 127 247 127 211 119 247
    255 243 191 127 251 254 239 143 239 71 191 247 127 255 125 127 253
    253 239 253 191 245 239 253 174 153 223 242 61 223 223 121 254 255
    191 251 253 187 222 250 221 254 223 119 95 221 143 255 244 63 191 63
    254 127 254 255 247 120 191 159 255 247 55 255 199 243 127 127 251
    222 239 151 239 119 247 254 95 255 125 246 223 237 127 159 158 245
    239 221 174 223 221 254 63 191 223 121 247 123 127 123 125 159 251
    58 222 124 203 239 221 211 129 255 245 62 95 189 126 123 244 246 247
    72 178 212 115 155 124 249 228 100 27 254 219 223 255 167 236 67 52
    254 91 249 254 214 93 68 30 212 150 241 111 189 109 153 13 182 13
    157 89 48 242 122 188 219 222 46 252 251 221 254 255 55 255 93 155
    191 247 189 250 191 254 118 255 255 247 126 255 63 255 243 119 247
    255 247 127 123 255 254 187 195 111 182 255 210 125 251 255 122 255
    253 255 223 95 245 47 221 175 26 205 248 61 191 93 57 247 121 191
    251 253 187 251 251 221 254 255 119 255 221 155 191 247 189 250 191
    255 118 255 255 247 126 255 63 255 243 119 247 255 247 127 127 255
    254 187 195 111 118 255 210 125 251 253 122 255 253 255 223 127 245
    111 221 175 154 77 248 61 159 93 57 247 115 191 251 255 187 251 135
    253 138 119 189 224 248 156 24 185 236 239 162 71 6 185 9 42 180 155
    231 43 111 94 161 95 83 243 223 103 163 118 175 251 185 68 191 141
    250 179 91 188 235 249 191 81 63 115 121 218 110 243 221 230 120 228
    183 145 254 107 183 187 215 78 191 254 255 239 191 253 247 121 255
    245 223 255 255 127 254 253 251 245 123 107 245 119 219 125 253 255
    117 191 127 219 127 239 215 236 215 158 214 249 249 127 125 221 127
    63 213 181 245 111 157 188 153 13 242 29 158 93 56 246 115 189 219
    223 44 254 254 252 254 255 255 253 255 157 189 251 255 255 191 14
    126 255 189 255 126 219 191 251 255 124 245 255 251 255 95 119 255
    175 207 249 255 103 255 255 248 119 123 223 231 125 247 159 255 49
    254 219 254 239 239 231 255 254 223 159 253 255 191 251 254 150 250
    252 254 255 255 255 223 187 255 251 249 251 255 174 126 255 253 247
    126 255 191 223 251 125 247 255 251 255 95 247 254 175 207 253 255
    127 255 253 254 119 122 207 231 249 191 31 255 183 255 219 62 255
    239 247 255 255 223 191 253 251 191 249 218 182 59 222 116 235 255
    253 167 25 189 93 206 237 189 127 125 245 253 191 235 240 245 115 27
    116 241 125 125 246 126 215 255 231 143 232 203 20 255 219 253 41
    109 29 126 167 85 241 254 103 188 223 137 44 246 165 218 253 62 215
    254 167 179 203 172 90 58 190 255 219 62 221 223 61 255 254 254 189
    125 126 255 254 255 246 122 58 244 115 223 255 253 231 244 63 127
    219 127 235 199 108 215 190 222 123 249 125 246 93 231 47 213 182
    245 111 191 172 159 13 242 29 157 93 56 246 123 253 251 223 40 254
    58 158 239 207 254 221 151 125 239 244 23 222 189 126 255 205 251
    245 106 98 214 119 218 127 127 244 180 63 62 219 95 239 199 108 71
    158 210 122 251 126 181 93 100 175 213 252 245 47 157 172 152 13 178
    29 157 93 56 246 122 189 219 223 40 250 59 222 116 234 255 253 167
    25 189 93 206 239 189 127 124 213 253 191 239 240 245 114 27 252 241
    125 125 246 124 215 255 231 143 232 203 20 255 219 253 41 125 157
    126 167 85 245 254 103 188 215 137 44 246 165 203 253 62 215 247 167
    179 219 172 94 60 255 255 220 50 127 253 119 255 252 255 189 95 254
    253 238 251 252 227 107 247 124 244 183 253 111 166 221 109 223 124
    235 255 110 103 190 222 122 251 124 254 255 253 39 252 182 245 110
    191 172 175 207 242 29 159 93 60 242 123 255 123 255 107 251 124 191
    255 222 50 95 125 127 247 244 255 181 127 246 191 254 251 212 99 111
    183 125 247 183 223 235 230 157 107 220 252 233 215 38 103 190 218
    126 219 124 254 255 253 103 254 182 229 110 157 172 175 223 242 29
    159 93 56 242 123 255 123 126 171 251 124 189 255 223 50 215 252 239
    255 240 221 189 127 246 191 254 251 147 114 107 223 125 199 183 217
    107 246 127 105 221 255 234 223 52 69 190 214 120 251 124 112 93 253
    47 245 52 245 111 153 174 27 15 240 29 156 77 16 243 123 189 121 87
    33 250 58 49 125 190 54 191 63 127 247 70 215 180 125 62 189 86 254
    214 67 240 241 115 209 247 221 168 228 221 122 252 253 233 207 44
    199 190 223 120 193 125 120 93 53 47 212 53 231 110 155 174 153 15
    242 29 156 89 56 243 59 185 123 215 104 250 47 54 101 34 221 160 163
    88 244 124 194 117 173 91 161 69 226 245 131 112 225 38 153 125 70
    168 32 7 94 8 33 207 95 36 92 186 114 112 41 116 221 84 26 142 64 65
    208 79 152 60 24 4 240 28 156 73 16 242 55 156 88 87 36 248 150 185
    219 119 53 194 216 14 210 153 213 255 162 194 134 90 123 135 38 211
    199 47 227 87 197 223 243 111 82 42 226 106 215 46 101 190 123 56
    235 117 120 92 177 107 245 81 181 111 153 174 24 67 240 29 156 65 16
    243 55 191 120 119 161 250 63 51 241 246 55 162 121 90 230 30 211
    115 239 75 176 87 250 247 34 115 231 47 193 119 132 154 243 191 90
    124 245 233 87 44 150 190 254 120 249 85 108 72 191 107 225 69 245
    111 184 174 24 71 242 28 156 73 8 179 119 159 56 23 165 122 20 51 17
    132 16 0 32 103 66 0 211 53 64 86 145 80 118 202 67 64 3 40 129 210
    140 8 228 201 0 140 128 104 84 36 53 158 0 50 1 84 129 0 145 6 96
    132 162 78 129 36 193 0 48 24 18 73 0 114 19 208 72 6 32 248 22 49
    81 246 48 0 120 110 66 0 215 52 117 86 144 82 118 214 0 66 7 168 193
    2 140 138 226 73 82 40 212 104 18 38 52 158 2 122 211 213 144 209
    149 66 224 4 225 78 145 38 193 71 112 24 150 73 16 114 57 155 88 38
    165 248 51 53 245 150 23 135 3 127 198 68 21 52 61 126 178 86 250
    213 3 102 209 39 195 119 92 138 180 13 82 24 112 105 215 36 85 186
    82 120 193 84 80 88 24 15 209 20 229 111 153 172 24 5 240 29 156 73
    16 242 51 189 88 87 32 250 127 253 253 252 55 255 127 123 253 254
    221 186 255 253 252 95 255 253 123 251 191 127 211 247 221 127 247
    255 123 247 255 235 223 124 247 190 223 121 249 125 124 221 255 175
    247 245 247 111 191 174 153 79 242 61 222 93 62 247 127 255 251 251
    236 250 173 222 108 232 63 63 127 82 53 126 236 195 95 61 252 239
    129 253 255 233 245 118 56 250 117 127 189 150 125 87 127 243 219
    112 214 232 243 122 249 253 126 223 126 191 213 115 246 105 189 189
    24 13 250 61 159 85 62 246 119 188 219 223 46 251 212 250 83 215 248
    208 234 241 202 185 106 127 195 210 219 248 115 199 255 75 207 173
    175 220 143 223 63 239 134 143 179 190 99 135 109 255 84 189 239 246
    249 124 225 119 237 46 185 177 173 237 57 243 213 255 140 235 68 248
    145 47 92 119 49 190 254 254 127 175 254 255 191 249 254 127 255 123
    255 127 254 253 251 213 127 100 253 199 167 116 78 255 189 63 223 31
