<?xml version="1.0"?>
<opencv_storage>
<ImageFile>"485.jpg"</ImageFile>
<Features type_id="opencv-matrix">
  <rows>177</rows>
  <cols>64</cols>
  <dt>u</dt>
  <data>
    108 207 239 249 98 255 229 255 189 254 236 138 223 189 127 207 137
    125 251 111 252 215 222 243 91 127 157 182 121 214 58 203 223 66 199
    169 83 124 253 56 126 63 120 63 85 245 119 227 157 172 24 29 211 93
    157 92 24 230 115 189 91 215 8 250 236 238 239 253 254 255 255 245
    189 255 254 223 223 253 255 239 251 253 127 111 124 223 190 184 127
    255 191 190 253 215 63 191 243 103 127 251 82 119 253 246 250 94 120
    62 223 174 223 177 141 173 94 37 217 255 159 77 208 252 97 189 95 95
    34 186 149 247 119 101 253 162 251 248 186 221 195 115 199 91 192 81
    98 205 190 111 231 44 160 122 174 222 123 127 222 43 99 63 86 245 60
    219 116 189 249 215 213 72 187 215 235 8 216 31 200 181 112 181 104
    246 142 109 80 30 48 207 220 23 53 190 250 221 254 254 39 95 223 143
    255 245 61 200 63 250 62 222 253 179 56 255 150 255 247 55 249 195
    247 127 123 249 222 107 151 60 67 254 219 89 250 125 242 223 253 109
    149 30 245 111 157 174 155 15 242 29 189 221 57 247 115 189 123 95
    42 251 149 55 115 229 253 160 251 216 138 221 195 119 199 75 192 81
    98 205 159 111 231 44 160 122 46 158 51 127 214 43 99 63 118 247 60
    155 48 189 127 151 197 64 155 214 235 8 216 23 200 181 112 49 104
    242 142 107 64 30 48 143 204 7 53 188 205 43 247 241 200 227 170 244
    8 191 194 31 210 225 147 2 232 201 251 103 252 173 206 248 10 122
    190 230 192 4 51 159 95 35 85 187 81 124 237 124 120 116 56 62 197
    57 203 55 153 172 24 37 241 95 156 73 80 248 51 189 92 87 33 250 213
    47 151 117 232 102 160 246 88 188 66 23 66 209 139 170 111 200 169
    110 125 141 111 147 138 107 158 192 196 6 162 215 125 51 113 241 21
    182 109 100 249 52 154 150 109 161 11 228 137 108 109 243 209 94 24
    65 199 201 3 133 76 103 1 238 84 43 147 81 0 195 160 247 74 154 66
    21 80 128 155 130 126 139 233 78 13 13 71 147 139 25 62 236 0 132
    160 144 108 3 109 173 21 62 77 68 168 68 176 6 111 164 11 246 154 40
    124 241 178 93 12 65 198 104 3 225 76 35 65 98 43 199 44 75 15 157
    134 1 61 213 44 203 188 125 109 13 205 179 33 187 244 119 91 119 81
    119 21 38 62 82 217 67 207 110 67 48 211 72 252 40 124 127 56 175 85
    240 119 99 185 200 24 12 246 13 216 204 59 246 119 181 210 251 40
    218 68 11 146 17 0 194 40 231 0 170 98 1 64 128 155 2 76 9 161 71
    141 173 78 139 9 25 183 228 0 132 160 82 99 18 101 33 21 172 101 64
    224 36 48 39 43 36 19 242 24 200 56 113 243 93 28 72 135 107 3 241
    72 98 65 98 63 188 255 116 63 179 253 126 209 187 213 249 110 194
    132 90 251 142 243 219 245 127 107 223 165 59 230 255 75 117 229 238
    223 248 172 182 255 189 249 127 88 206 255 105 251 113 183 107 251
    254 43 199 228 180 120 85 126 179 223 219 187 187 237 79 184 220 239
    205 46 221 217 183 255 253 127 221 95 189 127 238 189 214 250 171
    148 87 254 255 249 103 149 118 109 219 95 255 253 120 99 100 222 219
    250 251 243 159 239 191 191 182 245 107 191 251 175 143 252 29 157
    92 63 215 250 253 243 221 78 255 76 32 139 145 200 131 43 253 128
    226 65 22 209 192 147 66 138 93 97 70 200 165 194 209 8 216 152 164
    64 128 51 203 95 4 21 187 18 120 101 86 48 64 52 46 213 28 225 107
    25 172 24 5 241 29 28 73 16 226 51 185 72 23 32 250 131 213 16 38
    205 192 2 8 2 1 1 76 162 75 4 49 108 35 4 209 194 46 169 67 34 158
    113 111 18 34 195 100 150 175 25 20 35 8 106 67 65 192 8 201 201 89
    188 39 64 214 16 4 228 128 104 163 17 19 182 147 16 117 148 75 68
    205 152 136 0 94 6 67 43 192 47 138 144 182 239 186 203 19 32 100 6
    85 80 67 85 213 25 109 33 138 26 1 134 6 65 138 0 72 207 72 36 25 60
    33 21 28 117 174 209 172 32 28 50 93 96 203 24 200 16 37 24 81 121
    202 196 109 153 184 0 78 38 67 35 96 45 142 82 230 236 58 239 11 37
    69 15 165 80 3 213 215 209 205 3 138 154 32 130 6 81 170 1 72 197 84
    34 155 60 225 117 28 103 174 209 164 32 92 112 93 32 9 24 248 17 177
    24 82 115 203 76 0 143 145 200 197 171 253 136 175 66 22 209 224 147
    2 10 77 97 98 216 165 202 217 26 248 156 166 192 128 51 10 95 4 69
    187 17 248 109 94 48 96 48 14 69 60 177 51 25 172 24 37 241 29 156
    73 16 226 51 185 72 23 32 242 195 80 0 183 221 34 126 136 0 43 113
    123 162 202 132 19 34 87 61 85 10 172 129 120 14 155 187 47 210 41
    33 63 50 165 60 243 35 125 37 215 227 234 185 89 235 29 216 25 73
    167 80 37 77 178 173 169 208 184 177 154 12 6 176 181 251 222 238
    237 254 183 191 148 61 127 120 219 159 233 54 125 244 253 125 226
    248 215 190 121 110 235 175 255 255 85 125 255 245 237 158 123 119
    117 181 247 222 78 90 30 209 31 218 89 157 237 30 5 236 253 159 73
    216 246 51 156 222 86 50 189 251 220 222 247 255 127 223 147 63 255
    124 223 190 253 118 253 255 215 61 247 110 143 175 121 111 223 123
    127 223 83 254 191 247 231 93 123 115 117 253 246 115 92 250 127 221
    30 255 181 205 141 94 133 252 191 140 235 209 244 49 191 220 93 16
    188 196 3 130 144 0 66 0 167 0 162 35 0 18 128 19 34 8 72 36 97 2
    128 228 3 10 1 149 0 128 136 18 80 112 16 80 170 0 100 2 130 144 32
    32 14 130 28 0 232 17 40 80 5 17 88 132 10 144 96 33 52 76 84 0 235
    69 4 130 5 200 196 154 228 24 175 2 5 128 140 19 34 40 73 144 160
    201 1 238 137 10 40 172 70 64 13 49 71 101 177 61 33 54 231 5 30 209
    4 68 10 75 0 137 209 25 76 90 37 181 88 28 226 214 10 171 184 204 4
    50 228 71 4 138 5 200 196 154 196 24 255 2 5 130 134 147 32 8 73 144
    160 201 1 238 9 46 8 172 71 192 77 49 71 101 177 29 97 54 231 45 158
    209 4 66 138 203 0 136 81 25 76 90 37 133 248 28 226 214 11 187 184
    206 4 50 229 187 220 238 255 255 221 221 129 63 127 61 222 159 110
    118 253 253 247 37 243 204 118 179 123 111 223 179 123 211 91 255
    123 215 44 95 250 90 121 233 244 114 94 56 47 213 22 245 127 153 172
    24 5 248 29 156 73 16 242 51 189 88 87 34 251 59 246 124 239 63 189
    255 57 255 255 253 250 189 127 124 85 181 191 126 251 245 114 211
    254 241 127 247 255 127 247 253 235 223 216 207 36 255 89 248 123
    126 223 255 237 247 241 247 127 191 251 137 79 254 165 251 125 63
    215 255 255 243 251 236 222 196 9 146 212 0 66 96 231 0 168 64 149
    66 129 131 138 11 72 161 79 14 137 230 131 15 11 146 0 65 12 34 72
    85 7 53 250 16 100 71 84 48 96 184 102 47 20 97 238 89 32 126 213
    209 26 180 8 145 232 41 121 76 36 1 242 124 185 239 220 54 127 253
    255 253 244 255 157 95 252 127 238 189 253 123 111 246 95 214 183
    255 239 182 222 105 211 126 235 207 124 71 190 222 126 248 125 126
    93 245 175 221 246 245 239 191 172 143 219 242 29 156 93 124 246 123
    249 251 223 74 254 58 184 255 31 63 213 221 63 214 191 212 249 255
    42 179 94 251 214 98 51 213 39 231 127 253 251 245 47 91 217 247 110
    223 44 5 190 94 120 233 124 112 92 57 47 213 52 181 111 185 172 24 5
    240 29 156 73 16 242 51 189 90 87 32 250 55 184 255 143 63 213 217
    62 214 191 148 249 191 58 179 94 251 214 98 51 213 39 231 119 189
    243 245 47 91 217 247 107 215 44 5 190 94 120 233 124 112 92 57 47
    213 52 245 111 185 172 24 5 240 29 156 73 16 242 51 189 90 87 32 250
    251 221 238 255 255 223 223 137 63 111 61 222 191 238 118 125 253
    247 53 243 222 247 243 122 127 223 243 127 211 27 247 107 215 44 87
    251 90 121 233 246 114 94 56 47 213 28 245 127 153 172 24 5 240 29
    156 73 16 242 51 189 88 87 34 251 210 65 8 159 195 140 94 1 15 99 61
    154 155 162 116 94 224 19 52 229 10 148 163 33 30 215 187 47 3 185
    28 41 146 165 52 219 2 77 7 222 2 203 229 105 155 28 108 150 71 132
    19 132 43 16 165 170 88 114 56 121 93 84 50 171 42 35 100 138 71 15
    3 51 230 68 191 36 57 126 124 229 210 48 67 212 113 242 17 166 80 32
    204 8 162 156 216 129 232 44 67 190 74 66 1 204 158 209 20 14 68 118
    166 76 145 36 129 12 34 29 67 17 56 98 3 180 8 194 110 72 62 49 237
    252 55 183 125 126 213 190 212 177 125 250 180 78 186 220 227 107
