<?xml version="1.0"?>
<opencv_storage>
<ImageFile>"486.jpg"</ImageFile>
<Features type_id="opencv-matrix">
  <rows>149</rows>
  <cols>64</cols>
  <dt>u</dt>
  <data>
    248 204 255 223 34 95 215 247 191 253 124 159 31 188 127 238 255 214
    248 47 28 209 254 184 121 109 189 114 125 211 94 255 249 97 115 113
    214 255 252 120 242 95 111 55 191 182 117 236 159 137 255 157 219
    127 149 222 212 252 41 124 95 92 10 255 56 53 253 222 50 5 125 111
    119 254 125 177 61 238 185 86 255 214 96 99 245 56 209 55 217 171
    226 27 90 216 253 235 215 36 85 190 214 120 241 124 112 95 125 47
    246 20 197 111 153 172 24 5 242 29 156 73 24 242 115 189 91 86 32
    250 32 206 229 139 202 95 131 141 239 68 14 204 61 62 255 236 219
    118 105 32 208 83 255 100 123 245 28 40 191 219 27 79 133 100 67 82
    66 210 45 62 53 21 76 183 21 158 116 160 149 60 207 12 151 3 130 155
    56 100 40 44 211 205 46 218 252 255 239 221 62 127 253 255 253 253
    254 255 127 254 255 238 187 245 251 187 245 95 247 255 255 127 247
    183 109 223 254 239 207 107 231 245 254 127 249 125 127 255 247 63
    223 247 247 235 191 255 143 223 251 61 159 92 126 247 255 255 251
    253 238 222 43 151 108 176 127 191 31 17 52 126 0 64 157 109 52 69
    244 255 65 224 244 119 144 115 88 254 164 94 120 80 125 225 215 36
    86 186 83 120 249 124 116 94 24 15 213 84 247 79 153 172 24 5 242 29
    157 73 24 242 51 189 90 87 40 248 255 253 255 252 55 191 125 79 247
    111 253 248 127 239 244 223 251 255 63 255 183 127 241 127 255 223
    231 255 127 125 252 237 151 255 190 223 235 125 251 255 95 235 255
    105 255 29 247 111 223 183 22 223 104 53 183 125 249 183 251 255 251
    255 191 191 254 249 251 245 254 182 251 200 218 175 245 250 239 195
    146 123 242 231 127 223 175 173 111 223 175 203 255 255 195 191 231
    190 231 175 174 255 250 189 255 255 90 106 227 249 251 121 155 183
    255 238 10 243 249 254 124 247 212 191 209 219 253 181 249 191 64 9
    130 241 65 130 98 111 132 162 194 2 147 192 19 2 12 9 227 71 206 47
    194 67 31 210 146 36 0 160 0 202 15 18 67 32 53 8 238 72 104 52 177
    97 229 53 179 107 123 138 185 209 241 93 120 144 67 106 87 241 32 51
    209 74 126 53 249 158 18 71 93 111 199 198 29 180 61 238 183 86 251
    214 0 103 7 184 192 39 92 139 162 9 82 152 124 41 210 36 21 186 2
    120 195 92 48 72 189 43 212 20 229 110 153 172 16 5 112 24 148 73 24
    242 49 185 88 86 32 250 236 43 247 241 120 119 225 255 220 185 230
    253 115 208 147 234 203 205 251 111 253 141 238 159 31 107 22 166 77
    197 50 206 239 3 103 185 53 188 125 52 249 116 242 246 107 165 27
    227 125 172 255 241 209 126 156 76 215 236 231 207 203 117 129 255
    235 222 239 253 255 255 255 216 189 255 237 203 207 249 110 239 173
    253 191 111 254 255 250 120 103 255 187 182 253 119 127 255 215 243
    254 121 243 253 252 179 127 255 235 127 255 27 255 179 205 211 62
    253 205 255 191 174 121 220 241 191 215 255 159 191 190 252 253 238
    63 127 255 63 255 124 223 255 125 126 254 220 255 247 115 243 245
    119 219 126 253 255 245 251 255 255 255 239 215 236 87 254 255 122
    249 127 120 221 127 47 213 21 247 111 189 238 153 15 246 29 158 89
    56 243 255 189 251 95 42 254 120 30 254 237 118 127 187 247 189 252
    94 149 95 188 251 238 255 221 251 109 244 215 199 181 127 105 172
    158 125 213 126 255 245 101 117 251 215 126 165 116 254 93 123 62
    223 166 194 237 157 173 95 141 242 63 159 77 80 246 59 220 91 14 34
    255 57 150 125 254 191 189 127 125 253 127 213 153 189 125 182 87
    246 255 67 99 252 115 210 254 217 234 228 254 123 209 125 239 223
    100 86 190 211 120 241 125 126 223 122 175 213 49 247 111 153 172 24
    13 242 29 159 77 56 246 115 189 218 215 42 251 43 214 108 172 175
    189 159 25 181 94 189 64 29 61 124 69 228 252 1 112 240 114 144 112
    76 188 161 90 124 80 125 107 213 124 215 184 210 114 168 113 118 95
    24 15 212 150 244 79 153 172 24 5 240 29 159 73 16 242 51 188 88 87
    34 249 43 207 238 74 55 191 213 27 253 215 188 234 191 59 124 77 153
    183 127 189 117 87 81 247 113 119 93 180 127 210 94 129 142 108 195
    148 251 24 248 57 126 255 62 189 213 241 246 110 190 187 137 9 251
    37 219 148 62 231 118 191 179 219 204 90 120 30 254 175 118 127 191
    247 61 252 94 149 31 188 123 238 255 221 121 109 240 215 231 49 91
    105 188 30 125 85 126 255 245 101 117 249 87 126 165 116 254 95 123
    62 223 166 194 237 157 173 95 133 242 63 159 77 80 246 59 220 91 14
    34 251 1 5 0 18 1 0 0 71 2 130 1 4 0 0 0 2 110 0 1 193 129 32 65 131
    0 16 160 8 0 4 161 64 221 36 65 186 0 40 1 64 112 64 56 43 212 84 39
    110 153 172 24 4 240 24 24 73 18 243 51 181 24 83 32 234 195 140 142
    223 239 159 218 133 63 255 21 207 154 122 62 13 140 179 56 179 220
    119 218 105 115 82 152 54 56 249 23 103 215 184 83 32 250 73 250 122
    112 61 108 45 213 20 245 107 157 206 24 13 245 77 152 203 19 247 178
    189 210 209 40 250 248 255 255 253 254 255 251 255 253 253 254 223
    223 252 255 238 255 221 255 111 126 255 254 191 255 255 183 190 253
    215 126 191 247 103 125 255 215 255 253 255 219 127 251 62 255 191
    219 183 141 173 94 245 249 191 157 77 209 252 121 255 223 95 35 255
    254 252 253 255 255 175 95 25 255 125 221 251 255 254 244 221 255
    183 126 247 255 255 179 127 247 255 251 255 251 251 255 239 219 237
    150 255 239 127 255 255 91 223 239 127 217 93 253 31 237 247 154 207
    238 191 223 255 120 183 255 191 191 223 190 159 249 220 255 173 111
    255 187 255 189 255 125 205 159 185 126 255 253 253 125 103 252 213
    246 57 79 235 184 254 121 83 126 235 245 37 85 251 211 127 232 245
    218 94 56 47 209 31 241 109 157 172 26 5 240 29 157 73 16 246 51 188
    88 86 34 251 231 255 243 255 217 142 111 201 238 101 169 122 175 239
    254 253 227 245 63 102 15 175 186 125 78 207 47 47 211 10 122 63 242
    167 94 219 66 119 119 214 135 74 24 219 77 30 253 151 205 37 80 52
    105 190 135 107 216 252 97 63 92 68 51 177 56 157 255 223 34 223 221
    63 255 252 21 221 31 126 63 222 255 214 224 43 214 125 214 247 249
    243 182 62 111 249 93 235 199 70 115 52 246 88 250 121 112 125 231
    103 183 148 245 111 191 168 185 79 246 29 188 93 53 242 122 255 123
    95 41 254 104 46 101 139 90 127 163 253 253 254 74 21 93 61 251 228
    211 244 203 40 240 211 222 180 89 232 12 132 252 210 59 219 253 64
    199 176 84 242 13 124 252 85 90 150 84 166 64 224 190 45 157 8 211
    29 141 93 36 228 11 188 74 198 106 240 77 6 4 152 96 159 38 117 33
    244 6 129 16 49 61 7 128 121 201 236 216 225 82 178 89 104 140 4 104
    4 57 65 211 16 81 160 81 74 164 40 244 63 56 39 117 182 231 107 25
    168 24 5 209 93 155 8 18 235 51 180 72 66 34 251 63 54 125 160 63 53
    185 120 244 126 210 117 109 27 177 85 242 252 199 240 241 98 153 254
    204 56 225 155 94 95 241 255 223 44 215 190 127 120 233 117 120 92
    122 15 208 33 242 111 185 172 24 5 240 29 156 73 22 242 55 189 218
    87 32 250 56 153 191 223 34 223 221 63 255 254 21 205 63 124 63 222
    255 215 248 43 214 125 214 247 249 247 246 126 127 251 95 235 215
    102 115 52 246 88 250 113 112 93 231 111 183 148 245 111 159 168 185
    207 182 13 156 223 21 246 122 255 83 93 9 254 124 54 117 244 126 63
    127 115 245 126 210 51 253 250 248 87 242 255 195 98 253 254 153 254
    221 58 230 219 218 221 253 239 75 170 86 182 255 250 241 125 220 94
    219 206 224 231 195 79 185 236 24 79 226 29 159 73 22 242 247 191
    250 118 169 252 108 173 239 220 50 95 81 127 181 196 149 148 95 252
    191 238 235 212 99 103 214 55 244 55 93 234 132 13 115 216 28 105
    215 36 23 186 82 122 201 124 82 223 60 46 213 20 229 110 153 172 26
    5 240 29 156 73 16 242 59 189 89 86 34 251 255 152 239 245 255 183
    219 120 190 255 213 123 191 248 50 93 240 245 123 119 254 127 218
    127 46 250 254 63 90 249 119 239 215 173 150 191 210 125 253 127 120
    93 239 111 209 29 253 123 157 174 24 5 241 189 156 91 80 246 243 191
    250 215 48 254 61 252 255 253 63 253 253 255 253 254 252 249 127 127
