<?xml version="1.0"?>
<opencv_storage>
<ImageFile>"487.jpg"</ImageFile>
<Features type_id="opencv-matrix">
  <rows>109</rows>
  <cols>64</cols>
  <dt>u</dt>
  <data>
    58 245 125 255 191 221 219 9 255 213 31 254 189 126 252 116 247 247
    4 115 230 126 211 118 253 222 231 123 126 251 255 235 151 108 87 190
    250 123 249 125 112 93 125 109 212 20 245 111 153 172 24 13 242 29
    156 73 24 242 115 189 90 95 42 250 62 44 237 136 154 157 19 101 111
    102 23 20 221 52 253 228 242 213 67 96 213 117 210 113 93 136 164 13
    66 156 61 105 215 36 87 186 90 122 201 124 240 93 28 14 212 22 229
    111 153 172 24 5 242 29 157 73 16 242 51 189 88 87 34 250 189 254
    125 221 63 189 223 249 255 255 253 250 253 123 252 77 242 245 103
    107 245 118 211 254 125 255 181 59 126 95 119 251 223 108 215 190
    210 120 249 125 126 95 123 47 213 52 245 111 153 172 24 5 240 29 156
    93 16 242 51 189 122 215 40 250 191 254 124 110 191 184 95 24 255 95
    189 250 175 63 236 221 243 247 62 249 167 118 177 124 101 255 115 63
    127 59 253 45 214 236 220 222 226 123 185 247 247 222 122 125 215
    211 252 31 129 183 20 4 104 165 239 45 48 246 178 191 249 223 46 187
    63 254 238 89 63 157 221 17 191 255 157 234 254 127 110 93 244 179
    98 187 245 119 91 127 245 118 245 127 124 127 215 99 223 248 199 174
    250 120 251 127 124 93 106 173 213 117 247 111 185 238 152 13 240 29
    216 93 58 247 247 191 250 251 236 218 126 253 248 214 55 143 93 43
    87 194 213 246 191 238 116 94 244 151 116 255 151 63 193 103 253 214
    227 93 82 255 220 233 134 60 52 158 202 126 218 117 80 223 245 105
    187 28 245 111 215 166 145 207 234 29 191 93 81 243 123 251 121 61
    170 251 44 38 113 168 19 125 37 95 101 202 202 52 113 6 187 199 219
    124 195 64 49 208 92 16 85 221 56 137 83 214 58 201 76 6 215 170 17
    112 13 84 44 85 52 161 87 149 102 228 154 44 184 12 242 29 68 88 136
    160 11 181 11 199 104 114 41 214 108 42 255 189 39 57 237 86 222 46
    189 127 109 101 208 189 67 240 249 114 17 244 80 124 197 188 252 214
    237 161 202 108 195 174 203 26 153 121 60 157 94 143 84 227 182 79
    186 191 137 8 242 157 203 17 58 231 255 180 186 219 108 88 126 113
    105 186 87 223 6 13 199 66 219 52 113 70 253 246 219 22 67 212 23
    114 145 6 220 213 106 13 19 250 191 168 0 14 199 143 138 114 77 82
    32 209 84 105 85 157 36 46 150 44 146 12 162 21 100 17 128 162 73
    185 25 218 122 34 235 221 238 223 183 221 221 157 191 247 189 234
    191 251 126 255 157 247 124 187 62 247 247 127 117 247 243 59 127
    251 94 187 215 220 223 79 202 125 250 251 118 255 237 125 183 222
    245 59 215 219 182 239 223 165 247 254 185 247 248 127 255 249 223
    191 109 46 119 173 250 253 163 253 237 253 202 63 221 125 251 228
    227 213 75 102 252 129 142 56 95 236 44 47 222 74 59 191 117 37 85
    187 82 115 205 244 215 84 24 30 77 134 232 181 137 45 92 5 242 31
    141 73 16 244 35 188 92 70 34 240 60 48 125 128 18 93 37 111 231 70
    222 52 125 174 188 118 243 212 67 96 241 80 208 181 221 164 236 201
    98 222 124 233 192 4 215 174 74 122 137 124 84 213 20 45 84 20 100
    108 155 44 153 12 242 29 92 89 8 242 51 184 91 214 106 250 55 245
    125 222 55 157 221 9 239 69 181 248 191 123 244 93 242 247 102 115
    151 126 211 103 253 246 231 63 118 187 221 105 151 108 87 158 202
    121 251 127 114 223 189 237 149 16 245 47 145 174 152 13 240 29 156
    93 56 242 114 191 120 223 42 251 173 254 109 237 254 189 191 240 253
    127 234 251 207 121 252 237 226 221 239 107 245 100 130 250 79 126
    181 182 220 71 51 251 255 100 92 186 83 122 233 245 254 94 58 63 213
    183 247 79 153 173 24 5 240 29 159 73 16 242 51 189 88 87 32 248 59
    255 116 254 255 175 223 25 255 92 189 251 189 123 236 93 246 247 126
    246 247 111 17 119 247 254 227 127 126 123 253 229 143 239 127 182
    251 120 250 125 109 223 255 239 253 81 255 111 172 183 152 79 226 37
    159 77 57 183 247 191 186 239 189 90 242 58 147 55 232 192 154 161
    74 185 123 119 226 70 75 176 125 131 98 211 205 45 71 223 209 95 245
    239 66 182 227 246 207 188 71 54 255 24 232 110 104 92 49 175 245
    113 183 111 185 238 137 67 244 29 24 65 6 243 151 177 56 115 96 78
    60 173 239 136 50 93 245 119 253 196 223 188 93 60 191 238 155 88 99
    107 183 118 214 247 125 125 149 184 109 222 94 233 207 76 71 142 222
    120 249 60 56 189 245 39 85 180 119 110 187 172 171 141 242 29 152
    92 56 226 123 249 123 223 108 250 183 20 113 134 189 132 27 121 134
    101 147 114 165 11 144 85 226 213 5 97 192 38 128 120 12 154 161 11
    82 8 113 127 82 36 28 154 66 120 161 214 209 64 24 15 192 4 200 15
    137 164 16 5 104 28 157 73 16 242 51 188 88 23 32 184 182 113 81 150
    159 128 91 8 198 67 177 114 173 74 144 85 118 215 4 17 203 42 129
    110 172 146 227 107 146 56 213 57 34 172 28 158 74 121 3 215 195 202
    5 73 128 20 136 31 129 166 16 1 104 16 156 97 16 50 48 26 24 22 32
    185 252 63 255 253 234 247 251 245 125 255 215 159 223 244 187 238
    255 217 123 111 252 245 214 178 217 106 190 254 200 213 247 235 255
    36 85 191 223 123 225 124 248 93 57 62 245 55 195 111 157 172 24 7
    240 29 156 73 16 246 51 189 90 86 32 250 126 253 255 222 55 191 93
    31 247 230 189 184 127 234 180 95 251 247 114 251 183 119 209 39 245
    247 231 61 123 249 244 233 207 44 135 190 202 124 243 125 58 203 245
    105 151 116 245 111 255 174 154 79 98 29 252 85 56 183 123 255 187
    249 234 243 44 166 229 172 50 237 165 119 225 252 218 181 89 55 189
    198 171 108 227 104 241 0 86 151 93 125 148 145 105 214 57 207 205
    40 103 186 221 120 233 60 109 92 58 175 86 245 119 106 184 172 204
    11 242 29 156 76 134 226 7 181 90 71 40 114 215 185 219 127 249 194
    251 238 218 185 213 255 242 194 131 90 59 147 184 15 207 173 207 79
    191 203 242 127 66 233 231 110 135 183 37 119 182 253 254 127 112
    124 229 106 191 29 185 187 255 206 57 247 245 253 60 227 87 255 255
    251 185 117 145 254 76 35 181 180 0 167 42 119 0 166 195 20 209 224
    147 66 234 73 67 103 248 37 194 147 92 42 180 204 64 132 49 200 87
    36 69 186 16 120 193 84 120 92 48 47 229 52 163 111 153 172 24 5 240
    29 156 73 16 242 51 189 88 87 32 250 18 17 17 214 36 128 89 9 198
    171 49 66 167 67 16 19 118 199 36 99 134 44 194 111 140 154 183 43
    18 40 49 104 87 36 52 186 66 104 226 87 96 72 185 107 227 20 241 111
    153 172 24 1 96 24 156 73 17 242 51 191 88 87 33 250 124 254 111 233
    254 127 167 251 253 94 216 186 221 125 253 205 219 253 127 108 117
    215 156 252 126 253 63 165 255 215 122 187 208 79 223 203 95 117 125
    52 60 197 122 189 87 173 118 244 142 61 150 140 203 253 142 93 208
    236 105 143 95 207 124 178 146 17 24 214 36 132 216 1 70 239 49 210
    134 66 16 18 118 215 36 227 134 44 195 74 136 146 247 123 82 40 245
    106 87 52 20 190 211 120 226 247 112 74 177 107 242 20 209 111 153
    174 24 7 112 24 156 73 17 243 51 189 120 87 32 251 251 254 238 175
    255 127 183 190 253 253 254 255 191 191 251 255 251 247 123 251 253
    135 255 124 79 239 249 167 255 91 115 255 255 45 87 247 119 121 237
    116 122 93 122 63 221 55 247 109 189 172 24 5 240 31 156 73 16 244
    55 189 90 87 32 250 5 38 1 33 201 160 162 73 136 43 130 102 192 5 3
    1 64 41 131 80 232 7 26 204 196 220 93 230 128 6 35 194 143 152 195
    44 57 168 45 34 104 20 16 129 85 113 182 65 56 206 8 3 245 93 92 65
    6 130 151 176 32 83 96 74 222 49 194 247 84 34 232 230 64 170 241 49
    98 194 131 122 98 197 25 198 75 173 229 27 14 138 162 141 210 12 32
    127 114 39 52 251 91 116 23 212 194 98 145 74 202 15 195 222 73 44
    94 213 113 58 149 73 193 184 33 154 76 36 179 177 40 142 238 171 27
    245 161 127 253 254 70 197 189 63 185 77 203 252 227 106 244 119 223
    255 89 121 4 166 126 209 49 239 223 70 87 176 87 248 233 124 124 93
    122 47 85 245 119 107 185 172 152 13 242 29 156 89 50 242 55 189 218
    223 40 250 53 183 125 215 190 149 155 121 238 247 183 114 253 123
    185 85 242 213 66 99 213 39 195 246 205 170 164 63 82 28 117 107 215
