<?xml version="1.0"?>
<opencv_storage>
<ImageFile>"488.jpg"</ImageFile>
<Features type_id="opencv-matrix">
  <rows>80</rows>
  <cols>64</cols>
  <dt>u</dt>
  <data>
    61 252 239 252 62 255 249 127 189 252 220 253 95 124 254 238 185 252
    243 107 244 123 254 251 125 239 182 183 125 215 127 239 223 98 247
    248 246 251 249 125 123 255 255 47 215 183 247 107 191 188 159 13
    250 29 158 92 62 246 127 255 219 223 46 255 122 249 255 255 54 255
    223 183 223 255 223 253 255 254 125 254 253 215 122 251 191 127 215
    255 249 127 247 254 127 247 255 255 207 124 231 117 255 127 250 121
    120 221 247 110 183 183 247 111 191 250 159 207 254 189 253 93 127
    247 255 251 251 251 239 254 252 237 255 253 114 119 255 255 253 253
    254 255 95 252 251 238 187 221 251 111 127 253 246 191 255 239 182
    183 109 215 126 191 239 115 103 255 214 255 253 253 250 127 255 126
    255 191 91 254 191 172 255 255 209 127 157 92 244 254 123 255 255
    255 171 255 255 254 255 243 255 247 219 184 254 255 214 250 255 251
    242 93 250 215 127 247 253 215 235 125 239 255 255 47 214 31 243 191
    215 45 85 255 90 125 237 118 248 92 120 63 217 61 249 181 157 172 24
    5 241 189 156 235 80 252 49 189 92 87 48 254 187 254 125 239 255 253
    223 153 255 255 255 251 191 127 252 125 247 247 254 187 253 119 155
    124 245 255 123 127 126 123 255 255 159 237 223 87 255 249 249 127
    125 221 235 253 245 247 253 51 190 223 152 47 254 165 254 255 126
    247 246 175 243 223 188 158 255 252 255 231 254 247 251 248 218 255
    254 255 239 95 210 121 247 223 189 47 237 45 171 252 175 254 123 255
    222 115 247 255 247 225 221 117 255 253 253 247 89 92 235 63 253 15
    255 49 175 223 24 231 253 231 156 235 86 254 183 175 254 31 52 190
    255 252 251 231 255 242 251 249 218 251 218 255 239 70 194 121 246
    223 191 99 237 45 138 124 239 222 251 255 222 107 247 255 119 229
    221 119 247 255 253 247 89 92 235 126 251 31 253 51 191 223 24 167
    253 247 156 235 84 254 183 175 254 31 51 190 126 248 251 255 126 183
    255 9 223 255 89 251 255 70 189 94 255 215 56 107 175 125 202 127
    253 223 247 255 95 251 253 255 199 247 191 55 255 253 251 119 104 79
    231 105 247 157 221 59 223 254 56 231 246 181 188 253 85 255 251 255
    251 127 185 182 250 218 222 231 255 243 250 184 124 187 246 223 191
    112 123 249 252 223 253 255 236 85 175 125 175 223 123 246 254 119
    247 255 223 233 217 117 255 253 252 51 249 93 235 63 217 141 251 49
    255 223 157 167 253 231 158 255 87 223 183 143 247 95 20 255 253 255
    247 221 254 247 219 255 254 253 212 255 223 251 247 236 251 213 127
    111 253 173 230 247 255 255 191 63 255 95 118 191 247 37 117 255 86
    125 253 124 115 92 56 62 217 52 249 127 157 172 24 5 240 31 156 73
    80 246 51 189 88 87 34 251 253 253 247 253 254 231 251 252 252 253
    212 255 239 251 179 253 251 253 127 111 253 47 230 253 239 251 191
    191 223 95 114 191 247 39 125 255 86 125 253 117 121 92 58 62 219 49
    249 119 157 172 90 5 240 190 156 73 80 246 51 191 94 87 32 251 253
    254 247 229 252 247 239 248 218 253 250 123 199 211 219 249 251 207
    255 47 253 141 174 248 239 255 127 239 222 79 243 255 119 227 92 127
    116 245 253 246 121 84 234 63 205 11 223 177 236 221 92 245 221 255
    141 235 198 252 181 47 222 95 49 190 252 251 247 221 254 215 219 253
    254 253 149 255 223 251 179 238 251 213 127 111 221 173 230 247 223
    255 191 63 253 223 118 63 247 37 117 187 82 125 253 116 113 92 56 62
    217 60 249 127 157 172 24 5 240 31 156 75 80 246 51 189 88 87 32 251
    253 190 247 197 248 247 163 240 188 253 234 95 199 253 243 237 235
    253 255 47 253 141 254 249 111 127 63 167 252 79 115 255 247 227 125
    113 116 253 125 190 125 84 106 182 205 40 123 177 236 221 92 181 213
    254 140 235 86 252 167 141 222 93 17 254 255 253 127 223 255 127 95
    249 255 95 253 251 255 255 254 253 243 213 126 111 95 255 166 54 111
    255 187 63 255 91 126 57 242 101 20 251 210 119 241 245 210 223 249
    63 217 158 253 30 141 173 86 5 248 63 159 77 208 246 57 191 92 94 34
    185 122 53 125 222 55 223 95 63 247 228 95 176 61 254 60 86 253 246
    66 251 183 114 209 55 221 247 229 95 122 249 221 233 131 44 199 190
    202 88 242 127 124 221 253 175 213 52 229 111 155 174 153 15 242 29
    158 93 56 243 115 255 123 214 44 250 62 237 237 222 55 159 93 107
    231 68 157 248 255 254 252 94 251 213 102 99 151 118 209 103 125 215
    181 61 115 186 92 105 150 36 87 154 194 120 251 126 48 219 189 109
    149 28 245 111 147 172 145 13 242 29 158 93 56 242 115 189 89 95 40
    250 251 254 123 167 255 246 155 136 254 127 18 127 175 79 243 125
    246 247 61 54 237 199 155 124 174 222 123 127 222 123 247 191 119
    237 223 223 246 245 237 119 81 92 74 28 209 28 248 21 157 253 24 37
    253 247 156 235 80 252 176 61 222 95 48 188 243 22 25 135 255 144
    155 8 238 99 51 74 173 75 96 21 118 247 4 215 200 39 131 108 196 214
    249 111 146 58 225 59 83 44 220 159 90 120 232 195 96 72 56 13 209
    12 244 31 152 174 16 5 240 29 156 75 16 114 51 189 88 87 32 184 243
    23 16 151 239 146 11 136 102 99 51 66 174 75 32 21 118 247 44 183
    202 167 147 100 194 214 251 110 146 58 195 51 82 44 214 191 90 72
    234 195 64 72 40 141 209 72 241 31 152 140 16 5 240 25 156 203 16
    114 51 157 88 87 48 248 243 87 16 151 239 146 155 136 46 99 49 74
    174 75 32 21 118 247 44 183 206 231 147 100 2 214 251 126 146 58 195
    51 210 44 210 55 82 72 234 195 68 72 40 13 209 88 245 31 144 142 16
    5 244 25 156 235 17 114 48 61 88 87 48 248 102 39 225 178 223 166 3
    79 228 102 144 50 233 203 178 71 226 213 3 100 201 39 210 119 78 136
    168 13 82 24 49 73 87 36 86 186 82 120 5 84 64 64 24 143 193 20 225
    79 152 172 24 4 240 28 156 73 16 242 51 189 88 87 32 250 174 236 238
    249 191 221 213 141 61 227 255 254 219 126 255 238 129 61 69 243 255
    117 254 115 117 206 128 51 123 255 63 219 183 252 87 234 218 123 249
    190 82 63 92 44 212 23 229 43 29 172 152 13 211 29 221 28 24 226 115
    189 75 94 42 248 108 33 237 182 95 39 59 127 244 110 213 54 249 234
    182 71 226 221 99 103 249 167 195 55 76 234 176 143 82 12 49 233 219
    36 87 186 83 120 225 116 120 92 60 15 209 21 231 111 153 172 24 5
    240 29 156 73 16 242 51 189 88 86 32 250 155 220 190 109 239 241 250
    152 60 187 212 207 238 24 107 29 252 187 251 219 252 87 90 249 165
    122 121 246 124 119 231 247 207 249 219 101 255 169 236 43 249 29
    107 173 241 113 187 51 191 218 152 47 244 229 216 241 119 223 183
    173 242 219 220 223 47 182 108 138 55 61 7 89 231 70 151 182 61 63
    253 69 219 180 67 240 113 114 209 116 85 180 245 25 122 222 125 225
    220 108 199 190 210 122 137 124 60 93 60 173 212 245 244 108 155 172
    152 13 242 29 221 93 56 242 51 188 90 211 40 250 125 190 247 237 255
    255 179 252 252 253 214 127 237 31 219 229 250 253 251 106 253 71
    222 253 239 248 124 183 124 87 115 255 205 233 223 181 247 251 237
    53 253 93 115 190 213 161 251 113 190 189 157 169 241 253 158 85 102
    254 183 237 218 207 44 254 190 255 116 239 183 221 220 137 127 89
    187 251 189 118 253 253 251 146 172 190 85 124 145 114 247 223 115
    57 191 254 254 177 214 100 127 146 254 114 251 53 231 95 127 127 252
    151 254 126 141 183 84 15 250 7 143 109 22 243 118 165 95 111 160 58
    190 255 84 238 55 121 252 27 127 88 239 251 60 127 236 253 251 178
    165 252 101 124 17 114 231 95 241 249 255 126 254 177 158 100 95 146
    251 90 217 117 119 223 63 127 244 151 246 110 140 183 148 15 250 7
    219 77 30 247 55 167 91 127 164 26 125 182 119 97 252 181 171 248
    248 255 194 127 205 125 155 69 250 237 219 106 249 103 90 252 252
    252 61 183 124 87 115 255 95 201 223 61 253 185 253 63 125 92 106
    190 245 225 219 115 188 253 24 43 245 253 156 125 102 222 215 143
    250 223 108 246 47 150 108 138 23 61 7 89 165 70 150 180 61 63 253
    69 219 244 67 240 113 114 209 116 85 180 253 25 122 222 125 225 220
    108 215 190 210 122 137 124 60 93 60 173 84 245 244 108 155 172 152
