<?xml version="1.0"?>
<opencv_storage>
<ImageFile>"49.jpg"</ImageFile>
<Features type_id="opencv-matrix">
  <rows>376</rows>
  <cols>64</cols>
  <dt>u</dt>
  <data>
    63 252 125 239 191 253 255 125 255 247 223 252 253 62 255 255 251
    244 91 105 253 115 247 116 253 237 252 63 127 223 127 235 213 108 87
    254 210 123 249 124 254 223 124 47 213 151 245 111 157 172 158 13
    250 29 159 93 56 246 59 189 219 223 42 250 252 236 239 249 223 255
    103 255 253 247 252 190 255 191 255 238 251 253 123 125 189 215 255
    189 95 237 189 191 251 223 126 175 249 111 103 255 218 119 245 254
    254 223 124 63 95 255 110 177 255 45 222 188 219 191 135 124 248 252
    233 252 223 222 58 255 109 175 255 222 50 127 241 255 189 252 76 255
    31 255 191 239 251 245 227 43 245 127 214 119 93 235 180 55 123 218
    126 235 215 38 119 178 246 122 249 124 126 93 126 167 245 54 117 111
    185 172 184 13 242 29 156 77 56 242 115 189 91 87 43 251 60 254 239
    249 62 255 245 255 253 254 222 253 127 252 255 238 251 252 251 107
    245 119 222 255 125 111 182 183 125 213 127 239 239 234 215 250 247
    251 249 127 254 95 255 62 215 183 119 107 191 236 159 141 242 29 159
    93 54 246 255 255 219 223 46 255 186 254 125 207 255 253 223 185 255
    125 255 255 189 127 252 253 247 247 126 187 245 118 147 124 249 255
    245 127 255 251 223 255 223 236 223 214 254 123 249 127 255 223 111
    63 213 182 253 127 191 191 153 15 254 133 159 93 56 247 254 191 251
    223 46 254 187 254 125 207 255 253 223 185 255 253 253 255 189 126
    253 253 247 247 126 187 245 118 147 124 249 247 245 127 255 251 223
    255 223 236 223 246 254 123 251 127 255 223 239 63 213 182 253 127
    191 191 157 15 254 141 159 93 56 247 254 191 251 223 46 255 57 253
    247 255 62 109 253 255 255 252 126 253 63 254 253 252 255 246 243
    106 247 62 181 255 251 111 231 219 255 243 255 255 239 239 111 244
    247 247 251 253 255 223 255 254 236 183 255 111 173 247 223 223 254
    31 157 77 191 247 255 255 251 111 171 252 60 249 253 252 50 95 125
    103 199 230 253 148 93 164 189 254 255 220 98 107 182 112 212 183
    221 255 231 217 99 254 254 233 195 20 103 190 202 120 248 125 56 221
    245 45 182 180 117 110 159 168 171 79 242 29 52 93 152 242 123 249
    123 223 105 242 57 253 246 254 62 111 253 183 255 252 127 253 63 254
    253 252 247 242 246 251 247 46 245 255 251 111 231 219 127 247 254
    255 239 111 111 244 255 118 250 253 251 223 255 254 236 183 255 111
    173 231 223 207 250 31 159 77 63 243 127 255 251 111 171 252 62 249
    255 252 50 95 125 111 215 230 93 180 93 166 191 254 251 212 98 107
    55 248 228 55 221 223 182 217 99 250 126 233 199 6 55 254 194 120
    251 125 50 221 245 109 182 148 101 110 159 172 255 207 242 29 180 92
    152 242 123 251 121 95 43 242 60 255 111 252 62 127 253 123 245 254
    254 177 125 125 253 239 179 252 227 106 245 120 220 191 125 175 167
    147 125 215 125 255 251 98 255 184 247 254 249 125 254 255 255 175
    86 183 215 107 169 189 222 77 250 29 159 92 158 226 127 255 219 206
    171 181 47 228 108 138 55 191 87 63 245 246 252 176 61 62 252 239
    147 244 83 249 245 114 209 119 125 100 132 21 127 221 125 233 221
    108 199 190 222 122 177 252 254 223 126 47 212 247 244 111 191 172
    155 13 250 29 223 93 56 246 127 188 251 218 46 219 58 188 253 207 62
    221 223 37 127 255 87 221 157 62 191 94 255 211 96 171 245 117 219
    255 249 247 180 191 110 249 253 239 199 236 87 54 255 217 249 126
    112 93 109 45 213 20 245 107 159 236 153 15 246 29 156 93 30 243 251
    253 219 223 104 254 47 189 237 218 63 157 213 29 255 118 21 252 189
    127 188 93 251 246 66 178 247 118 219 119 121 182 164 31 127 217 93
    235 135 110 199 158 218 90 251 127 116 223 108 173 212 244 245 111
    145 172 152 13 246 29 159 93 56 242 122 191 251 223 46 250 189 245
    125 252 54 63 125 115 227 102 253 178 77 227 148 90 179 198 38 97 55
    240 64 178 221 183 247 217 107 60 253 105 210 20 148 174 138 120 177
    127 54 219 189 229 244 16 245 78 147 166 33 79 96 29 23 77 44 179 81
    251 121 214 111 251 248 253 255 222 54 127 93 255 247 254 253 184
    127 188 190 254 255 246 114 127 55 251 245 183 221 107 230 217 107
    253 252 233 235 60 166 254 222 120 210 253 122 223 253 47 182 55 197
    110 191 174 175 207 250 29 61 93 252 247 123 251 251 222 234 251 63
    188 253 218 63 189 85 63 255 116 212 252 125 126 188 220 251 246 67
    250 245 114 211 247 253 170 228 159 127 217 221 235 223 108 135 190
    222 123 249 125 254 223 223 47 212 247 245 79 187 190 143 15 242 29
    223 93 60 242 127 191 251 223 110 223 239 252 109 43 223 188 183 24
    253 127 252 250 175 111 236 93 195 253 63 240 253 87 155 124 119 253
    121 191 255 123 123 239 151 237 223 219 235 253 253 63 110 223 126
    185 213 89 254 177 220 253 16 12 237 181 207 61 120 180 247 189 158
    223 60 158 62 249 253 238 54 191 125 127 255 214 223 252 253 62 252
    222 243 245 123 125 245 117 211 247 253 236 228 157 127 220 252 169
    223 108 215 190 222 122 217 125 126 223 253 47 213 183 247 111 159
    174 137 15 242 29 159 93 56 246 123 253 123 223 110 250 253 58 243
    115 216 241 227 252 216 191 210 127 227 70 131 80 122 197 251 75 253
    175 207 220 173 250 126 167 222 79 115 254 79 135 109 255 53 191 109
    86 89 68 226 62 71 41 59 179 190 124 56 245 245 191 156 97 68 252
    183 235 206 23 177 246 60 221 254 255 191 253 245 247 61 252 118 185
    61 122 251 204 251 212 97 98 245 114 215 115 127 187 177 59 255 221
    125 251 247 36 87 186 83 114 249 116 242 95 56 46 212 150 211 79 153
    172 24 5 240 29 157 73 16 242 59 189 90 87 32 251 63 242 125 103 255
    179 219 56 254 63 214 123 239 91 224 85 250 247 127 219 245 127 139
    127 164 254 119 255 126 127 229 254 159 236 158 190 254 57 249 119
    121 221 235 77 209 97 179 111 190 255 153 15 248 181 222 81 118 182
    247 159 250 159 172 94 253 253 239 255 246 103 253 255 253 253 252
    255 127 255 251 238 251 221 127 255 127 221 247 183 255 111 191 183
    251 223 126 191 250 111 53 255 223 119 253 252 95 125 255 126 221 63
    255 238 237 172 95 221 217 127 156 205 252 252 107 255 95 110 179
    250 255 254 116 103 255 184 155 152 190 61 210 127 175 91 194 85 120
    247 63 243 237 47 155 124 166 250 251 127 254 63 227 255 223 237 222
    191 243 57 253 119 221 92 26 159 193 73 251 23 168 247 24 1 240 183
    158 105 112 246 183 191 250 87 52 127 253 254 125 221 250 189 255
    249 255 255 235 251 253 127 253 245 243 245 95 106 255 123 158 124
    125 255 191 63 255 91 127 191 243 231 92 251 210 243 253 255 246 94
    233 62 245 142 217 19 141 173 20 37 250 189 159 111 208 254 123 191
    222 95 43 181 59 188 253 254 58 255 127 39 119 244 93 181 125 126
    189 94 255 155 96 243 247 125 211 127 221 254 230 223 106 241 253
    239 151 252 69 54 255 216 248 127 124 93 253 101 245 21 247 111 187
    238 137 79 246 29 152 93 63 243 251 251 251 255 237 222 191 253 125
    93 247 189 223 89 239 71 189 250 253 122 252 93 242 245 126 119 55
    118 145 118 245 246 247 59 246 62 127 185 198 108 222 222 202 121
    251 247 186 223 253 125 245 126 245 31 159 191 16 15 106 149 223 121
    16 242 112 191 125 223 170 187 62 48 251 165 254 241 187 108 222 191
    210 117 245 2 147 112 250 223 211 83 233 49 238 221 172 138 238 239
    74 253 245 239 103 172 93 191 255 251 233 119 216 76 87 14 227 5 147
    127 191 238 24 7 246 29 156 81 68 242 183 249 250 31 96 254 120 125
    127 218 50 127 113 255 245 212 126 181 125 190 253 238 243 212 71
    108 117 208 165 183 95 173 165 137 251 218 126 249 240 36 85 250 86
    114 193 252 178 223 28 62 92 150 96 236 139 45 215 141 250 31 135 77
    144 240 43 188 89 70 34 185 62 191 253 222 63 189 221 63 247 254 223
    241 125 127 189 215 251 246 98 251 245 114 211 247 253 175 230 63
    126 249 253 235 207 108 215 190 222 120 249 125 124 93 255 175 212
    244 245 111 187 174 152 15 242 29 157 93 56 242 123 191 251 223 44
    250 237 238 103 169 250 125 163 245 253 221 206 31 221 61 251 229
