<?xml version="1.0"?>
<opencv_storage>
<ImageFile>"490.jpg"</ImageFile>
<Features type_id="opencv-matrix">
  <rows>172</rows>
  <cols>64</cols>
  <dt>u</dt>
  <data>
    62 182 125 249 63 253 255 125 253 254 254 248 253 63 253 215 251 252
    67 123 245 114 210 119 253 255 229 191 127 215 125 235 223 108 199
    190 223 122 249 125 124 93 127 47 213 247 247 111 187 172 152 13 242
    29 157 93 56 242 123 189 251 223 40 250 255 254 127 175 255 253 191
    217 255 127 252 251 255 127 254 93 251 255 63 115 253 87 154 124 231
    255 121 255 255 91 247 255 215 237 223 255 247 253 253 119 125 94
    122 63 213 29 254 53 157 189 24 5 248 181 156 109 88 246 183 189 222
    223 56 190 255 58 243 35 254 246 163 200 252 191 210 127 255 90 187
    81 250 213 59 98 233 135 143 124 142 221 125 175 214 15 243 254 215
    173 85 191 82 120 237 118 120 84 120 62 213 77 187 117 157 172 24 5
    240 61 156 73 16 240 51 189 92 87 48 250 191 185 222 246 55 107 221
    62 119 253 95 245 63 222 166 255 255 214 48 251 199 61 231 119 239
    203 242 95 91 121 254 111 215 38 117 190 94 126 251 245 80 221 255
    111 221 22 245 111 217 174 26 197 240 29 156 73 16 243 115 191 89
    127 167 250 61 249 255 125 62 253 253 126 251 189 213 249 255 123
    180 90 251 255 242 123 247 127 99 255 173 127 247 255 111 255 247
    239 223 124 175 190 254 185 251 125 121 223 251 111 247 113 247 111
    187 254 169 207 240 29 222 85 54 243 247 255 251 255 237 223 61 54
    119 165 254 181 191 240 248 255 210 115 237 27 219 81 242 221 235 98
    241 101 139 252 204 124 253 183 222 71 243 255 95 96 221 191 119 248
    169 117 124 84 122 63 197 165 210 93 184 189 24 5 240 189 156 73 22
    246 55 157 218 23 32 254 63 182 117 161 252 180 175 217 252 127 194
    123 237 91 147 85 242 221 139 96 233 101 139 124 206 220 249 175 222
    71 115 239 87 164 221 191 117 248 169 117 108 92 90 15 213 133 246
    85 152 188 24 5 240 189 156 73 0 242 51 157 90 87 32 254 255 254 127
    239 255 253 223 217 255 255 250 251 239 127 254 253 243 245 63 123
    253 199 191 124 239 223 123 63 223 95 247 191 245 229 92 255 114 247
    237 247 243 94 106 63 223 159 252 181 141 189 30 37 248 183 143 107
    208 252 177 188 222 95 50 188 124 125 255 223 114 127 125 255 255
    252 254 189 127 254 255 238 251 212 251 111 127 217 247 183 127 239
    174 29 127 223 126 255 241 103 53 251 214 119 215 252 242 223 255 62
    127 142 77 238 159 173 255 157 248 63 151 95 208 252 107 223 95 12
    43 245 255 54 243 163 223 182 139 201 238 239 147 126 255 107 179 85
    250 247 59 102 233 167 155 124 222 222 253 47 210 31 243 63 215 37
    85 191 82 121 237 126 112 92 24 14 213 28 249 53 153 172 24 5 240 29
    156 73 16 242 51 189 92 87 32 250 255 253 255 126 119 55 221 250 247
    255 253 250 239 251 182 95 243 245 126 247 119 255 243 247 247 255
    247 191 123 125 252 235 223 108 150 254 218 60 241 253 126 223 191
    239 245 113 215 111 190 190 152 79 240 189 221 93 56 183 119 191 187
    215 238 219 255 253 255 126 55 55 253 250 247 223 253 250 239 251
    166 95 179 245 118 127 119 255 243 247 247 239 247 191 123 124 126
    235 223 108 150 254 218 60 241 253 126 95 191 175 241 113 213 111
    190 190 152 79 240 61 220 93 56 183 119 191 251 215 174 219 191 254
    111 237 255 253 255 252 253 255 252 253 255 63 252 253 251 244 127
    121 253 82 191 124 125 239 109 183 127 223 127 255 253 237 127 95
    254 247 253 190 127 223 106 63 214 247 124 49 173 221 94 45 254 183
    167 109 252 212 174 236 223 223 58 189 124 186 255 253 250 255 251
    253 221 253 222 191 221 246 251 238 243 221 219 106 253 253 206 188
    253 238 188 183 237 215 127 255 239 97 71 255 223 251 249 126 218 93
    215 62 245 167 235 123 191 173 143 239 250 29 157 93 68 254 255 253
    219 14 106 254 191 254 111 237 255 253 219 249 253 255 252 253 255
    63 252 237 251 244 127 251 253 114 191 188 253 127 127 191 127 95
    255 255 249 237 255 95 222 247 253 255 223 223 106 63 215 255 126 49
    173 221 86 37 252 191 135 109 216 246 239 252 255 223 42 191 248 253
    255 253 246 127 255 247 253 255 125 223 223 253 255 238 251 221 127
    111 62 223 238 61 127 255 191 191 255 215 126 191 243 103 61 251 214
    247 253 247 251 255 249 62 255 158 89 176 205 173 118 181 217 255
    149 110 208 252 105 255 223 14 51 183 59 245 124 190 55 45 93 63 247
    68 253 185 61 123 164 127 246 246 3 241 113 114 241 55 244 170 224
    217 123 124 252 233 250 108 148 190 203 120 145 253 94 203 31 15 208
    23 199 78 153 166 27 15 106 28 223 77 56 183 127 158 59 222 174 217
    196 74 130 213 201 199 139 225 142 255 58 79 147 204 91 174 105 145
    125 71 94 143 174 24 27 255 191 110 208 139 51 63 99 39 77 123 82
    117 237 254 112 92 32 62 223 62 189 177 141 140 24 37 209 95 140 227
    208 248 49 61 92 85 48 186 198 10 130 213 235 199 203 161 158 255 58
    79 147 204 115 236 105 145 125 71 206 143 174 24 27 223 191 110 208
    155 51 63 99 39 77 123 82 117 237 126 112 84 96 62 207 12 189 177
    157 140 24 37 213 95 156 227 208 248 49 61 92 85 48 190 61 253 125
    94 55 191 127 123 255 246 253 250 253 127 252 94 255 183 118 251 183
    126 209 247 245 127 247 255 106 255 255 233 202 110 231 190 222 56
    251 125 124 221 253 239 247 113 247 111 191 174 137 75 250 29 218 85
    60 247 127 255 187 251 237 218 199 198 13 9 200 148 143 128 41 231
    41 202 136 41 100 15 133 109 44 101 138 241 26 104 84 215 63 126 17
    34 57 19 210 210 218 9 0 232 54 170 38 42 40 233 151 88 84 17 16 137
    16 36 5 209 229 174 25 204 48 61 212 211 88 179 23 51 81 86 60 128
    136 10 98 42 3 112 164 67 128 81 118 162 0 210 199 44 65 71 196 146
    226 79 2 40 225 98 87 36 84 190 88 56 227 84 228 64 24 207 192 64
    209 79 152 172 24 1 112 24 156 73 0 114 19 149 88 87 32 122 242 53
    251 23 215 199 219 237 214 235 149 191 183 206 163 126 255 151 50 87
    74 175 231 38 158 223 255 47 210 154 118 58 227 45 5 255 82 125 233
    124 112 72 52 46 223 28 185 62 153 172 26 5 240 30 156 67 16 242 49
    185 92 23 32 250 198 42 147 33 200 194 130 201 202 171 130 63 210
    198 139 16 106 129 59 70 201 133 142 77 14 220 63 47 130 143 35 30
    71 167 77 187 16 189 109 86 32 68 0 10 77 12 153 177 221 236 24 49
    245 127 156 227 64 120 145 189 76 5 48 246 59 51 113 246 63 164 217
    90 230 239 211 115 239 75 176 87 242 247 39 83 231 46 209 127 132
    154 227 191 82 56 229 235 71 44 86 190 250 56 241 117 76 76 179 203
    208 81 145 111 152 174 24 1 242 29 156 65 16 178 115 191 120 87 160
    122 243 17 219 151 223 70 91 174 198 229 61 86 175 206 18 126 255
    215 48 103 14 175 230 39 14 231 191 47 210 27 82 107 215 37 21 255
    82 121 235 222 112 88 53 43 221 24 245 47 153 172 26 5 240 26 148 67
    80 178 49 57 88 21 32 250 124 48 125 174 18 175 55 125 199 100 221
    52 125 62 188 86 242 214 67 96 241 49 195 183 220 168 236 141 66 216
    253 233 205 36 5 190 67 122 129 92 56 219 21 47 212 53 229 78 155
    164 153 13 114 29 157 73 16 242 59 184 89 70 34 248 255 62 51 231
    223 228 171 201 222 255 194 127 163 78 251 117 122 247 191 18 237 47
    159 92 54 222 123 47 214 123 115 191 71 175 95 119 117 245 237 94
    105 84 66 218 205 73 184 177 236 221 24 37 247 167 140 227 80 120
    247 173 206 15 48 54 251 220 222 155 239 159 94 23 63 119 5 202 158
    251 54 31 252 243 113 231 220 119 211 115 218 98 252 126 121 17 253
    99 215 36 18 52 83 73 240 120 82 223 56 47 209 20 247 111 153 172 24
    5 244 29 152 201 27 247 51 189 88 83 2 251 243 157 222 223 239 151
    214 54 63 245 20 203 158 251 54 93 252 243 120 167 220 111 243 115
    107 99 248 126 125 89 216 103 215 39 18 242 83 89 255 116 82 223 40
    47 217 28 213 207 157 172 26 5 244 29 157 203 16 246 59 189 88 85 34
    251 59 212 124 174 191 189 157 17 55 126 85 89 189 127 52 85 244 246
    4 240 225 114 145 120 236 156 225 91 127 121 253 235 215 108 20 190
    218 112 169 117 114 223 95 15 212 20 244 79 153 172 24 5 240 29 157
    73 24 242 51 188 88 95 34 249 241 221 222 223 238 151 210 54 123 117
