<?xml version="1.0"?>
<opencv_storage>
<ImageFile>"492.jpg"</ImageFile>
<Features type_id="opencv-matrix">
  <rows>121</rows>
  <cols>64</cols>
  <dt>u</dt>
  <data>
    56 236 109 136 34 95 181 119 253 220 222 213 93 60 125 236 221 184
    227 176 245 114 85 246 253 125 21 208 109 214 223 232 205 72 75 172
    254 114 249 56 125 157 119 167 84 247 182 110 191 188 143 11 242 29
    88 85 46 195 78 233 243 219 108 222 122 207 239 219 34 95 221 167
    191 254 31 142 31 252 127 238 157 147 120 175 30 215 214 35 91 247
    151 52 41 250 30 251 199 24 195 97 222 94 250 105 116 61 229 125 183
    190 245 111 247 170 153 159 147 93 253 222 121 231 122 125 123 217
    72 242 58 223 238 217 47 223 213 51 191 215 159 206 159 124 127 252
    253 247 122 187 246 119 210 247 251 119 245 126 125 255 223 235 143
    120 195 44 222 89 250 121 116 29 231 173 213 244 245 111 191 174 137
    15 242 29 218 93 59 247 122 191 243 251 236 218 237 255 255 253 254
    191 255 250 249 255 236 251 223 249 244 237 243 253 127 107 252 125
    114 251 239 255 179 255 125 91 127 255 215 103 222 251 210 125 249
    245 118 223 122 63 215 151 245 127 157 189 30 5 248 189 159 77 24
    246 115 159 219 223 42 187 237 254 255 253 254 191 255 250 249 255
    236 251 223 249 246 207 235 253 191 107 252 125 122 251 239 255 179
    191 125 95 127 255 215 103 212 251 218 253 253 245 118 223 122 63
    219 150 245 127 157 173 28 69 248 189 159 77 28 254 115 159 219 223
    35 251 120 172 255 221 42 95 211 247 255 252 94 157 93 252 127 238
    253 185 251 171 245 119 215 247 249 111 148 246 105 215 223 235 207
    56 67 180 222 90 248 124 248 29 245 166 213 118 247 111 191 236 137
    11 242 29 152 93 62 247 123 189 251 219 106 254 89 17 199 213 93 227
    243 254 148 188 212 245 239 221 131 75 43 125 243 115 244 47 206 247
    40 123 144 182 120 67 99 239 223 99 177 48 23 232 253 61 125 61 255
    39 237 49 247 107 58 190 137 133 241 60 156 68 111 190 183 251 136
    151 165 222 191 252 255 255 63 253 253 253 255 255 252 253 127 62
    255 254 251 244 123 107 245 122 247 127 253 239 247 187 127 95 127
    255 247 108 189 254 246 123 249 253 251 223 255 63 214 151 245 127
    159 189 223 141 250 157 159 93 184 246 123 223 219 159 46 255 251
    156 238 235 255 255 243 189 253 245 212 255 191 254 63 204 251 245
    251 243 253 87 255 245 123 123 28 182 255 213 95 239 159 111 83 240
    255 91 253 124 120 221 126 55 213 53 255 227 189 172 139 13 243 61
    152 93 126 246 255 189 219 223 46 222 251 188 239 235 255 255 247
    189 253 253 214 255 255 254 63 204 251 245 251 183 253 87 223 245
    123 123 28 182 255 213 127 239 223 109 83 244 255 91 253 124 120 221
    126 47 221 53 255 227 189 172 139 13 243 61 152 93 126 246 255 189
    219 223 46 222 57 150 117 143 170 253 163 113 123 116 14 77 220 61
    125 181 255 250 193 32 244 96 27 240 249 60 64 250 44 83 223 103 151
    224 81 48 245 218 232 106 245 29 74 167 212 146 254 111 152 220 137
    13 246 13 154 73 62 210 150 165 210 79 44 222 148 168 187 197 250
    213 219 253 218 253 215 223 211 84 147 232 235 213 254 43 204 45 230
    217 173 223 189 110 68 79 55 63 215 53 125 251 86 121 233 116 113 92
    33 62 245 20 249 127 153 172 24 7 240 29 156 73 16 242 51 189 88 87
    32 254 92 36 139 157 74 195 250 239 16 232 84 149 208 230 139 98 40
    25 81 66 220 45 198 203 56 88 184 134 64 131 51 110 207 49 37 186 23
    107 233 124 80 92 149 46 205 52 161 111 155 172 27 133 240 28 28 73
    80 242 59 249 88 7 34 254 43 212 236 252 255 191 127 88 181 127 212
    203 175 121 52 77 226 253 37 115 244 119 210 123 100 254 177 63 127
    81 125 235 215 100 214 186 210 120 249 117 118 222 58 47 213 21 245
    111 153 172 24 5 240 29 158 77 24 246 51 189 90 87 34 251 191 246
    109 253 255 253 223 185 191 255 253 251 221 127 253 245 241 255 79
    251 245 115 246 122 253 255 229 127 125 95 255 255 247 108 215 190
    218 123 249 245 246 95 123 47 213 22 245 111 153 173 24 5 240 29 157
    73 16 242 51 189 218 215 42 251 43 212 236 254 191 189 95 88 181 127
    244 251 191 121 52 77 242 245 101 115 244 119 210 123 100 254 161 63
    127 81 125 235 215 100 214 186 210 120 249 117 118 223 122 47 209 21
    245 111 153 172 24 5 240 29 158 77 24 246 51 189 90 215 42 251 191
    246 109 255 255 253 223 185 255 255 253 251 253 127 253 245 249 247
    79 251 253 115 247 126 253 255 245 127 127 95 255 255 247 108 215
    190 222 123 249 245 250 95 123 47 213 22 245 111 153 173 24 5 240 29
    157 73 16 242 51 189 218 215 42 251 251 246 127 175 254 215 159 137
    255 255 57 218 191 107 247 125 247 247 60 99 220 247 183 124 252 215
    191 63 223 59 127 127 247 236 222 255 218 125 249 255 118 78 105 189
    215 30 212 61 157 173 24 5 248 61 156 127 152 246 49 60 222 215 58
    185 254 184 255 255 255 255 251 253 221 189 214 255 255 254 251 254
    251 213 123 123 253 255 207 127 255 250 246 191 127 223 127 254 239
    237 231 255 254 123 249 125 248 93 247 62 221 247 187 111 191 174
    155 141 242 189 157 85 112 246 255 251 251 159 174 254 250 249 255
    255 54 119 93 183 223 255 245 250 255 224 22 222 189 215 122 255 63
    253 231 151 189 243 247 255 75 253 246 235 199 63 165 255 222 125
    250 121 120 255 245 109 191 60 247 111 223 170 171 223 248 125 124
    223 93 247 123 251 123 249 217 255 45 238 100 169 251 253 167 120
    189 125 206 255 221 61 252 197 139 125 255 104 245 119 154 249 113
    124 29 182 124 87 123 207 223 193 219 32 245 251 253 62 125 61 106
    167 85 241 254 99 188 253 137 44 247 229 138 12 126 206 183 173 194
    223 44 222 252 121 243 245 240 231 251 255 204 239 249 251 227 200
    147 238 59 93 127 79 62 143 230 159 31 255 191 175 211 191 118 191
    99 39 61 255 146 189 255 223 121 104 181 255 171 57 57 182 205 136
    114 243 209 254 180 230 193 188 113 123 253 116 145 190 220 250 254
    117 254 181 250 240 253 191 214 219 222 113 121 75 188 251 255 235
    253 127 75 253 169 127 255 246 124 215 247 246 223 219 235 37 255
    189 252 115 121 61 251 63 255 229 59 115 191 219 169 255 253 253 216
    252 119 223 247 239 243 251 205 254 92 58 83 161 216 240 162 240 72
    187 194 23 193 5 219 97 234 205 139 104 201 5 142 216 14 216 60 167
    214 7 51 222 117 167 93 187 84 246 45 86 229 68 90 30 79 140 74 177
    136 125 28 48 241 190 140 105 196 232 3 140 76 7 32 182 250 249 255
    255 54 247 92 183 223 255 117 250 255 162 54 222 189 211 122 255 191
    253 231 159 189 115 247 255 67 253 246 234 199 188 165 255 223 125
    250 123 120 223 245 109 191 61 247 127 223 234 187 199 248 61 252
    223 213 247 123 251 255 249 217 255 189 182 124 97 63 181 183 120
    252 191 212 251 239 25 160 69 242 253 199 123 241 118 219 252 101 58
    117 178 124 85 225 255 223 104 158 180 247 185 169 253 92 92 122 175
    209 97 146 107 186 255 152 9 240 157 222 85 54 242 183 159 250 215
    44 222 220 250 255 117 254 189 251 240 253 191 214 219 223 57 121 74
    188 251 255 235 253 127 75 253 169 127 255 246 108 215 247 246 223
    219 235 101 255 189 252 123 253 61 251 63 255 229 63 115 191 219 169
    251 253 237 216 252 119 223 247 239 243 251 205 254 12 1 129 144 8
    135 40 119 0 174 66 20 81 64 147 2 234 92 65 98 192 37 194 211 72
    136 164 140 64 128 49 74 87 36 85 186 82 120 225 116 112 84 48 14
    213 20 193 111 153 172 24 5 240 29 156 73 16 242 51 189 88 87 32 250
    76 13 239 185 80 103 123 255 17 234 232 157 67 196 187 239 139 93
    249 103 254 189 238 187 75 235 154 166 89 65 58 203 251 3 181 233 23
    236 245 53 114 110 254 46 127 29 67 235 31 168 58 213 209 125 28 140
    217 172 107 251 15 86 147 247 108 13 239 249 80 103 122 255 17 234
    232 157 67 196 187 239 139 93 249 103 254 253 222 187 75 107 154 166
    89 65 58 207 239 3 181 233 21 237 245 53 114 110 254 46 127 31 67
    251 30 168 58 245 209 253 28 140 221 172 107 251 15 118 155 247 250
    249 254 247 55 179 223 59 223 187 213 250 191 234 54 94 254 151 126
    223 191 127 227 127 189 251 247 255 91 249 244 234 207 188 166 255
