<?xml version="1.0"?>
<opencv_storage>
<ImageFile>"493.jpg"</ImageFile>
<Features type_id="opencv-matrix">
  <rows>257</rows>
  <cols>64</cols>
  <dt>u</dt>
  <data>
    253 253 247 253 250 111 245 255 253 253 252 187 95 255 255 238 251
    253 251 111 127 207 254 191 127 239 191 191 251 95 126 255 247 103
    117 251 215 247 253 124 127 127 255 55 223 191 127 246 205 172 127
    189 217 191 149 77 248 252 105 255 223 78 35 255 253 253 255 253 242
    127 125 247 253 255 237 186 223 239 255 239 251 253 127 111 63 223
    190 189 127 255 191 191 255 223 126 191 242 103 62 251 210 117 245
    254 126 255 252 191 223 190 95 180 205 173 118 189 203 191 135 125
    216 252 105 255 223 222 59 179 253 237 255 93 194 239 119 255 189
    229 221 158 223 253 191 206 171 125 123 103 62 207 210 183 95 127
    156 190 105 151 94 175 223 111 97 255 130 123 253 126 62 191 253 167
    253 56 237 175 157 172 171 189 241 127 148 207 120 254 121 249 251
    215 31 254 233 206 238 203 254 223 215 181 63 253 60 207 159 63 127
    237 217 245 121 172 252 87 222 248 123 101 29 54 253 219 95 191 253
    101 219 81 214 211 189 62 247 223 106 63 85 190 124 177 157 221 159
    45 221 237 159 255 120 252 42 60 211 223 62 255 169 222 238 203 239
    221 151 181 191 255 60 203 157 63 127 237 253 247 249 43 252 83 222
    120 121 229 61 50 253 211 95 191 245 232 219 112 215 219 189 58 247
    95 110 62 85 182 92 177 189 221 158 45 254 141 159 255 56 244 42 60
    211 223 46 255 171 222 78 203 238 253 135 145 61 253 28 207 156 63
    127 237 205 255 153 170 252 112 158 120 121 125 29 114 253 83 91 55
    181 224 219 64 119 219 253 58 247 31 106 62 85 150 88 49 157 93 158
    45 254 133 137 237 58 212 42 173 211 223 46 255 252 253 255 221 242
    119 255 255 253 253 253 191 223 252 251 238 187 221 127 111 63 255
    246 191 255 111 191 191 233 223 126 191 235 127 103 255 214 255 255
    255 254 127 253 126 255 63 219 182 221 173 255 255 219 255 149 222
    249 252 121 127 255 124 155 255 58 206 237 220 46 223 223 115 63 252
    95 203 157 125 127 206 253 253 97 107 244 125 210 123 93 255 177 126
    125 211 127 239 215 116 87 56 210 120 248 126 116 93 125 175 213 148
    245 111 157 172 24 13 242 29 158 77 24 246 115 189 91 95 40 250 186
    186 124 247 255 253 219 184 254 191 215 127 239 123 114 117 126 215
    126 187 255 127 227 252 173 126 247 255 254 255 247 191 223 253 159
    87 254 121 250 119 217 221 227 127 241 165 255 63 191 223 159 235
    252 165 222 125 119 247 246 223 247 191 172 254 252 237 255 253 122
    127 249 255 189 253 254 255 95 254 251 238 251 221 255 111 126 223
    254 187 127 255 183 183 253 219 62 255 247 99 125 251 214 247 255
    124 123 125 255 126 255 190 125 242 223 173 127 253 219 255 148 206
    217 252 105 127 223 125 155 254 108 173 239 253 98 103 250 247 61
    254 92 157 91 230 187 238 137 89 251 167 245 61 118 179 91 107 134
    150 73 213 62 251 239 51 103 177 191 126 255 124 250 127 247 110 255
    55 195 239 189 172 154 223 243 125 29 220 95 255 127 187 123 127 139
    235 62 254 124 223 191 157 223 9 255 255 181 250 189 123 252 93 246
    247 108 187 223 119 211 127 245 215 243 127 127 249 221 235 151 252
    222 158 250 121 251 127 118 223 111 237 183 84 245 63 151 190 152 15
    246 149 255 125 56 247 242 191 251 223 172 251 205 141 239 85 116
    231 243 246 176 157 196 223 206 121 130 41 40 237 251 111 244 111
    230 243 47 123 148 182 124 71 114 235 223 115 49 184 86 57 252 61 89
    60 187 167 249 49 243 111 185 188 9 157 241 125 156 69 127 222 55
    175 114 215 37 250 186 242 8 35 191 240 136 156 216 187 250 117 108
    18 65 177 125 142 199 153 225 34 45 220 164 29 101 163 95 87 225 246
    109 232 206 52 127 177 41 183 73 68 98 172 210 99 18 113 170 255 94
    1 252 133 204 113 134 211 134 132 178 27 228 28 225 207 139 87 249
    82 251 255 216 187 38 223 163 211 194 171 234 197 61 79 76 143 239
    29 79 203 191 47 211 11 34 62 247 39 85 251 82 61 237 244 210 92 56
    190 217 30 185 245 153 172 24 5 240 31 156 73 16 240 49 189 92 87 32
    251 243 221 251 159 215 14 219 139 207 69 61 126 191 238 255 252 242
    215 28 102 6 175 131 102 126 194 234 29 147 59 94 57 166 37 29 219
    194 119 223 215 147 219 141 72 136 30 233 30 197 164 82 133 40 50
    181 235 88 62 120 58 92 12 50 177 195 219 198 215 255 227 219 218 62
    189 38 207 175 249 114 233 106 245 61 111 78 143 175 121 47 223 59
    47 215 11 50 63 247 39 125 251 82 117 255 246 211 124 40 94 217 30
    249 181 205 141 92 181 217 255 156 235 81 252 49 63 92 85 17 187 56
    185 255 254 34 127 253 111 255 214 95 156 125 60 63 254 255 214 98
    110 54 115 214 247 253 245 244 252 111 242 254 169 134 92 195 174
    223 90 216 121 60 221 245 37 245 180 245 110 191 174 143 207 242 29
    220 93 104 247 123 249 123 219 110 242 193 207 131 87 233 82 137 254
    218 191 32 207 163 203 195 171 107 197 61 71 76 143 238 93 75 203
    191 42 211 10 34 63 247 39 85 251 82 61 237 244 242 92 56 191 217 26
    185 181 153 172 24 5 240 31 156 65 16 240 49 189 92 87 32 251 195
    219 198 215 255 195 219 146 62 189 32 207 142 251 114 233 107 245 61
    111 78 143 175 121 43 223 59 46 215 11 50 63 247 39 125 251 82 117
    255 246 211 124 168 127 217 30 249 181 205 141 92 181 217 255 156
    235 81 252 49 63 92 85 17 187 35 196 108 10 191 157 151 24 191 118
    132 232 188 63 45 77 128 117 66 176 241 114 91 229 112 52 12 54 61
    93 93 67 157 204 195 10 202 90 185 58 54 159 78 165 84 240 244 75
    177 252 136 12 180 13 219 29 58 230 190 188 242 219 110 219 253 254
    255 237 254 255 255 249 189 253 252 255 223 253 254 237 251 213 127
    111 125 207 190 56 111 255 63 63 255 95 126 191 241 231 124 251 82
    247 253 246 215 223 90 62 217 142 220 145 205 189 86 181 217 255 135
    111 208 252 41 156 221 94 50 189 35 198 108 10 14 156 7 1 243 118 4
    140 188 61 61 5 196 34 2 176 240 82 91 101 81 52 12 20 47 217 73 67
    149 200 195 36 250 8 168 42 54 159 106 165 20 240 116 105 177 232
    136 8 180 9 218 29 62 226 190 180 242 211 110 219 253 189 247 245
    250 231 243 255 220 245 215 255 255 254 147 236 251 213 123 111 255
    143 238 61 47 251 190 47 215 15 114 191 247 39 53 251 82 247 253 118
    209 93 249 62 201 28 249 183 157 172 95 181 241 254 156 203 80 252
    113 191 92 23 51 254 251 205 255 247 250 215 219 236 254 255 85 223
    223 233 242 252 235 213 63 111 78 143 238 125 127 223 191 63 215 139
    114 63 215 39 125 251 82 125 255 126 209 92 248 127 219 28 249 183
    221 140 26 181 249 255 156 235 80 252 49 189 92 85 48 255 254 63 247
    245 254 175 251 251 253 253 223 255 255 254 251 127 242 253 123 103
    255 47 210 119 223 238 182 191 122 222 126 255 247 37 87 191 210 126
    249 245 92 93 253 46 221 31 245 111 157 172 24 5 242 29 156 73 16
    246 115 191 90 87 32 250 29 185 255 245 62 243 249 254 89 253 214
    245 127 212 147 218 191 223 251 107 246 45 230 251 175 123 242 246
    124 101 247 239 223 243 117 52 255 253 250 117 121 125 251 110 255
    37 243 111 191 250 47 215 244 61 156 77 103 243 247 251 251 63 133
    254 59 221 252 222 55 189 93 57 127 85 21 251 191 127 62 93 254 247
    112 251 247 127 211 119 249 126 240 63 127 249 221 169 159 108 150
    254 195 89 251 125 118 223 255 47 213 20 245 111 149 182 155 13 248
    157 155 93 56 247 123 191 251 223 46 219 251 220 255 247 255 247 219
    216 254 255 214 95 239 253 114 253 255 247 63 247 236 143 191 125
    239 255 255 63 222 31 243 191 215 45 30 255 90 125 253 245 81 92 58
    63 217 28 253 181 157 172 26 5 248 191 156 75 80 246 51 189 92 23 48
    250 221 246 126 229 254 181 187 240 60 255 242 91 204 89 249 69 160
    253 255 235 253 119 139 248 13 122 189 246 220 71 247 247 255 48 221
    57 215 249 233 117 252 92 123 31 241 165 219 115 184 253 24 39 240
    189 156 73 22 247 183 189 250 215 32 255 122 1 168 188 38 95 92 39 7
    198 93 132 29 164 63 126 157 154 96 244 22 241 192 35 221 85 241 92
    65 246 254 233 194 60 211 168 207 104 200 105 48 157 181 41 245 20
