<?xml version="1.0"?>
<opencv_storage>
<ImageFile>"494.jpg"</ImageFile>
<Features type_id="opencv-matrix">
  <rows>52</rows>
  <cols>64</cols>
  <dt>u</dt>
  <data>
    243 54 80 162 223 178 10 24 98 67 147 114 172 75 128 81 102 215 13
    212 73 5 129 116 134 144 249 47 146 40 225 33 82 36 220 155 74 120
    37 85 64 64 24 9 209 13 244 29 152 190 16 4 96 185 222 105 16 50 49
    156 24 87 48 56 201 134 6 5 233 245 162 180 60 189 70 79 140 57 91
    165 100 249 221 235 248 131 175 248 105 104 28 166 252 71 243 247
    253 97 113 113 87 131 172 170 221 20 90 158 193 227 90 113 169 73 92
    37 213 254 136 201 118 253 167 148 198 7 0 253 201 6 6 7 233 245 162
    244 60 189 70 79 140 61 67 165 110 249 221 235 248 131 239 248 105
    104 28 166 252 71 179 247 125 97 113 113 87 131 172 234 221 84 90
    150 193 163 74 113 169 73 92 37 213 254 136 201 118 252 167 148 198
    7 4 252 94 50 65 181 254 160 58 77 20 251 80 49 129 2 145 83 96 221
    1 96 233 33 202 121 12 136 170 175 82 41 49 239 87 164 20 59 115 248
    161 118 96 76 72 14 195 21 203 91 153 236 24 5 228 28 156 73 16 242
    179 157 216 86 32 246 187 244 124 255 191 189 255 25 253 255 253 250
    189 123 116 93 246 255 103 251 253 118 211 126 245 255 247 255 126
    119 245 227 207 236 222 190 251 121 249 125 126 223 127 237 213 113
    247 127 187 191 152 15 250 157 222 93 58 247 247 191 251 219 172 219
    191 254 108 239 255 189 223 24 255 125 254 251 175 127 236 93 243
    247 46 185 245 118 155 124 245 255 113 63 254 123 247 255 159 236
    223 182 255 89 249 125 125 223 107 189 213 81 252 111 185 255 153 13
    252 133 223 125 62 246 246 191 250 223 172 222 63 246 125 170 63 188
    165 88 255 94 254 243 237 63 236 85 247 254 135 248 241 86 153 116
    229 188 97 251 126 94 233 251 157 236 223 190 255 120 169 125 109 95
    58 173 212 195 246 109 186 189 153 12 242 21 207 93 62 242 183 188
    218 223 108 90 126 54 253 183 254 255 27 125 238 255 219 60 253 254
    187 118 251 213 107 98 253 167 211 61 93 233 172 47 82 159 115 239
    211 36 87 191 82 120 225 126 112 92 56 47 213 20 229 111 153 172 24
    5 240 29 156 73 16 242 51 189 88 86 32 250 92 49 255 148 66 135 90
    103 194 134 213 20 87 224 147 82 254 195 82 102 27 173 199 135 158
    42 230 204 64 140 244 168 66 37 5 191 10 124 67 92 16 72 149 14 233
    60 129 14 155 172 25 199 112 24 20 73 64 243 49 185 120 22 35 235 61
    55 125 190 54 55 61 123 246 86 255 48 125 127 185 86 251 244 99 102
    117 98 209 119 220 191 165 153 114 30 112 233 214 36 85 190 82 120
    201 124 120 92 56 47 212 20 245 110 153 172 24 5 240 29 156 73 16
    242 51 189 88 87 32 250 253 254 239 249 255 255 247 255 253 253 254
    255 255 254 251 238 251 253 255 111 125 223 255 189 127 255 63 183
    255 223 126 191 249 103 119 251 86 247 253 254 251 127 250 62 95 191
    91 177 237 173 126 189 217 255 141 78 208 252 105 255 223 95 59 191
    61 55 253 190 54 63 61 127 246 84 253 177 125 251 189 86 243 212 99
    102 117 34 209 55 220 171 165 25 114 156 116 169 210 36 85 190 82
    120 193 124 120 94 56 47 212 20 229 110 153 172 24 5 240 29 156 73
    16 242 51 189 88 86 32 250 61 55 253 180 55 55 57 127 244 222 210 55
    125 239 179 87 250 244 67 99 113 38 209 119 220 186 244 137 90 28
    112 233 214 36 85 190 82 120 201 124 120 92 56 47 212 53 229 110 153
    172 24 5 240 29 156 73 16 242 51 189 88 87 32 250 127 54 125 167 255
    183 155 121 254 127 211 62 253 63 187 85 250 213 75 100 249 7 147
    116 204 248 252 47 210 26 115 235 213 36 85 191 82 120 169 116 112
    92 24 15 213 20 244 109 153 172 24 5 240 29 156 73 16 242 51 188 88
    87 32 250 61 53 125 188 55 53 61 127 244 84 213 176 125 58 180 86
    250 212 67 96 113 34 208 55 92 168 164 25 82 28 116 233 210 36 85
    186 82 120 193 116 120 92 56 47 212 20 229 110 153 172 24 5 240 29
    156 73 16 242 51 189 88 86 32 250 246 57 219 222 19 67 89 239 198
    192 149 180 119 198 150 90 127 214 48 71 15 173 231 7 143 195 242 73
    83 168 214 41 151 38 53 222 2 124 211 85 48 249 181 99 191 28 229
    174 211 174 123 215 48 24 52 75 25 50 121 123 25 53 161 250 60 51
    245 182 54 55 41 127 198 94 211 53 125 90 177 87 242 212 67 96 241
    32 193 119 140 168 228 137 82 28 113 233 215 36 85 190 82 120 129
    116 120 92 24 15 208 21 225 79 153 172 24 5 240 29 156 73 16 242 51
    189 88 87 32 250 86 49 217 222 50 69 93 111 195 198 85 176 87 194
    150 90 127 214 32 111 15 173 226 3 141 147 246 121 67 168 212 41 214
    54 53 254 138 124 211 85 48 234 181 107 191 28 229 46 211 166 59 199
    96 24 52 77 17 243 121 219 121 53 161 250 58 49 81 150 54 133 24 37
    198 0 81 52 125 66 145 80 118 130 66 210 195 34 193 198 152 138 228
    217 66 184 245 232 103 44 4 190 202 56 129 213 152 72 149 14 192 52
    129 78 155 174 25 3 112 24 28 73 0 243 51 185 120 22 32 249 127 182
    253 137 255 247 155 125 254 255 146 125 253 63 187 85 250 245 75 114
    253 99 219 125 77 232 236 47 90 93 113 239 223 44 87 191 82 120 233
    116 112 92 122 46 213 52 245 111 153 172 24 5 240 29 156 73 16 242
    51 189 88 87 32 250 252 249 255 253 118 127 251 255 255 221 255 191
    127 254 255 254 251 221 251 111 63 253 230 183 255 255 255 253 111
    255 126 187 254 127 119 255 222 127 255 125 122 125 255 126 255 191
    245 238 255 175 239 223 251 127 188 223 253 254 121 255 127 253 191
    250 254 254 255 247 255 245 251 249 255 255 210 255 255 111 251 93
    251 213 127 107 253 111 219 125 127 254 191 63 222 95 119 255 215
    237 93 255 214 253 253 119 121 92 107 62 223 28 253 55 157 172 24 5
    240 191 156 105 80 246 51 189 222 95 32 254 60 255 255 253 54 255
    253 127 255 255 223 253 255 124 125 254 253 255 251 251 247 127 215
    247 253 127 247 254 109 247 255 235 207 120 199 172 255 123 248 121
    124 93 247 111 247 245 247 111 191 254 143 207 242 29 216 93 127 247
    255 255 251 251 237 222 57 149 253 222 54 93 217 63 247 252 22 213
    29 126 189 86 255 214 192 43 212 122 208 247 217 162 228 90 122 217
    213 107 215 36 85 182 214 120 251 125 112 93 187 47 212 52 245 111
    155 172 153 13 240 29 156 73 48 242 115 189 90 87 40 250 2 129 152
    118 41 128 216 0 18 162 5 196 144 64 1 16 12 10 128 147 134 44 75 75
    161 18 194 78 2 37 133 102 151 146 1 0 49 136 250 34 96 60 237 97
    181 84 183 107 147 202 41 71 180 1 120 73 23 83 214 163 48 115 193
    78 76 33 177 176 0 7 34 103 0 130 67 20 80 128 147 2 98 72 67 100 10
    161 194 146 12 8 164 204 64 132 48 136 80 36 85 186 0 106 1 68 144
    64 16 14 64 20 131 78 25 44 24 1 112 28 20 73 0 226 19 184 72 6 32
    242 239 190 239 231 255 181 155 216 254 255 146 127 239 123 179 93
    234 245 59 114 205 39 203 125 110 222 191 47 222 31 51 127 215 172
    93 187 82 121 233 118 112 92 104 47 213 20 249 51 153 172 24 5 240
    157 156 73 16 242 51 189 216 87 32 254 127 54 117 166 63 183 11 121
    230 102 211 52 253 43 177 87 242 215 3 112 225 35 195 116 204 136
    236 77 82 24 241 233 215 44 85 190 90 120 129 116 120 92 24 15 209
    20 225 79 153 172 24 5 240 29 156 73 16 242 51 188 88 87 32 250 127
    180 255 188 126 247 191 127 246 254 213 245 255 255 179 95 251 213
    99 99 245 39 210 119 221 235 244 63 90 93 117 235 215 36 85 190 82
    120 233 116 120 92 56 47 213 20 245 111 153 172 24 5 240 29 156 73
    16 242 51 189 88 87 32 250 60 51 253 176 54 55 57 127 246 214 215 52
    125 58 177 87 242 212 67 98 241 38 209 119 220 168 164 137 82 156
    112 233 214 36 87 190 82 120 129 116 120 92 24 14 208 52 193 110 153
    172 24 5 240 29 156 73 16 242 51 189 88 87 32 250 63 54 125 174 55
    189 61 121 247 94 251 52 125 63 253 117 246 246 67 240 241 114 145
    119 220 172 228 217 122 124 253 233 252 44 215 190 218 122 129 125
    254 95 31 14 212 183 230 79 155 174 24 13 242 29 159 89 24 242 59
    188 122 214 42 240 239 246 109 163 255 180 139 217 236 127 186 126
    237 91 249 117 226 245 47 240 201 71 155 124 78 220 61 47 222 31 51
    127 119 172 223 187 122 113 173 119 100 92 90 29 213 204 248 17 152
