<?xml version="1.0"?>
<opencv_storage>
<ImageFile>"497.jpg"</ImageFile>
<Features type_id="opencv-matrix">
  <rows>72</rows>
  <cols>64</cols>
  <dt>u</dt>
  <data>
    58 50 113 165 254 160 171 248 206 187 211 119 229 64 147 80 122 197
    67 82 233 32 135 220 140 152 254 171 214 46 119 190 101 172 93 159
    94 51 137 87 137 64 19 14 195 165 136 21 154 188 24 35 242 156 156
    97 192 50 19 152 108 7 32 180 58 50 97 167 254 177 155 248 206 159
    211 119 237 4 145 80 114 213 71 82 232 32 135 220 172 184 254 171
    214 58 119 191 103 44 221 159 94 123 137 87 217 68 19 14 195 165 152
    61 154 189 24 3 242 156 156 113 128 114 51 152 108 31 32 182 63 246
    109 238 63 189 157 120 247 126 245 240 253 123 180 85 178 244 66 241
    245 114 209 119 221 170 229 159 126 125 245 235 223 108 214 190 222
    120 249 125 126 95 59 175 212 113 245 111 187 174 24 15 240 29 222
    93 56 243 55 189 250 215 44 251 84 59 211 245 252 162 250 254 82 185
    211 53 199 194 131 82 118 215 57 70 206 45 198 91 142 202 226 79 82
    41 49 111 119 39 52 187 86 124 247 87 208 76 153 78 233 12 201 95
    153 172 24 197 240 60 156 73 80 250 51 159 88 7 177 254 250 94 101
    248 255 191 47 73 45 127 250 26 221 249 124 244 243 221 63 96 252
    240 184 56 95 205 169 175 219 151 57 255 240 165 84 187 67 114 165
    246 254 94 88 31 212 159 214 85 141 173 20 4 106 29 143 73 144 244
    51 188 92 86 48 189 59 20 40 182 6 165 25 39 6 238 81 20 29 8 48 86
    124 218 65 225 240 48 209 115 28 168 160 74 82 180 245 235 71 52 21
    186 219 104 160 92 112 72 53 43 208 20 227 111 153 172 24 5 240 28
    156 65 16 179 51 185 88 87 32 234 44 134 108 168 145 181 166 81 37
    70 40 32 152 43 185 69 194 249 65 100 209 114 18 112 84 84 41 45 80
    156 49 129 198 4 214 170 80 120 33 116 52 66 56 173 85 212 214 79
    153 172 24 4 114 29 157 89 16 226 51 188 88 211 40 242 7 0 12 5 33
    144 18 36 32 161 181 160 152 57 2 34 0 40 1 209 137 35 227 48 0 40
    128 8 64 140 129 33 253 60 0 170 82 56 129 220 80 24 56 14 208 17
    195 110 153 174 24 5 240 29 216 73 16 243 51 188 88 18 32 203 7 1 12
    20 33 128 18 36 16 161 181 0 8 57 2 2 32 24 0 209 201 35 227 48 0 8
    128 12 112 4 1 33 253 60 0 186 82 8 128 220 80 24 56 14 208 17 195
    110 25 174 25 5 240 28 152 73 16 243 51 188 88 22 32 203 62 178 125
    230 63 177 185 56 212 60 214 113 237 90 145 85 242 254 195 210 245
    34 193 119 140 186 224 219 94 117 229 239 207 44 214 182 255 56 233
    117 248 93 83 143 208 33 147 79 186 190 153 11 240 29 220 81 38 178
    183 159 250 215 36 94 235 222 109 237 255 189 191 217 189 127 252
    203 239 125 126 93 243 253 127 122 252 119 154 124 111 255 189 63
    254 83 119 255 215 237 223 251 242 121 253 119 127 95 122 191 213
    211 252 113 156 189 24 13 240 189 159 125 56 246 115 191 218 223 44
    250 13 182 109 168 28 189 37 114 48 126 202 21 76 61 173 65 192 236
    129 96 241 80 24 251 76 40 0 210 124 69 57 71 213 64 213 168 127 242
    33 116 246 22 90 143 84 147 230 75 152 108 8 4 240 29 143 73 62 226
    31 188 218 211 110 241 200 222 134 197 238 255 250 177 60 255 122
    203 142 89 114 173 237 221 125 239 252 141 190 248 107 127 191 230
    220 23 51 247 215 49 95 121 83 125 236 231 121 92 58 63 221 60 255
    113 157 141 24 5 241 255 156 73 17 246 51 189 84 87 0 250 205 30 150
    117 253 163 250 250 24 249 194 107 194 217 130 11 36 253 185 83 239
    45 202 123 6 122 250 246 88 69 163 199 95 179 112 33 53 237 252 103
    93 44 235 102 233 9 219 243 60 222 56 245 245 254 152 195 71 159 247
    135 138 119 149 78 1 22 0 128 140 128 130 80 34 74 0 65 128 1 0 1
    100 196 1 32 192 32 128 96 12 128 40 72 16 8 1 65 85 36 84 186 80
    112 1 68 80 64 24 14 192 4 192 77 152 44 24 4 112 24 156 73 16 114
    51 156 88 87 32 249 59 22 124 130 47 183 147 63 182 124 86 17 61 56
    49 84 246 215 1 112 208 35 192 115 88 168 224 12 82 16 113 107 215
    36 85 186 83 120 169 116 112 92 24 15 213 20 241 79 153 172 24 5 240
    29 156 73 16 242 51 189 88 87 32 250 19 16 209 146 95 131 3 78 38 96
    2 21 29 106 160 81 226 215 1 96 192 37 192 115 76 136 160 13 82 8 49
    105 215 36 85 186 82 120 129 116 80 84 24 14 209 20 225 79 153 172
    24 5 240 29 156 73 16 242 51 189 88 87 32 250 255 221 254 255 255
    253 253 241 63 255 127 251 159 255 254 253 255 223 53 227 237 165
    231 122 239 223 243 123 219 95 247 251 215 36 85 254 83 121 233 116
    114 92 56 63 213 23 247 127 153 172 24 5 240 29 157 73 16 242 51 189
    88 87 32 250 28 179 124 236 55 177 244 115 20 216 212 241 76 80 181
    65 252 222 235 251 241 60 192 243 168 62 97 220 124 68 244 232 222
    112 153 132 223 120 200 117 121 31 179 55 244 165 247 111 186 191
    141 15 240 12 154 73 54 211 55 143 114 127 36 218 3 6 76 138 11 152
    4 13 34 112 132 32 60 55 44 1 204 178 1 240 192 96 81 112 80 16 192
    8 42 0 129 65 157 36 81 178 83 88 41 104 116 29 24 39 84 21 246 79
    153 172 24 4 240 29 218 73 24 242 55 180 88 83 32 90 57 215 109 222
    38 29 93 57 247 212 85 211 221 125 126 70 189 244 98 251 116 118 208
    246 217 62 149 56 120 210 95 233 222 124 67 190 222 120 248 125 124
    93 61 175 244 116 245 111 185 174 137 15 242 29 156 93 56 243 115
    189 123 215 44 250 43 6 109 170 31 63 7 127 244 126 214 4 125 61 61
    69 194 244 67 112 240 83 208 119 92 168 140 4 122 208 57 201 213 44
    215 186 82 122 137 120 124 93 26 143 84 149 228 79 155 172 152 12
    242 29 156 89 56 226 51 188 90 215 44 250 252 253 255 253 118 111
    253 255 221 253 253 255 127 254 255 254 251 221 251 111 63 191 230
    183 255 239 247 255 123 223 118 255 239 39 117 255 214 127 255 253
    122 253 255 127 255 63 255 238 221 172 255 223 249 127 156 207 241
    254 123 255 255 116 147 254 252 249 255 253 62 127 253 255 253 252
    254 253 127 252 255 238 187 221 251 43 245 127 255 255 255 111 247
    246 109 215 255 239 207 123 231 253 254 255 249 125 122 253 247 63
    255 183 247 107 191 254 175 223 250 125 156 92 127 255 255 255 251
    255 239 254 33 23 125 152 50 29 29 121 183 94 47 4 93 125 189 103
    246 244 66 32 212 114 208 242 88 160 164 24 120 216 93 105 214 36 87
    186 82 122 193 124 244 93 24 15 212 54 229 78 153 172 24 5 240 29
    157 73 16 242 51 189 88 86 40 248 252 254 255 175 254 127 191 255
    255 253 254 255 255 191 251 254 251 215 123 107 253 213 239 188 223
    239 253 187 255 223 247 255 253 44 85 254 94 123 233 116 250 93 123
    62 213 55 247 109 153 172 30 5 240 29 157 73 20 246 51 189 90 87 34
    254 197 46 210 245 216 194 238 197 41 233 128 187 194 227 131 74 139
    9 185 103 143 141 110 57 87 203 26 167 195 13 35 7 87 135 125 251 48
    253 127 62 97 96 232 242 111 24 91 179 93 204 120 245 213 254 188
    170 208 236 161 45 204 101 177 246 93 23 252 180 110 183 62 117 48
    255 213 69 220 116 50 66 236 217 65 231 253 37 194 243 204 106 160
    254 80 20 181 227 223 36 85 186 91 120 233 116 112 92 56 47 213 21
    247 111 153 172 24 5 240 29 156 73 16 242 51 189 88 87 32 250 248
    189 255 223 54 247 253 255 255 253 213 255 255 252 183 94 251 213 99
    103 252 191 211 247 221 251 182 191 122 220 118 235 215 36 85 190
    210 120 249 117 120 93 57 47 213 52 245 111 153 172 24 5 240 29 156
    73 16 242 51 189 90 87 32 250 252 254 255 175 126 127 187 255 253
    253 254 255 127 191 251 238 251 213 251 107 253 215 255 188 255 237
    189 187 255 223 127 255 253 109 117 254 222 115 233 252 250 93 122
    62 221 183 210 109 189 172 94 5 240 31 157 77 20 246 59 188 219 87
    34 254 51 23 245 150 31 7 1 127 246 84 20 117 61 123 176 85 250 214
    1 96 192 38 193 119 76 138 160 13 82 24 113 105 215 36 85 186 82 120
    201 116 112 92 24 15 208 20 245 79 153 172 24 5 240 29 156 73 16 242
    51 189 88 87 32 250 54 181 125 150 191 141 221 73 246 69 61 112 189
    110 180 84 242 214 4 99 199 42 194 119 92 158 165 43 82 154 117 107
    215 36 85 186 82 120 233 116 112 92 56 47 212 20 245 111 153 172 24
    5 240 29 156 73 16 242 51 189 88 87 32 250 111 38 97 160 223 164 35
