<?xml version="1.0"?>
<opencv_storage>
<ImageFile>"498.jpg"</ImageFile>
<Features type_id="opencv-matrix">
  <rows>318</rows>
  <cols>64</cols>
  <dt>u</dt>
  <data>
    253 254 255 253 254 255 255 117 61 255 236 251 223 253 254 239 185
    253 251 107 255 125 90 251 255 127 251 247 125 215 255 239 207 211
    215 41 247 253 253 127 126 63 251 255 247 189 255 123 191 238 152
    111 247 253 158 93 127 255 247 191 219 255 249 254 254 253 255 253
    191 253 253 255 255 255 221 255 255 255 255 222 251 255 123 123 255
    255 211 255 255 255 247 255 127 255 255 239 223 239 111 255 255 255
    249 127 124 221 255 255 255 245 255 127 191 174 155 207 242 189 158
    93 124 246 255 255 255 255 171 254 122 253 239 255 55 191 221 187
    255 254 253 184 127 250 253 254 179 147 126 255 191 127 245 183 253
    111 231 191 107 255 252 250 235 60 102 255 223 127 242 253 250 255
    245 111 247 127 211 111 191 174 155 207 250 29 221 93 89 247 127 255
    123 254 171 251 253 237 239 93 242 91 93 238 251 181 189 255 255 247
    230 234 235 213 63 111 15 221 231 189 111 255 191 59 235 79 62 63
    243 103 101 251 90 127 255 254 86 255 248 63 223 62 253 180 221 173
    94 181 217 191 148 111 216 252 49 61 93 84 50 251 123 221 254 222 63
    191 219 59 191 255 93 207 191 124 124 127 244 247 124 187 246 127
    210 127 249 230 230 126 127 115 255 239 215 252 211 52 223 123 250
    243 214 223 239 111 245 22 245 111 159 186 152 15 246 189 158 93 57
    183 115 191 243 255 142 255 124 189 255 221 62 255 255 127 255 252
    253 185 127 255 191 254 255 247 122 107 255 125 246 191 221 235 230
    255 107 221 253 239 239 111 103 190 222 249 251 127 126 95 253 239
    245 182 245 111 191 172 143 79 242 29 157 93 124 246 123 255 251 222
    235 255 3 150 68 96 253 184 162 88 56 25 134 67 140 89 0 1 100 253
    169 120 192 37 138 113 38 152 9 38 124 7 33 103 215 96 209 56 115
    120 169 101 245 20 26 15 209 129 242 79 152 189 24 5 240 29 158 73
    18 242 55 157 80 87 36 250 63 253 125 222 55 253 221 121 255 196 221
    250 253 127 252 221 251 247 102 255 55 118 209 247 253 255 245 121
    127 254 222 169 206 124 199 158 202 120 249 125 124 221 189 175 245
    117 245 110 155 174 153 15 242 29 222 93 56 243 115 191 123 223 44
    218 252 59 247 245 252 97 233 254 216 191 242 63 231 193 147 235 235
    205 239 107 111 173 238 190 143 251 183 171 210 15 50 190 123 39 125
    251 86 245 125 214 249 100 186 62 203 37 91 183 136 173 92 241 208
    190 140 73 192 240 33 159 92 6 33 182 248 222 255 223 239 255 255
    255 191 255 127 207 159 253 127 238 255 247 127 111 126 143 254 61
    123 239 191 62 223 211 126 191 243 103 127 125 211 247 252 254 251
    94 249 62 223 190 253 181 205 141 94 181 249 255 149 239 209 252 121
    191 223 92 19 191 252 127 247 253 122 111 127 247 127 253 107 153 95
    243 251 222 255 223 253 99 255 173 246 59 223 223 183 255 251 207
    255 255 243 39 117 187 210 244 241 116 246 94 248 63 253 22 221 111
    141 172 92 5 240 31 157 73 144 254 115 189 90 70 33 250 12 207 174
    253 42 255 252 55 61 255 126 205 30 124 125 174 141 248 249 171 244
    125 126 251 121 111 134 246 109 213 189 231 255 210 243 32 255 203
    250 169 254 191 255 118 246 183 119 107 191 219 175 223 247 77 219
    92 55 215 255 239 243 251 207 255 254 43 235 245 255 245 219 253 220
    191 211 254 243 218 219 238 251 149 127 95 63 143 254 29 31 255 191
    47 210 155 118 190 107 47 103 255 210 63 237 94 248 92 241 190 223
    109 153 181 191 172 152 161 209 191 156 115 80 248 113 253 127 23 56
    254 39 199 104 168 21 28 5 75 165 68 172 224 9 63 252 199 139 116 35
    105 144 114 208 99 117 149 17 33 63 58 25 65 132 70 247 138 226 120
    41 60 37 191 56 225 22 208 116 110 16 181 180 12 40 21 231 28 56 194
    106 173 91 223 44 218 124 54 117 159 40 197 63 101 107 239 105 153
    85 39 191 214 255 214 128 99 220 169 238 184 217 201 242 127 11 169
    253 111 213 164 117 186 144 248 225 126 116 94 105 47 247 20 221 127
    153 172 120 7 246 29 156 73 136 242 51 189 88 71 32 246 250 26 246
    245 174 245 253 181 63 255 91 143 159 236 59 126 253 219 97 227 252
    253 215 123 219 110 178 254 120 215 255 239 247 52 87 56 215 126 248
    127 84 93 93 46 213 20 231 127 157 172 24 5 242 29 156 77 24 247 51
    189 91 95 34 254 45 206 109 168 122 255 191 113 61 126 238 157 93 61
    253 237 131 252 219 104 244 80 156 120 125 237 13 148 125 87 61 255
    245 96 93 184 86 242 169 180 250 95 90 62 84 151 246 105 153 45 30 5
    248 29 143 73 144 226 43 188 90 78 42 177 44 206 110 169 170 253 163
    241 61 254 254 157 93 60 253 236 193 220 195 104 244 82 156 248 125
    45 13 144 125 215 63 255 241 64 93 40 87 243 169 60 254 95 94 62 84
    183 242 97 159 45 30 5 250 29 141 93 144 226 43 188 219 78 42 181
    253 250 119 245 252 189 255 248 220 61 210 123 237 91 217 85 250 205
    255 106 253 111 139 252 175 255 127 247 254 95 243 255 95 235 221
    255 252 189 253 119 253 92 243 191 237 161 191 115 174 253 157 235
    248 191 143 113 102 254 215 207 254 143 173 182 5 146 20 100 236 184
    162 80 40 17 134 71 196 81 0 1 108 237 137 224 192 37 2 241 134 26
    16 238 124 4 161 66 215 48 81 168 81 56 232 96 117 20 26 7 193 193
    247 79 152 188 8 1 240 29 154 73 18 210 19 149 80 87 36 250 250 41
    235 247 54 151 88 163 212 171 117 178 251 226 147 90 154 145 126 223
    143 191 231 159 157 219 183 191 66 191 54 250 227 47 36 191 223 124
    243 247 120 124 245 109 219 60 147 111 223 174 153 195 241 29 188 88
    81 243 115 251 121 118 241 254 254 249 251 127 255 178 251 250 223
    187 209 251 239 202 211 94 250 135 127 91 191 127 203 223 191 255
    247 191 94 255 231 254 207 239 173 255 255 189 255 127 120 76 243
    253 255 121 155 183 255 254 153 243 252 181 252 245 68 255 247 251
    191 255 249 62 77 207 239 121 32 127 244 247 57 254 110 141 90 245
    255 235 137 121 251 111 244 125 126 179 115 111 134 214 109 197 62
    195 255 82 227 96 181 254 252 168 254 63 250 54 255 247 87 235 189
    232 174 255 211 93 155 28 63 207 111 175 211 250 207 251 61 190 117
    168 223 189 167 120 237 94 202 117 237 127 253 213 251 253 203 96
    241 82 154 125 230 252 104 133 254 92 121 205 93 70 223 158 117 242
    61 52 173 87 90 135 69 163 126 215 172 53 28 44 226 181 143 73 44
    236 15 140 218 207 46 48 44 238 125 169 234 253 163 245 253 255 110
    29 221 60 249 228 195 253 203 104 252 113 158 248 121 108 44 166 237
    199 59 255 253 64 215 40 87 243 173 122 254 85 90 22 84 167 82 81
    191 109 28 45 246 29 141 89 22 224 43 172 218 222 106 245 254 249
    251 127 255 178 255 250 221 191 213 251 239 203 211 94 250 143 127
    91 255 255 203 223 191 255 247 191 94 255 231 254 207 239 172 255
    255 189 253 127 120 110 243 253 255 121 155 179 255 255 153 243 252
    181 252 245 68 255 247 251 191 255 249 191 108 38 109 136 66 95 6 97
    97 102 154 6 89 164 121 230 201 104 67 228 89 208 16 144 220 116 157
    136 128 158 59 128 192 12 199 170 72 114 5 72 60 17 20 173 85 252
    166 76 155 44 128 12 146 29 64 25 0 224 9 180 74 210 104 224 61 254
    247 105 56 255 230 117 249 188 230 249 124 115 233 217 251 170 235
    170 245 123 127 255 241 107 101 247 109 197 249 246 255 202 79 180
    253 178 249 124 255 31 122 182 117 227 211 111 185 253 236 111 246
    13 219 77 54 223 199 167 250 251 239 95 250 222 127 207 239 95 223
    187 191 255 61 203 159 189 124 189 245 247 125 111 212 87 180 121
    127 255 189 126 255 83 127 127 241 101 90 121 82 119 232 240 243 223
    120 63 221 22 244 109 141 137 30 5 248 29 159 77 16 246 51 188 80 95
    2 185 122 16 153 247 191 176 222 12 214 187 213 117 175 70 2 82 126
    151 16 155 206 43 231 95 164 202 226 255 90 113 229 238 31 188 180
    53 255 249 242 247 88 204 227 104 227 5 139 127 187 238 26 71 244
    144 252 105 23 243 247 219 185 55 176 222 67 205 76 94 39 159 94 3
    47 196 29 202 158 253 124 30 141 179 60 191 22 126 80 99 113 215 151
    124 37 186 220 33 146 126 227 206 202 73 250 41 52 187 173 105 181
