<?xml version="1.0"?>
<opencv_storage>
<ImageFile>"499.jpg"</ImageFile>
<Features type_id="opencv-matrix">
  <rows>197</rows>
  <cols>64</cols>
  <dt>u</dt>
  <data>
    62 189 253 170 22 95 21 79 247 68 31 244 125 62 188 220 251 246 99
    96 245 114 209 119 253 157 228 25 123 218 92 233 134 108 71 158 202
    122 201 124 116 221 60 173 212 20 245 110 153 172 153 12 242 29 158
    93 56 242 115 189 91 223 42 250 190 249 125 238 55 125 220 63 255
    146 253 248 125 50 254 222 251 214 70 251 21 114 229 182 253 139 229
    217 127 253 253 232 220 108 198 254 218 122 249 245 250 223 125 47
    240 119 245 110 155 174 159 7 250 29 159 93 16 243 59 189 121 95 42
    251 80 17 155 53 0 226 186 246 144 174 209 1 65 192 19 2 110 205 99
    71 200 163 198 147 12 139 182 204 80 4 48 250 119 36 21 186 82 56 65
    116 120 72 48 14 211 52 131 110 153 172 24 1 240 28 156 65 16 242 51
    157 88 22 32 251 62 49 253 190 50 133 125 111 247 228 213 180 125 46
    189 86 254 150 67 99 183 112 210 55 221 168 228 217 107 248 253 233
    215 36 7 190 147 122 209 124 60 223 61 42 244 21 197 110 155 174 153
    15 242 29 29 93 56 242 59 249 121 214 42 251 16 50 81 167 252 160
    170 116 194 61 82 21 229 67 145 80 118 199 67 98 201 41 203 220 140
    136 238 207 66 140 241 238 119 37 93 191 92 178 1 86 201 64 19 14 65
    164 137 87 152 44 24 3 240 156 28 73 4 114 19 153 72 7 32 244 41 6
    108 168 10 253 33 117 53 94 78 5 93 61 61 37 192 252 195 96 240 112
    208 242 88 40 132 144 120 86 57 201 215 32 83 168 211 122 201 104
    124 29 24 174 84 181 231 111 153 172 24 13 242 29 156 73 56 242 51
    188 90 215 42 248 124 191 255 253 250 191 251 251 253 255 250 249
    255 251 249 252 242 253 251 107 255 127 222 255 223 234 230 191 110
    221 125 254 231 239 79 191 214 254 255 254 254 127 243 238 253 247
    211 127 189 172 152 203 242 61 157 93 84 254 115 191 251 255 171 253
    60 253 255 252 54 63 125 123 247 220 253 179 127 252 252 254 247 223
    99 111 119 124 209 247 223 127 231 217 121 214 254 233 218 38 87 190
    215 122 249 125 122 223 191 47 244 55 247 111 153 172 152 77 250 29
    159 77 24 242 123 191 91 119 163 251 88 19 190 149 32 247 187 246 20
    190 83 5 65 200 19 2 110 221 67 103 252 161 198 147 13 42 182 76 80
    4 49 251 119 36 85 184 82 104 192 64 240 84 48 14 193 36 131 110 153
    172 24 1 240 29 156 65 17 242 51 189 88 23 32 251 197 33 146 116 104
    34 120 102 16 186 193 49 66 195 130 2 40 9 177 199 235 173 98 155
    142 10 178 199 64 37 160 70 91 147 36 161 53 172 96 213 72 32 177 66
    235 1 131 75 121 230 56 211 229 88 56 192 71 251 151 211 40 50 177
    111 60 255 127 249 58 125 249 245 253 254 255 188 93 254 251 254 251
    252 99 106 253 242 213 190 221 255 183 187 107 223 127 251 227 108
    71 190 223 122 249 124 254 93 245 191 214 247 247 111 191 173 156 15
    242 29 157 93 60 246 123 189 251 222 104 246 187 252 253 231 255 175
    223 121 255 125 221 123 255 125 180 93 247 245 127 115 244 111 179
    127 254 254 255 63 254 91 127 239 215 109 28 191 210 121 249 255 93
    221 91 47 221 21 253 95 141 181 24 13 248 188 158 77 56 246 115 159
    218 95 36 250 60 255 117 255 190 189 253 249 255 125 255 191 253 127
    253 244 247 222 199 106 255 106 147 254 221 190 231 251 255 255 253
    255 243 252 119 190 247 251 241 253 255 95 219 254 244 183 207 95
    169 167 92 79 250 31 159 77 28 243 127 191 251 78 171 189 19 49 17
    52 21 32 33 90 192 0 193 52 98 193 128 19 110 196 7 69 42 170 33 23
    132 154 225 137 82 6 96 40 82 38 52 190 2 48 65 212 24 64 24 11 192
    65 163 14 8 36 80 4 96 24 4 65 16 50 49 157 8 22 36 250 187 212 125
    175 255 181 159 24 191 127 220 123 189 127 180 85 246 247 31 112 248
    115 186 124 108 252 249 63 255 91 125 255 213 236 150 254 243 113
    185 255 94 223 90 15 209 17 220 93 157 189 24 13 248 157 156 73 56
    246 51 156 218 223 46 249 135 49 17 54 21 34 32 90 66 0 129 50 98
    195 128 17 106 68 7 84 3 172 1 7 134 154 240 137 210 12 160 32 82 38
    20 154 0 48 1 84 0 64 24 11 200 73 161 78 8 36 16 0 96 26 4 65 16 50
    49 153 8 22 36 104 66 197 8 222 35 154 94 1 35 99 45 202 156 100 36
    26 21 3 52 145 142 117 81 67 209 87 243 126 33 179 141 96 131 152 66
    0 139 72 242 107 34 187 237 233 183 92 245 47 215 202 32 79 38 65
    122 190 27 83 208 49 49 241 217 74 182 49 187 244 48 4 120 103 66
    230 81 84 87 192 144 82 118 198 6 99 135 172 224 19 156 138 230 219
    66 172 245 234 99 52 52 190 202 120 194 215 208 72 177 202 226 20
    129 111 153 172 24 67 112 28 156 65 17 243 115 187 120 54 33 251 62
    165 237 156 54 159 29 111 231 198 189 176 221 191 182 78 242 213 66
    103 151 119 210 119 93 170 164 29 114 156 60 41 215 44 70 186 218
    120 193 124 118 95 60 47 212 20 197 111 153 172 24 5 114 29 157 73
    24 242 51 189 88 86 34 251 187 246 125 237 255 189 159 89 254 127
    253 251 253 121 252 93 246 245 111 98 252 102 147 124 206 255 245 63
    255 31 117 251 215 100 86 190 82 120 233 116 118 94 56 31 213 150
    244 79 153 173 24 5 240 29 159 73 16 242 51 157 88 87 32 249 189 254
    118 103 191 253 187 248 255 189 238 255 255 123 249 253 251 255 111
    251 245 38 191 125 229 127 245 255 127 95 255 247 255 108 87 190 83
    122 233 252 253 92 122 46 213 119 211 111 185 173 24 5 240 29 157 73
    16 242 51 189 218 87 32 250 29 22 16 32 9 162 34 116 0 56 194 37 96
    8 129 1 110 171 131 192 225 35 65 210 128 40 232 204 64 4 225 98 77
    0 69 188 17 56 1 76 120 84 24 134 69 97 162 79 184 172 24 5 240 28
    216 65 18 242 23 180 8 19 32 74 3 3 0 54 41 0 24 6 6 32 23 0 32 123
    0 18 36 138 0 211 193 162 193 18 0 10 192 90 66 160 129 96 59 60 0
    182 83 8 128 205 200 8 17 10 224 65 131 79 25 174 25 3 112 24 152 65
    18 115 51 148 40 50 32 73 60 177 125 12 52 101 185 118 214 148 245
    241 109 51 145 210 255 198 67 251 177 34 229 150 189 41 228 217 107
    156 229 234 237 44 39 190 222 56 233 125 121 94 179 175 242 113 147
    110 187 174 207 75 240 28 28 85 36 243 19 249 122 215 108 255 63 53
    105 180 55 101 89 127 148 198 245 176 121 8 148 70 186 212 66 115
    178 34 240 55 28 171 167 25 82 188 116 233 198 44 20 186 194 120 193
    221 112 200 53 175 210 16 245 110 155 172 26 5 240 28 148 65 16 178
    51 185 120 22 40 250 187 244 124 174 191 189 159 25 255 127 253 250
    191 123 54 93 247 247 103 241 241 114 243 124 244 255 245 59 255 249
    253 235 199 44 214 190 250 121 169 253 122 223 123 173 208 85 213 77
    153 174 24 13 240 29 221 89 48 242 51 189 250 215 42 251 92 57 211
    247 112 227 250 231 82 185 87 117 246 214 147 90 126 195 184 79 143
    45 199 215 143 202 242 223 66 172 244 174 87 55 53 191 223 124 219
    85 81 92 177 110 235 12 139 111 221 174 41 215 240 124 60 203 69 255
    115 251 121 39 177 250 59 240 125 247 255 189 219 56 222 125 215 127
    189 90 244 116 246 247 95 242 245 58 147 126 188 186 231 63 254 251
    245 255 207 236 14 190 255 59 249 255 219 223 211 143 209 115 185 95
    191 191 153 9 248 157 159 81 48 242 247 191 250 159 174 221 2 2 0 33
    236 144 138 1 40 59 2 71 128 65 33 49 100 219 1 224 200 33 138 120
    76 216 172 110 144 2 51 66 87 36 85 184 83 120 233 96 96 92 24 15
    213 4 247 111 152 172 24 5 240 29 156 73 16 242 51 181 88 87 32 248
    187 244 125 230 255 189 223 25 255 127 253 250 191 127 244 117 246
    247 23 113 244 114 176 124 236 222 225 59 255 123 125 235 215 108
    156 254 218 121 249 247 82 223 94 15 208 20 244 95 153 173 26 5 232
    29 158 73 24 242 51 189 88 95 34 185 29 54 243 33 220 244 171 252
    148 254 194 119 197 77 155 117 250 237 131 98 241 35 206 88 204 168
    60 231 220 69 99 255 103 160 93 180 117 176 105 116 121 68 82 142 69
    33 147 123 184 252 24 1 240 29 156 65 22 242 183 189 218 87 32 246
    163 221 102 202 151 12 197 219 55 84 44 219 15 255 230 93 227 212 37
    102 70 204 176 114 110 223 49 41 255 26 26 57 210 102 28 218 66 116
    91 244 119 222 56 63 92 20 116 196 193 181 82 4 216 30 143 77 24 240
    32 61 92 85 36 184 43 148 108 174 63 191 87 25 181 116 221 241 189
