<?xml version="1.0"?>
<opencv_storage>
<ImageFile>"5.jpg"</ImageFile>
<Features type_id="opencv-matrix">
  <rows>309</rows>
  <cols>64</cols>
  <dt>u</dt>
  <data>
    50 1 129 214 38 68 209 38 198 132 23 21 25 112 19 2 60 198 64 170
    130 42 196 71 56 128 132 24 38 184 21 104 135 60 33 20 222 8 202 72
    177 57 129 142 128 160 129 110 51 168 207 139 52 8 148 81 33 98 58
    89 96 5 0 254 124 255 255 253 126 191 127 251 253 254 254 187 253
    254 253 206 243 221 251 110 253 253 211 255 255 238 175 189 127 221
    124 255 243 103 119 255 214 127 245 125 254 223 251 62 223 167 199
    111 191 173 159 141 250 61 159 93 116 254 123 223 219 206 43 247 130
    197 8 154 3 24 84 1 47 67 45 200 26 104 100 175 132 50 4 145 6 112
    240 98 113 135 129 34 49 162 28 1 146 148 82 0 3 72 194 170 130 187
    44 105 144 22 245 42 81 138 18 4 12 1 243 170 25 195 48 52 17 112
    138 201 44 142 236 168 3 31 37 75 181 246 6 192 27 58 188 79 128 57
    97 105 244 86 216 115 85 178 5 7 120 216 29 193 135 2 195 170 82 88
    233 56 244 191 124 37 213 84 117 235 27 172 152 12 243 29 223 28 56
    226 51 189 75 219 40 250 9 142 140 153 40 221 188 5 57 254 10 132
    144 100 121 167 141 120 129 227 212 112 90 251 89 86 144 198 72 199
    59 67 215 16 83 32 83 234 232 40 112 60 56 46 213 20 247 107 153 200
    24 5 244 29 152 72 19 195 51 181 64 115 72 234 237 206 238 249 238
    255 255 245 61 255 110 207 222 253 127 239 141 249 249 235 252 221
    254 249 123 127 63 246 253 215 127 247 223 211 255 97 247 255 252 59
    254 61 234 63 223 191 127 179 253 217 62 253 215 255 157 254 95 221
    255 191 215 251 27 254 237 222 238 253 254 255 255 245 61 255 110
    207 223 253 127 239 157 253 251 111 252 221 254 249 123 127 191 246
    125 87 127 255 223 243 223 105 215 255 252 123 254 127 234 63 223
    191 255 179 189 217 30 189 215 253 159 254 95 222 251 191 223 255 27
    254 3 6 0 2 77 130 2 2 34 0 0 65 8 25 32 17 100 163 1 144 192 39 65
    99 64 24 200 76 16 0 129 65 159 44 80 176 90 8 41 96 100 20 24 15
    193 80 244 79 152 172 24 4 240 24 152 73 16 114 51 180 88 87 36 74
    252 255 247 223 114 95 253 255 223 253 127 255 95 254 251 254 251
    215 250 111 63 253 246 183 251 239 246 223 109 251 126 255 231 119
    103 255 214 255 251 253 215 125 245 118 191 174 205 238 223 175 255
    223 242 127 157 223 229 254 123 251 127 108 155 254 2 1 136 146 2
    131 26 39 2 2 17 0 16 0 49 2 76 3 64 208 192 49 65 195 152 0 160 76
    0 136 145 96 207 52 67 170 26 72 128 72 112 72 52 11 213 20 161 79
    155 172 24 5 240 25 28 81 16 115 51 177 24 83 96 234 20 33 147 144 0
    64 40 103 66 130 67 20 80 134 153 2 94 10 194 66 131 32 197 131 152
    0 166 200 0 140 128 200 70 22 5 174 16 8 66 72 40 0 149 32 38 36 35
    110 27 40 169 67 178 24 48 80 1 99 27 241 40 34 97 98 5 134 138 161
    0 144 160 69 32 218 2 192 192 17 41 3 8 104 161 107 192 36 90 219 65
    16 0 230 4 4 33 67 87 16 219 40 17 232 104 32 96 52 56 164 119 64 83
    107 24 200 56 5 241 93 152 8 23 194 19 165 64 83 65 234 239 254 239
    237 254 253 125 213 189 127 125 251 143 251 182 253 233 252 61 105
    249 199 190 56 110 235 188 123 255 89 127 239 245 101 148 251 83 119
    177 247 214 222 90 30 217 150 201 29 153 173 94 5 248 191 159 77 152
    246 57 156 92 86 38 249 48 131 153 138 32 23 132 7 103 212 7 128 21
    50 59 22 254 146 224 43 132 117 80 99 217 128 164 72 38 232 157 107
    135 4 67 32 16 72 170 104 36 31 36 37 180 148 85 111 147 168 169 13
    182 9 185 91 17 114 50 45 81 89 104 250 3 6 4 130 13 128 2 16 38 84
    2 3 136 57 32 5 100 123 1 176 192 38 208 96 64 56 136 68 16 0 129 65
    223 32 83 160 83 72 9 96 116 20 24 143 192 80 246 79 152 172 24 4
    240 28 152 73 18 242 51 180 88 87 32 106 250 185 251 247 255 235 219
    173 222 185 215 255 191 218 242 252 118 151 126 155 207 63 231 127
    175 202 226 127 95 249 247 254 175 173 60 247 254 127 251 247 219
    223 199 94 203 15 153 127 255 190 223 199 252 183 189 243 208 247
    255 251 191 31 182 221 61 55 117 60 26 109 45 79 245 126 202 53 85
    110 253 212 251 184 195 96 245 122 16 182 212 253 247 217 201 246
    255 224 202 24 71 190 177 50 249 124 108 93 84 171 117 241 167 110
    185 166 152 10 226 29 28 81 190 242 95 189 186 207 41 114 62 63 245
    252 58 125 121 71 237 110 203 180 93 110 255 246 251 248 67 98 247
    122 80 183 221 252 246 217 107 254 255 224 199 46 71 190 248 114 249
    124 44 93 212 233 117 247 167 111 185 172 136 75 242 29 28 81 60 242
    91 189 251 239 107 242 175 222 108 170 255 61 167 24 189 93 172 251
    175 59 228 205 195 189 189 57 117 86 184 116 119 247 89 51 255 91 79
    153 158 200 222 192 231 89 189 189 127 159 122 181 213 83 244 65 164
    183 145 12 203 165 207 61 58 148 246 175 146 223 188 27 2 4 128 2 9
    130 2 7 2 32 17 4 144 2 0 16 100 3 0 144 192 37 67 67 144 128 224 77
    2 168 129 96 135 36 65 186 26 8 41 72 96 0 20 137 213 20 181 79 145
    172 8 1 240 24 24 65 16 114 19 177 24 87 32 74 157 190 247 101 253
    249 243 252 120 185 214 127 238 85 203 225 235 205 219 107 245 45
    238 249 239 122 120 247 252 71 227 255 223 227 125 48 117 187 253 55
    221 28 203 182 237 161 251 115 184 223 77 99 244 167 158 105 102 222
    183 143 210 15 165 222 3 198 12 204 239 221 28 54 53 94 60 9 24 125
    124 173 5 122 56 168 192 80 128 113 106 37 137 84 125 67 29 65 212
    112 25 32 83 65 184 160 118 190 8 15 212 134 246 74 17 201 30 5 141
    73 155 140 155 199 58 148 64 56 2 161 60 41 239 187 18 95 161 231
    205 198 95 180 81 182 251 238 219 80 99 102 23 209 247 151 217 197
    148 137 99 218 30 170 133 12 71 190 159 82 201 124 184 93 245 36 85
    182 37 238 159 172 143 203 242 29 20 89 108 226 75 249 123 223 106
    250 189 190 255 101 189 245 241 252 248 189 214 255 239 123 203 237
    242 237 255 107 245 111 239 255 235 106 68 183 124 71 99 255 255 235
    101 52 247 187 249 189 221 61 251 182 233 227 251 107 185 253 141
    237 244 189 152 77 126 246 247 207 250 159 165 222 135 70 0 2 221
    128 6 8 2 43 32 99 160 75 128 17 66 39 5 16 201 34 137 104 2 144 107
    35 146 9 1 85 88 167 28 19 33 149 39 134 193 226 10 73 64 72 8 145
    64 85 80 36 13 162 207 163 144 32 164 4 140 4 176 33 175 238 110 237
    126 255 254 147 57 223 45 201 14 59 252 237 129 249 188 175 245 120
    61 123 121 119 15 55 125 127 191 119 240 209 254 195 243 223 255 183
    247 190 106 253 179 158 246 123 205 253 118 127 205 229 171 174 150
    223 114 134 215 251 127 185 223 249 223 124 55 115 93 190 83 154 253
    184 126 130 7 218 61 223 58 159 47 221 231 155 173 119 243 253 93
    125 246 41 223 89 189 239 254 125 250 113 114 207 255 125 191 157
    247 126 247 250 63 215 168 249 246 246 215 159 255 91 189 249 221
    215 84 35 131 149 16 64 32 231 64 136 82 53 81 198 155 226 106 64 3
    70 11 169 230 131 14 136 166 1 2 140 48 8 116 39 53 187 20 118 7 84
    129 96 145 74 10 140 9 150 91 36 127 208 1 26 52 8 192 96 9 88 76 4
    35 240 191 252 125 238 255 191 95 89 255 125 252 251 255 90 246 221
    243 247 127 113 245 127 187 126 247 239 237 127 255 89 253 239 199
    237 158 255 250 115 177 247 219 223 94 31 208 119 253 79 189 181 30
    12 234 189 159 73 56 182 243 190 219 223 46 249 207 220 239 253 254
    188 93 215 61 125 253 219 207 253 126 255 225 221 61 107 204 133 234
    121 111 207 169 111 215 21 57 111 247 36 84 250 82 127 225 246 210
    222 56 63 216 22 221 31 153 172 30 5 248 29 159 73 16 242 51 188 88
    86 34 249 186 251 123 231 255 185 218 185 222 155 247 255 175 82 254
    125 118 215 126 219 215 63 131 94 169 154 247 255 214 251 247 254
    207 172 223 223 223 123 235 247 217 221 243 95 241 231 177 127 191
    191 153 67 252 165 223 81 80 243 246 255 127 31 172 223 129 140 142
    221 170 209 220 150 57 251 44 205 154 117 35 41 141 250 160 163 196
    117 118 251 66 67 178 118 89 65 191 115 247 48 80 32 83 72 250 224
    82 62 106 46 213 20 211 107 153 200 24 5 244 29 152 73 23 211 51 189
    80 115 2 251 0 1 140 144 0 135 26 55 2 70 19 4 16 96 17 2 12 75 64
