<?xml version="1.0"?>
<opencv_storage>
<ImageFile>"50.jpg"</ImageFile>
<Features type_id="opencv-matrix">
  <rows>402</rows>
  <cols>64</cols>
  <dt>u</dt>
  <data>
    45 239 238 219 42 255 247 55 61 252 94 253 159 127 255 236 153 185
    249 235 245 117 211 243 121 127 149 182 109 215 127 235 223 96 71
    178 215 91 249 60 124 61 124 39 213 181 247 107 191 172 153 13 243
    29 152 92 62 246 123 189 219 219 40 250 44 236 238 219 42 221 245
    231 125 253 78 255 223 254 255 206 139 56 225 235 245 117 87 243 123
    127 145 179 109 223 63 195 207 96 71 178 215 121 249 60 124 125 124
    39 213 53 247 107 157 172 137 13 242 29 152 92 62 226 127 189 219
    223 40 250 123 221 220 222 103 223 95 55 63 116 61 200 63 253 124
    254 255 247 120 253 212 119 243 51 121 111 233 126 123 211 220 105
    215 101 17 184 195 89 248 121 118 223 125 47 213 30 245 111 149 164
    155 13 250 29 158 207 57 246 59 189 89 95 38 250 248 221 255 223 38
    223 223 59 255 255 29 203 191 252 126 206 191 247 248 47 190 125 219
    255 249 247 183 54 127 243 95 239 223 243 251 117 254 221 254 123
    117 253 239 127 191 188 125 123 255 218 185 255 247 237 190 222 127
    255 254 255 243 253 221 254 248 221 191 223 102 223 223 179 63 255
    29 203 159 252 126 223 189 247 248 175 150 125 210 235 249 119 247
    126 61 243 222 111 207 243 251 101 255 205 254 107 117 191 239 127
    191 188 125 123 247 218 187 255 191 229 190 254 127 223 254 111 243
    253 221 254 76 42 166 241 108 179 226 118 92 188 214 69 202 81 25 0
    28 233 251 186 245 125 75 223 139 122 22 230 108 197 225 198 95 219
    195 36 125 152 252 41 125 53 227 38 69 225 19 235 62 216 169 219 247
    109 216 212 103 207 215 199 227 187 205 94 242 145 24 215 239 146 94
    0 118 39 21 202 174 74 52 19 52 179 124 223 143 127 83 111 160 114
    227 126 82 189 229 227 87 188 158 15 203 41 242 219 80 202 225 105
    179 88 183 63 151 202 16 67 108 168 250 243 81 183 242 159 177 179
    249 239 63 255 255 255 63 255 255 63 255 247 221 248 255 126 252 223
    185 255 122 251 183 127 211 127 253 255 243 255 127 255 255 239 159
    252 255 142 255 249 251 127 125 253 239 109 183 149 247 111 191 255
    175 207 254 37 250 93 126 215 254 239 251 251 253 222 255 252 124
    254 255 191 95 24 255 127 189 250 191 123 100 93 244 247 62 251 247
    119 147 126 229 247 243 127 127 123 253 111 151 236 222 255 234 121
    251 127 118 223 111 109 213 89 245 79 157 191 24 13 232 181 223 93
    56 182 243 191 251 223 190 251 59 215 108 142 39 93 29 57 247 86 189
    192 61 61 124 247 149 246 70 185 244 114 241 118 117 165 197 24 63
    250 93 233 172 108 211 188 206 90 152 249 118 223 63 173 148 246 244
    110 179 187 159 13 186 29 223 93 56 242 126 252 115 222 46 216 255
    252 124 254 255 191 95 24 255 127 189 250 175 123 228 93 246 247 62
    249 255 119 211 126 229 247 251 127 127 121 253 111 215 236 222 255
    202 121 249 255 118 223 107 253 213 24 245 95 157 191 24 13 232 189
    159 79 56 183 243 191 250 223 60 251 213 157 210 117 121 194 249 206
    26 253 71 247 134 223 131 94 110 215 188 75 199 47 230 123 47 218
    242 127 86 43 230 127 215 183 61 191 118 253 251 119 81 124 169 110
    235 24 217 111 217 174 24 213 240 60 156 67 81 251 115 191 88 53 177
    254 43 197 108 138 39 157 21 9 183 86 189 192 61 61 124 231 149 244
    70 185 144 114 209 102 117 165 133 16 63 250 93 105 132 108 211 152
    194 74 136 169 54 223 60 173 148 214 244 110 147 171 147 12 186 29
    223 28 56 226 58 188 115 222 46 216 11 141 140 214 235 217 212 3 59
    112 15 71 158 118 46 100 173 179 32 242 198 61 83 115 82 94 146 126
    96 227 159 103 151 54 67 50 83 88 250 126 112 61 104 103 245 84 245
    111 153 238 24 5 244 29 152 73 17 243 115 189 88 119 161 218 202 141
    138 119 107 203 220 3 57 249 15 207 154 230 100 110 165 155 188 187
    206 47 91 123 115 94 179 54 72 227 191 102 215 179 103 49 243 223
    250 126 80 124 232 111 255 85 255 107 185 238 24 71 244 29 156 201
    23 243 247 191 122 119 129 254 60 190 253 142 54 253 189 119 253 254
    118 217 29 58 191 206 251 252 227 43 245 119 210 247 89 123 181 182
    125 217 127 235 223 104 71 180 215 120 233 124 124 93 127 47 213 116
    245 111 185 172 152 13 242 29 156 93 62 242 55 189 123 223 40 250
    237 190 231 161 223 243 163 252 252 249 210 127 239 29 131 237 107
    253 251 27 249 7 255 253 39 123 120 166 252 87 99 207 93 233 221 49
    119 253 237 53 125 84 122 190 205 33 123 241 188 220 24 177 215 255
    220 225 102 156 167 173 206 159 52 94 124 184 239 253 127 255 245
    255 253 252 222 189 127 254 187 238 251 213 123 107 253 215 239 55
    95 239 188 63 123 221 127 239 247 36 85 250 86 115 233 116 120 93
    124 46 221 54 229 239 157 172 30 5 242 29 156 73 16 246 59 189 89 95
    34 250 165 229 109 138 19 93 7 249 231 68 189 186 61 63 252 230 219
    180 70 44 17 210 177 36 93 181 157 25 179 154 90 57 200 108 71 218
    194 112 1 220 54 219 60 183 20 182 116 12 131 165 215 12 26 27 135
    31 56 96 40 60 93 214 46 152 193 11 146 245 32 64 248 198 0 233 67
    71 2 193 3 2 44 72 161 107 14 173 230 27 9 10 178 74 80 36 50 87 119
    51 120 41 17 236 202 192 209 40 185 102 235 4 203 127 9 136 120 117
    240 94 156 72 145 219 49 135 68 39 1 242 190 249 127 231 247 177 217
    250 214 25 213 115 239 90 224 93 242 247 126 223 119 126 161 119 166
    254 243 251 254 127 230 185 222 108 158 222 254 121 249 245 89 221
    179 95 217 101 183 111 174 191 153 199 248 181 222 81 112 179 247
    159 59 159 164 218 12 207 239 248 38 61 125 115 181 254 125 136 25
    249 125 78 137 124 97 107 244 118 208 115 89 255 133 176 121 210 52
    201 210 48 87 170 211 120 241 120 126 63 56 47 212 20 247 111 153
    172 24 5 240 29 157 92 16 226 51 189 91 87 40 250 126 120 241 170
    147 236 37 79 79 98 90 60 49 142 253 254 235 84 1 64 9 144 143 45 79
    157 56 9 211 10 58 45 0 166 125 219 2 119 5 86 32 193 84 40 78 158
    108 180 197 36 82 180 42 22 165 41 128 160 41 248 93 14 50 182 58
    120 112 170 159 232 37 77 79 98 218 52 53 142 253 246 251 214 1 64 9
    144 141 44 79 157 120 9 211 10 58 45 64 167 125 219 2 119 5 86 161
    192 84 8 78 158 108 148 205 36 86 132 42 150 165 105 128 160 41 184
    93 14 50 180 12 207 238 216 33 53 61 119 53 214 237 128 17 185 189
    78 137 92 225 107 116 116 208 115 93 47 129 16 121 132 56 201 214 16
    87 170 80 120 225 56 118 62 56 39 244 148 215 106 25 172 56 5 208 29
    157 12 16 226 51 189 72 87 41 250 99 4 225 136 202 207 11 69 172 102
    131 4 217 44 189 68 235 117 3 96 138 5 210 97 92 216 188 45 66 158
    49 107 215 36 87 154 66 120 233 94 48 88 60 43 213 28 245 47 153 172
    16 5 112 29 148 73 24 242 51 189 88 87 32 242 39 52 120 56 221 164
    39 80 160 38 193 52 228 79 129 21 114 239 3 208 235 34 27 92 132 184
    228 205 210 21 225 227 67 46 135 158 67 48 1 94 56 64 24 138 68 233
    131 23 24 44 16 0 96 24 156 65 16 162 59 157 200 134 32 224 54 173
    237 156 34 221 17 71 167 196 149 212 93 60 188 254 251 208 98 97 151
    118 208 103 93 151 165 25 99 158 92 105 215 36 71 186 194 120 233
    124 112 93 60 47 148 20 245 110 153 172 152 13 240 29 156 73 24 242
    51 189 88 87 40 250 254 59 243 247 254 163 249 254 212 249 211 119
    231 210 147 90 250 213 59 103 207 173 199 127 142 202 178 143 210 9
    50 255 119 39 84 187 86 126 249 84 208 76 145 78 201 5 201 255 153
    172 24 197 240 30 156 73 80 242 51 159 88 23 33 254 38 165 105 136 2
    205 25 71 167 70 149 148 89 44 188 86 203 80 2 96 130 114 208 99 93
    149 164 13 67 158 25 105 213 36 71 154 66 120 201 94 48 216 60 41
    213 28 245 46 145 172 16 4 224 29 148 73 24 242 51 189 88 87 34 250
    114 33 186 54 0 66 88 231 194 162 209 180 114 128 147 90 126 0 18
    199 11 143 231 135 156 8 254 141 66 172 176 232 101 45 37 191 10 44
    7 92 152 64 181 72 43 60 3 238 95 40 122 211 48 24 52 66 192 123 9
    209 45 32 82 227 126 49 113 180 21 34 33 110 196 68 208 53 97 139
    145 82 114 212 3 100 97 160 196 54 12 136 160 137 82 8 48 233 112 36
