<?xml version="1.0"?>
<opencv_storage>
<ImageFile>"500.jpg"</ImageFile>
<Features type_id="opencv-matrix">
  <rows>139</rows>
  <cols>64</cols>
  <dt>u</dt>
  <data>
    254 253 127 93 191 93 221 237 255 255 253 249 127 255 254 254 251
    212 62 123 15 250 166 62 255 207 247 59 255 251 127 62 240 109 108
    255 218 119 251 247 215 223 233 127 158 158 221 62 141 175 86 133
    248 31 151 111 216 246 57 125 125 92 34 189 109 238 247 169 216 127
    167 255 169 252 202 189 93 189 255 238 203 124 251 108 253 193 254
    185 95 253 29 183 253 79 59 223 213 195 125 251 20 246 253 62 63 116
    122 183 95 187 124 240 140 37 126 188 211 255 135 12 204 236 9 237
    207 71 51 182 59 253 125 222 55 223 221 59 255 212 255 250 255 127
    252 222 255 247 102 255 55 118 209 247 253 247 245 61 127 250 222
    169 206 108 199 158 218 120 251 125 124 221 189 175 245 116 245 110
    159 175 153 15 250 29 159 93 56 247 115 255 123 223 44 250 252 253
    255 223 246 127 223 255 255 223 253 255 255 255 254 239 251 213 126
    47 31 221 247 191 255 255 191 63 255 95 126 191 242 103 126 251 214
    127 255 245 211 255 251 127 159 62 253 182 205 173 94 245 217 255
    159 239 208 252 113 127 95 125 187 187 252 253 255 223 246 127 223
    251 255 255 255 251 255 254 254 255 251 213 127 111 127 253 247 255
    255 255 191 63 255 95 126 191 242 103 126 255 214 127 255 245 243
    255 255 127 223 30 253 183 205 173 94 245 249 255 159 239 208 252
    113 127 95 125 187 187 243 222 127 221 255 157 223 217 255 127 185
    218 255 125 118 93 246 245 126 39 222 119 146 124 255 246 255 127
    190 127 127 63 215 237 222 223 210 121 255 255 118 94 105 191 213 28
    253 55 157 157 24 5 248 189 159 107 88 246 112 63 222 223 58 187 124
    184 255 187 30 127 241 255 253 250 222 189 127 182 187 239 251 222
    251 42 253 209 255 191 219 237 252 167 123 211 127 238 253 2 247 245
    119 247 237 116 122 93 118 62 95 183 119 236 191 172 255 157 246 61
    156 93 222 244 175 253 95 79 46 246 12 137 239 252 34 255 241 127
    189 252 70 213 19 252 187 238 137 220 225 107 244 127 198 243 121
    234 134 214 125 193 61 239 223 18 115 32 247 250 248 120 120 61 255
    38 245 53 247 107 187 168 185 77 242 29 156 92 55 210 127 255 91 95
    43 254 12 141 255 221 42 253 241 119 189 252 70 213 147 124 187 238
    137 92 225 43 244 125 210 243 121 106 134 246 120 193 63 239 215 18
    115 32 183 218 250 120 120 61 255 39 245 52 247 107 187 168 185 77
    246 29 156 92 55 210 123 239 91 127 45 254 63 189 255 255 55 255 249
    127 253 253 255 253 255 126 191 254 255 223 99 251 247 127 211 119
    253 235 246 255 123 215 255 235 215 44 85 190 223 122 249 125 250 93
    253 47 213 55 247 111 153 172 24 13 240 29 156 77 16 242 115 189 123
    87 42 250 190 249 255 255 55 173 221 123 255 221 253 251 255 254 244
    94 247 215 118 123 183 126 241 127 255 255 247 127 127 251 252 191
    214 111 62 254 222 125 251 253 123 223 247 111 255 55 253 127 207
    183 155 207 250 31 157 93 88 246 123 251 123 127 171 190 223 51 147
    245 245 162 122 200 64 171 209 123 226 194 130 18 34 207 189 79 46
    173 194 91 142 154 243 239 210 32 32 191 115 183 60 251 53 253 97
    213 192 106 187 88 235 13 203 31 72 174 56 247 96 190 188 105 192
    186 49 219 92 22 177 183 92 63 221 92 34 63 122 119 121 248 87 129
    92 241 63 194 252 219 89 239 125 249 67 179 201 58 244 220 108 68
    252 224 223 48 80 236 219 122 208 113 216 159 57 30 241 165 195 78
    153 172 14 71 240 29 155 77 23 247 59 157 121 51 98 251 254 249 255
    254 54 189 93 123 223 255 253 251 255 254 244 126 247 215 118 123
    191 126 209 127 253 255 247 127 123 251 255 255 195 108 54 254 222
    125 251 255 122 223 247 111 255 54 245 111 143 175 155 207 250 29
    159 93 120 246 123 251 251 223 171 191 171 214 72 231 239 152 223 9
    63 121 61 235 190 127 100 125 52 183 60 147 206 127 155 120 117 214
    243 127 254 123 207 119 135 249 218 69 243 217 250 187 71 159 111
    249 209 85 253 51 213 223 152 45 254 229 250 251 59 215 246 191 178
    251 188 94 205 186 254 97 249 241 170 240 88 187 194 127 224 22 139
    65 10 169 219 222 253 37 75 220 165 120 122 167 220 71 163 150 95
    193 221 227 117 187 237 53 249 84 82 30 103 225 187 49 188 95 56 39
    213 229 216 225 86 205 159 133 238 187 241 70 187 220 88 231 239 152
    223 137 63 123 61 235 191 126 100 125 244 183 60 147 206 127 186 104
    118 214 123 127 254 123 207 119 135 253 90 85 243 201 250 251 67 223
    111 249 209 31 252 17 197 223 16 45 236 231 255 235 89 215 244 63
    182 223 186 29 252 59 243 117 246 103 187 254 204 175 251 255 195
    200 219 254 249 205 99 87 62 175 230 150 159 255 247 235 193 158 118
    186 239 61 103 191 222 60 233 125 120 92 177 190 223 121 185 63 187
    174 153 131 240 31 156 81 64 242 49 249 124 87 32 254 61 190 254 97
    249 241 162 244 88 187 194 127 224 18 139 97 234 169 219 202 253 37
    79 220 165 120 122 167 76 71 227 182 79 195 221 191 117 187 237 54
    217 84 82 22 115 225 59 179 190 127 44 119 245 253 216 97 86 221 151
    135 222 251 231 71 58 217 254 255 63 253 253 191 255 255 223 253 191
    254 127 254 255 186 243 251 247 127 215 255 249 127 247 254 127 247
    255 239 207 254 235 52 255 223 250 123 120 125 247 111 247 181 247
    111 191 250 191 207 246 13 248 93 63 247 255 255 243 251 207 222 212
    41 147 212 0 70 88 103 2 228 87 20 83 196 146 250 106 196 16 103 14
    173 230 131 143 138 166 77 0 8 18 109 119 55 53 155 2 126 195 214
    145 96 145 66 171 12 105 174 209 36 123 213 112 26 52 75 193 122 49
    123 72 4 35 250 105 6 210 179 217 162 162 223 84 250 194 55 160 202
    131 69 234 213 1 98 201 167 207 127 78 154 176 15 210 12 51 127 87
    36 85 186 82 120 233 116 112 84 24 14 193 20 193 79 153 172 24 5 240
    29 156 73 16 242 51 189 88 87 32 250 84 41 147 212 0 70 88 103 2 164
    87 20 83 196 146 50 106 196 16 103 14 173 230 131 143 138 166 77 64
    136 18 108 119 55 53 154 2 126 67 214 145 224 145 66 171 12 41 174
    209 36 123 213 112 26 52 75 193 122 49 249 72 4 35 250 121 52 255
    190 92 103 53 62 246 124 84 177 47 175 151 95 127 247 241 32 249 199
    239 189 138 249 252 191 123 89 243 239 213 45 181 247 119 52 101 125
    120 204 59 175 221 48 229 237 185 164 91 129 244 60 156 69 126 182
    63 153 218 199 36 254 187 222 125 175 191 253 157 185 255 255 254
    251 189 63 126 253 255 246 102 185 248 82 155 124 253 253 253 59 255
    123 255 255 221 236 223 116 254 121 185 127 127 223 107 191 212 247
    252 125 187 191 157 13 254 149 223 125 56 246 182 188 251 223 44 254
    58 221 254 255 63 255 253 183 255 255 223 253 255 252 127 254 255
    155 251 251 247 127 247 255 249 127 246 254 127 247 255 239 207 252
    231 116 255 255 248 123 122 221 247 111 255 183 247 111 191 234 191
    207 246 29 248 93 127 247 255 255 251 251 203 254 188 138 237 245
    186 253 249 253 189 253 214 223 221 120 251 198 251 220 67 107 252
    242 222 250 93 187 180 178 248 215 63 239 223 36 87 250 215 123 249
    126 248 93 125 62 213 53 243 107 153 172 152 13 242 29 157 89 16 242
    51 189 91 95 40 254 127 190 255 139 255 215 147 153 255 255 22 255
    191 127 187 93 251 247 57 35 221 87 218 125 127 254 57 63 126 91 115
    111 215 229 93 179 118 253 237 118 113 92 106 47 213 28 253 243 157
    172 24 5 244 189 156 235 80 246 179 189 218 95 48 254 247 249 243
    253 189 224 223 204 142 229 253 254 231 207 214 255 251 244 54 83 46
    171 230 46 109 223 243 43 211 59 99 191 163 173 54 223 194 53 235
    255 83 90 177 235 223 26 189 62 201 166 82 1 248 30 180 97 144 178
    49 187 124 87 50 251 187 214 125 175 191 253 157 153 255 255 126 203
    189 61 126 245 255 246 69 185 240 114 155 124 241 253 113 122 255
    115 255 255 221 236 219 116 255 89 168 123 127 93 107 189 212 211
    252 125 186 159 156 13 254 133 223 125 56 242 182 188 243 223 44 254
    252 254 239 253 255 255 191 253 253 255 254 255 255 254 255 239 243
    221 123 111 253 151 255 253 79 235 188 191 219 93 63 191 255 37 85
