<?xml version="1.0"?>
<opencv_storage>
<ImageFile>"501.jpg"</ImageFile>
<Features type_id="opencv-matrix">
  <rows>113</rows>
  <cols>64</cols>
  <dt>u</dt>
  <data>
    2 1 154 6 65 66 146 142 2 128 5 100 32 2 3 16 108 3 0 151 131 37 71
    67 128 146 216 79 2 40 131 98 23 180 17 0 58 8 74 66 64 0 32 64 129
    24 177 111 81 234 9 3 180 0 120 227 19 51 182 49 0 49 244 74 88 221
    28 222 35 95 94 7 59 250 45 141 20 228 109 191 247 210 188 43 134
    121 244 43 249 199 227 94 121 99 221 119 243 147 113 97 163 199 250
    227 178 191 237 97 190 158 245 110 197 195 118 85 174 77 183 207 153
    223 122 47 81 108 147 177 18 17 152 2 213 128 72 10 2 3 145 96 162
    66 0 17 110 7 36 213 131 45 163 75 166 147 115 111 18 40 128 32 22
    166 156 155 2 44 107 87 33 192 36 73 131 12 181 151 80 182 16 0 32
    160 118 163 145 50 176 19 4 49 176 34 62 236 109 172 54 253 253 125
    253 254 254 253 93 60 125 238 153 252 227 249 181 112 244 252 125
    253 149 179 109 247 127 255 205 120 247 224 255 123 249 61 126 221
    127 63 214 183 118 105 191 187 175 15 250 29 255 92 62 227 255 252
    251 223 110 254 57 213 124 90 63 253 245 61 191 120 204 237 61 127
    109 229 255 190 195 178 244 114 219 118 113 46 224 82 121 83 253 227
    223 106 87 180 247 122 249 124 254 95 94 47 212 119 247 111 185 174
    152 13 240 29 221 73 58 242 255 189 90 95 174 219 195 205 206 95 99
    90 214 135 59 209 44 201 62 255 110 189 237 179 60 191 196 77 245 99
    115 199 217 126 63 123 154 115 183 231 81 112 114 81 254 248 115 159
    40 117 157 30 245 238 213 232 94 13 188 65 185 207 59 247 62 61 80
    113 22 219 191 252 127 255 255 253 251 216 253 253 253 255 191 127
    252 253 243 255 253 107 253 124 190 123 255 255 243 255 127 115 255
    255 247 244 223 254 247 251 249 255 255 223 255 127 245 151 255 127
    141 255 158 47 254 181 159 109 56 247 255 191 251 223 47 191 92 49
    243 244 51 35 120 126 212 138 211 49 115 194 131 66 122 156 227 87
    103 189 229 151 142 138 226 141 82 204 52 168 90 38 52 191 23 124 65
    85 216 224 149 78 235 37 131 206 31 38 122 213 98 28 220 73 192 242
    63 219 13 38 161 114 190 255 125 238 63 253 255 57 255 223 253 251
    253 127 252 253 247 254 111 123 245 114 241 126 253 255 227 251 127
    251 255 251 255 236 222 254 255 123 249 245 255 223 255 125 246 151
    247 127 191 191 159 15 234 149 223 93 60 247 255 223 255 223 238 191
    190 252 127 237 254 125 219 185 255 125 254 255 223 126 255 252 241
    255 127 250 253 214 190 252 255 255 125 251 239 223 255 255 229 233
    79 255 255 247 253 254 251 223 79 62 220 183 254 245 175 237 223 141
    254 31 143 93 118 244 255 188 255 223 42 189 211 205 202 202 107 90
    214 143 59 208 60 204 62 254 111 252 237 147 56 191 198 93 237 99
    115 199 89 127 191 107 158 99 183 231 81 210 114 83 255 122 243 159
    108 113 157 158 245 238 213 172 15 141 189 65 241 207 121 214 42 61
    81 125 150 219 191 252 126 255 191 253 251 217 253 253 253 255 191
    127 252 253 243 255 189 123 253 126 183 127 245 255 243 255 127 115
    255 255 183 244 223 246 247 251 249 255 255 223 255 125 245 151 255
    127 141 255 30 15 252 181 191 109 56 247 255 191 251 223 175 191 92
    49 211 244 23 35 120 126 192 138 211 48 115 194 131 82 122 156 99 87
    39 189 229 151 142 139 242 141 82 76 52 168 90 39 52 191 7 124 65 85
    184 96 181 78 235 45 131 206 31 166 120 213 98 28 212 73 192 178 51
    219 13 38 161 114 68 7 138 153 0 151 44 67 33 230 3 130 144 164 59 2
    128 89 33 111 142 117 82 99 93 66 134 68 0 132 56 1 87 18 81 8 0 104
    66 10 36 32 60 32 55 28 69 43 25 136 56 53 19 89 188 12 17 74 19 181
    65 83 65 226 56 214 124 141 42 253 191 245 61 254 90 157 29 61 123
    230 255 220 73 104 248 115 206 56 89 237 172 30 93 211 127 255 245
    36 85 184 215 114 169 124 118 92 89 62 214 150 228 125 153 173 30 5
    240 29 157 77 144 242 59 188 90 71 34 246 124 37 253 248 34 95 116
    103 101 198 77 144 93 245 191 222 253 154 99 239 55 241 85 179 217
    43 228 220 105 180 252 224 150 20 67 174 137 72 208 120 62 155 189
    229 244 245 231 110 155 170 171 75 114 29 113 93 57 243 91 241 123
    242 107 203 171 220 108 173 191 253 223 17 61 127 252 207 159 61 124
    237 189 253 119 241 244 114 178 120 125 255 189 54 125 87 127 247
    215 120 223 248 218 123 232 253 115 223 126 47 213 22 246 111 157
    189 24 13 248 29 157 77 56 246 51 189 219 223 46 250 124 61 254 222
    55 79 217 251 247 196 255 55 63 254 249 254 243 214 97 102 87 174
    197 55 95 238 224 25 114 218 254 185 242 36 85 190 82 122 201 116
    240 93 28 46 212 22 229 110 153 172 24 5 240 29 157 73 16 242 51 189
    88 86 32 248 250 157 254 191 55 221 95 173 63 199 223 190 191 254 63
    254 255 215 97 247 93 179 247 54 221 223 240 121 83 222 254 169 214
    44 85 190 82 122 201 116 112 93 60 47 213 20 245 110 153 172 24 5
    240 29 156 73 16 242 51 189 88 87 32 250 251 220 239 253 239 237 223
    141 189 239 253 203 159 236 118 254 165 253 60 123 190 251 254 56
    127 239 187 127 251 115 127 255 243 247 60 91 194 231 246 255 83 235
    237 122 219 31 205 51 205 131 86 173 77 246 181 238 249 182 249 123
    215 222 154 189 219 216 222 119 255 241 250 184 190 185 215 255 174
    219 99 91 125 191 63 219 239 127 239 125 167 127 251 255 126 119 231
    246 223 249 189 117 255 189 252 119 121 93 235 127 255 125 191 51
    255 219 25 231 253 231 248 239 119 223 183 255 245 187 148 222 186
    253 125 206 54 223 85 123 255 85 61 248 127 127 252 221 251 244 118
    109 86 118 176 119 125 255 181 61 127 218 92 41 214 100 86 222 194
    121 249 117 119 223 61 47 213 22 244 110 133 181 151 12 250 29 159
    77 56 246 58 189 89 95 46 250 109 127 127 249 50 125 125 247 61 246
    207 188 93 252 255 239 251 252 75 110 63 240 244 50 93 253 182 153
    249 222 126 185 240 100 87 250 210 115 209 124 190 221 92 62 214 135
    231 110 157 173 22 5 250 29 151 93 152 246 121 189 93 222 42 178 5 6
    68 33 221 160 163 88 176 60 194 101 128 25 129 1 0 109 131 96 224 2
    26 120 68 40 12 134 88 4 33 71 93 32 213 40 49 184 41 36 205 20 26
    134 64 97 194 65 56 60 24 0 241 28 156 1 50 130 183 148 200 87 36
    120 62 253 253 252 55 47 253 79 181 218 253 249 61 107 189 222 251
    220 35 107 246 46 208 119 125 143 227 221 91 248 124 233 214 36 116
    190 211 120 249 117 122 222 185 111 246 23 213 110 153 174 24 5 240
    29 157 77 16 242 123 191 89 87 35 251 60 186 245 255 187 249 237 125
    253 122 202 189 245 118 255 220 251 158 195 106 245 60 202 127 199
    158 242 203 95 203 255 239 223 166 95 190 117 250 249 116 253 93 214
    110 116 151 231 127 153 172 28 5 242 29 159 73 20 242 255 191 91 79
    163 246 62 253 125 254 55 173 125 107 255 68 253 249 125 126 252 254
    243 214 119 123 183 122 177 119 253 191 231 157 123 219 124 237 210
    110 52 222 198 123 209 254 187 223 253 111 220 23 253 78 143 165 211
    140 106 29 135 77 56 246 123 251 91 78 42 189 70 15 147 217 192 222
    132 199 43 198 11 4 16 180 123 186 141 88 8 46 14 129 86 1 95 197 14
    76 133 170 26 16 48 19 121 9 0 102 206 2 166 48 8 112 46 142 73 180
    209 9 116 53 19 83 165 170 145 72 8 36 68 68 19 176 245 57 214 215
    245 163 221 250 70 133 245 123 166 202 130 91 122 215 124 71 15 175
    227 231 170 127 243 125 210 14 214 61 94 39 52 223 2 125 127 87 49
    233 191 103 169 56 253 190 196 182 113 245 120 186 148 195 96 63 112
    75 29 45 181 218 124 39 255 248 50 247 43 127 245 254 194 181 93 238
    185 198 251 220 195 110 245 113 212 183 93 232 166 157 88 220 125
    235 87 36 87 186 86 122 193 124 124 92 56 46 87 181 193 110 153 172
    24 5 242 29 156 89 16 242 51 189 90 86 40 242 106 156 202 251 127
    159 94 7 63 235 17 138 158 230 62 95 205 211 56 255 143 117 219 107
    127 211 186 127 83 125 189 103 215 181 223 107 234 125 254 115 48
    206 108 105 151 28 247 59 215 236 24 5 231 125 255 255 89 255 251
    191 93 121 24 230 244 255 246 221 251 203 222 251 127 241 173 251
    254 247 238 253 187 213 188 47 143 173 175 123 239 223 243 127 191
