<?xml version="1.0"?>
<opencv_storage>
<ImageFile>"502.jpg"</ImageFile>
<Features type_id="opencv-matrix">
  <rows>194</rows>
  <cols>64</cols>
  <dt>u</dt>
  <data>
    250 223 255 255 38 255 221 51 127 255 127 219 223 189 126 222 189
    215 124 191 190 93 210 123 253 247 247 126 127 243 222 239 151 249
    243 101 254 223 250 123 246 223 239 125 191 158 245 111 215 219 175
    223 254 245 191 254 127 255 250 255 243 253 223 255 189 253 255 223
    255 255 223 249 255 221 253 255 255 127 254 252 255 247 254 191 247
    127 211 247 249 119 247 127 127 255 223 239 143 123 235 244 254 217
    250 125 127 157 239 247 189 240 253 111 183 255 139 207 254 165 218
    215 127 223 254 111 243 253 173 222 237 253 239 250 127 127 255 255
    253 254 252 251 127 255 254 239 251 245 123 127 245 247 247 247 127
    239 181 183 255 223 126 235 223 108 87 254 222 120 249 124 126 223
    122 63 213 119 245 111 189 172 158 13 240 29 159 93 56 246 123 189
    219 223 42 251 45 206 246 169 152 253 164 85 57 254 40 137 28 55 175
    205 203 252 169 40 245 65 126 185 83 93 57 166 61 87 59 71 197 194
    127 49 181 244 237 38 101 92 106 167 95 148 127 241 152 252 126 60
    230 133 158 76 158 204 199 165 211 79 40 246 58 221 104 174 215 140
    221 9 47 67 157 254 191 78 124 93 253 215 52 117 6 54 144 107 111
    214 115 45 82 123 30 41 150 228 159 219 98 125 235 87 33 201 108 105
    151 28 244 63 197 180 16 4 170 17 188 107 24 178 56 59 29 29 48 178
    126 249 255 223 54 127 221 255 223 214 223 188 127 246 255 254 251
    215 122 111 183 125 215 183 255 247 247 253 111 255 254 234 199 94
    231 255 222 127 251 125 56 221 245 109 191 190 245 110 255 174 175
    223 242 61 124 95 124 247 123 251 123 253 239 254 186 253 122 247
    255 185 223 25 255 251 249 251 175 78 100 125 247 247 62 219 239 62
    177 127 231 223 243 127 95 123 255 255 66 239 190 223 255 125 251
    247 91 207 247 121 219 31 253 63 236 183 18 199 238 167 255 245 209
    183 247 255 191 191 190 182 62 252 239 238 63 255 249 127 253 252
    222 253 127 62 255 236 251 244 99 107 245 119 215 119 125 255 180 63
    127 223 127 235 215 100 87 186 214 122 249 125 112 221 127 47 213
    148 245 111 157 172 158 13 242 29 156 93 56 242 59 189 91 95 42 250
    250 253 255 247 255 119 255 253 223 255 253 251 255 238 243 254 247
    215 127 127 254 255 231 62 255 239 255 63 223 251 255 255 99 237 188
    255 214 125 241 247 90 78 255 126 255 31 217 63 207 175 94 133 248
    191 157 125 208 246 121 219 255 30 58 180 246 57 211 214 119 163 89
    126 214 209 213 243 167 218 150 90 126 215 60 111 135 45 227 119 175
    219 243 127 86 40 212 109 215 39 52 191 70 124 251 85 113 217 179
    111 171 12 245 111 213 182 25 213 240 56 190 75 80 186 115 219 89 21
    181 250 208 57 211 214 117 66 90 126 214 184 213 243 167 194 134 90
    126 215 184 7 199 173 195 71 143 219 242 111 82 40 194 106 215 39 53
    191 86 124 255 117 112 92 179 111 187 28 245 239 221 172 25 213 240
    56 156 203 80 250 51 251 88 85 177 250 61 54 247 193 216 183 163 244
    220 252 210 119 197 123 155 68 114 237 203 34 245 47 206 253 138 104
    28 231 252 77 115 223 127 99 85 182 117 186 109 124 253 20 218 150
    77 161 219 195 184 124 137 41 242 30 156 65 102 124 151 133 202 135
    37 252 57 157 253 158 34 207 125 119 183 228 85 148 31 188 60 94 255
    215 97 97 244 119 208 243 217 255 181 92 120 210 252 233 215 36 85
    190 210 120 249 124 116 221 61 47 213 52 245 111 153 172 24 13 242
    29 156 77 24 242 51 189 91 87 40 250 60 190 127 233 190 253 245 125
    253 252 206 253 253 127 249 197 251 252 227 106 245 114 222 255 125
    255 53 183 127 215 127 255 223 100 95 186 215 122 249 124 125 93 122
    175 213 181 247 111 185 172 28 13 242 29 157 77 20 242 115 189 218
    95 40 250 20 43 151 213 48 193 160 255 208 152 82 21 81 144 155 194
    107 196 225 106 196 13 198 147 9 153 180 160 68 136 50 94 117 39 117
    186 84 252 233 84 241 84 177 54 111 132 89 238 155 172 125 181 240
    30 156 72 196 98 43 201 72 7 33 246 235 222 116 71 255 159 131 152
    238 117 12 111 190 127 228 125 246 247 13 242 245 111 27 116 210 238
    108 127 190 91 219 119 183 239 86 190 211 82 253 254 199 93 72 158
    209 90 253 71 140 173 24 13 246 31 158 203 56 246 115 189 218 215 38
    249 238 205 232 186 87 27 94 11 39 226 177 186 190 170 166 95 192 17
    49 215 143 247 211 107 85 195 251 47 83 188 44 97 219 36 86 171 66
    124 229 118 114 218 60 105 215 29 245 111 157 174 24 5 96 29 253 73
    24 242 51 189 25 82 186 123 124 59 179 245 56 247 234 245 220 189
    210 53 197 212 155 82 126 203 235 75 253 47 71 223 157 106 246 238
    76 228 247 238 79 27 103 180 253 186 248 109 236 28 243 230 229 225
    179 111 186 238 169 235 242 29 24 81 103 251 87 243 250 119 237 126
    80 9 147 213 64 66 224 230 64 160 87 21 82 196 155 2 46 9 184 15 142
    141 198 131 11 90 146 132 0 128 18 94 87 19 113 57 20 206 78 70 49
    48 161 102 47 140 9 235 91 8 105 247 149 90 48 202 69 106 27 107 72
    37 145 230 220 250 147 245 252 242 250 240 88 187 224 255 194 208
    195 249 106 205 189 79 79 141 174 24 174 219 59 167 215 7 34 62 112
    163 188 91 116 245 101 183 211 98 203 94 235 141 74 145 76 93 118
    245 77 246 166 234 199 156 161 79 76 44 151 181 189 251 127 217 54
    125 245 240 252 223 126 218 223 121 252 238 251 252 239 111 124 246
    180 246 185 127 181 250 253 214 118 185 218 76 199 254 222 121 249
    124 126 93 179 191 213 226 244 110 171 173 151 9 248 29 142 85 52
    242 115 157 123 223 108 186 28 58 19 225 252 244 170 241 88 191 66
    87 193 85 219 161 107 205 137 42 204 33 142 216 142 220 62 227 220
    67 51 222 117 131 221 49 117 246 237 7 229 68 66 30 103 132 218 241
    170 93 28 49 214 247 140 105 198 72 3 135 76 7 33 180 76 139 247 217
    32 221 164 247 41 244 111 152 83 176 187 234 235 220 105 111 158 37
    230 179 73 107 132 44 101 4 56 43 247 36 85 186 82 122 225 116 242
    31 56 39 212 182 209 110 153 172 28 5 240 29 157 73 16 242 51 189 88
    86 32 251 92 171 215 221 32 215 244 247 43 212 71 152 93 245 155 202
    255 218 105 110 94 233 198 179 217 123 180 124 105 140 152 59 247 38
    85 186 82 114 209 116 180 31 184 54 213 180 193 110 153 172 79 5 240
    29 149 77 16 242 59 189 88 71 35 251 62 49 125 254 55 175 95 47 247
    244 221 177 125 126 188 86 243 150 66 115 247 122 193 55 221 142 226
    29 122 248 253 233 147 44 52 190 254 120 209 125 116 223 253 111 212
    21 197 111 159 174 153 13 242 29 157 77 24 242 123 249 123 30 34 250
    60 109 253 254 50 61 125 127 245 254 252 177 125 190 189 78 251 252
    99 107 245 246 209 183 93 191 183 153 123 220 124 233 203 36 87 186
    211 120 241 124 120 95 60 175 214 53 247 111 153 172 24 13 242 29
    156 93 24 242 115 189 91 86 40 250 60 188 255 236 63 255 245 127 253
    252 222 253 125 126 191 220 251 244 227 106 245 127 219 255 255 255
    119 191 127 223 127 239 207 238 207 190 246 248 249 127 125 221 247
    231 245 245 247 111 191 188 155 205 242 21 156 93 60 246 255 239 251
    223 173 254 204 206 206 233 234 253 230 229 61 255 106 207 158 191
    255 236 137 121 249 106 253 213 254 249 123 125 27 182 237 199 63
    215 213 211 95 97 117 247 253 42 247 61 106 55 95 143 126 177 223
    217 126 181 223 231 143 190 223 204 237 37 199 233 91 182 60 39 255
    254 50 181 125 127 245 254 248 177 125 238 185 78 251 220 227 107
    245 118 213 183 93 171 166 149 91 220 125 235 239 36 71 186 215 120
    241 124 124 95 60 175 214 53 215 111 153 172 24 13 242 29 157 77 24
    242 115 189 91 86 40 250 84 49 146 87 64 130 90 39 66 160 131 52 114
    194 131 18 118 131 2 215 143 173 71 135 144 2 230 205 2 172 192 34
    111 63 37 191 8 14 66 94 136 96 149 194 171 125 131 46 217 110 41
    211 48 88 112 195 71 123 83 243 56 32 241 75 252 253 239 252 54 127
    125 255 253 252 255 189 95 254 255 238 187 220 127 111 124 219 244
    54 127 239 166 153 251 219 126 253 240 37 53 251 214 119 209 253 218
    223 255 62 222 182 197 236 143 165 223 141 218 31 151 77 216 244 105
