<?xml version="1.0"?>
<opencv_storage>
<ImageFile>"505.jpg"</ImageFile>
<Features type_id="opencv-matrix">
  <rows>270</rows>
  <cols>64</cols>
  <dt>u</dt>
  <data>
    252 185 255 245 114 231 249 255 221 253 212 255 215 250 179 206 251
    221 251 111 253 141 238 191 63 251 190 167 89 199 118 239 215 35 53
    251 87 253 253 124 120 125 251 47 255 53 123 239 189 172 58 149 241
    61 156 77 84 254 115 255 91 23 33 254 120 254 255 255 126 191 255
    123 253 255 126 251 255 255 252 239 243 213 255 107 245 125 217 127
    125 254 167 55 127 91 125 255 247 103 252 251 246 127 249 245 215
    223 251 63 223 134 221 127 143 189 30 133 234 189 159 93 80 246 123
    255 219 95 42 183 235 206 108 123 255 188 223 9 173 123 185 234 191
    123 100 77 129 181 60 179 254 119 155 125 85 215 155 55 63 123 47 67
    159 236 214 187 250 121 251 59 102 127 106 237 213 93 245 59 156 174
    24 13 247 189 222 63 56 246 247 191 250 211 184 90 69 2 80 69 232
    146 162 64 42 53 2 71 128 115 217 16 98 195 9 102 199 45 138 123 14
    218 44 111 132 10 1 86 151 167 85 155 80 186 239 86 225 20 8 6 193
    136 249 71 153 173 24 1 245 93 156 203 16 122 50 173 88 87 49 248
    191 254 253 239 255 189 223 57 255 125 223 251 255 127 252 93 251
    247 126 123 253 127 219 125 255 254 255 63 126 123 247 239 215 237
    223 191 254 121 249 127 125 221 235 255 213 113 253 127 189 191 152
    15 250 181 158 125 120 246 247 191 251 223 60 254 216 201 142 219 98
    95 211 183 61 253 126 207 31 188 123 238 141 219 249 47 92 221 238
    187 123 127 159 54 125 211 30 255 255 115 113 97 87 79 254 120 242
    189 237 62 159 190 117 227 159 137 191 157 223 111 157 222 83 252
    107 125 87 29 10 254 191 213 124 254 55 61 95 9 191 85 125 251 189
    126 252 253 247 247 116 247 119 122 145 118 125 255 225 121 255 250
    255 185 210 108 87 254 210 121 249 253 114 223 61 47 212 22 244 111
    141 173 16 13 250 29 159 77 56 242 123 189 89 95 32 248 127 245 124
    254 55 191 95 9 63 84 253 250 189 127 252 127 247 247 52 247 247 126
    145 119 253 255 227 125 123 122 252 185 210 100 84 190 194 121 249
    253 114 223 61 47 212 22 245 111 141 173 16 13 248 29 159 77 24 246
    123 189 89 94 40 248 63 255 126 253 255 189 255 89 189 255 236 251
    191 127 252 221 243 253 127 123 247 127 154 123 117 255 243 255 127
    87 127 255 215 231 223 191 243 123 249 119 255 127 250 111 215 23
    255 127 157 189 24 5 248 189 159 77 16 246 115 191 219 127 171 187
    235 206 228 142 223 143 7 28 173 101 189 122 191 125 126 205 129 53
    127 244 254 87 187 117 86 239 153 55 251 221 31 13 159 109 86 155
    202 115 189 190 119 255 92 15 213 94 253 1 149 164 152 12 83 189 159
    171 120 246 49 189 216 223 62 216 235 196 108 143 255 159 31 8 173
    103 157 110 191 125 102 77 129 53 30 244 254 119 155 108 86 230 152
    55 186 253 31 5 151 237 70 155 202 115 253 190 86 255 76 13 213 94
    253 19 21 166 24 12 67 253 223 171 56 230 177 189 232 223 58 248 57
    142 237 205 238 221 215 113 191 221 158 207 223 125 124 204 189 245
    234 187 244 127 218 247 121 119 21 118 124 215 95 239 207 120 75 36
    222 219 250 57 125 61 239 167 245 112 253 107 189 222 137 79 246 13
    152 93 63 215 246 175 243 255 173 222 252 185 255 213 122 231 249
    255 223 253 214 255 215 242 178 78 251 221 251 111 247 45 226 247
    223 251 246 255 104 221 118 239 207 35 117 191 214 124 251 125 120
    125 243 103 253 52 245 111 189 172 153 223 240 29 156 73 85 254 115
    255 123 119 161 254 126 253 255 140 54 223 93 111 239 198 189 250
    223 191 254 222 255 247 122 109 22 85 210 229 253 245 253 125 47 250
    94 41 212 124 119 222 202 125 251 127 52 219 125 47 191 156 245 44
    215 172 179 143 186 25 182 95 120 246 120 121 121 221 104 250 60 59
    253 222 50 221 121 117 255 252 94 149 29 62 249 230 251 212 65 107
    253 112 199 183 89 170 164 25 122 216 125 235 247 36 117 186 214 122
    209 124 240 93 125 46 212 134 193 111 153 172 29 5 242 29 157 77 16
    242 59 253 91 22 34 250 250 156 255 207 255 151 219 185 255 255 20
    255 191 255 187 92 250 247 120 54 220 95 219 125 122 250 250 63 254
    217 127 47 215 229 95 255 214 125 255 126 113 93 110 46 221 28 217
    55 157 172 24 37 245 189 156 235 88 254 58 189 218 93 50 255 220 41
    175 253 50 119 248 247 84 255 245 155 83 128 147 202 235 221 123 111
    60 141 230 155 13 123 183 174 65 197 54 251 215 37 53 251 86 124 233
    116 120 92 177 63 223 52 211 111 153 172 26 133 240 29 156 73 144
    242 51 253 93 87 32 250 253 255 255 253 62 127 253 247 189 253 254
    223 223 253 255 239 251 221 255 107 252 175 254 251 127 255 183 190
    125 87 127 255 247 39 117 251 214 255 249 245 123 93 250 63 223 54
    255 239 157 172 94 157 240 31 156 77 16 246 115 191 91 87 33 254 51
    213 12 222 39 157 95 57 191 87 61 202 189 121 116 7 244 246 68 185
    212 114 211 118 121 182 165 58 127 81 93 105 215 108 82 48 218 72
    250 233 114 223 56 47 212 20 245 111 145 136 24 13 240 29 159 77 25
    242 51 189 80 215 10 251 29 148 190 121 45 241 250 116 57 187 196
    237 206 57 3 11 12 169 251 219 245 119 78 251 225 123 242 246 92 69
    229 231 223 216 157 37 255 185 248 123 120 28 107 175 247 113 243
    123 187 250 56 67 244 93 216 92 23 211 191 255 242 179 233 207 124
    37 253 188 50 103 125 119 149 238 221 180 93 172 191 238 185 88 83
    97 185 211 214 179 221 41 164 221 65 213 252 233 225 28 39 174 151
    122 129 124 58 223 117 46 246 55 231 110 159 172 187 143 242 29 20
    93 152 243 123 248 123 150 106 226 251 254 254 247 255 191 223 153
    254 125 252 123 191 251 246 93 251 247 127 247 253 71 187 125 230
    255 249 63 254 91 247 239 215 45 86 191 82 121 237 119 120 94 122 63
    221 29 253 95 157 172 24 5 240 61 156 73 16 246 51 189 218 87 32 250
    252 59 247 245 126 127 255 251 220 189 250 115 243 210 218 230 251
    221 239 107 245 175 238 223 159 127 183 167 220 215 119 254 79 43
    103 191 213 188 249 117 121 124 243 191 237 167 183 111 186 173 157
    195 242 31 158 81 70 242 119 223 122 23 161 254 58 214 125 138 62
    221 131 53 255 126 126 21 29 62 125 244 247 214 65 160 244 114 157
    118 249 160 36 8 127 219 221 251 229 108 215 180 223 82 169 252 246
    93 86 142 84 182 240 111 155 45 157 9 242 29 157 89 48 242 43 188 90
    222 46 249 253 254 255 249 254 253 231 241 253 255 254 251 223 253
    255 237 249 253 255 235 253 223 191 253 255 127 63 246 253 87 251
    255 255 235 223 125 95 245 253 118 127 94 122 63 223 247 127 241 173
    253 30 165 253 255 143 77 222 252 231 191 222 223 40 190 227 158 199
    183 255 162 155 152 190 125 144 123 175 203 34 93 232 213 61 119 204
    39 226 123 78 218 185 47 210 26 51 111 215 37 84 187 82 120 237 116
    80 92 56 15 209 28 245 111 153 172 24 5 240 29 156 73 16 242 51 189
    88 87 32 250 124 53 255 189 18 231 127 247 241 238 201 180 85 166
    187 254 251 248 211 107 191 241 86 155 221 41 166 221 65 221 253 235
    97 20 39 175 147 254 209 126 186 79 117 46 246 55 67 110 159 172 58
    71 242 29 21 93 156 242 123 249 91 214 107 243 58 214 109 138 222
    221 131 53 255 92 94 21 29 127 121 244 246 214 65 160 208 114 157
    116 120 160 36 13 255 219 89 251 229 108 87 182 223 82 137 124 246
    85 82 142 84 134 240 79 155 45 157 8 178 29 143 89 48 242 43 188 90
    223 46 249 118 48 49 162 94 6 11 75 198 42 147 54 113 66 179 80 122
    215 67 80 193 39 193 78 156 152 252 15 66 152 49 234 71 44 71 190 90
    56 233 84 104 84 20 11 197 100 181 111 153 172 24 1 240 29 156 81 16
    114 51 189 88 23 32 250 252 186 255 213 254 255 251 254 252 189 246
    127 239 216 250 233 251 253 255 47 253 47 234 255 175 127 63 182 252
    71 119 238 95 107 191 253 254 253 253 53 249 245 243 63 237 237 191
    243 173 245 207 247 249 255 158 207 118 254 255 207 239 47 181 254
    109 174 239 168 87 127 167 255 181 222 252 176 93 61 191 207 201 253
    251 125 113 81 222 240 93 253 25 165 125 84 58 203 221 64 215 170 95
    120 45 124 124 87 58 61 85 181 118 228 191 172 28 12 243 61 205 92
