<?xml version="1.0"?>
<opencv_storage>
<ImageFile>"506.jpg"</ImageFile>
<Features type_id="opencv-matrix">
  <rows>260</rows>
  <cols>64</cols>
  <dt>u</dt>
  <data>
    63 180 253 110 190 189 247 93 251 124 132 249 252 127 175 93 255 247
    130 176 245 113 91 255 245 224 100 255 111 125 221 103 159 200 223
    54 254 219 185 127 127 223 78 229 117 245 247 75 189 254 136 79 182
    133 91 125 62 215 254 175 251 203 238 215 237 255 247 253 122 255
    245 127 189 253 238 221 95 253 254 237 251 253 251 107 244 125 254
    115 127 255 151 183 125 215 126 239 215 99 119 186 214 246 253 124
    255 125 254 55 253 151 245 239 157 172 222 157 242 29 159 77 56 254
    115 175 219 95 45 250 127 254 254 105 255 255 247 153 253 255 220
    250 254 127 239 221 249 191 59 246 253 119 91 125 247 255 123 255
    255 95 255 179 223 239 223 239 255 121 253 127 124 93 126 61 213 221
    255 183 191 254 24 45 247 245 220 255 126 254 255 191 219 219 252
    222 252 237 255 253 34 127 241 247 253 253 252 221 95 253 255 238
    255 187 251 235 253 253 247 183 251 111 213 246 109 215 254 255 239
    123 99 244 255 91 248 252 251 63 251 182 253 183 251 111 191 174 239
    223 248 31 153 93 119 247 127 255 251 254 143 223 43 221 108 110 47
    61 244 19 61 216 252 237 62 125 108 253 182 186 229 187 245 126 145
    119 113 62 65 146 127 247 237 243 143 106 203 52 247 74 248 169 255
    191 254 231 212 119 247 111 185 251 137 13 254 5 219 93 63 215 255
    167 179 251 143 75 252 237 255 253 251 255 251 255 253 253 254 191
    255 254 255 238 251 221 251 111 191 221 238 59 127 235 186 183 255
    219 126 175 247 231 117 251 214 247 253 254 243 255 253 118 255 159
    121 179 223 172 255 253 219 255 181 238 248 252 233 255 223 76 179
    255 220 187 223 245 112 243 249 254 25 185 119 251 199 243 211 234
    171 221 189 111 174 173 238 123 47 223 179 255 93 75 54 255 247 179
    61 251 87 253 255 119 113 124 251 119 255 13 89 187 221 173 127 245
    249 255 188 206 209 254 115 207 93 53 145 254 189 190 255 85 188 253
    249 246 248 253 198 255 238 123 194 205 251 237 255 43 245 111 255
    255 251 127 119 246 125 87 243 239 223 235 108 52 215 189 249 255
    217 124 235 191 249 113 255 107 185 252 28 79 244 29 156 77 55 247
    247 175 250 127 165 254 254 190 247 103 252 186 174 217 250 57 210
    123 239 83 194 89 122 133 127 223 221 15 59 221 167 219 127 175 206
    29 163 190 95 239 110 159 90 61 237 118 217 92 58 159 201 109 155
    151 172 245 28 33 241 247 159 235 84 254 151 157 126 87 48 126 237
    255 254 125 121 114 249 222 184 189 236 255 226 217 195 239 235 237
    191 111 127 143 254 63 103 255 55 167 221 7 34 247 255 163 125 251
    119 189 255 52 123 124 186 255 223 121 123 243 253 253 126 241 217
    255 188 206 215 252 229 47 222 117 145 250 220 59 179 245 112 55 254
    247 80 191 97 147 83 192 147 74 255 205 251 111 78 173 230 155 143
    203 183 238 193 196 54 250 115 19 116 251 84 124 225 116 120 110 177
    62 251 12 211 95 157 172 60 211 240 95 157 73 197 250 19 159 92 86
    33 178 220 41 143 213 98 199 250 245 92 239 85 218 211 226 147 74
    234 217 113 103 159 45 198 219 25 123 183 174 64 131 55 250 199 37
    69 187 83 121 233 124 112 92 49 47 211 60 243 127 153 172 24 5 240
    29 156 73 16 242 51 189 88 87 32 250 248 242 119 231 252 181 175 249
    204 125 248 123 239 123 211 100 242 197 127 110 120 143 175 252 190
    255 61 187 254 147 115 191 232 109 94 223 223 177 45 255 95 78 147
    158 201 171 218 21 172 157 213 169 217 254 143 251 68 252 17 12 254
    70 48 189 255 255 127 253 254 189 255 240 61 255 125 219 223 249 252
    255 243 245 125 111 255 253 162 120 111 255 191 63 255 95 119 191
    242 101 124 251 210 125 253 247 119 222 251 63 223 158 221 55 141
    173 20 37 248 191 159 109 80 246 113 159 221 95 50 187 255 186 231
    231 255 255 139 248 252 125 210 127 239 219 210 205 250 245 127 119
    253 15 186 125 127 254 63 175 222 219 114 191 79 111 94 255 222 63
    237 125 217 84 50 159 201 105 189 181 172 189 152 137 241 255 156
    243 112 252 115 191 222 215 48 190 56 50 101 227 254 183 167 120 244
    62 250 49 125 127 177 101 211 245 75 114 241 114 141 252 142 108 44
    151 254 221 113 223 125 108 223 191 95 112 53 212 124 69 82 30 68
    231 194 67 190 61 157 1 242 189 142 89 228 246 7 156 202 158 108 180
    239 254 239 249 255 191 255 217 189 127 252 251 239 255 254 221 243
    245 63 111 255 79 186 125 111 223 63 63 255 91 123 255 215 231 222
    219 114 127 253 247 215 222 122 255 221 158 253 147 205 189 28 4 233
    183 143 111 80 252 113 159 222 95 62 189 254 249 255 247 255 247 219
    152 254 167 189 254 239 235 246 253 251 215 62 247 15 175 167 124
    175 223 255 63 215 59 246 62 215 173 31 223 90 125 255 247 114 220
    249 127 219 28 253 53 221 173 18 133 248 191 156 235 80 246 49 63
    124 85 48 186 254 254 255 103 255 242 219 153 254 187 252 255 239 83
    226 253 255 215 63 255 237 71 191 124 167 223 125 255 255 127 231
    190 247 237 221 223 126 189 253 247 123 92 106 61 217 127 189 181
    253 255 28 165 253 231 220 235 84 252 182 191 254 95 52 254 125 54
    229 33 220 179 163 120 240 62 210 55 236 91 129 65 234 237 219 116
    249 71 27 253 134 120 124 165 222 93 97 239 95 111 141 191 94 177 45
    92 60 64 90 142 69 233 170 211 60 60 24 4 225 188 206 65 118 44 159
    157 234 135 108 118 248 221 255 223 242 95 255 255 223 245 125 222
    191 252 255 238 251 213 127 111 30 159 230 60 127 255 191 59 215 203
    126 191 243 39 125 219 210 247 255 246 179 255 253 126 191 158 125
    180 205 141 118 245 217 255 149 238 209 252 105 127 93 76 147 183
    255 249 255 247 254 246 219 184 254 175 253 254 239 235 214 253 251
    215 62 247 79 175 167 124 239 223 255 127 215 59 246 63 215 173 29
    223 90 125 255 247 81 92 185 127 219 28 253 53 205 173 18 133 248
    191 156 235 80 246 49 63 124 85 48 190 254 56 218 215 234 151 90 129
    94 171 49 250 190 226 178 90 118 147 60 231 207 181 227 94 159 211
    255 127 194 189 247 118 211 173 70 255 218 125 225 246 208 78 97 13
    243 28 145 63 159 236 24 7 244 29 156 219 80 243 51 189 124 83 112
    255 231 254 226 129 255 220 139 200 174 255 186 123 239 203 226 253
    235 245 63 247 77 135 191 124 71 223 59 43 150 31 115 63 243 45 95
    251 82 125 237 246 113 92 40 191 221 90 252 181 137 173 24 5 240 159
    140 107 16 240 49 61 92 87 48 186 253 253 255 221 54 255 253 247 255
    255 125 217 95 255 255 254 191 254 250 47 191 127 246 191 253 111
    167 255 109 253 254 239 247 123 111 255 254 127 250 253 255 255 255
    255 191 182 223 126 255 173 255 223 250 61 191 93 255 247 123 255
    251 252 171 255 60 178 247 247 63 183 247 124 246 252 214 241 253
    123 179 86 250 215 235 123 247 125 203 255 141 251 243 255 126 253
    245 239 159 238 246 190 255 248 251 119 125 95 235 103 245 165 211
    107 190 254 137 79 246 61 157 93 102 246 215 223 251 255 165 94 255
    254 111 235 255 191 183 216 253 127 252 251 175 123 246 125 243 245
    127 123 253 119 187 124 103 255 121 63 255 91 123 255 223 237 222
    255 247 121 253 247 127 94 122 191 213 115 252 81 188 189 24 13 240
    189 159 109 56 246 183 191 218 223 62 253 252 252 255 205 254 253
    219 253 255 255 255 189 127 188 255 254 251 212 127 111 61 211 190
    188 255 253 253 59 255 223 127 191 241 101 125 223 214 119 253 254
    179 223 125 62 223 190 252 180 143 173 87 173 250 191 135 79 208 244
    41 124 223 78 42 181 248 222 255 255 254 255 255 241 253 255 127 219
    223 249 254 237 247 221 127 111 254 253 190 252 255 255 191 190 255
    211 119 191 243 101 94 251 211 125 253 247 250 94 249 63 221 191 255
    55 157 141 28 37 249 255 159 235 80 254 113 191 220 87 48 189 191
    254 126 239 255 125 223 152 255 93 188 251 175 123 236 253 243 247
    63 189 101 70 185 124 231 255 121 123 255 91 255 63 244 237 222 223
    122 119 189 247 247 222 106 63 217 218 252 149 204 181 86 4 232 183
    143 111 56 244 176 62 220 221 54 185 214 232 211 55 216 70 137 135
