<?xml version="1.0"?>
<opencv_storage>
<ImageFile>"507.jpg"</ImageFile>
<Features type_id="opencv-matrix">
  <rows>298</rows>
  <cols>64</cols>
  <dt>u</dt>
  <data>
    232 200 175 221 98 95 251 247 157 254 126 143 19 180 123 238 141 89
    249 47 92 153 230 186 123 109 158 34 201 211 62 255 229 49 97 113
    215 103 236 120 242 125 245 62 223 182 113 232 159 136 255 157 219
    95 157 218 213 236 107 125 95 78 10 246 125 254 127 217 254 253 247
    245 249 253 222 189 221 127 251 237 251 253 219 106 253 241 94 180
    249 125 157 246 237 223 127 255 205 75 199 238 222 243 253 124 124
    29 126 182 85 243 255 99 191 236 143 111 243 253 24 93 126 252 75
    189 251 223 110 254 135 206 139 193 239 240 139 153 172 251 51 202
    139 89 98 45 9 125 45 115 204 199 186 120 71 215 153 34 148 18 35 27
    215 48 221 43 82 125 232 35 96 124 56 189 209 20 253 49 152 141 24 5
    209 157 156 104 16 242 49 189 92 87 32 250 108 58 231 113 252 183
    163 126 252 189 198 119 239 115 147 65 250 237 235 99 245 103 74 255
    206 122 148 183 124 69 51 238 223 40 87 190 127 184 233 116 124 84
    58 175 213 97 243 107 184 172 136 1 240 29 156 73 54 242 55 189 218
    87 36 254 237 239 239 252 114 127 255 251 189 221 254 255 95 253 254
    238 139 253 255 111 118 223 244 247 127 255 159 183 125 215 62 219
    214 103 119 251 214 126 253 188 254 127 250 63 223 191 117 235 157
    173 188 157 219 125 159 76 112 254 115 255 91 95 43 251 147 223 130
    215 239 80 216 138 62 217 63 203 158 216 98 189 109 215 60 255 70
    143 166 123 99 223 115 106 215 51 182 55 246 103 121 81 83 125 250
    229 113 124 184 127 221 30 253 181 201 153 94 149 216 135 156 235 17
    208 48 63 84 125 128 186 205 254 255 253 248 255 191 241 121 255 234
    219 206 241 251 233 235 253 191 111 253 197 126 249 207 127 191 191
    221 79 51 255 215 101 93 187 82 253 253 118 124 92 122 63 213 28 255
    115 157 172 24 37 241 253 156 73 16 254 51 189 92 87 32 250 220 249
    254 125 250 251 254 247 121 187 253 255 254 246 238 250 255 155 127
    255 253 141 103 191 223 127 255 255 201 199 246 246 251 45 69 255 91
    127 253 252 122 94 120 63 223 127 255 255 157 172 30 133 240 127 157
    73 80 255 51 189 92 86 50 251 38 231 108 136 2 221 4 1 45 70 189 200
    220 61 124 142 153 40 98 249 55 114 81 226 117 117 21 240 45 150 222
    129 142 88 195 142 202 8 250 40 62 191 52 165 20 240 54 110 51 168
    129 74 146 29 106 20 63 195 90 245 51 251 108 74 43 140 239 223 47
    223 211 189 191 245 30 221 31 126 127 238 169 212 112 59 212 123 254
    115 121 231 148 54 125 219 31 111 223 104 81 240 214 91 251 124 112
    29 111 47 149 54 245 107 157 172 159 13 246 29 156 77 48 242 123 189
    219 95 46 254 195 5 138 19 65 194 90 78 18 163 21 200 146 136 2 26
    107 21 49 71 138 39 230 35 13 219 184 47 82 9 35 107 215 36 21 187
    82 120 237 118 112 88 56 43 215 28 245 111 153 172 24 5 240 29 156
    73 16 242 51 189 88 87 32 250 4 239 19 73 224 218 166 99 75 17 42
    201 66 81 204 168 231 200 173 47 71 40 37 211 235 71 7 228 5 14 136
    16 242 19 120 136 88 146 207 164 243 62 56 183 60 158 94 134 129 129
    100 118 57 77 131 138 23 203 2 164 80 96 67 185 124 187 255 221 58
    127 245 255 255 252 254 189 93 254 187 238 251 246 195 107 253 251
    246 182 217 107 228 219 105 217 255 239 255 110 71 254 222 242 241
    124 254 95 255 54 244 246 193 111 189 172 143 79 242 29 157 93 60
    246 123 191 251 222 47 255 220 42 247 117 248 243 170 245 88 187 226
    127 210 208 155 234 235 201 251 71 253 173 111 217 203 127 191 238
    192 135 179 246 255 37 69 191 91 188 237 116 120 92 48 62 221 61 155
    127 153 172 24 3 240 93 156 73 84 250 19 189 92 87 32 250 56 41 155
    138 2 79 132 231 79 196 47 148 17 182 251 230 219 18 192 44 20 145
    229 130 121 197 12 9 35 202 30 41 164 4 97 218 0 66 207 24 178 85 52
    48 54 158 100 236 151 40 231 156 146 15 53 94 192 104 40 104 73 12
    107 242 108 173 239 152 66 207 243 103 61 228 78 149 91 188 187 238
    203 89 241 103 244 21 214 179 89 105 156 132 105 194 62 235 213 37
    69 186 18 122 237 124 112 29 60 39 213 52 117 238 157 172 155 13 241
    29 156 72 56 246 59 185 91 87 32 250 252 248 255 125 255 251 255 254
    253 185 252 255 255 244 239 250 255 155 255 223 253 143 239 191 247
    111 251 255 201 215 254 254 255 47 101 255 95 119 253 252 250 94 251
    62 223 127 191 247 189 238 94 215 248 127 157 73 214 252 247 189 254
    119 178 255 57 221 254 206 55 255 253 63 253 212 221 252 63 62 63
    206 159 179 122 255 181 87 211 247 249 117 212 188 125 247 222 233
    207 92 227 148 223 89 248 57 61 157 255 39 183 245 247 111 191 186
    171 159 242 13 250 92 126 247 126 233 243 251 206 222 123 221 234
    222 111 223 93 15 63 100 63 204 63 254 124 254 253 179 52 247 198
    127 241 99 127 215 243 127 115 187 222 105 151 44 87 190 202 90 250
    126 242 223 60 105 213 30 245 111 213 172 24 13 240 29 157 75 17 242
    115 189 88 85 42 251 120 59 247 244 54 55 121 126 208 190 210 17 111
    241 146 74 250 205 235 111 246 45 66 151 142 235 182 158 72 196 112
    232 95 38 84 190 94 124 241 116 120 76 179 47 219 37 243 239 155 172
    24 195 240 29 158 73 4 242 19 159 88 87 97 250 15 206 237 248 46 191
    118 3 49 118 135 130 220 117 108 31 140 185 168 187 228 117 80 115
    117 214 145 214 108 117 29 67 151 208 211 32 251 202 250 41 228 191
    110 101 245 213 247 107 159 234 137 79 247 85 251 28 63 199 255 191
    243 251 223 219 11 207 8 124 110 186 86 1 57 112 135 202 220 117 108
    25 132 171 56 250 198 117 80 115 229 214 209 246 108 117 157 97 151
    208 209 0 235 74 250 35 228 191 121 97 245 213 247 107 159 202 137
    79 246 69 251 45 63 215 223 183 112 251 221 202 252 141 239 221 98
    79 241 231 61 245 94 223 95 181 251 238 171 217 249 111 150 141 254
    179 127 255 156 54 109 211 30 239 135 99 97 120 214 223 253 126 241
    61 249 182 253 30 125 235 221 168 239 157 209 95 156 78 113 252 105
    253 91 93 3 254 57 31 245 244 58 191 37 127 229 124 194 17 125 253
    185 69 246 253 195 98 244 125 208 243 223 170 160 156 122 212 124
    233 223 38 87 186 80 122 209 108 252 93 24 7 213 133 229 79 152 172
    24 13 242 29 159 73 8 242 115 189 90 87 33 250 236 143 231 221 106
    223 243 231 189 245 78 223 223 253 187 238 235 217 249 111 222 13
    254 243 91 235 156 54 109 217 26 239 215 39 99 186 82 122 253 124
    245 61 56 182 221 30 253 239 157 172 137 157 241 95 156 79 112 254
    115 189 90 85 1 250 186 254 255 221 54 253 221 253 255 255 191 157
    125 188 255 255 255 244 122 43 60 208 246 188 253 245 247 121 127
    255 127 187 245 124 255 255 222 127 250 125 246 223 239 63 183 182
    245 124 159 191 254 143 186 189 191 95 188 246 122 127 255 221 110
    182 59 252 255 239 190 253 223 121 255 245 253 249 255 63 253 220
    255 247 127 123 191 127 247 125 253 255 253 63 127 251 255 255 215
    109 127 222 218 123 249 127 127 223 125 63 223 190 253 63 157 173
    159 13 250 157 159 93 56 246 123 253 251 223 42 255 249 77 238 221
    66 111 117 247 61 253 126 143 31 188 127 238 239 217 249 111 60 223
    254 179 91 111 158 182 249 215 126 191 249 35 113 113 87 119 245 124
    250 255 254 54 95 191 111 228 189 136 127 157 219 127 149 206 255
    252 109 125 223 36 3 255 118 49 209 23 212 130 11 13 194 11 17 50
    225 194 147 82 122 199 50 6 73 167 195 69 142 195 252 45 2 136 80 40
    71 45 69 191 90 56 71 84 96 72 32 11 145 92 177 78 145 172 24 1 176
    24 156 67 16 114 50 57 88 85 48 250 58 255 255 238 55 127 245 127
    255 220 222 245 125 62 253 252 251 212 123 107 245 82 245 119 125
    253 245 25 127 219 126 235 213 100 119 254 214 122 249 116 251 221
    126 63 212 134 245 110 157 173 223 13 250 29 159 77 16 242 59 189 91
    31 34 250 197 109 117 152 16 79 5 99 163 68 45 146 93 231 254 202
    203 116 100 100 23 220 16 162 95 245 149 25 161 138 26 9 210 6 119
    218 0 112 87 92 52 179 60 39 61 28 100 172 5 164 96 28 11 27 6 14 56
    108 40 61 93 68 33 250 133 134 210 87 217 192 226 196 58 57 128 125
