<?xml version="1.0"?>
<opencv_storage>
<ImageFile>"508.jpg"</ImageFile>
<Features type_id="opencv-matrix">
  <rows>211</rows>
  <cols>64</cols>
  <dt>u</dt>
  <data>
    189 252 124 239 255 253 247 121 63 253 124 251 191 63 252 221 251
    247 253 105 245 127 219 125 125 255 121 63 127 91 255 239 215 229
    125 250 247 249 249 127 119 223 127 55 245 148 253 111 141 181 153
    45 254 157 158 77 56 246 123 173 219 223 44 254 123 221 239 254 55
    255 221 63 191 246 221 222 191 252 126 223 157 247 122 123 246 119
    210 119 125 247 247 127 127 251 127 235 199 124 215 174 218 120 248
    121 124 221 253 45 245 52 245 111 159 174 152 15 242 29 220 93 56
    247 115 191 251 223 108 250 189 252 255 253 250 255 245 247 253 253
    222 255 223 253 254 252 255 253 251 107 247 125 255 255 255 127 119
    255 109 215 255 239 207 243 127 126 254 255 249 127 127 189 255 247
    253 183 255 235 189 244 239 255 250 191 154 93 127 223 255 239 251
    255 175 254 43 223 109 218 55 189 95 25 191 246 61 138 157 63 125 95
    149 247 98 251 244 119 82 119 81 247 245 126 126 249 93 227 215 92
    215 174 218 120 248 121 116 95 125 173 213 244 245 111 155 174 152
    15 242 29 223 93 56 247 115 189 251 219 108 250 252 186 255 245 254
    247 243 255 220 253 214 251 247 218 179 205 251 221 251 43 253 47
    239 255 43 123 31 167 125 79 51 239 223 227 125 113 119 253 253 52
    121 125 234 119 221 165 123 243 189 252 157 253 245 255 156 201 86
    252 247 143 219 127 181 254 126 249 255 255 63 191 253 107 255 253
    215 249 255 254 252 222 251 215 122 123 247 127 195 127 255 222 227
    63 126 249 253 239 215 231 119 191 246 127 251 119 241 255 255 111
    255 23 245 111 221 174 24 199 240 29 159 77 81 246 115 255 251 127
    163 254 255 253 255 253 118 127 253 247 253 253 253 251 127 252 254
    254 189 253 126 255 63 223 247 183 255 127 247 255 127 247 254 255
    207 127 103 255 222 125 250 253 122 255 255 127 255 127 255 238 253
    174 255 223 251 127 181 95 255 255 121 255 255 253 159 255 122 221
    254 254 55 191 93 11 255 235 151 234 191 234 124 95 180 183 126 251
    183 127 209 127 245 214 227 127 126 255 253 226 207 254 222 159 203
    127 250 115 248 255 245 109 183 95 247 127 223 234 152 79 234 61 255
    93 25 247 247 255 187 251 249 187 88 221 190 221 34 255 252 55 63
    254 95 140 222 188 125 142 157 251 248 171 182 125 90 251 249 119
    151 246 109 247 223 231 207 218 227 36 255 201 250 43 124 189 239
    229 183 180 119 107 191 218 175 223 183 109 122 222 127 207 222 231
    243 249 205 238 122 253 255 255 55 253 95 25 255 255 189 250 191 250
    124 223 253 247 126 255 191 127 211 127 245 247 247 127 127 251 254
    171 143 252 223 159 234 125 250 123 126 223 247 233 183 125 245 63
    254 191 152 79 234 181 254 247 57 183 255 255 187 251 253 154 123
    253 254 255 55 253 221 27 255 255 189 250 191 234 125 223 253 247
    126 255 191 127 211 127 245 247 247 127 127 251 254 179 135 252 223
    207 234 125 250 123 62 223 247 233 183 253 245 63 254 187 146 79 234
    181 254 247 57 183 255 255 191 249 253 146 59 245 108 110 63 191 255
    90 245 94 212 249 237 125 172 93 178 253 195 251 245 118 209 119 245
    186 228 151 127 117 253 235 223 108 223 180 255 122 248 125 254 223
    123 175 244 241 247 111 184 190 152 15 240 29 223 93 62 183 255 191
    251 223 174 219 47 244 108 108 63 191 255 88 245 94 212 249 237 123
    172 93 178 253 195 242 245 119 209 127 101 186 224 151 127 117 125
    227 223 120 223 180 255 122 249 125 255 223 91 143 245 241 247 79
    184 190 152 15 240 29 223 93 62 183 255 191 250 223 174 219 124 250
    255 253 254 255 255 253 253 255 222 159 221 124 251 238 251 221 251
    107 252 125 206 249 253 255 190 183 125 215 127 255 247 101 93 251
    214 255 253 127 120 93 255 62 215 182 253 123 159 172 31 133 242 189
    156 93 84 246 123 253 219 95 42 246 235 207 239 250 55 191 93 27 253
    255 252 250 191 251 252 79 131 117 127 127 252 215 217 127 119 255
    147 55 127 91 60 219 218 110 214 251 211 125 245 189 126 255 122 189
    215 243 117 235 63 189 156 13 203 189 207 28 56 230 119 159 219 223
    174 187 255 254 239 245 255 191 223 249 191 255 221 251 223 127 246
    93 240 245 127 123 244 127 210 123 111 254 183 63 126 123 119 239
    215 237 222 187 246 121 249 245 82 94 123 63 209 20 245 127 157 188
    24 5 240 61 158 73 16 246 115 191 218 95 42 254 41 207 108 218 34 95
    95 67 127 246 45 202 220 61 124 207 207 241 96 235 151 116 81 243 93
    119 181 62 111 158 255 97 215 100 87 186 210 120 248 120 118 95 56
    175 213 150 245 111 153 173 24 13 240 29 159 93 24 243 51 189 89 211
    42 251 251 253 255 255 255 255 255 255 255 125 253 255 255 252 254
    253 255 245 127 119 255 255 179 127 255 239 255 63 255 223 255 239
    215 111 30 255 214 119 253 255 219 223 255 63 217 31 253 127 157 172
    30 141 248 191 159 77 88 246 123 191 223 95 58 253 33 205 173 137
    195 207 199 125 175 69 29 204 153 124 126 236 137 117 122 100 22 115
    210 97 125 245 29 60 53 154 30 9 198 103 83 154 194 97 222 10 53 185
    44 167 21 60 125 166 21 144 147 12 19 89 148 30 57 70 104 45 65 221
    12 250 186 185 251 247 55 247 217 191 223 255 213 249 191 202 19 222
    191 215 48 251 167 63 231 127 173 219 242 127 91 121 247 239 215 190
    189 254 255 125 250 119 120 253 255 109 191 21 245 111 219 170 59
    199 244 29 188 76 81 243 255 251 251 63 161 254 122 185 251 255 55
    247 217 175 215 255 213 249 63 202 147 222 191 215 48 123 167 63 231
    63 173 219 242 127 91 249 246 239 215 190 53 255 255 125 250 119 112
    253 247 111 187 21 241 111 223 170 59 215 240 29 188 76 81 243 123
    251 121 53 161 255 124 173 239 253 50 127 241 255 221 252 254 189 95
    190 191 238 251 220 243 107 253 253 230 183 125 111 150 145 105 215
    62 235 255 34 101 250 215 123 249 124 122 125 255 38 223 183 103 238
    191 172 255 141 242 29 156 92 94 242 127 249 91 94 43 254 3 30 70
    131 253 176 130 153 44 251 2 71 136 91 105 37 224 213 41 50 196 39
    138 121 70 220 57 39 150 10 35 87 119 36 93 186 82 120 237 116 100
    84 58 14 197 4 240 119 152 172 24 5 240 29 156 73 16 242 51 189 88
    87 32 250 124 169 255 249 18 127 241 255 221 252 254 189 95 180 191
    238 251 220 243 107 253 249 238 179 125 107 150 128 105 199 62 235
    255 34 117 250 87 123 249 116 122 125 255 38 87 183 103 238 191 172
    255 141 242 29 156 92 30 242 111 249 91 94 35 254 55 53 251 116 52
    162 249 94 210 160 213 245 111 195 128 91 170 197 34 99 135 45 194
    119 205 138 226 159 82 45 37 107 215 54 117 186 218 56 251 117 80
    124 185 239 241 17 245 111 153 174 24 71 240 29 156 73 17 179 115
    191 120 119 161 250 44 207 236 200 34 221 213 117 63 214 45 206 221
    61 127 239 157 249 234 169 54 119 82 242 249 117 149 240 109 215 223
    161 207 88 195 76 202 73 250 41 62 191 125 181 183 246 119 111 183
    219 173 111 146 77 218 28 63 199 122 101 243 251 79 218 235 220 238
    237 239 255 215 24 189 117 158 207 191 125 110 205 189 191 124 181
    252 95 186 113 115 255 217 118 253 243 95 239 159 249 83 112 247 75
    252 123 125 157 110 183 221 121 253 107 189 150 137 13 253 237 219
    255 121 222 247 189 243 223 156 222 248 249 191 125 248 231 250 245
    221 191 209 255 247 192 147 250 191 139 251 207 191 143 111 157 187
    123 255 254 193 247 230 190 239 191 47 127 159 189 254 127 120 108
    227 254 251 121 155 179 253 202 126 243 213 255 60 247 215 253 245
    123 255 117 147 239 58 189 237 254 55 189 221 63 247 246 213 176 125
    120 61 94 189 158 98 251 247 118 211 247 253 163 230 255 107 245 245
    235 207 124 199 174 223 120 250 121 124 223 245 109 244 53 247 111
    187 174 153 79 242 29 220 93 57 243 127 255 123 251 232 219 239 254
    231 117 255 247 255 254 252 255 240 251 239 201 150 207 235 253 191
    111 237 143 239 61 111 255 63 183 223 87 50 255 247 239 60 251 119
    245 253 247 91 110 122 63 219 25 91 177 237 189 94 181 209 254 156
    109 208 252 163 159 222 87 16 191 220 185 191 117 232 227 250 246
