<?xml version="1.0"?>
<opencv_storage>
<ImageFile>"509.jpg"</ImageFile>
<Features type_id="opencv-matrix">
  <rows>172</rows>
  <cols>64</cols>
  <dt>u</dt>
  <data>
    187 223 126 223 247 127 223 187 127 93 125 219 191 127 126 252 247
    247 252 191 118 252 177 114 251 255 243 122 255 243 222 189 190 119
    186 240 247 89 250 253 119 223 255 119 253 150 253 110 199 147 223
    255 254 167 155 255 127 255 126 79 215 253 159 221 56 205 109 202 34
    93 85 115 247 84 60 216 95 125 124 204 255 240 103 233 116 118 177
    247 123 119 21 56 109 222 94 233 214 110 67 254 202 88 249 124 118
    159 124 39 212 246 244 238 151 165 143 12 250 29 139 29 56 246 123
    189 91 223 44 250 188 255 254 221 34 221 245 247 127 213 127 221 95
    124 255 236 191 250 252 175 247 121 247 243 249 127 149 246 109 215
    222 191 239 83 99 100 215 219 250 185 247 191 255 183 189 182 255
    110 191 219 239 255 254 79 155 223 127 223 126 239 243 249 207 222
    185 254 126 203 255 125 215 189 127 253 254 255 191 62 255 237 255
    246 254 187 245 83 191 252 249 117 89 50 253 223 223 255 253 233 251
    116 254 211 253 189 247 159 239 55 157 182 124 241 175 223 239 173
    159 167 203 255 254 221 238 110 215 217 46 222 185 220 238 207 255
    253 247 185 189 125 254 251 191 60 126 237 255 255 255 249 244 87
    187 252 115 127 125 50 253 211 127 255 207 237 203 116 215 251 248
    127 127 223 111 191 221 247 254 97 191 223 159 141 254 191 223 85
    122 246 255 191 243 223 44 222 171 206 108 207 239 157 215 8 191 117
    61 202 191 127 124 237 246 247 126 122 254 126 153 124 123 246 13 62
    255 219 95 63 242 239 74 95 194 219 255 190 247 255 104 191 212 250
    252 19 133 213 150 44 255 135 143 255 57 214 248 44 211 223 58 189
    45 206 236 106 63 191 39 18 57 127 4 232 190 123 172 77 203 251 169
    185 245 119 91 243 113 119 17 182 124 85 249 193 159 66 211 32 243
    216 249 56 124 191 122 165 213 113 119 107 187 252 136 12 246 13 218
    29 62 247 247 181 218 251 108 218 189 255 239 207 102 127 215 183 63
    213 124 223 31 127 127 236 189 251 252 175 119 125 246 243 249 127
    29 244 109 210 222 185 158 123 243 192 255 91 254 57 119 191 255 119
    189 190 127 238 167 147 239 255 155 231 186 158 127 207 126 111 115
    233 223 218 249 205 255 223 234 223 221 187 191 253 127 207 159 253
    127 236 191 247 252 47 254 127 246 119 123 255 183 118 253 243 94
    255 199 123 99 117 215 93 250 121 119 125 239 255 253 50 253 111 189
    136 153 221 253 79 156 207 121 254 114 255 243 221 137 254 236 238
    175 201 202 221 231 229 253 253 110 207 211 52 255 236 211 249 253
    41 252 213 126 216 123 229 29 166 237 211 31 255 165 195 67 97 255
    219 237 186 243 191 102 183 85 190 124 177 191 201 175 188 223 239
    139 190 118 204 238 108 215 223 94 252 186 236 235 251 222 221 223
    137 127 239 95 254 191 102 255 252 251 147 117 242 223 117 159 125
    127 215 51 63 207 251 63 255 199 238 95 219 255 119 253 126 112 221
    229 105 213 30 245 183 223 172 154 141 254 21 157 121 88 246 123 185
    95 95 56 254 250 223 254 223 103 127 223 183 63 255 127 223 31 254
    127 254 253 223 124 191 62 255 247 59 251 119 255 126 253 243 254
    187 255 121 251 101 255 95 250 249 246 223 255 124 191 190 247 126
    255 219 255 223 254 239 247 255 255 255 125 127 247 249 219 183 250
    221 126 223 55 93 221 179 255 214 63 158 189 254 125 254 247 246 124
    191 63 254 213 54 249 247 231 121 127 251 222 187 226 126 231 222
    218 95 218 249 178 223 253 124 182 254 245 62 207 171 183 207 186
    143 247 255 249 247 120 127 255 248 175 179 171 223 108 207 55 253
    223 185 189 213 125 203 157 60 125 237 181 244 94 255 116 114 180
    116 121 255 141 56 125 211 95 185 252 124 211 248 210 123 248 249
    254 223 127 63 212 246 244 108 157 189 159 13 250 29 159 93 56 246
    123 188 251 223 46 251 165 254 118 203 217 204 231 201 127 213 172
    255 166 127 239 253 235 245 191 46 247 111 31 108 119 255 91 55 191
    31 203 55 135 199 127 219 176 183 255 62 183 255 106 247 61 218 124
    177 229 213 246 56 157 231 163 239 122 204 236 47 214 109 191 159 61
    254 255 253 62 189 253 122 253 255 210 219 223 237 252 222 255 253
    255 107 254 127 218 127 253 255 183 255 127 243 125 255 215 243 255
    125 247 255 249 127 253 254 235 255 255 145 255 123 255 253 60 247
    236 189 191 125 253 246 251 239 255 223 171 183 212 136 155 93 232
    213 251 236 158 189 69 223 211 208 155 218 111 213 186 43 206 47 238
    93 47 223 191 111 71 139 51 126 215 167 101 127 86 253 239 126 113
    92 225 55 255 60 189 51 153 172 63 181 240 29 156 99 80 250 59 253
    88 87 33 254 212 138 155 93 232 213 251 236 154 189 69 223 211 208
    155 218 111 213 186 43 206 47 238 93 45 219 183 111 71 139 51 126
    215 167 101 127 86 253 235 118 113 92 225 55 255 180 185 51 153 172
    62 53 240 29 156 99 80 250 51 253 88 87 33 254 58 158 253 251 255
    255 219 25 255 127 31 220 189 127 125 253 255 247 121 114 244 119
    218 127 125 246 243 63 126 251 127 235 215 196 223 191 243 123 249
    123 116 93 110 45 213 22 245 111 159 172 24 13 246 29 220 93 24 246
    115 189 219 223 40 254 90 152 206 255 127 251 219 158 191 187 215
    239 191 254 127 223 189 191 122 187 237 119 211 127 97 119 243 118
    127 247 255 227 223 248 215 100 255 123 248 121 120 93 127 45 213
    245 247 111 191 238 152 5 246 29 220 93 50 247 191 191 251 251 168
    222 190 206 238 235 47 253 150 165 61 251 126 251 159 54 123 238 221
    155 249 187 221 87 222 249 121 85 121 246 109 211 191 254 221 216
    239 97 255 217 237 50 124 29 111 61 151 181 127 241 191 216 191 173
    247 197 248 252 86 214 191 253 211 219 104 254 236 109 254 253 50
    253 126 245 61 255 235 185 83 174 254 239 185 252 255 107 191 185
    246 186 93 127 183 251 81 215 63 247 105 17 119 235 145 253 241 247
    122 189 117 63 255 63 255 58 157 236 126 63 203 223 149 92 144 251
    121 255 95 126 41 178 247 249 255 127 119 114 217 190 251 191 245
    255 111 219 207 251 125 199 62 191 47 239 231 191 175 255 247 255 95
    127 230 122 219 63 181 255 254 61 250 117 250 252 187 125 187 121
    241 238 255 171 62 215 248 255 252 207 213 255 125 127 125 181 215
    251 237 207 238 217 34 95 212 247 63 214 63 142 30 252 127 238 157
    248 124 239 54 220 244 179 123 119 151 88 253 215 222 177 242 82 243
    232 210 95 222 248 182 191 253 116 62 158 119 238 223 137 247 221
    155 95 227 222 251 205 105 127 87 248 207 251 255 251 255 245 254
    245 251 248 254 255 214 255 255 121 243 125 246 255 255 251 255 127
    151 255 175 254 247 255 254 119 247 255 255 251 223 253 255 253 248
    125 121 92 251 126 245 49 251 127 191 255 24 199 240 189 156 89 119
    247 247 191 254 255 169 254 254 254 231 245 254 127 251 251 189 253
    255 251 207 249 254 237 241 221 127 111 127 143 250 248 111 255 191
    251 253 31 55 254 247 249 127 255 218 253 253 247 255 28 123 191 221
    127 255 177 204 253 156 185 209 255 159 111 80 220 241 63 254 87 52
    254 235 204 238 251 111 255 247 143 61 251 252 237 63 255 108 239
    153 189 253 187 244 127 253 59 119 255 91 183 127 243 127 247 175
    235 243 97 255 223 253 184 254 191 254 253 223 215 119 227 255 251
    223 141 223 101 235 188 255 244 239 255 211 251 158 223 50 51 229
    246 60 182 27 27 230 181 215 97 239 91 16 23 116 239 102 219 247 111
    83 215 209 58 229 255 42 176 193 226 143 56 194 180 255 24 250 105
    76 28 179 237 209 97 183 111 184 238 137 75 244 29 216 81 39 243 215
    183 250 243 236 90 175 220 239 255 255 255 221 143 191 245 61 223
    159 254 126 253 185 247 60 187 246 95 254 127 127 255 151 55 255 123
    95 255 151 253 255 82 255 223 250 63 115 255 239 125 189 30 253 235
    221 255 159 159 221 167 190 254 121 247 250 127 251 221 30 254 252
    255 255 253 250 255 249 243 255 245 223 255 223 254 255 254 251 253
    251 111 191 127 211 255 255 255 247 255 110 223 254 191 215 103 103
    255 214 255 255 126 253 125 253 119 253 190 255 191 253 172 185 255
