<?xml version="1.0"?>
<opencv_storage>
<ImageFile>"51.jpg"</ImageFile>
<Features type_id="opencv-matrix">
  <rows>329</rows>
  <cols>64</cols>
  <dt>u</dt>
  <data>
    255 255 255 253 255 255 95 121 255 247 253 250 255 255 254 255 243
    245 123 119 253 247 211 119 223 255 253 63 123 222 127 235 215 44 87
    190 210 120 249 124 118 95 56 47 213 22 245 111 157 172 24 5 240 29
    157 73 24 246 51 189 88 87 42 251 255 252 255 253 255 255 223 249
    255 255 253 251 255 255 254 255 251 245 127 103 253 199 243 117 223
    255 253 63 251 31 126 171 215 37 87 191 210 121 233 124 114 94 56 47
    213 30 245 127 157 172 24 5 240 29 156 73 16 246 51 189 88 87 34 251
    47 230 109 170 55 189 149 88 189 222 172 250 189 59 253 231 195 244
    3 105 33 82 208 116 109 165 41 49 127 91 63 41 244 100 223 250 82
    121 169 244 246 223 122 61 86 150 116 109 153 173 30 4 248 29 143 92
    24 242 59 156 89 223 42 251 43 198 12 171 203 220 167 1 61 255 10
    205 157 63 125 133 205 123 137 32 248 115 90 120 113 213 25 102 60
    211 59 71 149 192 91 33 113 203 172 42 101 29 106 169 85 208 124 113
    189 216 24 45 247 197 156 253 62 206 182 172 210 219 56 254 243 22
    210 167 255 192 155 136 78 235 51 127 166 202 131 117 118 215 61 82
    201 135 175 124 142 218 249 47 210 27 227 127 103 165 92 191 82 117
    237 246 80 76 24 142 209 24 216 21 153 172 24 5 240 31 156 65 16 242
    51 189 92 87 32 184 169 252 239 207 54 253 245 255 253 221 252 253
    127 63 255 239 251 244 123 107 245 83 247 117 125 237 189 59 127 223
    127 251 245 100 87 250 210 123 249 252 254 223 124 63 212 182 245
    108 157 173 30 13 250 29 159 77 56 246 59 188 91 223 42 251 89 50
    211 51 216 162 34 70 64 41 66 51 230 195 131 83 118 207 185 70 233 5
    75 93 142 202 232 175 82 1 225 239 87 165 20 191 17 248 37 86 72 64
    24 6 201 13 203 199 157 108 24 21 245 124 156 203 80 254 179 157 88
    23 48 254 44 246 109 232 190 189 167 121 237 94 226 50 253 121 253
    69 210 252 67 96 245 114 17 246 212 60 37 145 252 222 125 209 222 76
    199 190 218 114 185 124 252 95 90 143 84 231 246 79 184 189 152 12
    242 29 207 89 60 242 19 188 90 223 108 241 251 254 118 239 255 253
    255 216 255 253 238 251 175 127 254 253 243 247 189 107 237 207 191
    124 239 255 121 63 255 91 251 127 245 229 124 255 118 247 189 246
    215 94 74 62 221 134 220 145 141 245 94 37 252 183 143 109 208 252
    163 156 222 95 50 189 237 239 255 249 250 127 243 255 189 253 110
    191 223 255 251 238 235 221 249 111 125 221 238 57 79 239 187 183
    253 75 62 191 243 103 117 251 86 247 253 116 246 125 248 54 95 142
    73 240 157 45 126 181 219 63 143 76 208 252 41 157 93 78 35 242 253
    254 255 249 250 127 243 253 125 253 110 191 223 255 251 238 235 213
    253 111 125 221 238 56 111 255 59 55 255 75 59 191 241 103 125 251
    86 247 253 246 247 93 122 62 95 142 89 177 141 45 126 181 217 191
    143 77 208 252 41 157 93 78 51 183 45 246 109 232 190 189 167 121
    253 94 234 58 253 125 253 229 210 252 67 240 245 114 25 244 84 60 37
    177 252 214 121 209 222 76 199 190 218 114 185 124 254 95 90 159 84
    231 246 71 184 61 152 12 242 29 207 89 54 242 55 188 218 219 110 241
    253 238 255 249 250 127 243 253 253 253 110 191 223 255 251 238 235
    221 253 111 125 221 238 56 111 255 59 183 255 75 63 255 241 103 117
    251 86 247 253 246 246 93 122 62 95 142 73 177 141 45 126 181 219
    191 143 77 208 252 41 157 93 78 35 182 108 38 231 181 94 167 163 127
    244 253 210 119 251 249 179 70 234 221 99 103 249 7 210 247 94 250
    188 175 82 148 51 235 223 36 87 186 83 120 233 124 120 92 56 175 209
    53 243 111 153 172 24 5 240 29 156 73 16 242 51 189 88 87 32 250 125
    39 247 181 89 167 171 255 212 252 210 119 247 235 147 68 234 221 99
    103 241 39 199 247 94 234 188 143 82 132 51 235 255 36 85 186 83 120
    233 124 88 92 56 142 193 53 211 111 153 172 24 5 240 29 156 73 16
    242 51 189 88 87 32 250 125 62 231 181 94 167 163 255 228 253 210
    119 255 185 147 70 234 221 99 103 253 7 194 247 95 250 188 175 82 20
    50 235 223 36 85 186 83 120 233 116 120 92 56 174 209 53 243 111 153
    172 24 5 240 29 156 73 16 242 51 189 88 87 32 250 179 177 88 54 191
    128 95 8 214 43 181 250 191 74 36 84 118 179 20 147 195 63 211 78
    180 130 226 127 82 249 229 110 143 172 14 247 251 25 226 255 90 202
    229 73 146 81 145 95 179 238 24 67 108 0 124 243 24 179 246 187 184
    183 186 205 86 50 83 149 248 150 154 193 74 171 19 54 209 66 145 80
    114 199 0 66 139 37 130 73 140 144 174 111 2 173 177 126 103 164 93
    155 90 124 161 86 128 72 1 8 227 12 129 31 153 172 16 7 32 25 156 75
    128 114 51 189 92 23 48 182 243 220 125 223 255 221 223 137 255 231
    61 254 191 127 116 124 255 215 52 115 206 103 243 126 221 223 241
    127 83 59 247 123 215 44 85 190 90 121 233 118 112 92 56 47 213 28
    245 47 153 172 24 5 240 29 156 73 16 242 51 189 88 87 32 250 179 177
    88 54 191 128 95 8 214 43 181 250 191 74 36 84 118 179 20 147 195 62
    195 110 180 130 226 127 82 185 197 110 143 172 14 182 235 25 242 255
    90 202 229 73 144 81 145 79 179 238 24 3 108 0 124 241 56 51 246 187
    184 178 178 77 124 41 255 249 114 255 247 255 253 255 222 191 255
    190 251 238 251 221 123 111 125 213 198 181 95 239 190 173 123 215
    62 187 247 39 85 251 87 127 253 116 250 93 124 62 95 191 67 247 157
    172 30 133 240 29 157 77 80 244 59 189 95 22 34 242 246 49 251 181
    254 182 27 73 230 239 145 122 239 203 178 87 242 213 35 103 201 167
    194 119 204 218 252 47 82 28 115 107 215 44 84 191 90 120 233 116 80
    72 56 47 209 28 241 111 153 172 24 5 240 29 156 73 16 242 51 189 88
    87 32 250 255 252 255 255 255 183 255 253 255 255 253 253 255 127
    180 253 243 213 95 107 253 119 247 127 239 238 238 63 127 93 125 255
    247 108 20 255 214 115 249 245 90 223 91 62 209 151 209 95 157 173
    30 5 248 29 159 77 24 246 59 157 90 31 34 249 235 220 238 251 255
    255 211 255 125 255 126 255 191 254 254 239 235 213 61 111 253 215
    239 61 111 255 187 47 219 91 59 127 247 39 85 251 82 127 237 246 210
    92 120 62 217 30 253 245 157 172 30 5 249 63 157 73 80 244 51 189 92
    87 34 251 235 254 238 123 255 255 211 213 125 255 126 255 190 255
    238 253 235 213 61 111 205 215 255 61 111 223 187 47 223 95 51 127
    247 39 85 251 82 119 237 246 210 94 120 63 217 30 253 181 157 173 30
    5 248 63 157 73 16 244 51 189 92 87 34 251 246 49 249 181 254 134 27
    73 230 167 145 122 239 203 178 87 242 213 35 103 201 39 195 119 204
    218 252 47 82 28 113 106 215 44 84 191 90 120 225 116 80 92 56 15
    209 28 241 111 153 172 24 5 240 29 156 73 16 242 51 189 88 87 32 250
    108 39 231 177 223 167 35 127 196 110 210 51 249 234 179 68 234 221
    99 102 249 135 146 119 94 248 188 173 210 156 50 235 71 44 87 186 82
    112 101 92 120 68 16 15 197 53 243 79 153 172 24 5 240 29 156 65 16
    242 51 189 88 87 32 250 191 244 125 166 255 157 95 8 231 71 189 250
    191 127 244 85 242 247 22 113 231 118 145 102 252 246 225 63 254 59
    93 105 150 236 158 158 194 121 251 255 87 219 109 105 209 24 244 15
    129 183 16 13 104 21 158 77 56 182 114 191 216 223 46 184 16 2 16
    247 168 128 170 4 24 184 66 5 128 82 9 16 102 202 129 2 196 41 78 91
    136 10 162 198 76 97 161 102 119 178 89 48 117 194 232 98 193 4 194
    70 224 134 203 91 185 72 92 103 244 4 157 233 135 83 151 133 192 39
    33 245 220 59 247 245 240 163 235 254 216 249 194 55 195 198 147 75
    226 221 251 103 111 173 194 219 14 202 186 135 210 12 50 175 87 39
    117 187 84 126 215 84 209 100 154 94 235 13 201 255 221 44 24 245
    241 126 156 203 80 254 115 191 76 7 177 250 92 33 245 148 80 135 59
    123 196 230 211 54 211 194 146 66 234 85 99 103 206 173 194 211 12
    218 182 45 64 136 50 169 87 36 85 186 18 120 201 84 112 72 52 47 209
    20 229 111 153 172 24 5 240 29 156 73 16 242 51 185 88 87 32 250 221
    59 210 117 245 32 233 254 16 153 224 251 226 201 131 75 106 221 63
    79 107 143 230 50 6 155 243 169 215 4 34 185 126 39 60 251 83 125
