<?xml version="1.0"?>
<opencv_storage>
<ImageFile>"510.jpg"</ImageFile>
<Features type_id="opencv-matrix">
  <rows>228</rows>
  <cols>64</cols>
  <dt>u</dt>
  <data>
    237 254 238 105 223 127 167 219 189 255 236 235 207 189 254 237 193
    253 255 109 125 215 58 249 119 127 29 182 253 87 122 215 223 67 223
    97 241 253 253 184 126 63 122 183 93 251 118 241 252 221 188 60 219
    255 207 156 126 220 231 175 223 219 93 218 250 113 255 247 119 183
    123 248 214 191 213 250 255 138 178 94 246 255 95 255 253 247 231
    191 189 170 238 255 90 245 245 186 235 44 134 255 223 125 225 253
    218 207 247 14 243 117 131 127 191 174 155 131 248 189 220 81 112
    179 119 251 255 150 42 255 190 254 111 231 63 63 159 249 255 255 250
    251 255 62 252 253 243 245 111 123 245 118 185 124 221 255 237 187
    254 223 125 255 243 108 222 191 222 122 185 245 254 95 123 63 214
    135 212 93 159 173 28 5 250 29 159 93 16 246 51 188 223 222 40 188
    61 252 255 253 62 253 251 253 255 253 223 253 223 124 255 252 255
    253 250 43 245 125 222 251 253 255 247 255 127 255 255 255 199 240
    125 126 246 251 251 127 243 221 239 119 247 150 253 107 191 253 175
    207 254 149 190 93 116 214 251 239 251 223 47 254 197 137 130 117
    233 194 248 134 24 185 7 207 130 194 3 171 9 9 188 155 207 173 110
    203 35 91 147 230 65 39 163 86 239 179 97 97 59 141 234 34 113 60
    160 98 187 85 187 251 249 202 40 119 213 79 56 226 23 219 151 183 52
    113 145 78 122 49 121 186 95 191 95 57 215 106 214 52 61 78 189 86
    246 215 81 118 245 115 129 55 220 136 226 77 82 217 253 233 226 44
    149 190 215 114 129 116 178 223 213 8 84 151 193 78 159 44 27 5 122
    29 221 89 24 178 123 184 27 14 42 241 237 254 245 252 253 127 109 91
    189 125 234 251 239 255 254 237 227 253 239 107 245 47 184 127 79
    255 55 55 255 75 123 239 215 103 126 187 80 246 253 245 255 126 122
    191 221 151 253 203 136 181 92 4 224 63 159 77 16 246 115 191 222 87
    39 248 109 175 229 122 216 239 231 127 249 92 206 117 125 127 171
    229 235 125 219 38 245 105 91 247 87 110 24 133 126 94 59 207 223 99
    85 179 117 114 93 60 93 117 26 166 69 225 119 227 189 36 137 12 241
    61 152 9 126 236 103 173 202 71 55 218 255 253 125 58 247 191 95 24
    255 39 253 250 191 254 230 95 251 183 119 245 125 247 147 116 245
    255 253 191 251 251 255 169 138 108 134 254 235 121 177 125 122 223
    127 41 213 117 182 77 191 174 154 13 250 61 221 85 56 182 127 189
    187 223 190 219 124 253 255 253 118 255 252 247 93 252 222 189 95
    244 255 238 249 221 251 239 255 125 231 191 255 107 246 246 125 213
    254 239 255 123 117 255 223 127 253 117 250 255 255 126 255 191 239
    239 255 238 255 223 243 125 159 77 87 255 127 255 251 111 131 255
    252 255 255 221 34 223 223 249 191 255 127 219 223 252 253 254 189
    223 126 111 190 253 246 187 249 255 247 254 109 251 254 191 234 241
    127 79 222 255 250 255 119 127 237 127 191 190 221 63 207 219 247
    255 255 255 183 254 221 223 248 111 247 253 217 182 122 61 235 250
    223 175 71 59 214 122 214 53 189 206 185 85 242 215 89 118 247 63
    139 119 78 202 226 13 218 88 124 233 71 47 85 187 119 114 215 116
    240 117 214 78 69 31 193 207 157 44 24 4 242 61 157 73 80 182 123
    187 90 14 178 240 254 254 255 223 254 151 219 249 255 255 215 254
    255 255 251 92 250 213 126 111 223 255 219 124 255 254 255 63 222
    223 127 191 215 237 93 255 210 127 253 127 112 92 105 62 221 28 253
    55 157 172 24 37 241 191 156 107 80 254 113 189 220 95 48 254 124
    189 255 253 118 255 249 247 221 253 214 189 223 252 255 206 251 217
    251 239 255 127 199 191 251 107 246 246 109 213 254 239 207 59 101
    253 223 255 255 125 248 255 247 126 255 183 239 239 255 238 255 223
    243 125 159 93 119 255 255 255 251 111 139 255 255 254 127 239 255
    253 223 249 255 127 253 251 255 127 254 253 243 247 127 123 253 223
    187 124 239 255 127 63 255 123 127 255 215 237 220 223 210 255 253
    247 247 223 107 63 221 158 252 53 141 189 22 13 248 183 159 111 88
    244 241 191 223 223 62 191 255 252 127 239 255 191 223 217 191 127
    253 251 175 123 246 125 242 247 63 119 244 119 186 124 110 255 251
    127 255 123 127 255 215 237 158 223 242 117 253 247 223 223 90 31
    209 31 252 93 157 189 30 13 232 183 159 109 88 246 115 159 222 223
    62 189 250 252 255 255 255 191 221 27 255 255 253 250 191 250 124 95
    255 247 126 187 255 127 219 127 255 247 247 255 127 251 255 239 199
    253 158 119 255 253 250 127 122 223 231 109 191 125 245 127 255 255
    152 207 238 181 255 255 127 183 255 255 251 249 252 191 100 39 99
    115 216 166 163 219 208 56 226 115 227 83 145 101 98 229 207 70 245
    47 29 215 86 138 39 135 194 156 33 218 103 47 70 191 121 48 101 244
    218 116 18 142 65 99 147 199 185 44 24 64 241 29 141 65 20 240 71
    189 74 86 33 249 253 190 247 125 126 115 231 255 249 248 254 251 110
    247 203 232 235 205 251 127 245 237 111 191 207 111 123 183 239 71
    235 255 255 99 117 247 127 244 253 116 125 92 250 62 93 167 91 239
    188 237 77 215 240 63 157 77 78 252 199 191 222 71 165 254 125 51
    230 113 221 163 103 252 148 61 208 55 233 207 131 71 98 125 155 102
    235 175 207 63 14 234 170 135 218 68 97 143 123 39 148 187 87 113 85
    244 92 96 154 78 73 41 75 211 28 44 88 4 241 254 156 195 104 188 103
    155 200 38 181 244 254 253 255 253 255 127 255 251 255 255 253 251
    255 252 254 254 247 255 127 127 127 255 247 255 255 255 247 255 255
    247 254 255 255 109 126 255 223 127 249 253 123 223 255 127 255 63
    255 127 173 175 30 207 248 191 157 77 80 247 123 255 255 95 187 191
    13 38 231 161 216 181 163 248 164 254 194 51 201 123 187 69 202 125
    195 98 241 103 218 240 76 184 20 163 216 12 49 203 215 6 87 186 81
    120 45 116 124 84 24 142 85 225 83 67 24 44 24 5 240 29 156 73 16
    224 51 189 72 87 32 250 124 127 255 253 114 255 255 253 253 255 254
    191 223 255 251 238 251 221 123 111 253 253 198 179 93 255 191 191
    121 222 127 187 243 39 117 187 86 123 253 124 254 93 56 62 215 182
    81 111 157 173 28 5 242 29 157 77 16 246 51 189 91 86 32 250 252 126
    255 253 250 255 255 253 253 255 255 191 223 253 251 238 251 221 127
    111 253 245 246 190 223 255 191 191 249 223 127 255 243 37 85 255
    214 123 241 252 254 93 249 62 245 175 193 127 159 173 28 13 240 29
    157 93 80 254 115 189 90 86 42 254 51 180 57 39 188 180 187 48 218
    191 83 117 228 6 217 113 118 198 7 211 225 32 11 220 173 156 102 207
    70 63 225 254 103 172 221 30 255 187 233 87 217 68 67 136 226 1 186
    123 171 255 24 3 252 133 60 97 22 179 154 233 242 31 96 182 199 35
    227 241 217 162 163 202 132 109 194 119 195 203 131 69 226 213 1 102
    207 45 138 123 14 138 34 15 210 8 49 79 119 39 92 187 80 126 69 212
    193 96 24 14 73 12 201 215 153 44 24 4 112 30 140 73 16 240 51 189
    76 7 32 241 190 254 111 205 254 255 159 209 255 255 190 217 95 57
    253 253 249 244 127 233 213 82 60 252 255 253 61 127 223 223 127 255
    229 237 94 223 218 119 173 246 243 94 106 191 215 246 220 125 141
    189 86 9 248 53 143 89 144 246 34 188 222 95 42 185 252 255 247 253
    118 119 255 247 189 253 252 255 223 252 251 238 251 221 255 111 127
    143 246 191 255 127 191 254 253 215 118 191 255 99 117 255 215 125
    253 125 123 125 251 127 255 63 127 254 253 173 255 253 211 255 156
    205 241 252 113 255 223 127 145 254 57 223 125 254 39 189 117 59 245
    212 125 200 189 121 124 79 183 254 99 251 246 126 209 247 209 63 197
    252 124 210 253 233 207 124 195 180 223 88 248 121 124 63 255 167
    244 117 247 111 187 170 137 79 242 29 218 93 63 243 119 191 251 251
    237 218 250 255 126 127 255 189 223 145 255 127 61 250 191 123 118
    125 244 179 126 191 255 255 51 252 243 119 255 255 239 255 255 182
    207 253 206 119 255 25 250 255 94 223 235 253 241 127 255 63 191 223
    136 75 254 229 219 255 127 247 244 63 255 251 254 159 45 246 109 168
    255 127 55 125 253 126 236 185 125 63 191 229 219 252 195 112 241
