<?xml version="1.0"?>
<opencv_storage>
<ImageFile>"511.jpg"</ImageFile>
<Features type_id="opencv-matrix">
  <rows>274</rows>
  <cols>64</cols>
  <dt>u</dt>
  <data>
    255 253 238 127 255 121 253 158 253 251 252 251 254 254 239 255 251
    189 63 255 127 143 255 62 103 255 243 187 223 119 254 191 251 175
    125 255 255 255 253 255 251 126 251 127 223 95 255 177 237 207 94
    245 221 255 157 237 211 253 245 191 255 119 147 191 252 250 255 229
    254 253 255 248 220 255 250 251 207 217 218 236 243 221 255 107 253
    223 174 252 191 127 63 178 221 215 119 255 239 105 223 255 223 253
    253 255 123 92 243 191 253 35 255 241 191 189 156 243 217 191 157 81
    68 252 115 175 254 223 40 190 250 255 127 223 255 93 223 249 255 255
    255 250 255 126 255 254 255 183 126 123 125 247 211 126 253 255 247
    123 255 255 255 251 207 124 71 255 222 123 248 125 126 223 253 63
    247 182 245 125 159 175 152 15 250 29 159 93 56 247 123 189 255 223
    42 254 254 254 127 223 255 93 223 185 255 255 255 250 191 254 255
    254 255 247 126 123 127 247 211 124 249 247 255 123 255 251 255 251
    219 124 199 255 218 123 248 127 126 223 125 63 245 254 245 61 159
    175 152 15 250 29 223 93 56 247 121 189 255 223 42 254 14 3 228 212
    63 179 128 95 180 56 134 97 11 88 32 69 232 253 99 211 212 39 210
    115 6 219 144 6 80 20 49 226 223 44 87 186 82 120 233 116 120 92 58
    47 213 117 245 111 153 172 24 5 240 29 156 73 16 242 51 189 88 87 36
    250 35 144 200 246 127 178 219 10 54 123 20 115 171 74 34 85 106 215
    48 19 196 55 203 127 38 210 242 39 86 121 37 111 23 164 156 179 115
    120 235 117 96 204 106 105 209 20 245 111 217 190 24 5 244 5 220 73
    16 178 183 159 88 23 48 250 51 157 222 142 39 223 213 47 191 197 31
    220 31 63 62 254 255 247 112 43 148 87 242 103 121 247 148 126 63
    219 94 105 151 100 113 150 210 90 250 124 117 157 109 39 149 20 245
    111 149 172 153 13 182 9 152 207 56 118 114 125 91 221 44 218 248
    206 239 139 166 221 151 181 255 215 63 154 157 188 127 238 223 247
    122 45 24 211 214 180 121 245 189 60 109 219 94 187 245 108 71 255
    218 123 173 120 54 95 124 62 23 190 84 52 159 137 159 13 178 29 149
    95 120 244 41 124 95 221 106 250 13 7 164 212 63 191 129 95 164 112
    134 65 139 88 34 5 232 253 99 115 212 39 210 115 6 123 144 38 80 20
    49 67 223 36 87 186 82 120 233 116 112 92 56 47 209 116 245 111 152
    172 24 5 240 29 156 73 16 242 51 189 88 87 36 250 125 191 255 217
    126 159 223 119 255 254 191 186 221 253 191 94 242 245 123 110 213
    117 210 243 221 226 166 127 124 221 253 107 247 100 85 190 210 122
    249 124 246 95 120 47 213 150 213 111 157 172 24 13 242 29 157 77 24
    246 123 189 91 87 42 251 114 17 139 182 127 146 219 15 214 251 21
    115 187 202 50 87 122 215 48 19 196 55 195 111 14 210 242 47 82 121
    53 107 151 172 149 178 127 120 235 117 112 76 55 105 209 20 245 111
    155 174 24 5 240 25 156 73 16 242 51 189 88 23 48 250 120 250 127
    207 127 255 223 251 255 252 254 253 125 127 253 252 247 215 95 59
    244 123 173 255 253 239 237 31 127 219 255 255 251 109 85 255 222
    115 253 245 247 223 235 62 213 166 212 111 175 173 223 141 250 61
    159 93 84 246 63 220 219 94 38 253 252 255 255 253 126 255 255 255
    255 253 252 251 255 255 255 254 251 245 255 111 253 255 246 191 255
    239 255 191 127 219 126 255 247 103 119 255 214 127 253 253 127 223
    251 63 223 167 253 255 189 173 223 141 250 63 159 93 248 254 123 223
    223 95 43 255 124 44 237 255 126 191 119 125 253 252 222 189 253 126
    191 70 242 221 219 178 253 117 219 255 89 104 140 182 120 213 125
    239 207 40 87 176 255 122 249 124 124 93 127 175 213 183 231 107 191
    172 153 13 242 29 157 89 126 246 127 189 219 215 46 254 47 238 109
    233 255 189 39 89 173 95 232 58 253 127 253 237 195 252 79 100 125
    114 152 124 126 253 13 177 255 94 57 153 240 110 222 219 194 115 149
    188 190 255 90 159 84 243 220 16 140 61 20 44 75 189 143 61 184 228
    105 188 222 222 46 177 254 253 255 255 55 191 93 123 255 231 253 250
    255 254 254 94 187 213 126 127 191 127 211 119 253 255 243 63 123
    249 126 169 223 44 52 254 202 125 251 127 122 255 253 111 247 29 245
    47 159 174 153 207 250 29 159 93 120 247 123 255 121 223 169 250 251
    213 252 255 239 189 95 60 191 255 125 201 191 249 54 94 244 247 122
    251 254 255 243 63 249 235 230 126 123 241 253 239 215 124 20 117
    223 121 240 251 94 223 255 111 211 55 205 95 189 138 26 7 236 29 159
    77 25 247 123 159 251 214 170 255 253 157 238 221 127 239 217 254
    191 245 223 253 255 252 191 238 235 245 123 115 246 63 230 127 127
    235 182 63 121 95 127 111 223 47 117 250 214 123 249 127 112 93 253
    47 221 54 245 111 157 172 27 141 240 29 156 77 56 246 123 191 217 95
    34 254 58 223 239 221 63 255 221 219 255 254 189 219 255 252 127 125
    189 245 122 187 246 127 210 127 127 247 247 63 127 255 127 235 199
    124 199 190 218 124 250 125 126 95 247 239 213 116 245 111 189 174
    152 15 242 29 156 93 56 246 115 191 251 223 40 250 252 251 247 255
    254 111 253 255 223 253 249 185 103 198 223 251 243 214 187 107 239
    169 239 63 239 203 230 251 223 109 253 255 247 231 124 255 247 247
    241 247 219 206 251 126 234 159 203 95 204 183 126 247 106 190 183
    109 196 254 249 239 255 78 179 181 124 185 255 252 118 127 121 127
    245 252 214 181 127 252 190 78 251 221 251 111 247 125 194 247 223
    106 246 151 120 213 124 235 223 35 117 190 215 124 251 125 120 253
    255 103 253 53 247 239 191 172 153 223 242 61 156 77 119 246 119 255
    123 119 165 250 61 254 111 233 254 253 251 249 253 255 222 253 253
    124 249 237 219 253 251 42 245 115 222 253 125 253 63 183 125 223
    127 255 255 235 223 255 246 251 253 63 255 93 239 62 87 167 91 115
    191 253 159 173 251 189 143 93 118 246 255 239 251 223 46 183 126 49
    253 150 50 7 91 103 214 166 213 52 125 226 147 82 250 215 66 102 211
    53 195 199 156 170 228 221 66 188 244 232 199 44 5 190 222 120 193
    93 112 89 181 14 241 52 161 111 155 172 153 7 240 29 28 89 16 242 51
    185 120 23 96 250 62 146 124 255 63 253 222 53 63 254 94 21 29 126
    121 244 253 218 65 250 245 114 133 122 249 108 224 93 127 219 253
    251 247 108 85 182 95 114 249 116 242 93 95 46 212 134 231 111 159
    173 31 5 250 29 157 73 18 242 59 189 91 31 34 244 252 62 239 244 54
    119 253 255 212 254 212 177 127 156 147 206 251 221 251 123 241 151
    239 191 157 127 189 183 91 215 119 239 205 45 181 255 223 124 233
    117 120 93 243 191 223 37 119 107 191 172 191 141 240 61 156 92 70
    246 183 217 251 23 40 254 251 222 254 223 255 255 223 177 127 255
    125 251 191 255 254 253 255 247 125 255 253 207 191 124 255 255 251
    63 223 91 255 191 247 101 95 255 210 127 253 254 243 94 120 63 221
    30 253 53 141 173 30 5 248 191 157 203 80 246 51 189 94 87 50 187
    250 249 255 255 54 103 217 255 223 253 125 255 255 202 150 254 255
    215 126 107 63 175 231 63 175 255 247 251 95 251 246 255 199 239 61
    223 222 253 251 119 121 253 231 127 191 28 253 191 207 182 255 215
    252 182 180 231 209 191 121 123 255 61 149 254 226 77 232 159 195
    143 87 137 175 69 13 158 159 254 254 126 226 215 56 101 14 135 210
    32 95 214 153 45 242 154 30 41 146 37 85 219 66 91 199 94 50 219 60
    47 213 28 229 44 149 172 16 13 113 29 148 203 80 254 49 61 88 84 50
    251 254 251 247 255 126 111 253 255 223 253 251 185 111 227 223 250
    243 214 251 107 239 169 239 63 239 203 230 251 223 109 253 255 119
    231 124 255 246 247 241 247 223 78 251 126 234 151 203 95 204 183
    126 247 106 190 183 109 204 254 249 251 255 78 179 181 37 229 108 90
    53 217 83 124 112 151 245 252 232 59 132 98 10 68 66 251 151 98 227
    246 45 51 129 55 119 31 1 105 223 44 181 186 74 57 249 61 114 254
    185 175 146 48 117 107 27 172 59 5 248 29 250 12 48 242 59 253 89
    211 102 219 250 27 243 247 254 231 251 229 222 255 81 91 223 232 51
    92 254 213 59 99 238 173 238 127 78 219 183 47 210 19 115 255 87 167
