<?xml version="1.0"?>
<opencv_storage>
<ImageFile>"512.jpg"</ImageFile>
<Features type_id="opencv-matrix">
  <rows>81</rows>
  <cols>64</cols>
  <dt>u</dt>
  <data>
    191 254 239 233 191 253 255 249 253 255 252 255 255 63 254 236 155
    253 255 123 245 119 254 124 125 255 29 183 127 223 127 255 223 236
    223 250 255 251 249 63 127 255 255 61 213 183 247 115 191 253 159
    141 223 181 223 124 124 246 255 255 251 223 46 255 251 255 255 253
    254 255 255 249 255 255 253 251 255 249 127 253 255 245 127 255 252
    255 247 255 255 255 255 254 255 215 255 255 223 109 223 255 222 125
    253 125 126 95 251 191 215 63 255 127 189 173 24 13 248 189 156 93
    88 246 115 191 255 223 40 190 122 249 255 255 54 255 253 255 223 253
    223 253 127 254 255 254 251 215 250 123 247 127 247 255 255 255 247
    191 127 255 254 239 207 239 231 255 255 127 251 125 121 253 247 127
    255 183 247 111 255 190 175 223 242 61 188 93 126 247 255 251 251
    255 175 254 60 254 255 232 62 255 245 123 253 252 222 253 127 127
    253 205 251 244 235 107 245 118 216 255 253 255 37 159 127 223 125
    239 223 110 223 190 222 250 249 125 253 223 255 167 213 183 245 111
    191 189 141 141 242 29 159 93 60 246 123 239 251 223 110 254 45 205
    238 204 34 95 213 55 189 212 125 200 95 189 125 238 153 248 250 173
    53 87 245 247 121 117 157 180 109 246 94 161 156 88 227 160 223 88
    216 57 126 159 61 167 181 246 247 110 191 170 175 143 250 13 251 92
    62 215 123 253 115 219 78 219 43 205 108 168 3 95 21 3 53 212 60 193
    29 61 124 206 137 56 229 189 116 86 208 115 113 117 21 20 109 214 92
    225 156 104 99 160 255 88 249 56 126 159 60 165 21 245 118 238 187
    169 171 12 250 13 235 28 62 198 127 253 83 219 110 219 61 254 255
    232 62 255 245 123 253 222 222 253 127 127 253 237 251 244 235 107
    245 118 217 255 253 255 37 183 127 223 125 239 215 110 223 190 254
    250 249 125 255 223 255 175 213 247 245 111 191 189 141 79 250 29
    159 93 60 246 123 239 251 223 110 254 59 223 108 255 191 189 223 25
    255 119 157 250 189 127 124 93 245 247 98 251 247 127 211 127 245
    246 247 63 126 251 253 235 143 236 207 158 250 121 250 127 124 221
    239 237 213 245 245 111 191 190 152 15 242 21 222 93 56 247 255 191
    251 223 172 218 126 254 255 221 254 255 223 113 127 255 223 249 223
    126 253 93 187 213 248 43 255 125 219 123 253 255 179 127 126 255
    255 239 215 245 223 59 254 253 251 119 117 125 239 111 247 148 253
    123 159 255 24 111 246 181 158 127 86 255 250 255 219 255 57 254 59
    223 108 255 191 189 223 25 255 119 159 234 189 127 124 93 245 247 98
    251 246 127 211 127 117 246 247 63 126 251 221 235 143 236 207 158
    250 121 250 127 124 221 111 237 213 245 245 111 189 190 152 13 242
    149 222 93 57 247 254 191 251 223 172 218 62 254 255 253 62 253 255
    113 125 255 95 217 221 126 253 220 187 221 121 107 247 125 218 123
    253 255 179 255 126 255 125 239 215 244 255 187 255 249 249 119 117
    125 255 111 247 148 255 123 159 253 24 79 246 189 159 93 80 247 123
    255 219 127 41 254 255 254 127 239 255 255 223 249 63 255 124 251
    159 123 254 253 247 247 61 107 253 93 190 120 239 255 123 127 255 91
    255 255 247 229 220 91 246 247 253 247 215 223 106 63 219 158 252
    177 141 253 30 37 252 247 143 239 216 252 243 159 223 95 54 189 251
    222 108 239 255 189 223 25 63 127 255 250 175 127 124 93 242 245 61
    243 252 119 155 124 103 254 251 63 254 123 127 255 215 237 223 27
    210 249 253 119 116 94 106 61 213 31 253 51 157 221 24 37 252 189
    159 105 16 246 243 191 218 223 56 190 43 198 108 142 191 253 157 17
    189 94 63 200 61 63 125 229 137 116 70 184 241 114 145 116 113 53 21
    48 255 251 31 209 204 124 203 128 251 82 184 57 127 223 126 189 212
    226 246 105 49 255 150 13 158 5 219 28 58 195 126 188 227 219 44 184
    41 222 125 237 174 189 253 81 189 255 45 202 221 121 125 237 231 252
    7 107 244 112 152 120 109 159 167 58 127 71 61 255 247 228 222 24 82
    251 248 243 247 94 106 63 246 150 212 123 153 157 28 5 248 157 159
    77 16 242 51 188 208 95 34 189 43 214 125 232 174 189 255 81 61 126
    32 200 221 121 124 29 198 253 141 106 244 116 152 123 109 190 39 126
    126 119 125 127 215 196 218 8 242 250 184 35 247 222 106 13 214 150
    212 91 153 217 24 5 236 21 159 77 25 214 59 143 210 223 42 183 59
    254 254 239 191 253 223 25 255 255 252 235 191 63 124 221 253 255
    127 251 245 119 83 125 245 255 247 255 127 243 255 231 207 236 223
    53 255 121 248 121 127 95 127 253 215 245 247 127 190 223 152 15 246
    165 254 125 62 247 247 191 243 219 236 222 57 255 252 127 63 189 247
    121 253 245 236 251 253 127 252 93 255 191 235 251 247 127 91 247
    241 127 245 254 127 215 237 231 223 78 195 182 223 152 249 127 125
    95 250 167 245 241 247 111 188 255 169 75 246 173 219 93 63 247 215
    167 251 251 237 94 251 57 255 247 127 167 123 254 222 189 213 251
    255 202 146 94 254 215 126 127 255 175 227 127 143 250 246 255 90
    125 246 239 223 175 52 255 222 125 251 119 216 220 243 111 251 61
    249 127 253 174 24 199 240 191 156 69 81 255 247 255 251 55 177 255
    191 254 127 247 255 181 251 216 254 255 213 251 239 91 240 93 242
    247 63 123 238 111 194 127 237 254 243 63 94 123 119 255 215 237 220
    191 246 121 249 247 217 92 251 127 211 5 249 63 156 191 24 5 248 181
    158 105 16 246 243 159 250 95 180 255 252 249 255 253 114 255 251
    255 223 253 215 255 223 252 251 222 191 223 250 111 190 253 230 251
    251 127 247 254 125 247 254 255 223 55 117 255 215 255 254 125 120
    125 255 126 255 189 255 127 223 170 191 247 241 127 156 207 81 255
    123 251 123 125 147 254 249 253 254 247 119 103 255 254 223 253 253
    251 191 251 130 222 251 213 63 127 63 143 231 63 47 255 251 63 251
    27 118 255 223 39 52 255 214 125 253 247 121 92 249 127 219 29 253
    191 221 174 95 149 241 190 156 207 80 254 113 223 221 85 177 254 187
    254 255 247 255 181 251 216 254 255 213 251 239 91 240 93 242 245 63
    107 254 111 210 127 237 254 247 63 94 123 119 255 215 229 220 191
    242 121 249 119 209 92 251 127 243 4 249 63 157 189 24 5 240 189 158
    105 16 246 115 159 218 95 36 255 252 187 255 253 114 255 251 255 223
    253 215 191 223 252 187 222 191 223 250 111 255 253 198 255 255 251
    246 255 109 245 254 239 223 115 101 255 223 255 250 125 252 125 247
    118 255 189 247 111 191 174 173 223 242 125 156 221 101 255 127 255
    251 255 249 254 237 196 109 217 47 255 255 125 189 247 237 202 219
    125 118 239 137 125 127 107 252 115 242 242 125 255 149 54 125 87 63
    203 223 120 211 104 210 121 248 185 126 191 124 175 213 113 245 107
    29 168 26 13 217 93 158 28 57 198 115 189 219 223 46 251 124 185 255
    253 58 255 253 247 221 252 222 157 95 244 255 238 187 221 251 107
    247 125 246 191 251 111 182 246 109 247 126 239 207 123 103 117 255
    255 250 125 120 253 247 118 255 183 247 107 191 234 175 223 243 125
    156 92 127 255 255 251 251 191 207 254 60 191 255 220 58 255 241 119
    253 252 222 253 95 125 255 236 251 249 227 107 245 127 94 247 255
    127 212 246 109 215 255 238 207 122 99 188 222 186 249 124 253 61
    247 167 253 119 183 107 189 236 137 219 242 29 24 93 63 215 215 175
    251 255 237 222 239 222 108 235 255 189 159 152 191 127 168 123 173
    123 254 125 240 247 29 176 253 119 154 120 102 252 121 127 255 123
    255 247 247 237 222 127 242 243 189 255 247 94 74 157 213 219 252 17
    156 253 24 37 239 245 223 251 56 254 182 188 222 223 62 189 125 178
    247 247 254 183 251 252 222 125 210 127 237 95 147 84 242 247 251
    114 253 47 203 255 174 234 254 191 254 221 247 239 79 239 223 191
    254 249 253 127 125 92 211 142 197 161 249 95 190 188 153 75 242 189
    156 81 100 246 247 159 250 223 172 254 255 248 255 247 255 242 219
    248 222 255 209 254 239 203 147 89 255 215 63 119 239 173 207 125
    174 255 251 255 210 63 243 191 215 175 157 255 90 125 253 119 120 76
    251 127 223 25 249 183 223 188 24 133 240 191 156 235 80 190 177 191
