<?xml version="1.0"?>
<opencv_storage>
<ImageFile>"513.jpg"</ImageFile>
<Features type_id="opencv-matrix">
  <rows>311</rows>
  <cols>64</cols>
  <dt>u</dt>
  <data>
    59 254 237 203 191 221 215 57 255 215 31 254 189 127 124 205 155 245
    120 59 244 119 211 119 125 247 21 55 127 251 95 235 151 108 223 154
    222 89 251 61 117 221 111 45 213 148 245 111 159 188 153 13 242 5
    158 93 56 246 122 191 251 223 44 254 120 222 255 223 58 255 241 127
    255 253 94 221 31 255 255 238 251 213 248 43 244 125 254 243 121 235
    132 54 125 217 95 239 247 101 117 250 214 251 251 253 215 223 239 54
    253 182 245 111 157 172 159 141 242 29 159 77 120 246 123 255 219 95
    47 255 234 222 108 239 255 189 159 25 189 117 173 239 191 126 124
    125 145 245 124 185 252 119 154 125 119 246 217 55 126 251 95 215
    143 252 211 48 243 89 248 59 110 29 102 237 213 87 252 107 188 223
    152 13 247 165 222 253 56 247 247 191 251 223 190 90 110 222 108 171
    255 255 167 25 189 255 170 238 191 62 124 109 145 61 253 249 252 119
    90 121 85 255 217 55 126 243 127 199 143 216 211 33 241 216 252 43
    108 61 102 165 213 87 246 115 188 223 152 45 247 229 250 188 58 158
    247 183 155 219 188 90 106 205 250 155 203 207 199 143 47 231 47 234
    191 238 127 223 255 51 120 55 158 95 223 111 83 215 123 111 51 219
    222 231 135 199 67 23 129 205 255 106 36 93 100 225 29 92 125 183
    213 200 184 61 183 101 244 247 57 252 224 61 155 253 153 74 250 221
    238 223 111 223 223 143 127 243 31 238 191 254 127 254 189 179 120
    187 150 127 219 127 243 215 243 62 127 251 223 239 143 255 251 85
    255 95 250 123 113 253 239 125 159 159 245 107 223 218 159 207 191
    165 250 255 123 247 254 127 243 249 157 222 120 255 255 221 54 255
    249 255 255 253 255 221 255 253 255 254 255 223 250 107 182 127 247
    255 253 111 247 254 109 247 254 255 239 125 231 255 222 255 250 127
    255 223 247 183 255 183 247 111 191 187 175 219 250 61 159 93 109
    255 123 255 251 255 239 255 59 221 78 223 111 223 222 34 127 253 60
    201 62 127 124 188 247 211 124 171 212 122 165 119 121 103 167 62
    127 211 221 127 242 108 80 112 87 91 250 248 243 223 105 63 212 150
    212 111 141 169 30 5 252 13 159 207 19 247 58 188 83 94 2 185 239
    253 238 253 127 255 255 255 189 253 252 251 191 255 254 239 139 253
    255 127 255 127 242 115 127 255 147 55 127 127 126 239 159 227 247
    251 247 125 253 61 127 255 255 255 221 21 255 107 253 190 155 141
    219 189 158 92 120 182 247 255 219 223 189 222 58 175 237 234 38 189
    124 43 125 210 87 244 253 54 124 86 148 155 64 249 181 116 209 243
    249 146 192 213 110 240 189 232 143 216 195 36 239 90 248 41 236 189
    245 229 183 133 247 111 191 234 169 203 246 5 123 28 47 215 223 241
    115 251 238 94 56 175 239 219 42 223 213 39 253 244 94 157 31 254
    255 238 155 211 249 43 214 125 222 247 123 247 20 55 111 219 31 239
    135 198 99 50 247 218 255 62 116 61 237 103 29 148 117 235 255 172
    175 221 183 13 156 222 125 230 122 237 219 221 107 254 120 221 255
    223 62 127 221 255 255 252 95 223 255 252 127 238 255 247 250 43 246
    127 214 255 251 255 247 62 127 219 127 239 223 110 103 244 214 127
    250 125 250 255 239 127 255 182 245 111 191 172 155 207 250 29 157
    93 125 246 123 255 251 221 175 254 216 154 183 229 239 241 179 249
    156 185 214 79 207 89 91 13 238 221 251 99 252 47 206 249 111 254 61
    166 220 71 51 254 223 37 93 57 87 121 237 116 249 92 58 62 213 37
    251 119 153 172 24 5 240 29 156 73 16 242 51 189 88 87 32 254 13 134
    236 248 239 189 39 16 61 126 192 10 140 125 45 5 128 125 203 240 252
    119 26 251 82 112 0 246 124 85 57 195 223 218 211 32 241 218 248 43
    44 63 74 133 85 241 247 67 58 92 152 12 231 253 219 29 63 199 223
    151 194 251 238 87 41 198 108 248 239 191 39 16 61 126 136 10 140
    125 124 5 128 253 201 240 244 119 26 123 82 116 2 182 252 85 125 195
    223 218 219 32 241 218 248 43 110 63 74 141 85 227 247 75 62 223 152
    12 231 237 219 29 63 199 247 151 210 251 238 81 189 254 239 237 63
    253 245 250 253 253 252 251 255 61 126 237 253 253 255 251 245 87
    255 253 245 127 125 246 125 87 255 255 223 232 255 116 255 249 249
    125 127 95 122 63 221 247 127 235 189 253 159 13 254 157 158 93 62
    246 247 189 251 223 44 222 187 222 254 237 191 253 245 185 253 253
    252 251 255 125 126 221 253 255 255 251 245 95 251 253 247 127 113
    246 127 87 255 255 223 233 255 116 255 249 249 127 127 223 123 63
    221 247 255 115 189 255 157 13 254 191 155 77 62 246 247 191 251 223
    46 222 205 207 238 89 235 247 253 210 57 255 44 203 158 249 230 239
    201 253 189 47 190 255 254 59 115 255 55 118 253 83 126 119 243 195
    188 97 83 253 255 250 118 126 234 127 159 94 93 179 221 201 62 245
    221 255 141 238 153 220 97 31 223 253 155 187 233 205 238 89 239 119
    253 210 189 255 44 203 158 233 118 239 201 253 189 111 126 223 254
    123 123 255 63 54 253 83 126 119 247 227 188 121 83 253 255 186 118
    238 106 127 219 94 93 179 221 137 62 181 221 255 141 238 153 252 113
    63 215 253 27 187 195 214 164 41 207 166 7 153 33 111 40 74 142 233
    38 13 228 255 45 244 216 199 58 120 82 205 57 110 185 16 41 71 241
    169 82 41 91 96 36 226 102 10 40 143 81 88 212 193 152 140 24 4 119
    124 140 203 25 244 163 148 208 86 24 121 250 248 251 255 54 247 222
    187 223 187 247 251 255 130 219 218 255 215 122 255 143 31 199 95
    173 223 255 255 87 127 247 254 215 189 253 255 254 125 232 119 120
    92 227 125 191 28 149 127 223 238 58 135 248 189 188 127 80 247 187
    255 125 95 48 254 235 222 239 235 255 183 223 153 189 255 57 202 143
    72 118 93 145 245 63 255 190 87 154 125 111 247 63 63 223 115 127
    255 199 237 158 91 250 125 253 179 114 78 106 253 215 92 213 177 220
    157 16 5 201 245 188 255 208 182 113 159 215 223 58 179 255 254 127
    237 254 253 255 217 191 127 172 251 207 127 254 253 243 245 191 106
    253 127 190 120 111 255 63 127 255 95 127 255 247 231 222 251 242
    247 253 247 215 222 74 31 213 158 253 17 157 253 30 37 252 191 159
    109 24 252 251 191 222 95 58 189 59 252 255 223 63 221 221 63 255
    252 252 249 125 127 253 254 255 246 226 59 245 123 247 255 253 239
    229 63 127 251 221 239 223 108 103 180 254 120 251 125 118 95 239
    175 213 182 245 111 187 174 159 15 240 29 157 93 62 246 255 253 251
    223 46 255 13 42 215 97 120 179 163 122 184 189 194 115 194 113 128
    65 74 237 239 107 229 101 74 243 13 122 25 166 124 6 35 203 95 66
    213 170 20 248 125 52 124 52 58 39 225 33 119 227 24 188 40 53 241
    125 156 76 36 222 23 143 200 215 101 250 13 42 215 193 120 243 161
    126 248 157 194 119 199 189 155 65 107 237 235 111 229 13 202 243 15
    123 24 167 124 14 50 207 95 67 125 186 20 252 109 60 125 84 58 39
    109 161 127 227 152 188 56 181 241 61 156 76 36 254 19 141 72 71 37
    250 5 39 69 113 248 178 163 120 184 61 194 115 194 89 128 1 2 109
    175 99 229 45 10 251 6 254 19 167 124 6 35 95 95 66 213 170 85 184
    253 53 125 52 58 135 225 33 243 107 24 189 24 37 241 189 156 73 20
    218 23 143 72 87 37 122 249 237 255 219 114 127 247 247 253 247 109
    158 223 254 255 238 219 247 249 111 62 221 246 183 251 127 159 190
    109 219 126 187 239 71 247 251 215 223 255 124 246 255 253 183 191
    190 125 182 223 137 239 253 219 255 151 222 249 252 105 127 223 253
    223 251 250 221 255 255 255 127 255 251 253 253 126 223 191 253 255
    254 251 213 125 111 126 255 247 127 127 255 187 63 255 211 126 255
    243 103 117 251 214 127 253 245 243 223 251 62 223 158 221 255 141
    173 94 133 248 63 157 77 80 254 123 191 95 95 50 255 58 250 239 245
    255 181 251 120 253 191 214 251 239 89 240 77 242 253 255 251 245
    127 219 255 173 126 103 183 126 87 245 255 255 234 158 53 255 253
    249 181 221 125 243 110 211 225 211 123 190 255 152 203 252 189 222
    93 118 183 247 223 251 187 236 191 127 188 255 223 127 223 223 59
    255 245 31 254 191 126 254 124 255 247 122 59 247 127 211 111 255
