<?xml version="1.0"?>
<opencv_storage>
<ImageFile>"514.jpg"</ImageFile>
<Features type_id="opencv-matrix">
  <rows>108</rows>
  <cols>64</cols>
  <dt>u</dt>
  <data>
    254 255 239 255 62 255 255 183 253 253 255 253 255 254 255 254 187
    255 126 251 255 127 247 255 253 127 247 191 127 247 255 255 239 253
    239 127 255 255 250 255 255 255 255 127 255 183 255 123 191 255 207
    207 254 189 191 93 255 247 255 255 251 255 239 255 252 253 255 253
    55 127 253 255 253 255 253 251 255 191 255 255 187 255 254 127 191
    223 246 191 255 255 243 255 127 255 254 255 251 253 247 255 247 255
    248 255 254 255 255 127 255 191 255 255 255 255 191 223 250 255 191
    92 124 255 253 255 255 253 159 255 56 222 255 223 62 253 255 53 127
    255 94 221 157 126 253 206 255 223 248 43 244 125 222 251 249 127
    183 246 125 211 127 255 215 112 127 48 247 251 248 125 240 93 239 47
    247 182 245 107 191 237 157 15 246 29 157 93 23 246 123 255 219 95
    41 254 251 185 255 246 54 183 217 126 214 191 213 243 239 219 150 94
    254 215 126 127 182 47 227 255 173 251 246 255 90 121 244 235 223 44
    180 191 222 60 250 245 88 206 179 111 251 49 177 111 187 174 25 195
    240 61 156 69 81 243 115 219 121 87 161 255 250 153 255 247 54 183
    217 62 214 255 213 218 255 216 22 94 254 215 122 123 190 127 227 255
    173 251 246 254 91 241 246 235 215 44 180 255 222 125 250 117 120
    223 243 111 243 53 241 111 191 170 27 199 240 61 188 93 81 247 115
    255 251 215 168 255 184 222 239 253 174 125 253 247 253 255 126 219
    223 125 126 236 191 220 255 107 244 126 254 255 123 127 183 178 253
    211 127 255 247 122 255 112 255 255 248 185 255 255 255 63 255 166
    255 123 191 217 159 207 254 159 159 93 31 246 123 223 247 223 11 255
    184 254 255 253 190 253 253 241 253 255 126 219 223 253 255 238 191
    253 255 107 252 255 254 253 255 127 183 178 253 215 127 255 247 120
    255 125 215 255 248 255 255 255 255 63 255 167 255 115 191 221 159
    255 250 159 159 93 127 246 123 223 255 223 43 255 58 21 125 252 55
    63 125 127 183 126 213 145 125 60 60 87 246 214 67 105 244 122 192
    55 205 170 226 89 122 112 253 233 215 36 180 190 198 122 145 117 86
    223 223 47 214 148 229 78 153 164 24 5 98 29 159 77 24 242 59 255 89
    22 34 243 252 255 255 253 254 255 255 255 253 255 254 251 255 255
    255 254 251 221 255 111 63 223 175 61 239 255 191 191 255 95 126 191
    243 231 124 255 215 247 255 247 251 255 251 126 255 191 95 177 205
    253 118 245 205 255 167 239 208 252 233 127 223 108 179 183 123 51
    245 244 127 167 127 124 214 126 209 49 237 73 145 87 254 247 67 114
    240 47 194 127 140 186 230 223 90 89 245 239 87 44 149 190 222 120
    241 117 124 72 255 15 197 33 229 79 154 172 24 5 242 28 156 65 8 178
    115 155 250 151 36 254 124 184 255 247 254 247 251 252 255 191 213
    253 255 126 179 93 254 247 251 123 255 127 223 255 189 122 246 255
    126 253 247 255 223 239 175 255 254 253 249 127 121 93 231 110 247
    101 155 127 191 254 155 203 244 189 156 85 118 255 255 223 251 191
    237 254 189 190 255 117 253 249 251 252 216 189 214 253 239 91 139
    205 250 253 251 107 253 47 238 255 175 251 119 247 124 79 119 239
    223 235 253 119 119 185 249 127 249 93 235 55 249 161 251 115 189
    254 31 165 244 189 156 69 118 254 247 239 250 159 165 255 254 255
    255 255 55 255 253 191 255 255 255 252 127 254 255 254 255 247 126
    255 191 255 247 63 255 255 247 255 127 251 254 255 207 255 239 255
    223 127 251 127 126 253 245 127 255 255 247 127 255 175 223 207 250
    61 247 93 249 247 251 255 255 255 187 254 126 190 255 253 255 191
    255 121 255 127 218 123 255 127 191 93 242 223 251 122 253 125 219
    127 255 254 250 255 254 221 253 239 223 231 95 191 246 255 253 119
    125 95 219 127 221 133 255 87 157 173 24 69 242 189 159 77 84 254
    247 159 218 95 177 246 255 59 255 245 254 183 251 122 220 127 210
    123 239 218 178 93 242 253 127 102 255 47 139 127 142 250 246 255
    222 93 245 239 87 175 212 191 223 253 253 119 216 92 219 94 201 169
    219 95 188 173 24 197 240 189 158 65 80 254 115 159 218 55 181 254
    104 5 174 150 39 183 123 51 148 254 85 210 155 232 48 70 128 93 113
    103 244 55 192 115 24 106 166 6 80 144 52 235 199 36 20 186 83 120
    233 124 120 92 48 47 209 52 247 111 153 172 24 5 240 29 156 73 16
    242 51 189 88 23 32 250 122 5 237 246 55 167 89 123 212 206 213 208
    123 232 16 70 162 213 99 119 246 47 192 119 29 170 166 29 82 176 52
    233 199 44 20 186 218 120 193 117 88 92 177 47 211 52 241 111 153
    172 24 5 240 29 156 73 16 242 51 189 120 87 32 250 125 50 117 37 253
    182 171 120 244 191 192 119 237 79 145 85 250 237 195 115 241 35 91
    252 196 254 253 175 90 31 225 239 79 44 215 190 126 184 233 125 124
    76 50 175 213 113 183 111 184 172 24 1 240 29 156 65 20 242 183 157
    250 215 32 254 237 141 239 216 114 63 253 119 181 255 37 202 159 250
    182 79 152 253 123 111 244 119 210 115 91 251 183 118 121 217 118
    235 199 24 199 170 211 120 249 124 120 127 124 175 213 116 245 111
    157 172 24 13 240 29 156 93 48 246 115 189 91 215 40 251 109 255 255
    252 127 255 255 127 189 252 236 253 127 255 254 237 251 253 251 111
    247 127 254 127 127 239 51 183 127 91 126 239 215 227 127 243 247
    255 255 53 255 255 254 127 255 151 119 235 253 189 254 221 251 125
    159 204 127 254 127 239 219 127 191 255 124 191 247 247 255 183 255
    91 246 253 193 251 255 250 177 93 246 247 235 99 255 47 83 255 214
    234 230 255 122 253 245 238 223 47 86 191 210 120 241 117 124 95 250
    79 249 117 211 79 188 174 152 79 242 61 157 73 16 246 115 191 250
    119 161 251 92 32 155 181 8 131 178 103 16 168 214 21 208 0 147 2
    106 9 193 67 193 37 202 211 136 10 160 198 64 197 49 238 223 48 5
    184 23 232 233 116 120 28 53 38 245 53 131 111 155 172 9 5 240 29 28
    73 22 242 51 185 24 23 32 238 252 254 239 253 254 247 255 241 253
    255 126 219 223 121 251 77 251 221 127 107 252 125 222 255 223 127
    191 182 124 87 119 255 215 109 87 187 223 121 249 119 124 92 122 63
    213 181 247 123 157 173 24 5 240 29 156 73 20 246 51 189 218 87 32
    254 45 246 124 239 190 189 191 81 121 127 106 251 204 123 252 69 226
    253 37 235 245 116 17 250 77 127 161 187 126 95 245 243 215 100 215
    186 211 120 249 117 116 92 58 47 212 150 247 111 153 173 24 5 240 29
    159 73 16 242 51 189 90 215 40 250 0 1 130 150 9 130 168 39 16 170
    66 65 146 98 3 2 108 11 161 147 197 45 203 203 1 27 178 230 64 192
    161 70 223 50 65 32 53 72 232 96 112 60 52 43 213 21 183 111 153 236
    24 5 244 29 24 73 7 243 23 177 24 115 32 106 92 32 155 181 8 131 178
    103 16 168 84 21 208 32 147 2 104 9 193 67 192 37 202 219 136 10 160
    198 64 197 49 238 223 48 5 184 23 232 233 116 120 28 53 46 213 21
    163 111 155 172 25 5 240 29 28 73 22 242 51 185 88 23 32 238 59 214
    108 236 191 189 223 56 189 127 244 203 173 121 116 85 244 253 71 243
    244 118 146 123 108 190 225 54 126 83 117 239 223 108 214 184 255
    120 249 117 124 95 122 47 212 21 247 111 153 188 24 13 240 29 158 73
    48 242 55 191 218 223 44 251 28 32 155 180 8 129 56 103 16 168 86 21
    208 164 147 2 104 8 193 67 200 37 194 211 8 8 160 206 64 132 49 234
    215 48 85 186 23 104 225 116 112 92 53 46 197 21 195 111 153 172 25
    5 240 29 28 73 16 242 51 185 88 23 32 250 47 247 109 238 55 189 221
    56 245 94 245 249 253 123 60 69 176 244 66 251 245 114 209 118 117
    190 229 187 126 254 117 233 223 124 215 190 218 120 249 125 124 95
    59 175 212 113 247 111 185 174 152 15 242 29 158 93 56 243 119 189
    250 223 44 250 252 254 247 245 254 247 235 249 252 255 250 255 255
    235 243 253 251 221 127 103 255 143 239 125 207 255 255 175 223 95
    243 255 247 167 93 255 87 253 253 246 121 92 250 62 223 61 251 177
    221 236 24 181 241 255 156 235 208 252 241 191 222 87 48 190 0 1 129
    146 8 131 32 39 0 170 80 1 16 224 17 2 108 11 97 67 192 37 194 195
    24 26 180 134 64 128 49 74 71 38 1 176 25 72 104 72 112 64 52 43 197
