<?xml version="1.0"?>
<opencv_storage>
<ImageFile>"515.jpg"</ImageFile>
<Features type_id="opencv-matrix">
  <rows>346</rows>
  <cols>64</cols>
  <dt>u</dt>
  <data>
    63 252 109 42 159 253 181 41 253 85 124 248 189 63 252 220 219 254
    231 241 245 114 185 116 253 247 85 179 127 243 223 239 133 200 195 6
    239 153 249 59 125 159 111 161 213 113 246 107 187 254 139 10 254 5
    90 61 62 150 246 169 179 219 108 222 252 205 254 249 35 253 255 245
    189 255 252 138 223 188 127 238 157 249 251 239 60 243 246 184 125
    111 191 246 121 215 254 179 237 88 231 109 215 255 252 121 126 63
    255 191 247 247 127 52 191 200 190 189 219 253 253 92 251 255 127
    253 255 251 11 255 56 236 252 170 10 79 181 103 247 116 254 213 125
    60 253 252 255 186 227 160 245 114 217 231 253 125 213 210 107 247
    223 239 141 200 67 52 191 202 232 120 124 157 101 161 245 119 183
    111 187 238 139 11 246 29 88 85 62 243 255 233 179 219 108 206 238
    207 238 253 239 255 247 191 61 249 254 207 159 252 111 239 137 57
    249 191 254 223 254 121 115 127 155 118 253 215 30 151 191 251 99 97
    247 223 254 58 126 61 238 119 221 255 127 179 253 203 191 253 223
    239 248 254 123 205 255 127 247 249 159 222 251 223 255 223 170 221
    221 225 255 245 61 219 159 253 126 254 255 247 124 107 190 253 242
    115 127 255 183 62 127 251 95 47 215 103 115 218 194 121 250 126 119
    255 237 255 189 158 253 47 133 133 215 77 250 31 158 79 57 246 120
    63 219 221 43 250 173 220 254 201 46 255 246 115 57 255 14 207 222
    61 126 207 221 251 249 171 245 117 91 243 249 119 149 246 109 87 223
    227 223 80 211 96 223 217 248 121 124 157 126 167 245 116 247 111
    191 248 137 79 246 93 216 93 63 215 119 189 211 251 108 234 122 223
    238 223 238 191 94 51 63 255 85 139 159 252 62 95 244 251 121 251
    254 127 211 255 219 106 246 254 121 209 253 227 207 60 210 53 223 79
    240 105 126 223 255 175 213 117 215 79 191 200 152 13 246 61 155 221
    59 247 115 191 251 251 10 255 124 239 239 217 38 253 253 247 253 255
    221 152 223 252 127 206 153 253 123 107 190 127 214 191 93 119 151
    182 109 215 127 251 207 90 199 41 222 253 250 123 124 127 245 175
    247 181 119 123 191 136 191 207 243 93 220 92 253 231 123 255 251
    251 201 246 122 159 174 223 239 191 94 51 63 255 85 203 158 248 62
    31 244 251 121 251 254 127 211 255 219 106 246 126 120 209 253 231
    207 62 210 53 223 73 242 105 254 95 255 175 213 116 215 111 189 200
    152 13 246 13 153 221 59 247 115 183 243 251 10 235 57 222 124 239
    191 253 251 56 63 253 86 207 189 125 125 221 254 255 221 123 244 127
    219 123 105 254 242 126 127 83 255 255 223 228 93 52 247 251 248 117
    213 93 123 46 213 23 255 111 157 189 24 5 244 157 157 77 24 246 183
    191 211 95 38 255 255 252 255 255 255 191 255 185 255 253 255 255
    191 126 255 252 246 215 252 127 255 127 219 127 255 254 251 255 255
    123 255 255 255 253 221 247 255 251 255 255 219 223 239 126 253 159
    223 127 191 255 159 207 254 255 159 239 116 255 255 255 251 255 191
    255 59 222 108 253 175 253 219 48 61 253 86 205 158 121 124 221 252
    255 127 251 244 127 210 123 105 127 247 246 125 119 255 231 223 120
    219 52 255 123 248 121 253 31 123 47 213 53 247 111 185 255 24 13
    244 29 159 77 51 215 119 191 243 223 46 255 252 252 255 239 250 255
    243 245 253 253 94 255 255 126 255 236 251 255 251 43 253 127 223
    253 251 127 29 183 253 211 255 255 223 227 127 117 247 219 253 60
    253 93 255 55 221 183 255 243 191 221 143 189 255 239 152 253 126
    220 255 237 219 223 63 254 207 207 78 109 247 123 222 144 57 155 253
    203 142 117 110 233 137 221 60 255 14 205 166 120 103 95 27 246 253
    103 62 54 250 121 253 201 91 127 252 181 243 190 123 127 255 159 254
    49 205 155 86 167 217 231 175 238 211 221 56 47 117 127 150 187 44
    239 239 221 62 93 221 255 189 254 127 249 95 254 255 238 137 244 98
    43 182 126 254 251 121 247 151 50 125 219 31 255 223 122 247 250 222
    255 251 63 118 255 239 63 151 182 245 107 191 173 159 207 254 29 159
    92 56 242 123 255 251 221 47 254 126 238 239 201 234 223 211 197 127
    247 31 222 223 54 255 252 217 241 120 238 221 85 86 241 255 213 188
    127 239 223 95 171 133 68 199 203 218 115 253 122 180 29 108 60 213
    158 245 53 159 172 143 13 243 93 156 127 112 246 122 189 91 217 122
    250 231 237 239 221 110 95 221 135 255 255 61 203 95 253 126 239 153
    241 122 171 215 255 118 239 127 231 150 55 45 221 95 103 231 108 70
    254 218 127 251 254 246 127 108 191 157 118 245 107 189 172 158 13
    241 29 157 95 56 246 114 61 251 221 42 251 122 185 219 255 254 179
    223 57 218 187 213 251 239 66 151 89 126 215 58 127 207 61 195 95
    173 223 247 255 86 107 247 238 215 189 157 191 255 125 250 117 120
    76 243 109 247 29 189 127 159 190 24 71 240 189 156 235 80 247 51
    159 120 95 176 254 251 222 254 253 255 253 255 181 191 253 252 203
    159 253 126 253 253 255 127 251 252 127 254 127 255 127 247 254 253
    87 255 255 215 239 87 125 223 117 248 127 127 95 251 191 221 55 255
    119 189 220 158 141 242 191 156 77 121 246 115 191 219 223 12 254
    239 205 206 223 39 87 221 159 191 255 60 203 31 251 39 239 233 247
    188 63 22 255 254 59 123 231 179 118 125 91 94 127 247 99 52 241 246
    93 255 252 82 127 238 126 155 22 81 238 221 168 126 157 221 127 188
    206 185 244 110 127 223 253 155 251 248 223 255 217 247 255 247 255
    191 247 237 222 159 188 255 239 255 245 127 111 62 223 254 61 127
    255 191 126 253 211 126 191 227 103 247 95 210 255 255 126 126 223
    252 191 159 190 125 181 221 137 246 189 219 255 135 255 249 252 105
    127 223 221 31 254 126 253 234 190 103 95 30 3 15 194 151 190 189
    246 125 222 253 147 114 214 87 119 209 71 213 85 249 125 35 254 158
    224 138 60 71 174 250 90 232 113 168 29 117 105 213 221 183 111 159
    174 137 15 178 29 249 91 18 243 127 177 59 123 248 74 120 143 239
    219 34 223 245 39 253 252 94 141 63 254 63 238 223 211 249 43 244
    127 223 247 121 119 22 182 111 211 95 239 135 198 99 48 247 202 254
    40 124 125 231 101 31 180 119 235 255 232 175 221 183 13 184 220 127
    238 111 253 211 249 73 254 67 1 138 216 37 18 92 126 20 234 245 144
    10 201 7 10 232 213 33 99 194 165 192 51 14 219 179 46 83 12 48 107
    211 38 20 186 82 124 97 116 112 74 56 47 213 20 213 111 153 172 24 5
    240 29 156 73 16 242 51 157 88 86 32 251 254 238 239 203 254 95 215
    183 189 254 124 187 29 191 255 236 217 245 249 44 253 211 254 184
    123 245 61 55 253 219 127 251 213 106 223 227 254 119 253 124 118
    223 110 63 87 182 116 241 191 173 159 140 219 125 143 223 254 244
    107 125 223 223 106 247 187 222 238 207 255 253 211 185 255 245 222
    239 191 125 124 237 189 183 126 187 245 127 187 253 243 127 93 54
    255 215 223 247 143 237 203 84 255 219 250 63 255 223 239 191 221
    119 255 107 189 223 137 15 254 165 219 223 127 215 246 191 243 255
    174 223 255 254 127 239 255 253 255 249 253 253 252 251 255 255 254
    253 251 253 255 123 253 223 191 124 127 255 255 183 255 123 127 255
    243 237 254 127 247 255 253 255 223 223 235 255 223 31 222 177 237
    255 222 173 221 247 175 253 252 252 245 255 255 223 190 191 191 254
    125 235 255 189 191 216 255 95 236 251 173 123 236 253 242 247 189
    120 244 85 154 124 231 253 121 191 255 91 127 255 213 229 223 243
    115 243 189 245 247 223 90 29 213 147 252 85 156 189 28 37 250 181
    143 109 56 244 183 140 222 223 62 185 58 191 124 255 191 189 255 49
    127 253 214 255 253 127 249 85 246 255 203 250 245 127 211 255 249
    126 246 255 126 247 255 255 223 120 87 180 255 122 248 117 124 93
    251 46 245 181 247 111 185 238 24 79 246 29 156 77 22 247 247 191
    250 127 170 254 250 222 94 255 238 191 222 177 63 127 127 203 158
    117 126 189 245 223 125 239 222 253 179 120 235 95 191 254 253 83
    255 183 215 117 218 117 219 91 252 227 247 95 123 63 213 142 255 55
    141 221 28 5 254 239 159 239 83 255 51 191 84 123 16 186 24 158 140
