<?xml version="1.0"?>
<opencv_storage>
<ImageFile>"516.jpg"</ImageFile>
<Features type_id="opencv-matrix">
  <rows>168</rows>
  <cols>64</cols>
  <dt>u</dt>
  <data>
    253 254 119 237 255 255 247 249 253 125 252 251 255 127 255 237 251
    253 255 110 252 223 190 252 127 255 63 183 255 91 127 255 253 231
    125 255 215 247 253 191 255 223 255 55 93 191 252 177 173 181 223
    189 219 255 143 77 248 252 239 174 223 79 55 189 170 205 110 223 34
    95 209 167 61 252 126 205 31 252 125 238 157 250 253 171 118 250 189
    50 121 127 23 82 237 211 223 247 178 250 99 96 255 83 250 184 243
    191 239 126 158 150 119 234 239 201 255 205 223 79 171 220 191 213
    110 127 215 249 139 191 255 253 255 119 255 226 249 254 223 189 252
    255 239 207 194 255 251 247 63 127 127 175 239 63 239 255 243 127
    223 127 230 191 255 239 61 255 246 61 255 247 91 252 251 254 219 59
    253 183 237 191 94 245 248 190 188 231 241 188 253 255 255 53 183
    190 126 190 253 217 254 191 223 121 255 127 214 251 253 127 255 93
    242 245 123 98 253 119 219 253 255 234 254 127 254 221 253 239 215
    110 223 191 222 123 253 125 252 223 90 63 213 246 245 87 191 172 152
    13 242 189 159 93 24 246 123 191 218 223 42 247 205 204 175 221 252
    231 251 245 152 253 126 223 195 81 219 169 226 221 255 99 220 45 238
    248 111 235 191 166 213 7 51 127 247 37 93 123 86 251 237 246 211 92
    122 62 217 62 249 115 153 172 24 5 241 127 156 73 80 250 51 189 92
    87 34 255 185 220 254 207 255 255 247 63 127 93 252 249 191 127 254
    253 251 183 253 59 245 95 255 119 115 255 89 55 255 219 223 239 159
    97 115 240 247 211 253 252 119 159 126 55 221 23 253 239 189 182 207
    141 254 47 155 77 126 246 254 173 219 223 46 223 255 252 111 237 255
    127 255 253 253 255 253 255 255 60 255 252 251 245 127 123 252 211
    182 124 125 253 253 191 255 223 127 255 245 109 95 255 214 115 249
    255 255 223 127 62 213 183 252 125 159 173 223 13 250 63 159 93 248
    246 123 188 255 223 42 255 174 234 77 234 250 95 85 139 255 84 47
    250 61 126 254 252 139 116 60 32 71 218 189 38 127 213 29 49 175 251
    31 93 144 231 71 218 98 83 191 190 167 191 108 113 28 222 244 136
    197 165 199 12 31 7 163 47 56 228 40 60 221 76 54 217 243 253 255
    223 55 119 217 254 255 253 189 255 239 191 230 255 251 245 126 63 63
    207 247 127 239 255 251 59 127 63 118 63 255 109 189 255 218 125 251
    253 115 220 171 191 159 58 125 189 221 191 126 149 248 191 188 79
    248 246 120 95 255 213 134 251 253 191 242 119 217 226 227 222 221
    185 232 255 231 203 131 255 251 253 191 79 239 175 239 127 71 255
    115 167 219 79 98 191 223 167 117 255 53 189 255 119 105 124 250 247
    239 121 63 179 236 254 120 241 209 254 188 228 114 188 245 239 191
    119 181 94 2 3 1 34 0 2 2 14 66 0 1 0 64 1 0 17 68 43 1 208 192 33
    64 195 128 128 192 204 0 160 129 64 7 24 67 160 57 8 0 72 100 0 16
    129 192 81 167 79 24 174 136 3 240 24 88 81 6 51 23 177 8 83 96 74
    41 150 238 33 255 245 163 248 188 189 212 127 237 121 179 69 234 253
    235 114 240 103 219 124 102 253 61 182 254 87 99 255 223 232 159 60
    119 185 109 61 125 92 122 175 213 97 255 113 184 252 24 1 240 189
    156 73 62 246 183 157 218 223 36 254 58 184 255 247 191 229 219 189
    222 253 215 253 255 90 51 244 254 247 90 155 244 59 247 255 189 170
    246 255 94 251 247 239 207 237 47 52 254 123 250 127 217 93 231 110
    233 53 185 127 189 254 219 79 244 157 156 65 119 243 247 251 251 31
    166 255 252 189 255 223 254 255 255 255 255 245 213 255 255 255 190
    222 251 213 123 103 255 173 195 127 95 235 182 63 211 29 126 239 215
    39 85 251 82 127 255 118 114 94 249 111 221 28 253 191 157 172 24
    133 240 61 156 73 80 246 115 191 88 87 35 251 252 189 255 255 254
    255 255 255 255 253 221 255 255 254 190 222 251 213 123 103 255 173
    211 127 223 235 182 63 83 93 126 239 215 39 85 187 210 127 255 118
    114 95 248 111 221 28 253 191 157 172 24 5 240 61 157 73 80 246 115
    191 88 87 35 251 114 3 225 150 223 135 3 107 198 100 147 16 249 232
    176 84 226 213 35 102 206 47 195 119 14 154 166 45 82 8 49 105 215
    38 84 186 66 120 225 84 112 80 24 15 193 28 241 79 153 172 24 5 112
    28 156 73 16 242 51 189 88 87 32 250 114 51 241 150 218 131 11 104
    198 36 147 16 253 104 144 80 226 213 3 102 194 37 195 119 12 154 164
    13 82 8 49 105 87 36 84 186 66 120 225 84 112 80 24 15 193 20 225 79
    153 172 24 5 240 28 156 73 16 242 51 189 88 87 32 250 122 205 255
    171 98 95 211 175 191 212 127 142 29 60 127 254 253 215 113 102 84
    245 214 114 253 197 188 88 235 210 94 171 167 36 83 250 219 90 201
    120 178 29 124 60 85 150 245 108 159 172 155 13 242 29 156 89 48 242
    59 189 91 223 42 250 122 153 221 254 50 223 93 7 247 228 93 144 31
    254 188 222 255 215 48 111 134 125 195 55 253 223 182 93 123 249 220
    233 151 230 49 190 231 88 250 127 48 255 253 97 191 156 245 110 215
    160 187 207 242 29 183 93 121 246 123 251 89 125 183 254 189 254 255
    237 254 189 255 217 253 255 196 251 239 127 252 93 242 253 191 107
    253 117 218 121 253 254 59 191 126 95 127 255 215 228 223 187 242
    249 249 127 125 94 106 191 215 17 255 51 156 253 24 45 244 181 156
    109 56 246 243 175 218 223 44 254 46 54 109 138 23 149 15 77 230 70
    129 48 125 42 181 85 242 244 67 96 209 114 145 116 92 128 164 9 82
    156 121 105 196 44 87 186 66 112 1 92 48 74 28 143 212 84 228 76 153
    172 24 5 114 29 156 89 16 242 51 188 88 87 40 240 141 174 231 101
    253 243 227 254 184 189 198 255 206 121 130 9 138 237 255 43 245 79
    238 251 107 123 28 182 124 69 35 207 223 115 124 48 117 185 253 61
    221 52 250 182 233 161 91 227 56 253 109 245 209 254 154 76 118 220
    183 207 202 23 165 222 169 206 109 139 42 221 165 245 189 255 12 203
    155 61 254 205 139 116 229 105 176 82 254 120 121 253 29 50 125 83
    59 95 213 100 125 90 83 249 169 62 119 95 104 63 215 148 116 225 25
    173 62 12 220 29 143 12 24 224 35 173 211 95 42 254 35 135 206 214
    55 148 216 50 118 247 53 240 170 91 0 15 10 245 36 251 135 38 227
    119 73 51 179 63 82 24 33 99 215 44 212 186 90 120 235 117 112 124
    56 175 147 16 209 111 153 172 24 5 240 29 156 72 16 242 51 189 88 87
    32 251 5 131 130 1 192 144 162 112 8 155 2 74 130 81 3 1 8 73 169
    199 196 37 66 209 72 90 25 166 4 4 34 2 223 18 89 168 81 40 109 32
    96 52 56 39 209 16 51 243 24 136 24 37 241 93 152 72 3 202 19 165 64
    115 96 106 35 135 206 214 55 144 216 50 54 247 53 240 170 123 4 79 8
    213 36 251 135 46 227 115 73 147 147 63 82 25 17 107 215 44 84 186
    90 120 235 116 240 126 56 47 209 20 241 111 153 172 24 5 240 29 156
    73 16 242 51 189 88 87 32 251 51 149 202 214 55 178 93 26 150 251
    149 242 175 202 38 95 110 215 32 219 134 47 195 119 13 155 243 63 82
    57 116 107 215 44 180 186 82 124 226 117 112 202 57 111 211 20 213
    111 153 174 24 5 240 29 156 73 16 242 51 159 88 87 32 251 4 2 128 48
    9 162 34 126 132 40 194 37 32 15 129 7 10 41 195 208 241 39 83 199
    16 40 132 132 16 132 33 192 15 8 131 160 53 8 33 72 108 0 22 129 229
    97 167 79 58 174 137 9 242 24 88 81 46 51 23 145 42 147 108 74 252
    249 255 222 50 79 121 255 223 212 221 189 127 254 255 254 255 215
    122 111 30 191 230 183 255 239 246 125 107 218 94 169 206 39 101 254
    214 127 219 125 114 253 181 103 191 62 245 238 223 172 239 223 242
    31 156 77 113 254 123 251 123 125 135 250 44 173 239 252 54 127 253
    127 245 220 222 181 127 254 187 238 235 212 99 99 245 46 212 119 93
    171 166 129 90 88 60 233 215 38 85 186 86 122 217 116 120 92 56 47
    212 20 245 110 153 172 24 5 240 29 156 73 16 242 115 189 90 87 32
    250 120 124 127 153 58 117 243 253 253 254 254 157 125 188 251 230
    251 212 83 106 252 242 238 188 93 173 164 152 249 223 127 255 249 36
    85 250 86 115 225 124 250 93 93 62 84 182 192 108 159 173 95 5 250
    29 157 77 144 242 43 188 91 6 42 245 250 154 163 245 255 230 219 189
    156 255 243 217 175 72 81 252 253 221 127 123 238 47 238 127 47 223
