<?xml version="1.0"?>
<opencv_storage>
<ImageFile>"517.jpg"</ImageFile>
<Features type_id="opencv-matrix">
  <rows>283</rows>
  <cols>64</cols>
  <dt>u</dt>
  <data>
    124 238 231 219 202 79 167 231 253 244 126 157 93 190 255 238 251
    177 123 238 253 219 127 181 219 109 29 190 237 223 223 254 229 111
    103 254 222 211 253 126 63 29 116 182 93 254 127 225 173 108 207 205
    243 31 129 93 126 236 73 189 251 79 42 254 62 255 125 255 62 189 253
    105 253 254 223 254 253 126 253 116 242 221 67 107 245 118 211 255
    253 254 231 191 110 247 125 250 199 108 207 190 255 122 249 125 252
    93 253 45 244 167 247 111 191 175 152 15 242 29 159 93 20 242 123
    189 123 223 106 254 190 255 254 255 63 253 253 153 253 251 223 255
    191 126 255 253 251 255 99 251 245 118 211 127 245 255 243 251 127
    251 255 251 207 252 223 254 247 121 249 117 124 93 255 125 247 149
    247 111 191 191 152 15 242 149 254 93 56 247 247 191 251 223 172 222
    61 253 253 222 51 125 241 126 255 212 196 189 125 63 255 238 235 244
    145 107 55 120 247 55 125 169 16 25 127 91 94 105 149 102 53 218 66
    115 217 124 183 223 252 54 92 150 101 238 157 53 255 12 250 31 151
    77 56 246 107 239 91 79 39 251 248 223 255 253 250 127 255 255 253
    253 254 153 95 252 251 254 255 221 251 111 124 221 254 63 223 239
    190 254 255 209 126 191 247 39 117 255 215 119 253 124 250 95 253 62
    223 143 217 246 157 173 223 157 243 127 157 207 208 252 107 253 95
    78 51 254 120 223 124 222 39 223 95 49 255 254 61 138 189 125 124
    207 255 247 104 43 190 127 211 255 217 119 247 126 61 219 223 235
    223 70 211 52 210 120 250 105 116 95 239 47 183 180 245 111 151 169
    184 13 246 29 159 93 57 246 115 255 219 223 41 250 56 223 253 218 39
    221 223 57 255 255 61 202 189 125 124 223 255 247 104 43 182 127 211
    247 249 247 247 62 127 219 95 235 223 70 211 52 210 120 250 121 116
    95 239 63 183 180 245 111 159 169 184 77 242 29 223 93 57 246 115
    255 219 223 233 250 171 221 108 222 55 157 95 9 191 247 189 234 191
    122 116 127 181 179 118 187 191 118 243 103 113 247 227 127 123 251
    223 97 143 124 198 238 218 89 250 249 114 223 125 237 150 118 245
    111 157 174 152 15 250 29 249 85 57 247 119 191 251 251 170 219 251
    220 253 138 55 127 29 123 191 126 124 154 31 189 124 255 255 245 127
    109 248 214 248 61 95 253 189 62 123 211 126 233 208 100 87 251 210
    125 181 252 118 223 124 63 215 150 100 237 157 173 30 12 234 29 143
    77 152 244 59 188 223 214 42 186 124 125 237 156 54 127 125 127 253
    228 255 188 93 190 255 238 251 244 99 101 61 242 208 182 93 237 181
    153 123 222 126 233 192 44 71 254 218 122 209 124 254 223 61 175 212
    54 229 108 155 172 155 13 242 29 157 93 56 242 123 189 123 214 42
    250 254 220 116 175 223 239 94 25 63 107 218 127 173 78 236 253 255
    247 29 212 253 63 155 124 103 220 123 111 219 95 255 231 75 231 223
    223 195 119 237 119 243 220 94 171 95 31 254 149 140 119 82 4 234
    183 143 235 216 180 255 191 158 79 186 176 237 253 255 221 122 255
    251 255 189 253 204 253 223 253 255 239 171 253 251 43 245 127 254
    255 125 127 182 182 125 95 127 255 255 83 119 251 214 251 249 125
    255 127 251 182 255 243 251 107 189 189 126 125 249 253 157 77 126
    254 255 175 251 223 175 255 248 191 247 223 122 71 249 255 255 253
    126 253 127 255 187 254 255 215 250 47 247 175 231 183 251 107 246
    159 111 217 222 238 255 111 101 247 223 215 255 253 223 125 255 118
    233 54 201 239 253 172 207 223 242 62 157 207 111 254 119 251 251
    108 167 255 252 236 255 221 250 255 243 245 221 253 254 255 223 180
    251 238 187 221 251 43 253 249 238 184 253 111 30 246 237 223 63 255
    253 243 109 121 246 247 253 62 251 61 239 54 255 183 127 241 191 237
    239 255 223 255 157 92 214 220 239 237 223 79 43 254 252 238 255 237
    250 253 243 245 221 253 126 253 223 118 251 236 251 221 255 111 253
    121 238 248 253 255 63 183 237 199 63 191 245 99 125 241 247 247 253
    188 251 125 255 54 255 167 91 241 175 173 255 253 219 255 141 109
    214 220 111 237 223 79 35 255 47 222 108 168 223 191 167 25 61 80
    222 234 188 61 108 77 217 189 99 240 245 86 153 117 117 125 89 245
    124 86 237 225 158 104 211 142 235 88 189 56 125 157 126 165 85 241
    246 103 190 247 137 12 242 5 203 29 58 198 255 181 147 219 44 90 237
    205 238 221 42 255 254 183 61 255 111 207 154 252 127 238 137 121
    249 235 252 245 214 243 121 111 149 182 125 215 63 227 207 48 83 224
    211 91 248 56 242 61 120 63 245 182 247 107 157 172 154 13 209 29
    153 92 50 227 123 189 91 211 42 250 250 255 125 223 254 157 223 137
    255 255 61 250 255 123 252 252 247 247 62 127 158 246 179 124 253
    215 255 63 255 251 255 59 210 237 94 223 202 121 251 255 246 223 105
    125 151 30 252 63 133 173 20 13 234 21 191 127 16 246 112 61 127 95
    58 187 242 223 109 207 247 157 223 137 255 95 61 218 191 122 124 220
    247 215 60 125 30 118 179 124 125 215 191 63 215 187 127 57 194 108
    94 223 202 125 251 255 242 222 105 61 151 30 252 61 149 173 22 5 104
    21 159 127 16 246 112 61 125 95 58 187 255 188 254 247 255 239 223
    220 255 125 213 255 255 222 182 221 251 247 63 119 253 95 251 125
    239 255 250 127 255 127 255 175 215 237 191 255 242 127 253 119 89
    221 126 63 221 29 253 183 221 180 26 133 248 191 156 111 88 190 187
    191 219 31 54 254 62 253 255 250 55 127 85 59 255 212 255 254 127
    254 252 254 255 183 103 251 245 86 209 247 247 119 245 251 111 255
    222 249 138 108 199 254 255 90 249 125 126 221 255 181 213 247 247
    239 255 191 137 207 250 29 219 93 62 247 255 255 251 251 238 222 26
    9 138 212 39 147 220 99 6 227 55 194 146 208 50 26 44 217 32 235 134
    61 194 115 47 211 179 110 80 165 52 107 215 54 80 138 82 108 250 83
    112 124 177 111 247 20 245 111 155 168 24 5 240 29 156 73 17 243 51
    191 88 55 1 250 191 250 255 245 190 117 253 254 254 255 244 251 239
    123 246 221 251 245 127 123 245 127 246 254 175 255 247 187 255 95
    119 255 223 108 159 254 222 125 249 125 125 93 251 63 213 161 245
    111 191 189 159 143 248 189 158 93 52 246 119 159 255 223 44 254 47
    252 109 235 255 253 127 73 253 103 221 254 253 126 254 125 219 245
    51 112 255 119 218 124 125 254 177 63 127 219 127 239 215 228 215
    218 194 249 249 126 116 221 124 45 213 21 245 51 159 172 24 12 234
    157 158 125 24 246 187 189 217 223 42 254 47 244 109 169 223 253 127
    73 189 111 204 254 253 110 252 85 235 245 35 96 237 119 218 125 125
    222 51 63 126 91 127 239 215 230 223 154 66 249 249 126 116 221 124
    45 213 21 253 51 157 172 24 36 226 157 158 109 24 246 179 189 217
    223 40 254 126 221 216 254 255 191 91 9 191 127 21 222 159 110 52 93
    244 215 24 115 206 127 194 123 110 218 242 95 86 121 253 111 215 180
    28 223 226 127 250 119 208 207 221 72 211 28 229 31 221 172 24 5 234
    21 191 105 16 246 123 191 89 31 50 179 252 237 255 253 122 127 253
    247 253 255 255 191 95 238 255 238 251 221 251 107 255 253 254 187
    223 127 183 251 233 223 127 255 251 7 101 251 214 245 253 126 126
    125 253 63 255 191 255 251 159 172 126 255 210 95 148 77 220 252 105
    253 223 78 41 246 248 222 247 203 234 221 239 245 255 255 106 203
    159 253 127 252 255 215 253 43 220 221 190 249 251 255 63 54 255 211
    127 255 247 227 127 113 118 245 253 34 119 94 106 63 95 158 93 177
    205 217 94 181 223 231 141 239 213 252 224 45 215 93 16 182 186 248
    127 207 255 221 219 189 223 255 254 255 189 62 255 252 251 215 123
    122 253 83 191 124 255 253 125 59 255 219 255 254 237 109 79 255 214
    115 237 126 251 221 117 62 85 166 252 117 191 173 223 141 250 31 159
    93 208 244 107 252 255 15 42 244 254 208 108 117 255 178 251 56 180
    187 241 251 239 73 4 95 116 255 127 219 237 119 195 127 164 250 243
    255 94 117 229 238 223 188 158 63 255 61 240 119 248 206 251 205 211
    113 147 95 187 254 24 3 236 189 222 89 82 247 247 159 250 215 168
    191 59 220 125 175 255 253 159 9 255 117 61 251 189 63 252 253 255
