<?xml version="1.0"?>
<opencv_storage>
<ImageFile>"519.jpg"</ImageFile>
<Features type_id="opencv-matrix">
  <rows>347</rows>
  <cols>64</cols>
  <dt>u</dt>
  <data>
    58 223 108 138 231 95 159 1 127 94 63 202 189 126 124 253 213 179
    100 180 84 118 145 118 241 117 113 56 191 250 223 177 142 108 203
    132 251 90 248 121 246 223 126 45 213 246 244 111 183 191 152 13 190
    5 219 217 58 243 126 189 115 219 110 218 235 204 202 235 207 202 198
    139 63 97 62 235 190 238 110 253 231 183 61 215 78 159 187 109 115
    223 123 47 215 123 26 55 178 231 94 83 99 71 127 246 195 215 108 121
    89 30 124 145 197 5 82 4 77 167 167 235 217 252 224 60 21 92 146 153
    235 220 138 251 207 202 198 139 63 97 44 235 190 238 102 253 231 183
    61 215 78 143 191 125 115 223 123 47 215 51 42 55 179 231 126 83 99
    71 127 246 195 247 76 121 89 31 124 145 205 85 86 52 77 167 167 235
    217 252 228 63 20 124 146 153 61 190 239 168 62 255 189 127 181 254
    214 181 93 60 189 206 251 253 227 106 245 119 218 255 93 233 164 151
    120 221 125 235 223 44 215 190 214 122 233 124 124 93 126 47 213 181
    245 111 187 172 24 13 242 29 156 89 16 242 51 189 219 215 40 250 123
    212 108 175 255 191 223 8 255 127 213 126 189 110 52 85 250 247 25
    112 236 119 147 125 126 254 250 63 122 121 125 239 215 236 31 187
    242 123 249 127 80 223 92 45 213 20 245 95 157 172 24 5 224 29 156
    73 24 246 59 189 218 223 58 250 123 212 108 175 255 191 223 25 255
    127 213 126 189 110 52 85 250 247 25 112 252 119 147 125 126 254 250
    63 90 121 125 239 215 236 159 191 242 121 233 127 112 223 94 45 213
    28 245 95 157 172 24 5 224 61 156 73 24 246 59 189 218 223 58 250 45
    174 229 168 8 253 167 101 57 252 78 149 89 53 249 230 203 92 193 104
    240 81 94 177 93 237 12 132 105 199 59 207 213 64 85 168 52 242 237
    60 116 21 122 166 84 150 116 227 153 44 109 12 242 29 156 76 28 226
    43 188 74 71 42 242 187 252 125 239 255 253 255 185 255 127 253 249
    253 59 124 253 247 246 95 249 245 114 183 124 245 237 237 251 255
    119 255 255 253 236 222 254 255 115 185 255 254 223 127 31 208 247
    246 93 189 255 158 15 250 189 223 93 56 247 255 188 251 223 46 253
    120 141 255 223 42 223 209 247 191 252 14 157 31 252 191 238 251 213
    248 43 214 125 238 171 121 227 134 22 105 201 31 111 247 7 117 48
    214 255 251 126 242 127 237 102 191 150 97 235 159 168 255 221 182
    29 157 78 89 254 123 255 219 77 3 255 93 59 247 245 248 231 235 246
    216 61 194 23 199 221 155 65 122 205 251 102 239 45 206 251 142 106
    190 215 252 69 243 239 87 99 125 189 53 247 125 117 221 100 219 86
    109 169 203 215 188 116 89 241 241 254 156 201 71 254 127 143 202 39
    181 246 221 59 247 245 248 231 251 246 248 61 194 23 199 253 155 72
    122 205 251 102 255 173 206 251 174 122 190 247 252 69 243 239 87 99
    125 253 117 247 253 125 221 116 219 86 237 169 235 211 172 116 89
    247 241 254 156 203 103 254 95 143 222 39 181 246 190 159 254 221 47
    159 222 51 63 253 85 219 158 121 62 94 253 211 96 235 213 111 211
    115 217 127 243 126 120 221 247 239 215 52 85 190 214 120 248 125
    112 93 121 47 213 20 247 111 153 172 24 13 240 29 156 73 18 243 115
    189 90 87 32 250 178 221 152 254 39 30 92 3 119 66 61 234 62 226 36
    94 253 179 52 159 135 125 81 103 241 215 243 127 99 251 220 97 134
    252 130 150 235 72 250 121 98 219 165 105 183 92 245 111 215 170 152
    79 236 1 122 223 25 179 114 251 49 249 217 203 120 187 239 254 62
    127 253 255 245 252 118 145 125 250 191 206 251 212 107 107 244 251
    244 183 93 235 180 155 127 217 125 239 215 100 87 186 215 122 241
    124 254 95 127 63 213 182 213 111 157 172 159 13 242 29 157 77 24
    246 59 189 91 95 34 251 124 174 239 254 62 127 255 255 245 252 86
    145 29 250 191 206 251 220 107 107 244 251 246 182 89 235 180 151
    123 217 63 239 215 36 87 186 215 122 241 124 252 95 125 47 213 182
    209 111 157 172 158 13 242 29 157 77 16 242 51 189 91 95 34 251 122
    17 179 151 254 135 91 109 198 103 147 22 247 200 179 86 246 213 3
    102 206 47 194 119 142 202 166 15 82 136 113 107 71 37 84 191 82 120
    225 86 208 72 16 14 193 28 193 79 153 172 24 5 240 28 156 73 16 242
    51 189 88 86 32 250 255 245 120 254 127 191 95 11 247 111 189 250
    191 234 244 95 243 247 54 243 175 126 145 127 244 223 227 63 83 121
    253 111 211 172 158 255 202 125 243 247 114 203 253 105 215 28 245
    95 221 174 16 5 104 29 191 77 24 182 123 191 249 222 186 187 254 253
    255 255 255 255 221 187 223 253 253 255 255 254 254 252 251 215 126
    251 247 127 227 127 255 255 247 191 127 251 254 255 207 239 173 255
    254 127 251 255 91 255 255 127 255 63 253 127 239 191 159 207 248
    183 254 125 125 247 255 251 255 253 191 159 254 121 251 117 119 99
    89 238 214 129 245 250 119 194 214 250 127 151 62 95 15 143 229 23
    175 223 255 127 211 190 246 184 194 47 36 255 202 125 215 245 90 234
    181 123 187 29 185 174 205 166 83 215 121 126 180 195 209 254 113
    123 61 52 145 187 255 254 255 227 255 255 255 217 255 123 254 255
    255 127 236 253 251 247 191 127 253 85 187 125 231 255 123 191 254
    95 255 255 223 229 223 255 126 255 253 247 93 221 106 63 221 143 255
    183 189 253 28 37 250 181 159 239 86 254 183 191 219 95 52 254 62
    189 255 252 63 255 253 95 247 252 197 249 127 254 190 223 189 254
    226 187 247 127 90 255 247 127 247 255 121 253 253 230 207 250 103
    62 254 248 250 127 124 127 239 239 253 117 247 107 185 238 152 79
    246 29 156 93 63 243 247 191 251 127 169 254 254 113 111 244 127 55
    123 250 148 191 241 115 223 200 50 87 180 253 95 247 252 183 144 126
    142 170 231 223 216 245 117 250 107 60 150 255 222 124 160 245 218
    206 215 30 211 103 131 79 191 175 152 3 232 61 157 81 16 242 115 159
    254 150 40 185 59 246 125 239 255 189 191 56 255 127 253 249 253 59
    124 253 246 247 95 248 245 114 179 124 245 237 237 255 255 119 253
    255 253 236 222 254 255 115 185 255 255 223 123 31 208 247 210 93
    189 255 158 15 248 189 223 93 62 247 191 188 250 223 46 253 254 113
    109 244 127 55 123 248 148 191 241 115 255 200 48 87 176 221 95 247
    252 183 160 126 140 170 231 223 210 245 117 250 106 60 134 255 222
    60 161 245 218 206 147 30 210 117 131 95 191 175 24 3 104 29 157 81
    16 242 51 159 126 150 42 185 254 57 243 119 255 231 251 235 206 165
    209 127 255 202 146 94 250 149 127 87 127 175 167 95 158 251 255 191
    210 191 230 190 75 45 5 255 218 61 253 95 120 72 177 223 201 121 185
    63 221 174 153 195 240 62 156 67 64 254 241 187 252 87 176 254 223
    176 210 119 221 162 235 24 120 59 208 123 174 75 128 81 98 247 189
    210 239 45 139 125 38 218 123 167 222 107 225 119 95 231 156 51 119
    253 127 183 73 100 202 73 201 9 251 147 76 214 24 101 229 228 204
    227 86 190 183 143 156 63 181 52 195 8 130 51 201 130 130 136 10 33
    32 75 162 203 2 25 110 23 61 71 206 141 171 105 70 223 59 47 146 10
    2 55 23 167 92 155 35 69 111 198 65 64 8 73 201 28 249 149 201 4 80
    36 117 98 140 235 16 120 32 61 28 85 16 248 40 238 45 136 42 63 190
    51 121 254 106 195 220 113 125 133 132 233 193 226 244 117 81 210
    217 42 133 214 108 212 189 195 239 24 66 32 219 122 160 232 254 31
    56 143 208 118 211 75 185 236 136 15 242 29 153 89 22 243 83 180 90
    211 106 249 239 101 109 244 55 45 125 255 245 239 253 187 127 236
    182 239 163 212 71 111 62 186 240 54 93 175 167 25 91 92 60 169 242
    38 52 250 210 125 209 245 90 238 189 47 210 23 197 126 153 172 26 5
    232 29 157 77 152 242 115 191 93 86 34 185 195 6 130 131 201 130 131
    136 46 97 2 79 162 203 2 21 106 215 61 6 200 7 171 105 66 210 57 47
    146 10 3 31 87 167 84 155 82 80 111 214 65 64 8 10 73 28 248 149 145
    44 24 4 245 26 140 235 16 112 34 61 88 85 48 248 126 49 249 242 22
    35 121 126 212 190 212 49 103 202 144 83 122 214 227 91 247 63 225
    151 140 187 246 143 90 89 244 232 79 46 180 182 127 120 115 117 120
    229 183 111 195 37 39 111 187 172 153 197 240 28 156 81 22 178 119
