<?xml version="1.0"?>
<opencv_storage>
<ImageFile>"52.jpg"</ImageFile>
<Features type_id="opencv-matrix">
  <rows>235</rows>
  <cols>64</cols>
  <dt>u</dt>
  <data>
    251 48 146 51 217 162 34 74 64 41 192 55 166 195 130 19 118 143 57
    68 233 141 75 93 134 218 250 175 210 1 227 231 87 167 21 191 1 188
    101 86 104 64 16 11 73 9 175 151 220 100 24 48 229 126 28 227 64 188
    147 145 152 23 48 110 251 56 211 55 221 162 46 140 72 43 210 55 230
    199 130 83 118 143 57 214 233 141 75 93 134 202 250 239 210 5 227
    231 95 165 20 63 123 189 101 86 72 64 90 11 205 9 175 149 220 228 24
    165 229 254 28 227 80 188 151 185 156 23 48 110 157 58 247 116 61 99
    225 250 208 185 230 119 103 217 194 235 107 220 231 75 101 142 172
    190 135 63 243 163 216 71 98 255 91 34 117 252 119 188 105 116 121
    84 186 55 201 33 115 237 168 173 94 149 216 30 140 73 22 240 167 159
    222 23 165 254 157 59 247 117 29 98 225 250 144 185 194 119 102 217
    194 107 106 204 167 75 101 142 236 123 7 191 115 163 220 71 98 255
    95 35 117 250 119 188 105 116 249 84 186 63 203 1 115 237 232 173 88
    149 208 30 140 65 22 240 183 159 92 23 165 254 107 206 238 219 255
    191 23 91 45 117 39 200 158 249 236 205 226 213 61 100 204 69 154
    113 79 202 169 47 119 9 56 47 215 37 84 187 66 123 165 246 242 223
    24 15 217 158 253 135 157 173 24 5 113 125 159 203 80 254 51 189 88
    86 50 249 67 2 0 162 77 26 2 8 32 2 2 66 160 27 32 1 66 117 5 84 192
    32 0 114 4 144 9 13 146 10 33 65 82 36 86 186 66 120 13 196 192 80
    24 13 193 4 244 77 152 172 24 4 240 29 142 9 16 114 51 188 72 87 32
    248 255 252 255 253 255 183 127 254 255 127 252 249 127 251 182 221
    243 245 63 111 253 215 247 61 110 235 173 63 255 93 125 235 245 36
    20 255 82 113 161 245 82 222 58 31 209 22 209 77 153 172 30 5 248 29
    159 73 16 246 51 156 88 86 34 249 255 221 254 253 255 255 255 241
    189 255 253 219 223 248 246 222 255 223 127 111 127 255 231 119 239
    255 247 255 251 87 254 187 243 37 84 255 83 123 249 245 218 95 185
    63 209 23 219 127 157 172 26 5 248 29 157 73 16 246 51 189 88 87 34
    251 59 150 108 235 255 253 183 29 61 255 222 125 61 63 121 245 253
    254 153 248 240 115 255 120 109 253 104 183 127 83 255 255 213 233
    221 113 119 243 189 117 125 213 94 62 85 135 254 113 189 125 94 5
    254 181 158 109 158 246 175 156 219 15 38 246 84 1 144 148 64 130 26
    100 2 164 1 4 144 160 145 2 102 195 0 101 200 33 194 131 136 72 168
    76 0 12 177 97 83 37 20 187 18 104 129 84 80 72 24 14 225 28 193 79
    153 172 24 5 240 24 156 75 16 114 51 189 88 86 32 234 58 150 124 171
    191 253 183 189 189 255 94 253 189 62 249 245 255 222 153 120 248
    114 223 124 125 221 120 183 127 83 127 255 213 228 253 112 119 243
    189 118 253 213 110 62 87 135 126 113 189 125 94 5 254 149 143 109
    152 246 175 220 219 15 42 246 255 254 239 253 254 183 159 252 255
    127 252 251 255 251 182 253 242 245 63 111 253 199 230 124 78 235
    188 63 255 93 127 239 247 37 84 251 82 113 161 244 214 94 26 30 209
    22 209 93 157 173 28 5 240 29 159 73 16 246 51 156 92 86 34 249 255
    254 239 253 254 183 223 252 255 127 252 251 255 251 182 253 242 245
    63 103 253 199 246 60 110 235 188 63 255 93 127 239 245 37 20 251 82
    115 161 245 210 94 26 30 209 22 209 93 157 172 30 5 240 29 159 73 16
    246 51 156 92 86 34 249 254 253 255 253 254 127 223 249 255 255 253
    251 223 252 246 253 251 213 63 111 127 255 166 126 239 223 183 127
    255 95 126 191 243 103 20 255 82 119 249 247 210 223 249 63 217 30
    221 63 141 173 30 5 248 31 159 73 16 246 121 191 92 95 34 185 123
    222 255 255 254 191 159 25 255 255 125 218 189 126 125 95 255 215 41
    99 252 37 211 119 201 223 181 63 83 27 119 123 215 36 85 186 83 120
    233 116 114 94 56 47 213 20 245 111 153 172 24 5 240 29 157 73 16
    242 51 189 88 87 32 250 125 255 247 248 126 255 239 123 253 254 250
    185 255 253 253 205 251 253 251 110 247 127 152 255 223 255 175 189
    126 222 120 251 215 103 223 191 212 126 253 124 124 124 250 175 93
    187 245 239 188 173 24 77 243 61 159 93 72 254 115 191 218 199 57
    178 255 253 255 253 254 127 223 241 255 255 253 255 223 252 246 252
    251 213 63 111 127 189 166 58 239 223 183 127 223 95 126 191 243 39
    20 251 82 119 249 247 210 223 249 62 217 30 221 63 141 173 30 5 248
    63 157 73 80 246 113 191 92 87 34 185 12 34 247 41 48 241 170 252
    208 186 194 53 65 0 155 66 138 76 195 74 249 33 78 156 140 40 164
    129 64 68 33 218 125 0 213 170 21 186 1 84 184 68 18 6 102 165 3 104
    58 44 60 3 240 29 28 88 134 226 15 212 72 6 96 114 125 182 247 101
    252 181 171 124 252 255 210 121 237 123 147 69 250 237 219 107 253
    111 222 253 173 234 46 183 126 93 113 239 127 233 223 191 247 185
    253 127 125 92 122 174 195 225 219 115 184 252 24 33 240 189 156 85
    102 254 247 159 250 215 44 254 6 34 16 34 25 128 162 68 0 40 130 53
    32 67 129 17 106 0 129 192 193 32 13 82 4 8 0 1 18 12 161 70 53 166
    85 186 48 178 1 84 192 64 24 2 64 5 131 75 24 108 24 4 240 28 152 73
    18 98 3 148 72 67 32 104 252 253 255 252 54 127 253 247 219 255 253
    253 95 244 246 250 191 223 254 235 183 125 231 223 253 127 247 254
    109 247 254 239 223 123 189 245 255 255 250 253 90 255 255 127 191
    55 247 111 255 250 175 223 248 125 60 93 127 255 255 251 251 253 207
    255 194 0 138 183 201 130 154 132 2 171 17 26 178 227 131 26 106 19
    57 71 200 133 203 105 14 219 186 47 210 41 35 47 87 165 29 187 115
    125 109 118 96 72 40 9 211 28 217 51 93 140 24 37 229 120 156 235
    208 254 51 157 92 87 48 246 5 35 113 48 25 160 33 92 160 20 194 53
    64 95 137 65 74 76 131 96 225 40 200 51 12 136 0 5 82 12 33 77 87 6
    117 186 16 242 65 20 133 116 24 6 64 129 97 66 24 36 120 4 240 28
    140 8 0 98 35 173 72 7 33 240 186 240 121 247 255 177 223 25 222 59
    245 251 191 74 180 85 246 215 126 219 231 127 163 126 164 222 243 63
    94 249 245 254 143 236 158 223 254 121 251 247 89 207 231 105 211
    117 157 31 191 191 154 3 236 181 255 113 80 183 254 219 191 159 188
    159 63 247 125 174 55 63 63 121 247 94 255 241 125 62 252 85 242 246
    71 124 241 114 145 118 253 188 97 157 126 122 253 249 18 108 254 158
    231 122 145 245 159 223 31 13 198 135 244 78 138 183 145 12 106 21
    175 93 56 242 63 204 123 143 46 177 109 183 236 218 127 191 71 55
    181 92 86 49 61 123 189 69 240 255 219 182 245 119 209 119 82 106
    140 5 120 220 216 225 223 43 71 182 87 82 213 124 252 31 26 143 85
    245 247 78 189 172 153 13 242 29 155 89 50 246 119 189 90 215 44 217
    254 248 251 255 223 239 127 253 223 229 253 189 255 206 255 254 251
    213 127 111 191 155 239 61 239 239 255 175 211 219 127 190 225 175
    61 223 198 247 253 247 187 223 245 127 95 191 45 181 207 181 247 181
    233 191 165 103 208 188 233 251 253 78 179 183 248 253 255 255 126
    255 255 255 253 253 253 253 127 252 255 254 251 213 127 111 254 255
    247 63 255 239 183 191 127 211 126 255 247 39 53 255 215 127 249 245
    250 223 251 62 221 183 253 111 157 173 94 141 248 31 159 77 80 246
    123 191 91 30 34 251 254 248 255 255 255 239 255 253 223 239 253 188
    255 206 255 254 251 213 123 111 191 187 239 61 239 239 254 191 211
    219 127 191 229 239 189 223 198 247 253 247 187 223 245 126 223 191
    125 182 207 180 119 181 105 191 181 119 216 188 233 251 221 14 179
    183 77 46 238 1 252 247 163 244 184 190 198 7 200 61 43 165 136 109
    219 252 241 87 94 249 67 104 28 166 252 85 35 211 253 89 211 41 92
    186 173 40 252 21 90 150 85 227 82 225 62 125 141 9 209 253 216 28
    118 204 135 148 202 211 108 94 124 151 236 218 127 63 199 63 181 92
    118 49 61 123 189 69 240 255 219 182 245 115 209 119 88 106 140 4
    124 216 121 233 223 42 199 180 119 82 221 124 254 31 26 143 85 247
    247 79 189 172 153 13 242 29 155 89 50 246 119 189 90 215 46 217 56
    220 159 223 46 221 209 183 223 252 28 221 31 190 127 254 255 214 248
    171 212 123 239 191 249 103 118 122 125 219 223 111 253 251 57 116
