<?xml version="1.0"?>
<opencv_storage>
<ImageFile>"520.jpg"</ImageFile>
<Features type_id="opencv-matrix">
  <rows>285</rows>
  <cols>64</cols>
  <dt>u</dt>
  <data>
    249 221 254 253 99 255 127 123 191 253 239 207 159 253 126 255 191
    255 250 47 254 127 210 119 247 127 247 126 125 247 254 167 207 123
    99 245 247 127 250 125 127 191 255 247 253 255 255 111 253 162 154
    223 250 125 159 223 123 255 127 191 251 255 159 218 57 254 109 171
    191 253 183 125 253 92 252 249 253 63 255 237 251 252 235 104 244 83
    218 244 121 253 29 178 255 211 127 235 221 100 215 250 215 115 249
    124 126 223 126 183 85 183 246 109 191 189 159 13 242 29 159 93 60
    246 127 188 219 223 46 218 250 223 239 255 255 255 223 185 255 253
    255 255 255 252 126 252 189 247 126 255 254 127 210 127 255 255 247
    63 255 251 127 255 207 255 71 255 254 123 250 127 255 253 239 127
    221 255 253 127 189 191 159 207 250 191 159 127 121 246 255 191 251
    255 190 222 250 220 254 239 111 223 223 165 255 253 127 221 63 60
    127 254 255 247 126 191 252 83 247 60 253 255 253 62 127 243 255 255
    229 237 111 125 254 119 252 255 251 221 101 63 159 62 253 124 191
    201 223 141 254 63 181 255 248 255 123 253 247 223 58 254 250 220
    254 207 103 95 223 167 255 253 126 221 63 60 127 254 255 247 126 191
    244 91 247 127 253 255 255 62 127 243 255 255 229 237 111 117 254
    127 252 253 123 221 231 191 159 62 253 125 191 169 223 141 254 63
    188 223 250 254 122 253 247 223 58 254 250 222 238 207 255 255 219
    149 127 247 63 204 191 188 126 255 189 247 124 191 220 211 247 60
    241 103 253 126 255 255 223 247 165 253 211 125 218 83 248 243 242
    223 111 61 149 254 252 61 159 203 158 15 255 253 211 255 240 247 249
    60 251 218 126 253 45 238 108 200 54 93 213 119 125 214 188 248 125
    59 253 239 153 240 99 185 245 112 81 247 117 117 133 49 125 223 221
    225 223 76 215 170 218 122 249 124 246 159 126 47 148 246 119 111
    187 173 143 13 242 29 219 92 62 243 123 189 219 219 110 219 45 230
    109 200 54 221 21 117 237 214 189 184 125 57 253 207 217 240 67 249
    181 112 81 246 221 37 133 185 109 220 93 225 221 76 199 138 202 122
    249 124 190 159 124 39 212 246 247 110 155 172 141 13 242 29 219 93
    56 242 123 189 91 219 110 219 254 254 239 237 254 189 223 9 255 215
    253 250 255 127 126 221 181 247 126 255 191 119 211 125 255 247 255
    255 127 255 255 171 151 252 207 207 202 125 250 127 126 223 237 125
    151 222 253 63 223 223 129 207 250 245 255 127 120 247 248 255 251
    249 252 254 189 254 255 238 63 127 245 251 253 252 238 255 255 126
    252 237 243 253 239 107 245 118 217 255 255 127 245 187 127 223 127
    255 207 100 87 254 215 250 249 253 255 221 126 191 212 247 247 111
    189 173 152 13 250 29 159 93 56 246 119 189 219 223 46 250 120 158
    255 253 62 253 255 125 255 253 223 221 221 60 63 254 255 221 123 107
    252 117 214 247 253 255 244 254 127 211 127 235 215 100 87 188 214
    123 248 117 120 93 255 47 213 181 245 111 159 172 153 13 242 29 156
    93 16 246 123 253 91 95 44 254 57 156 237 252 63 191 255 63 189 253
    213 201 255 61 62 79 157 253 123 123 244 119 210 255 121 107 132 182
    125 209 125 239 223 120 211 60 223 121 248 121 126 159 127 175 213
    245 247 107 191 186 153 15 242 29 223 93 60 246 255 191 251 223 46
    223 58 253 252 222 63 191 93 63 247 124 125 249 63 250 188 255 247
    246 112 187 245 123 243 55 249 171 226 31 127 249 221 239 223 108 54
    182 254 91 243 253 242 223 239 111 208 22 245 79 189 166 223 13 242
    29 159 77 56 247 127 191 251 94 174 253 41 223 236 205 255 255 223
    56 253 221 214 207 253 125 125 77 189 253 235 187 244 119 211 247
    113 126 149 182 124 87 127 235 223 104 211 180 223 120 248 57 125 93
    122 175 213 241 247 111 185 190 152 13 240 29 158 93 62 246 119 191
    242 223 44 218 126 185 251 125 50 195 216 231 211 171 213 253 247
    226 147 90 127 131 114 155 143 61 103 207 189 195 246 255 67 253 246
    254 231 191 45 255 254 189 250 127 120 76 229 104 191 116 147 127
    255 238 42 211 240 24 60 87 215 243 255 251 57 113 241 231 59 214
    124 238 255 189 223 25 239 87 189 250 189 123 236 93 242 247 45 121
    231 118 145 125 101 223 99 63 127 59 125 255 214 228 222 158 195 121
    249 247 119 223 120 45 213 31 244 31 137 189 16 5 232 133 159 109 16
    246 51 191 216 223 46 187 249 223 239 221 118 255 255 243 189 223
    254 203 223 253 127 207 157 253 255 111 116 127 246 243 123 127 159
    244 125 214 126 185 222 121 211 237 215 121 252 121 126 63 187 191
    213 183 247 110 191 185 159 141 251 253 159 93 127 222 127 255 115
    223 12 250 242 221 174 158 239 79 87 15 175 68 63 76 31 252 126 189
    253 247 124 180 86 219 180 35 251 215 253 92 179 218 222 41 128 109
    83 93 202 66 222 232 83 157 12 63 157 94 244 204 197 132 214 12 186
    123 151 203 121 118 96 61 80 93 30 248 252 158 239 253 255 191 255
    249 189 255 214 255 223 125 127 77 180 253 251 251 252 127 210 251
    255 126 247 246 124 247 255 239 223 248 215 36 255 251 248 121 124
    29 251 63 245 245 247 107 191 254 153 79 246 253 220 93 55 215 247
    191 251 255 172 222 95 50 73 181 253 178 187 120 16 250 210 55 169
    79 129 67 98 221 1 82 200 37 130 121 12 220 185 47 82 11 33 127 91
    36 149 186 86 120 233 117 112 76 27 46 197 5 229 111 152 172 24 5
    240 28 156 73 16 178 51 157 88 23 32 242 124 190 255 253 126 255 191
    127 253 254 216 253 255 255 191 205 251 253 251 127 245 87 219 255
    223 107 254 191 127 213 253 239 207 109 207 191 223 124 253 125 124
    93 126 175 215 245 247 127 189 172 152 13 242 61 156 93 30 246 119
    189 251 223 42 242 61 254 125 169 63 253 181 121 253 253 222 253 253
    63 253 237 251 252 227 105 245 114 219 253 125 253 53 179 127 223
    127 239 207 232 223 190 247 250 249 125 125 93 126 167 212 245 119
    107 187 252 153 13 242 29 158 93 62 242 247 173 251 223 44 254 236
    238 239 253 62 255 255 249 189 255 214 255 223 124 255 206 153 253
    251 123 245 127 218 251 125 127 151 246 124 215 127 255 223 217 231
    97 255 249 248 61 124 61 255 55 247 181 247 107 191 255 169 207 211
    253 220 92 119 223 247 255 251 255 237 222 95 16 73 181 253 176 59
    120 16 122 210 55 169 79 129 67 98 221 1 114 200 37 130 121 12 220
    185 39 82 11 33 127 83 36 149 186 118 120 233 117 112 68 27 47 197 5
    229 111 152 172 24 5 240 28 156 73 16 178 51 157 88 23 32 246 255
    252 255 245 255 245 251 248 254 255 213 251 239 218 243 93 251 245
    127 123 191 159 255 125 175 255 255 191 214 95 119 191 207 239 191
    223 210 253 253 119 121 93 243 191 223 57 253 181 221 191 154 185
    248 191 156 117 112 188 241 255 255 159 188 254 251 221 125 239 255
    191 223 152 255 95 253 251 175 123 116 253 245 247 60 255 126 127
    179 124 231 255 251 127 255 123 255 191 214 237 158 223 218 125 255
    255 119 223 251 127 217 27 253 55 141 183 22 13 232 183 159 239 120
    246 112 159 223 223 190 187 124 190 255 253 127 255 255 127 253 254
    216 185 255 254 191 205 251 253 251 250 245 87 219 255 223 107 238
    191 127 213 253 239 207 109 207 191 223 124 249 125 126 95 118 175
    215 245 247 111 189 172 152 13 242 61 158 93 62 246 127 189 251 223
    42 242 126 117 252 190 127 111 95 127 247 126 252 49 61 239 182 127
    243 246 99 244 117 243 177 54 222 239 229 29 251 220 253 233 211 44
    87 190 246 112 241 252 118 223 30 47 212 20 229 78 153 172 152 13
    242 29 156 89 24 242 115 189 90 86 42 248 250 253 123 255 247 159 95
    137 239 231 61 250 191 170 244 222 243 151 60 125 31 215 179 109 253
    215 251 63 119 187 222 57 130 237 190 223 194 125 247 255 50 219 237
    121 191 30 252 53 199 175 50 175 104 183 231 255 88 255 120 121 253
    221 186 191 237 238 255 125 56 127 251 247 249 254 232 189 95 169
    191 239 139 237 251 107 253 197 126 187 93 105 174 183 105 213 63
    239 253 145 103 121 247 255 245 254 254 126 122 190 255 243 67 249
    189 236 126 191 209 125 189 76 222 238 239 252 255 214 107 247 47
