<?xml version="1.0"?>
<opencv_storage>
<ImageFile>"521.jpg"</ImageFile>
<Features type_id="opencv-matrix">
  <rows>230</rows>
  <cols>64</cols>
  <dt>u</dt>
  <data>
    235 204 238 235 239 223 223 131 61 255 47 202 159 188 126 253 157
    251 124 191 188 215 127 121 115 119 157 118 253 247 254 179 133 217
    219 65 251 223 252 59 118 159 110 189 191 222 254 177 255 219 158
    191 223 229 251 254 123 221 252 61 247 217 90 254 173 255 111 249 62
    253 247 249 253 253 236 251 255 127 252 239 155 253 255 107 245 127
    254 255 125 255 23 183 127 223 127 255 223 111 255 251 214 249 253
    61 127 255 250 191 223 247 125 243 173 189 190 109 219 189 143 92 60
    246 119 239 251 223 45 190 109 255 111 253 255 255 247 249 253 221
    252 251 255 127 253 237 187 245 255 110 253 127 158 247 127 255 23
    183 255 223 127 191 222 111 255 251 214 121 253 61 127 255 254 191
    221 183 253 243 173 181 223 13 219 191 143 28 120 238 123 191 219
    207 47 250 248 255 255 221 54 127 249 243 255 221 127 223 223 249
    255 238 247 213 254 111 118 253 244 246 251 111 183 250 237 219 126
    187 254 119 117 254 222 127 250 253 254 95 251 55 253 182 241 236
    191 173 143 223 250 31 159 93 117 244 121 127 127 220 79 251 189 222
    239 253 63 253 255 121 189 255 253 219 223 121 252 207 187 253 127
    107 246 127 250 251 109 127 183 190 125 87 119 255 223 244 255 123
    215 249 249 119 122 255 251 63 247 55 247 123 157 253 24 5 252 189
    159 77 16 246 243 191 219 95 40 255 58 205 158 222 35 93 212 7 63
    212 63 141 31 254 125 254 189 214 164 43 22 124 244 35 121 135 131
    88 127 243 30 121 178 114 113 96 247 74 218 224 242 191 237 117 190
    150 117 238 211 169 255 157 190 13 183 76 17 242 106 127 83 124 11
    251 248 255 255 223 54 127 249 243 255 213 127 219 95 249 255 238
    247 215 126 111 118 221 244 182 251 127 183 250 237 219 126 187 250
    101 117 254 222 127 250 253 254 95 251 63 253 182 241 236 159 173
    143 223 250 31 157 93 125 244 113 127 127 220 79 251 61 206 109 201
    63 221 213 125 191 212 188 249 29 63 253 236 251 244 230 43 244 114
    252 55 125 245 5 51 125 219 95 127 253 100 119 154 214 115 251 188
    119 223 106 183 148 182 116 110 153 189 223 13 186 29 151 93 184 242
    106 172 219 223 46 251 205 203 239 245 124 243 249 250 184 189 212
    223 203 217 146 11 170 221 191 111 238 45 238 123 47 251 183 182 92
    71 50 255 215 243 125 121 118 253 255 55 217 124 251 127 251 9 121
    251 221 189 60 245 209 255 158 76 81 254 115 223 220 87 145 255 57
    142 182 205 42 253 241 119 189 252 94 205 223 125 123 172 253 249
    235 107 244 127 222 243 249 127 20 246 109 215 255 239 207 114 99 52
    215 202 248 40 125 61 255 167 253 183 247 107 189 200 137 79 246 29
    152 93 63 215 119 173 243 239 13 254 252 57 255 245 126 103 249 254
    218 189 247 255 255 240 211 250 255 223 127 111 255 173 231 159 143
    127 247 255 202 223 246 254 251 47 101 255 222 125 251 245 120 125
    243 126 235 45 219 111 189 174 75 215 248 63 156 73 85 255 115 255
    255 54 161 254 41 189 237 218 62 223 213 63 255 254 28 221 189 127
    188 205 155 247 224 43 244 119 211 247 121 231 132 54 127 217 93 235
    207 74 215 176 246 88 251 125 118 255 110 175 149 116 245 111 191
    172 153 13 246 29 158 93 62 246 126 191 251 223 110 250 41 173 237
    202 62 223 213 63 255 222 28 217 191 126 190 77 155 245 224 43 244
    119 210 247 121 99 4 54 125 217 93 107 207 78 215 178 214 88 251 61
    116 255 110 167 149 116 245 111 183 188 153 13 242 13 158 93 60 246
    122 191 219 223 110 250 205 109 237 184 88 63 103 251 173 110 232
    190 223 239 254 110 194 125 243 102 63 245 152 186 95 238 191 133
    249 142 58 201 210 6 215 235 0 254 117 254 54 238 124 45 87 30 101
    243 31 44 48 20 195 93 141 28 24 236 41 189 93 214 107 177 61 189
    255 252 51 255 241 127 253 244 222 253 255 126 252 254 251 189 243
    123 245 127 211 247 253 127 244 255 107 223 255 239 207 108 103 190
    223 250 249 125 124 221 247 167 245 115 247 111 191 174 169 203 242
    29 152 85 126 246 255 251 251 223 173 222 42 204 239 203 206 255 215
    57 253 253 222 207 255 124 127 236 223 245 251 178 244 119 219 255
    123 127 29 182 110 215 95 239 207 234 195 116 255 219 253 56 124 253
    110 175 85 247 119 227 191 220 137 12 247 29 216 93 63 246 255 189
    211 219 76 222 252 216 255 253 250 127 255 255 189 255 124 223 95
    252 255 238 251 221 253 107 252 221 238 59 127 239 191 247 221 195
    127 255 243 163 116 123 215 247 253 254 210 255 235 62 255 158 217
    243 221 173 94 181 253 255 157 207 208 252 107 255 223 86 19 253 122
    150 206 139 239 215 146 165 62 125 62 77 156 127 59 244 253 211 25
    178 221 113 223 120 122 73 40 62 255 81 221 103 247 228 81 48 119
    211 253 114 118 93 74 14 213 22 211 67 157 236 24 5 246 13 152 201
    26 247 179 181 218 91 34 252 57 157 255 222 54 255 213 55 255 220 94
    221 223 253 126 222 255 247 115 171 244 127 211 247 249 127 245 126
    124 215 222 233 223 108 81 188 222 120 249 125 116 221 255 47 213 52
    245 111 159 172 153 141 242 29 156 93 56 246 123 249 91 223 44 250
    108 141 239 221 98 255 255 247 189 223 198 159 223 252 191 206 153
    253 251 111 126 255 210 243 89 106 150 180 121 212 126 169 207 19 71
    235 211 123 221 124 248 63 252 47 245 127 247 111 157 172 152 13 243
    93 157 93 121 254 123 189 91 223 43 250 13 34 237 136 24 183 163 124
    208 254 208 149 73 49 153 66 202 220 67 99 240 33 206 243 77 168 164
    134 80 4 49 203 215 36 85 186 82 120 233 116 112 92 56 46 213 52 209
    111 153 172 24 5 240 29 156 73 16 242 51 189 88 87 32 250 231 238
    238 75 223 155 199 11 189 211 188 250 190 123 236 77 137 53 62 191
    151 87 27 101 119 247 25 55 63 27 10 19 158 239 207 219 74 93 255 62
    119 255 104 253 157 120 116 179 85 189 144 12 221 229 235 190 56 228
    246 61 155 217 190 91 109 38 237 168 90 255 167 125 189 254 194 181
    221 61 187 71 203 253 203 96 241 83 218 253 93 104 188 167 120 85
    121 207 221 0 215 186 87 250 173 124 124 92 122 175 85 241 247 107
    185 172 24 13 242 29 156 89 48 246 51 189 218 215 40 250 109 206 231
    253 255 191 239 121 189 125 202 123 223 125 249 77 130 253 255 106
    244 127 154 123 111 254 23 55 252 91 63 223 215 227 223 187 246 252
    253 55 125 125 122 63 221 133 253 243 156 189 24 13 243 189 159 9 16
    238 243 191 202 95 37 254 242 249 235 215 119 194 219 175 222 227
    245 250 191 202 150 94 187 213 60 127 143 47 231 119 47 219 243 63
    83 59 54 107 215 47 53 251 218 125 251 117 112 124 177 111 219 28
    245 111 153 174 26 199 240 29 156 75 80 242 115 255 120 87 160 251
    121 54 246 119 251 231 251 255 244 191 194 55 247 232 179 69 250 245
    251 98 253 47 219 255 78 122 182 174 210 69 115 238 223 39 87 191 83
    120 237 116 120 92 56 14 213 117 243 111 153 172 24 5 240 29 156 73
    16 242 51 189 88 87 32 250 46 38 229 168 30 143 7 77 181 124 86 53
    217 127 189 68 138 117 65 96 245 117 218 115 93 200 132 21 122 216
    61 207 215 36 87 186 82 122 169 124 116 93 92 47 85 148 229 75 153
    44 152 12 242 29 157 9 24 226 59 189 74 71 34 250 244 59 211 215 248
    194 251 255 210 249 163 113 231 195 146 91 254 215 61 103 207 45 231
    127 142 203 242 111 82 8 242 111 247 39 116 191 82 124 251 244 81 92
    184 111 233 28 217 111 153 172 24 5 240 28 156 73 16 242 51 191 88
    87 33 250 43 222 108 203 63 159 159 25 191 255 63 200 189 63 124 77
    153 245 120 185 244 119 210 125 117 247 173 55 126 219 93 235 215
    108 215 186 218 120 249 121 116 93 106 45 213 212 245 111 157 172
    152 13 242 29 223 93 56 246 51 189 219 223 44 250 121 222 255 239
    255 255 191 253 253 255 220 219 255 253 191 221 255 255 251 107 252
    87 219 253 223 127 253 254 127 87 255 239 223 229 87 61 215 249 253
    126 124 95 122 47 213 181 255 119 189 236 24 13 246 61 156 77 62 246
    183 189 218 215 40 254 242 153 235 215 119 211 219 142 214 231 149
    254 191 200 54 94 187 213 60 255 14 175 227 103 47 211 179 63 83 59
