<?xml version="1.0"?>
<opencv_storage>
<ImageFile>"522.jpg"</ImageFile>
<Features type_id="opencv-matrix">
  <rows>328</rows>
  <cols>64</cols>
  <dt>u</dt>
  <data>
    58 156 252 174 47 221 212 11 127 80 23 245 189 62 125 212 255 147 17
    240 213 119 211 119 241 220 240 31 122 251 223 234 151 44 71 182 251
    91 233 124 112 221 124 45 213 20 245 111 157 172 153 13 242 29 156
    73 24 242 59 189 91 31 40 218 41 222 109 235 255 189 183 217 189 255
    238 203 189 125 125 237 214 253 203 98 244 119 154 124 117 254 165
    182 254 211 127 255 255 104 215 48 247 122 249 121 254 95 122 63 213
    247 215 75 185 173 152 13 242 29 157 89 62 246 55 189 218 223 46 248
    185 222 220 207 238 157 215 49 127 125 62 203 191 127 124 221 255
    247 252 169 212 85 155 253 251 119 125 126 191 91 223 111 215 229
    219 85 247 219 254 123 119 223 106 55 157 182 252 113 181 213 153 45
    254 165 155 207 127 254 246 45 211 221 12 254 61 255 127 233 190 253
    229 121 253 93 238 251 239 127 252 205 251 253 255 107 245 126 152
    247 255 255 55 183 127 95 127 255 223 70 255 190 212 249 253 117 127
    223 250 183 125 163 125 231 172 181 173 124 250 189 143 93 60 252
    127 175 219 223 45 254 251 220 254 223 255 255 223 185 255 253 87
    223 191 255 126 223 255 247 126 187 252 127 251 127 251 255 255 126
    127 211 255 239 223 237 119 117 223 123 252 127 125 221 235 63 221
    125 253 127 189 206 153 13 252 189 158 207 121 246 247 191 251 223
    172 254 108 173 237 216 2 223 87 117 173 196 63 152 89 252 191 206
    155 84 123 111 30 123 246 167 93 99 132 60 97 156 28 137 198 47 99
    154 194 123 223 92 50 187 180 167 149 62 117 46 157 172 239 13 115
    29 149 30 56 230 105 253 89 95 43 250 190 253 255 254 55 63 221 75
    255 254 189 248 127 255 252 255 242 213 54 107 215 126 240 119 253
    206 227 31 127 123 124 107 215 100 84 190 210 126 251 245 210 223
    249 111 210 22 245 111 153 173 24 5 248 29 159 77 24 242 115 191 89
    95 34 251 59 221 252 222 55 159 93 11 175 199 61 234 191 251 124 95
    245 247 36 251 150 126 209 119 245 215 247 127 127 251 220 97 151
    124 214 158 202 120 250 127 118 223 253 237 181 84 245 111 213 174
    144 79 250 21 255 93 57 247 114 191 123 253 173 251 173 254 111 233
    255 191 167 249 189 255 250 251 223 61 249 237 195 253 255 105 244
    86 152 252 127 252 61 183 252 87 123 255 255 98 222 251 87 255 189
    190 255 87 122 63 85 167 86 209 188 61 28 12 251 189 143 93 56 244
    167 156 223 223 44 188 173 238 111 233 254 191 167 248 189 255 234
    251 223 61 253 237 193 253 255 104 245 86 152 248 111 252 29 183 252
    87 123 223 255 96 223 171 87 123 189 188 254 87 122 63 85 231 86 209
    188 189 28 4 251 189 143 93 48 244 51 156 218 223 40 184 13 238 254
    249 56 191 254 83 57 250 198 168 212 52 233 79 137 185 251 107 183
    117 90 251 245 126 147 247 108 103 189 243 223 210 223 42 177 250
    249 59 124 61 254 101 247 229 119 107 191 251 40 127 243 93 251 92
    23 207 255 231 251 251 233 214 76 174 255 121 48 255 254 83 57 250
    198 188 212 52 233 203 139 185 251 107 183 117 90 251 245 126 210
    247 108 71 189 226 223 210 255 171 177 250 253 55 124 61 250 101 119
    229 119 107 191 254 40 127 243 125 250 92 22 207 223 231 251 251 237
    214 47 188 253 250 63 223 209 15 255 252 134 253 191 126 190 221 251
    247 33 51 245 119 219 127 117 211 240 63 123 217 93 111 151 164 87
    186 242 122 233 126 240 93 110 45 213 84 245 111 153 172 152 13 242
    29 157 73 48 242 179 189 219 223 40 250 173 190 247 225 252 181 163
    248 252 253 198 123 207 123 209 69 226 253 239 107 245 101 202 253
    109 254 29 183 124 79 115 255 215 102 221 186 84 249 253 53 125 93
    122 183 209 160 249 99 184 189 157 41 240 189 158 77 52 246 51 143
    218 223 36 254 44 36 237 184 10 205 37 101 165 102 91 148 89 172 191
    230 155 24 67 96 188 242 218 190 93 173 148 152 97 211 63 203 193 4
    71 170 131 234 225 126 60 93 116 175 84 52 231 107 155 172 152 9 242
    29 20 25 24 226 123 185 219 214 104 246 61 186 247 225 188 245 163
    248 252 253 214 127 205 59 217 68 250 245 235 107 245 101 202 253
    109 253 29 183 126 91 115 255 215 102 93 186 86 249 253 60 125 85
    122 183 85 160 125 227 153 189 157 9 240 157 158 77 32 246 51 141
    218 95 36 254 51 149 200 150 55 134 219 11 214 199 21 242 191 74 32
    87 250 215 52 243 134 39 195 103 45 211 241 47 82 59 85 105 215 44
    20 154 82 121 235 85 112 216 57 47 145 20 245 111 153 172 24 5 248
    25 156 73 16 242 50 189 88 23 32 250 124 141 238 252 38 253 125 119
    189 239 221 136 223 236 62 206 157 249 98 235 190 127 210 251 93 127
    183 254 105 245 127 235 199 56 71 46 218 108 248 123 120 189 253 239
    247 53 247 111 155 170 152 79 242 29 156 92 25 243 115 255 251 243
    169 254 50 243 24 22 55 146 26 8 198 3 177 242 173 83 4 19 116 131
    102 215 3 38 193 87 132 18 245 125 82 190 228 160 222 60 198 190 202
    56 232 117 120 90 49 173 209 113 181 111 155 174 24 3 240 29 220 81
    16 243 51 189 56 83 96 91 128 26 135 199 252 176 174 241 248 187 66
    67 131 83 211 1 98 205 237 42 196 45 10 253 74 94 183 166 220 3 35
    222 95 160 93 48 117 184 233 102 125 84 42 63 197 164 217 123 184
    237 24 1 244 29 156 73 6 242 151 157 88 87 32 254 128 154 151 199
    252 177 174 241 248 185 66 75 131 83 210 1 98 207 237 43 196 45 10
    221 11 94 55 166 220 67 35 222 95 160 94 48 117 184 233 102 125 92
    98 63 197 100 221 123 184 237 24 1 244 29 156 73 22 242 151 189 88
    87 32 254 159 253 239 117 63 177 249 250 188 191 245 251 239 91 134
    77 170 253 191 123 231 111 238 127 47 251 179 183 95 107 119 255 215
    242 188 251 247 253 251 183 121 110 251 127 251 17 217 123 185 190
    26 199 248 189 156 76 16 246 247 223 249 127 165 255 63 253 125 207
    54 253 213 121 255 213 253 251 253 63 252 252 255 247 103 251 245
    118 211 119 253 255 245 123 127 223 223 235 215 108 87 190 222 121
    249 124 118 223 125 175 213 182 245 111 159 173 153 13 250 29 158 93
    56 246 123 189 219 223 44 250 221 186 211 247 249 224 251 216 248
    185 194 127 231 75 131 113 226 221 189 99 239 45 174 120 46 218 115
    175 222 11 99 127 119 167 124 251 53 253 253 247 209 68 202 94 233 9
    217 51 137 252 24 53 244 182 156 105 80 254 183 175 220 23 177 188
    46 166 109 234 63 157 157 9 191 94 7 252 189 127 253 85 152 244 0 58
    213 118 210 123 117 150 161 63 62 251 93 107 151 228 223 154 242 122
    251 61 100 93 104 109 212 212 245 111 153 172 24 13 242 21 223 93 16
    242 114 189 91 223 40 250 127 185 255 254 55 247 89 126 215 254 213
    240 127 218 182 94 251 246 114 127 183 127 231 55 189 235 246 159
    123 253 244 235 207 46 167 254 222 125 251 125 120 203 247 111 187
    49 181 110 255 190 191 207 240 61 252 85 248 183 127 219 251 189 175
    255 194 154 130 215 239 150 139 137 174 253 51 75 143 91 114 53 100
    215 60 35 204 47 170 120 74 222 191 47 150 43 19 127 151 165 84 51
    115 89 238 230 65 92 40 95 201 12 249 51 153 140 24 5 244 167 156
    235 16 114 50 61 88 85 48 250 252 184 255 253 254 247 251 255 221
    191 213 255 255 210 187 218 250 221 123 251 255 125 207 223 175 123
    247 255 79 255 247 254 223 239 189 255 223 253 249 119 248 93 243
    126 251 189 155 127 191 254 31 199 240 189 156 93 86 255 255 223 255
    191 233 255 60 190 253 222 62 191 91 119 255 244 215 181 253 126 189
    86 246 179 66 250 245 119 211 247 217 106 228 222 108 221 221 234
    207 124 199 190 222 122 249 125 252 221 255 167 245 247 231 111 191
    238 137 79 242 29 219 93 62 247 255 253 251 251 238 223 110 4 200
    154 19 143 7 15 37 230 21 176 25 174 190 78 203 85 49 101 137 85 218
    35 93 193 136 15 83 153 25 73 149 36 55 187 2 120 37 86 48 211 108
    41 23 28 101 235 21 172 24 4 51 25 180 30 24 226 43 249 89 86 56 250
    110 12 232 154 19 15 23 15 39 230 61 144 27 174 190 78 139 85 48 101
    130 87 208 35 93 193 136 13 115 152 28 105 135 36 54 186 66 88 165
    126 50 219 116 41 151 28 101 239 151 172 152 12 115 29 181 30 24 242
