<?xml version="1.0"?>
<opencv_storage>
<ImageFile>"523.jpg"</ImageFile>
<Features type_id="opencv-matrix">
  <rows>87</rows>
  <cols>64</cols>
  <dt>u</dt>
  <data>
    72 134 36 216 32 247 166 119 49 254 106 129 80 53 121 130 141 200
    225 106 244 113 84 179 89 109 133 244 105 196 57 211 255 16 81 32 81
    232 232 104 116 61 56 39 119 182 87 107 153 232 44 5 242 29 153 76
    23 227 19 181 83 83 105 242 8 71 60 216 32 119 174 119 49 254 106
    129 80 53 121 134 141 248 225 107 180 112 84 178 89 125 149 240 105
    198 61 211 211 16 115 40 209 104 248 104 116 61 56 167 118 180 87
    111 153 168 60 13 242 29 157 76 23 227 27 181 91 83 105 242 120 189
    255 222 54 127 217 247 247 220 222 213 127 188 191 254 255 215 123
    111 117 95 229 183 255 235 252 29 123 223 254 235 247 37 117 254 214
    126 249 124 114 93 255 46 223 54 245 238 157 172 159 141 242 29 156
    77 80 246 59 253 91 95 34 250 60 191 255 253 58 127 249 247 253 252
    222 181 95 252 251 238 251 252 235 107 245 127 212 191 221 111 182
    147 125 223 127 255 239 106 103 190 214 122 249 125 252 125 251 62
    247 167 243 111 191 172 159 79 242 29 157 93 52 242 123 255 251 223
    41 254 44 174 239 249 58 119 241 255 253 252 222 181 95 191 251 238
    139 220 227 107 245 85 222 255 125 171 132 151 109 221 63 255 247 66
    119 186 214 250 249 124 252 125 250 38 214 167 83 235 187 172 191
    141 242 29 157 92 20 226 123 253 91 95 42 254 252 45 255 156 2 71 93
    239 247 230 61 146 95 238 183 78 187 117 114 39 30 255 244 167 219
    231 182 92 41 216 94 41 226 53 38 255 146 124 211 252 114 203 181
    175 191 60 197 110 149 172 186 159 178 26 28 95 56 246 121 121 127
    212 43 250 63 53 253 180 63 231 185 126 246 124 212 117 127 121 178
    85 254 253 99 114 240 39 210 119 206 186 244 207 82 28 113 235 223
    44 87 190 82 120 233 124 120 92 56 15 209 53 245 111 153 172 24 5
    240 29 156 73 16 242 51 189 88 87 32 250 122 29 255 244 127 111 121
    127 245 124 214 53 127 252 186 126 254 213 99 98 244 175 210 55 222
    234 228 159 90 212 126 235 215 44 85 190 82 122 233 124 88 93 28 46
    213 21 229 111 153 172 24 5 240 29 156 73 16 242 51 189 88 86 34 250
    124 189 255 252 118 127 125 127 215 220 221 181 127 254 191 222 251
    213 123 111 119 127 193 183 255 234 230 157 123 220 124 233 214 47
    53 255 214 126 213 125 122 223 191 47 255 191 229 238 159 172 159
    221 240 61 159 77 120 254 123 251 123 79 35 251 248 249 255 246 118
    127 125 251 253 253 253 251 255 252 246 254 251 213 127 111 126 191
    224 55 79 255 183 191 123 218 118 235 211 36 86 186 82 120 249 244
    122 95 56 47 221 21 245 111 153 172 24 5 240 29 156 73 16 242 51 189
    88 87 32 250 252 253 255 173 246 127 63 255 237 199 253 190 255 190
    255 254 251 213 123 109 57 213 246 181 223 253 253 189 243 158 126
    185 248 37 247 223 202 119 141 93 62 219 61 63 223 191 236 180 159
    172 215 191 122 191 148 93 216 252 41 252 93 222 106 242 187 213 108
    247 191 189 221 9 255 255 61 250 191 122 116 85 180 247 4 187 246
    126 211 126 245 182 227 123 126 123 221 111 135 252 222 22 251 89
    250 251 82 223 239 105 178 84 245 63 147 255 152 15 254 133 255 125
    57 179 246 191 251 255 174 255 115 215 124 222 55 159 95 25 239 71
    61 202 189 123 116 95 244 247 60 191 30 126 209 103 217 247 231 125
    54 58 220 41 146 126 210 158 202 89 210 89 54 219 173 237 181 92 245
    46 149 175 144 79 58 25 191 95 57 119 112 63 121 253 173 251 29 33
    249 52 16 35 56 114 80 2 197 54 80 130 130 66 104 8 35 69 65 36 64
    211 140 24 244 201 64 12 180 32 222 20 5 174 26 120 193 84 120 8 61
    7 241 53 163 110 153 174 8 7 240 28 24 73 20 243 51 185 56 19 96 234
    30 5 252 188 34 159 62 39 49 70 85 132 28 52 61 86 156 155 64 228
    241 113 82 243 216 32 132 220 104 244 221 225 151 16 67 160 203 72
    128 105 60 159 61 37 245 148 231 111 155 174 137 15 242 29 218 89 58
    243 59 181 122 211 106 234 61 53 117 188 23 109 101 127 181 92 252
    177 125 127 180 103 251 252 195 99 117 42 240 55 92 171 164 1 123
    220 120 233 222 38 119 186 86 120 193 252 122 223 62 47 212 53 229
    110 153 164 217 12 240 28 156 73 56 242 51 189 90 86 38 251 226 218
    14 135 239 157 155 145 190 255 19 78 159 88 120 5 228 213 45 227 204
    39 130 120 75 222 189 46 214 18 51 59 215 44 95 187 82 121 232 116
    112 92 56 47 213 20 252 61 153 172 24 5 240 29 156 73 16 242 51 189
    88 87 32 250 146 202 24 10 42 24 132 3 99 16 47 194 30 51 108 152
    101 138 37 240 64 4 1 209 227 21 121 200 165 2 152 96 148 48 80 0 75
    66 168 224 242 30 56 13 212 22 246 76 153 201 0 7 244 13 27 201 23
    211 18 180 80 83 66 233 4 35 245 180 16 34 32 87 48 88 230 113 66 83
    144 65 232 204 7 103 65 32 96 211 76 139 160 201 80 12 48 225 214 32
    86 186 82 120 193 244 80 28 56 15 192 20 247 78 153 172 24 1 240 28
    156 73 16 242 51 189 88 87 32 250 60 135 109 220 63 119 255 127 181
    252 223 149 93 125 187 230 185 220 67 107 244 123 244 58 125 235 166
    22 125 209 125 239 247 100 117 186 214 122 249 125 118 125 255 46
    214 166 197 111 157 172 94 13 242 29 157 77 152 246 123 255 219 79
    42 254 29 33 249 52 16 35 56 98 80 2 197 54 80 130 130 66 106 9 35
    68 97 132 64 211 142 24 244 201 64 12 180 32 222 20 5 174 26 56 193
    92 120 8 61 3 241 117 167 110 155 174 8 7 240 28 28 65 20 243 51 185
    56 19 96 234 146 202 28 138 234 27 148 3 43 80 47 74 158 53 108 152
    101 203 44 164 68 4 1 209 235 85 185 232 165 2 154 48 212 48 81 0 91
    66 168 96 242 30 56 63 213 150 246 76 145 201 8 7 244 13 155 201 23
    211 18 180 80 83 64 232 12 33 245 180 16 99 32 119 48 16 228 113 64
    83 180 99 234 204 195 103 69 40 96 147 12 11 164 201 64 12 48 224
    214 34 86 186 82 120 65 244 80 28 56 7 192 20 247 110 153 164 24 5
    240 28 156 73 16 242 51 189 88 86 32 250 171 223 230 255 255 185 205
    155 253 89 186 235 191 251 110 205 226 245 63 243 237 15 187 127 103
    223 51 47 223 95 50 55 223 111 94 251 82 125 253 244 243 94 58 63
    217 87 253 247 137 173 24 5 248 31 141 73 16 240 51 189 92 95 32 187
    26 5 12 146 2 135 0 35 4 70 85 20 25 104 17 6 230 212 1 96 192 36
    192 115 72 136 164 12 82 0 49 105 215 36 85 186 83 120 1 84 112 80
    24 15 208 20 225 79 153 172 24 5 240 29 156 73 16 242 51 189 88 87
    32 250 189 181 255 118 60 37 121 126 214 188 244 241 111 219 148 95
    246 246 231 107 245 46 225 255 142 170 230 219 90 93 240 239 223 46
    52 190 87 60 113 245 88 78 187 143 218 49 211 207 185 172 25 129 240
    28 156 65 52 178 115 223 250 87 37 255 67 15 130 244 232 182 239 67
    36 94 3 66 131 105 176 21 226 213 45 102 198 45 128 115 78 222 167
    47 86 2 48 75 87 39 93 187 80 124 251 84 96 124 152 79 197 12 245 79
    153 172 24 5 240 29 156 73 17 242 51 191 88 87 33 250 35 134 196 66
    205 146 129 26 116 28 2 67 170 123 32 5 66 247 1 176 192 39 155 119
    66 186 0 6 62 24 1 71 215 110 82 176 115 24 41 36 213 84 26 143 193
    64 241 75 24 44 24 0 244 12 158 9 16 242 51 157 72 87 36 251 252 62
    255 253 254 255 255 253 253 255 254 191 255 253 251 238 251 253 251
    111 253 223 254 189 95 235 190 191 127 221 127 255 247 103 119 255
    214 255 253 124 254 93 250 62 223 175 219 247 157 173 30 141 242 189
    159 93 216 254 115 159 223 86 40 254 114 0 5 130 206 133 11 49 198
    110 17 6 153 40 49 4 246 215 65 224 216 35 195 100 24 136 172 12 82
    152 49 107 87 44 85 186 90 120 1 84 80 64 16 14 209 20 193 79 153
    172 24 5 240 29 156 73 16 242 51 189 88 87 32 250 60 181 109 140 54
    93 21 127 247 212 213 180 125 60 191 70 251 212 67 112 208 114 208
    246 93 169 164 24 120 220 93 233 223 44 87 186 218 120 201 124 112
    93 61 47 212 52 245 110 155 172 153 13 242 29 156 89 56 242 51 189
    90 87 40 250 16 17 156 150 35 19 16 11 102 64 7 64 53 112 32 17 118
    151 0 36 192 37 193 99 128 130 224 76 18 136 208 105 223 36 82 190
    82 88 192 112 112 92 24 15 209 20 245 79 153 172 24 5 240 25 156 73
    16 114 51 189 88 87 32 250 79 230 72 171 223 188 38 5 57 126 106 185
