<?xml version="1.0"?>
<opencv_storage>
<ImageFile>"524.jpg"</ImageFile>
<Features type_id="opencv-matrix">
  <rows>51</rows>
  <cols>64</cols>
  <dt>u</dt>
  <data>
    62 49 253 150 50 7 81 111 230 68 87 52 61 250 176 86 250 212 65 102
    23 62 192 55 28 138 164 9 114 152 116 233 214 36 85 186 66 120 193
    84 48 89 60 15 212 20 229 110 153 172 25 5 114 29 156 73 16 242 51
    189 89 22 32 250 62 53 253 150 23 7 81 111 230 68 85 48 61 250 176
    86 250 214 65 102 19 58 193 55 28 138 164 9 114 152 116 233 214 36
    21 186 66 120 193 84 48 89 60 15 212 20 229 78 153 172 25 5 114 28
    156 73 16 242 51 189 89 22 32 250 12 34 97 161 144 36 163 248 196 94
    194 53 65 11 145 97 226 92 3 96 97 0 132 112 12 136 40 129 210 10 49
    153 112 36 85 186 80 114 9 84 216 68 24 14 64 5 192 68 24 44 24 5
    240 28 140 73 16 240 35 188 72 86 32 240 60 55 125 252 54 61 61 127
    245 222 210 181 125 127 249 198 242 220 67 106 117 114 212 183 221
    168 166 153 126 220 124 233 114 100 87 190 214 122 209 124 252 95 59
    62 214 167 193 110 153 173 28 5 242 29 159 77 16 242 51 157 91 86 42
    243 51 53 117 130 23 5 1 126 230 68 144 52 61 42 177 85 250 244 3 96
    208 34 192 103 12 184 160 9 18 24 81 105 215 36 21 186 82 120 1 84
    80 64 28 14 192 20 225 79 153 44 24 5 240 24 156 73 16 242 51 157 88
    87 32 250 62 49 253 214 54 37 89 123 214 220 213 113 125 122 176 86
    246 214 66 115 117 46 193 119 140 170 228 89 82 188 244 233 214 44
    20 190 218 120 193 117 88 92 57 47 208 52 245 110 153 172 24 5 240
    29 156 73 16 242 51 189 120 87 32 250 59 53 125 158 55 15 93 127 247
    68 253 177 61 58 180 86 242 214 67 101 81 50 209 55 60 168 224 25
    123 88 124 105 214 36 20 190 210 120 129 244 82 223 28 15 208 20 229
    78 153 164 26 13 248 28 157 73 24 242 59 188 89 22 34 249 50 17 208
    150 23 6 68 2 70 68 21 112 60 74 20 84 116 210 0 246 67 44 193 99
    140 130 224 73 18 184 208 105 150 46 20 190 74 88 67 84 64 201 148
    75 192 20 229 78 145 164 25 4 112 24 156 73 16 114 51 185 88 87 32
    234 35 53 64 130 23 4 5 10 230 68 17 112 45 11 160 85 98 246 4 48 65
    34 145 103 68 144 161 9 18 24 80 105 214 36 84 186 66 120 1 84 96 64
    24 11 192 20 244 78 145 164 24 4 112 24 156 73 16 114 51 189 88 87
    32 250 64 8 142 29 238 215 218 183 30 191 21 140 154 176 19 138 13
    81 122 175 156 151 238 137 27 115 156 102 1 159 23 102 223 57 33 41
    94 173 238 106 112 28 97 47 159 124 189 187 183 200 26 135 181 121
    156 202 83 127 58 125 241 81 16 254 60 53 125 222 54 63 89 127 247
    220 215 181 125 62 189 214 242 212 67 110 117 114 193 55 61 168 164
    25 126 216 124 233 246 36 21 190 214 122 209 116 242 223 29 46 212
    134 193 110 153 172 31 13 250 29 159 77 16 242 59 157 91 14 34 251
    251 213 124 143 255 143 95 57 190 69 61 91 191 123 54 93 245 247 60
    116 88 111 178 116 122 255 249 126 251 90 254 41 214 109 20 255 210
    113 253 253 83 223 28 15 209 28 253 31 157 164 24 5 248 62 156 203
    24 246 51 189 88 87 34 249 60 59 127 220 50 127 61 127 215 220 254
    181 125 254 249 230 243 212 67 102 117 32 196 183 93 175 164 9 83
    206 116 185 242 36 85 186 82 122 193 116 242 93 56 46 212 54 193 110
    153 172 24 5 240 29 157 73 16 242 51 189 88 86 34 250 61 254 253 253
    191 253 253 121 253 255 254 249 253 127 252 221 251 253 235 123 245
    126 219 255 253 255 247 247 127 119 255 239 207 248 223 62 255 251
    249 127 125 221 255 239 247 247 247 123 190 255 156 79 254 189 223
    93 62 183 255 255 251 255 237 254 60 49 245 148 18 101 33 127 196
    196 213 52 125 234 179 70 250 212 67 98 113 34 192 183 92 168 180
    137 82 140 112 233 214 36 85 190 82 120 193 124 120 88 56 14 208 52
    225 110 153 172 24 5 240 28 156 73 16 242 51 189 88 87 32 250 252
    191 255 253 62 127 249 255 253 252 254 253 127 255 251 254 251 252
    251 107 247 127 247 191 255 111 246 223 125 223 255 255 255 110 231
    254 222 254 249 125 254 93 251 190 255 167 247 111 191 174 175 223
    242 61 157 93 118 246 255 255 251 255 239 254 56 140 237 158 42 221
    245 119 245 252 92 213 125 60 63 206 255 144 227 171 244 115 223 255
    249 43 164 150 107 213 253 239 223 44 97 52 223 120 248 120 120 93
    127 47 214 52 119 111 187 232 153 13 240 29 156 93 62 242 63 253 219
    95 42 254 2 19 144 182 40 130 24 3 18 56 0 65 0 66 36 17 100 202 1
    192 192 36 65 83 72 138 160 78 82 0 177 96 215 36 84 178 83 120 225
    116 112 92 56 15 208 20 247 79 153 172 24 5 240 29 156 73 16 242 51
    189 88 87 32 250 43 54 100 54 63 177 41 58 244 58 210 115 233 91 0
    69 128 237 67 208 241 102 209 255 4 58 192 151 122 84 97 194 95 44
    214 182 255 56 161 117 220 76 26 143 208 97 131 75 56 174 24 1 240
    29 220 81 54 179 183 149 170 215 44 90 51 245 89 158 19 79 21 79 198
    68 29 180 53 126 180 118 227 212 1 101 69 34 193 103 76 138 160 9 83
    8 16 41 214 36 85 186 82 120 201 116 114 94 56 47 212 20 229 110 153
    172 24 5 240 29 156 73 16 242 51 189 88 87 34 251 45 182 109 163 255
    245 163 248 252 255 210 127 237 31 233 101 202 253 203 120 249 67
    159 124 101 252 121 167 254 95 99 255 221 236 223 186 119 251 173 53
    253 84 90 158 85 225 250 113 184 125 28 37 240 189 206 73 54 246 183
    140 218 223 44 254 45 54 101 162 31 189 161 121 244 92 210 53 109 63
    185 69 242 244 67 96 241 98 153 116 92 168 36 9 122 28 121 233 221
    44 87 190 82 114 9 124 124 84 26 142 84 225 228 77 152 44 24 4 240
    29 156 73 16 242 51 188 90 87 32 248 221 28 214 247 121 98 121 254
    20 253 199 247 166 219 130 127 234 213 185 111 205 141 231 59 15 202
    184 47 82 9 50 111 247 37 52 187 82 124 225 245 208 92 57 14 233 28
    201 239 153 172 88 149 240 30 156 73 16 250 51 189 88 22 32 251 61
    51 117 48 54 53 41 126 244 30 208 53 109 11 145 71 242 252 195 96
    113 98 208 247 140 168 228 153 90 92 112 233 78 44 215 190 214 56 1
    117 124 68 19 142 192 97 131 78 186 188 152 1 224 28 156 81 44 178
    51 159 122 214 44 242 194 65 16 22 65 2 70 2 2 0 37 2 18 192 4 26
    102 3 52 196 2 173 1 3 2 94 153 76 130 136 128 0 146 39 32 154 0 0 6
    196 1 162 148 67 137 28 165 142 65 164 193 80 41 90 0 131 89 57 49
    17 8 100 145 201 122 53 245 150 18 7 81 111 230 68 21 48 127 234 178
    86 250 213 99 103 86 173 193 55 92 138 166 13 82 152 112 41 214 38
    85 186 82 120 193 84 112 88 56 47 213 20 229 110 153 172 24 5 240 29
    156 73 16 242 51 189 88 86 32 250 35 143 237 220 62 159 223 87 55
    254 7 192 221 125 61 77 137 117 224 42 214 125 218 107 125 242 134
    22 60 121 29 79 215 210 219 40 242 248 250 59 116 255 239 237 183
    148 245 107 147 184 152 79 182 25 159 30 57 70 122 191 211 253 109
    246 60 49 253 212 50 39 113 127 246 212 215 53 125 254 185 70 250
    212 67 103 119 44 192 183 93 170 166 13 82 216 116 169 214 38 85 186
    82 120 209 124 112 93 188 46 212 52 225 110 153 172 24 5 240 29 156
    73 16 242 51 189 88 86 32 250 16 1 137 150 0 135 152 35 18 140 20 5
    17 64 17 2 44 67 224 3 192 37 192 195 24 18 180 68 0 128 17 104 199
    48 1 32 31 72 106 104 112 12 53 43 245 52 181 111 27 168 25 3 240 24
    28 65 23 242 51 185 80 87 0 234 60 53 245 144 18 37 33 127 230 68
    208 48 125 42 179 70 250 212 67 96 241 38 192 119 92 168 180 9 82
    152 113 233 215 36 21 186 82 120 1 92 112 64 24 15 192 20 193 79 153
    172 24 5 240 28 156 73 16 242 51 189 88 87 32 250 248 57 247 245 118
    103 123 255 220 253 213 251 255 232 146 94 255 221 127 111 126 175
    231 183 143 251 246 191 210 245 246 175 215 47 52 255 222 125 241
    245 88 92 177 127 235 61 251 111 159 172 25 199 240 62 156 73 64 246
    115 251 125 87 33 254 60 41 255 212 50 7 113 127 213 212 215 181 127
    250 185 78 250 212 99 103 119 45 192 183 95 170 166 29 114 216 116
    169 214 38 85 186 82 120 209 124 112 93 189 46 212 52 225 110 153
    172 153 5 240 29 156 73 16 242 115 189 88 87 33 250 75 4 174 169 234
    183 190 69 61 255 64 141 152 173 59 15 140 121 57 225 248 85 218 121
    93 72 184 102 88 85 49 71 215 177 81 41 83 237 172 98 112 76 120 46
