<?xml version="1.0"?>
<opencv_storage>
<ImageFile>"525.jpg"</ImageFile>
<Features type_id="opencv-matrix">
  <rows>86</rows>
  <cols>64</cols>
  <dt>u</dt>
  <data>
    250 221 255 254 54 255 125 127 253 255 127 222 255 252 254 254 243
    213 119 107 252 119 242 119 125 239 165 63 123 219 127 235 215 36 87
    250 210 123 249 252 242 223 124 47 213 22 245 111 157 172 26 5 248
    29 157 77 24 242 59 189 91 95 42 250 248 153 175 85 118 183 250 119
    220 191 213 217 251 208 22 78 254 213 123 111 222 47 227 255 15 123
    182 174 82 149 48 238 223 47 100 191 82 61 251 116 120 124 177 47
    219 52 177 111 153 172 24 69 240 29 156 73 17 242 115 191 120 119 33
    251 173 254 109 169 190 253 165 249 189 93 238 251 205 63 253 237
    203 252 239 104 245 82 60 252 125 253 29 179 253 87 123 223 221 96
    223 250 247 243 185 60 255 95 122 183 84 243 126 225 168 189 30 44
    218 157 143 13 62 196 47 172 218 223 46 251 173 254 111 233 191 253
    245 249 189 255 236 251 223 63 255 237 203 252 255 105 245 86 190
    120 117 253 25 179 253 87 127 255 253 224 223 250 247 251 253 189
    255 223 122 191 215 243 126 241 189 189 30 45 217 189 143 92 62 212
    239 172 223 223 46 191 54 189 253 158 23 79 85 15 247 68 61 180 61
    126 188 254 251 246 0 33 151 114 241 39 125 135 164 29 59 249 93 105
    151 36 87 186 194 122 219 124 114 223 108 43 148 22 245 110 145 172
    154 13 178 25 149 77 56 114 122 189 91 93 42 250 95 48 200 55 63 161
    250 4 20 187 213 117 188 74 163 82 234 217 3 243 237 47 195 127 76
    202 226 47 82 45 181 230 215 172 21 186 83 120 233 118 120 76 120 46
    209 21 243 111 153 172 24 5 240 29 156 73 16 242 51 189 88 87 32 250
    63 55 245 244 255 175 47 91 244 124 194 117 253 125 176 85 242 253
    67 98 245 45 210 127 70 234 226 159 122 92 125 239 215 38 86 186 82
    120 249 117 92 92 90 15 193 5 247 79 152 164 24 5 242 29 156 73 16
    242 51 191 90 87 32 250 171 222 238 239 55 253 221 153 253 223 252
    235 191 56 126 223 253 247 127 251 244 119 243 124 113 255 245 50
    127 243 247 243 207 108 223 244 255 121 248 121 126 95 126 189 215
    117 247 127 189 190 152 13 242 157 220 93 58 247 119 189 251 219 40
    250 251 222 238 239 255 189 223 25 255 255 189 251 191 123 126 93
    247 247 124 251 253 119 219 125 119 255 249 63 126 123 247 239 223
    236 215 182 243 121 249 127 124 223 107 175 213 81 245 111 189 190
    152 13 244 189 222 93 56 246 247 189 250 223 44 254 251 254 127 237
    255 189 191 249 253 127 254 255 255 125 126 253 245 253 127 120 252
    87 154 124 239 254 253 255 255 87 255 255 215 237 223 255 254 123
    253 247 255 223 122 63 213 151 254 117 157 189 24 5 250 189 159 77
    24 246 51 189 222 95 42 253 61 190 253 220 58 255 255 119 127 252
    214 221 221 125 188 92 255 255 227 43 245 125 218 251 253 127 245
    254 108 215 245 239 215 112 87 60 254 248 248 125 124 157 255 39 245
    180 247 111 187 236 137 15 242 29 158 93 62 247 123 189 219 223 44
    254 61 189 253 252 54 253 245 127 181 220 214 213 93 125 188 76 251
    252 227 107 244 126 208 115 125 191 133 87 124 223 125 235 215 96 87
    186 246 120 249 124 125 157 127 39 212 20 245 111 185 172 153 13 240
    29 156 77 56 242 115 189 91 95 44 250 61 246 125 232 54 125 181 125
    245 254 222 181 125 63 253 231 251 244 195 106 245 114 220 62 125
    189 37 153 127 219 125 251 213 68 223 186 214 122 249 124 254 95 126
    47 86 183 116 110 155 173 158 13 250 29 159 93 184 242 107 189 219
    223 42 243 97 206 230 139 207 223 135 156 173 117 10 15 169 63 127
    173 203 117 185 44 216 83 158 108 91 245 24 36 191 90 27 15 149 231
    219 17 80 211 45 42 37 85 74 183 29 138 124 177 20 29 92 60 151 227
    135 174 120 108 40 44 194 205 30 242 57 190 253 220 42 255 255 115
    127 124 214 221 221 125 252 92 255 251 227 43 244 125 219 251 253
    126 245 254 108 215 245 239 215 112 83 60 254 248 248 124 125 157
    255 39 245 180 247 111 187 236 137 15 242 29 154 93 62 247 123 189
    219 223 40 254 56 85 124 184 38 61 53 51 245 84 126 5 93 124 124 118
    245 186 195 240 240 114 17 247 216 44 228 216 104 212 253 225 202 56
    195 164 223 74 128 104 126 159 30 167 212 247 230 78 187 172 137 14
    242 29 219 89 62 243 127 188 123 210 110 200 124 53 253 254 62 191
    123 125 183 244 85 181 157 126 189 86 250 215 65 99 244 125 194 115
    89 234 160 31 122 217 117 235 215 36 85 186 211 120 249 124 112 93
    125 47 213 20 229 111 153 172 25 13 242 29 156 73 24 242 51 189 88
    87 32 250 249 220 125 191 255 255 63 249 255 125 254 31 253 253 255
    253 251 245 127 102 252 167 155 60 94 255 189 47 219 91 123 255 211
    37 87 187 82 115 237 116 114 92 24 47 213 30 245 109 157 172 24 5
    240 29 156 73 16 246 51 189 88 87 34 248 12 165 124 248 0 29 116 71
    33 68 165 176 80 114 188 70 130 56 131 97 183 120 80 243 93 10 132
    217 96 236 157 193 150 18 66 170 128 88 211 124 182 187 188 97 244
    84 231 78 17 164 169 78 98 29 27 28 57 227 115 165 89 242 235 203 41
    247 229 170 22 191 37 127 245 92 104 145 125 63 188 111 227 244 99
    100 112 70 208 117 93 173 173 29 123 88 120 169 212 36 87 186 82 120
    137 124 126 94 58 47 212 54 244 108 153 172 24 4 240 29 159 77 24
    242 51 188 90 87 34 251 61 182 125 200 191 189 191 121 180 126 236
    112 221 125 188 69 242 245 67 96 244 114 144 119 76 170 164 31 126
    92 125 235 215 100 214 190 82 120 233 117 124 94 26 15 212 116 245
    79 153 172 24 5 240 29 159 73 16 242 51 189 90 215 40 248 60 51 241
    36 20 160 169 125 198 0 211 116 229 3 145 80 250 196 67 64 241 39
    195 215 140 168 228 141 66 140 225 232 79 44 135 190 28 56 73 85 72
    64 17 142 224 97 161 111 186 174 137 3 240 28 28 81 4 178 19 153 56
    23 100 122 187 253 125 254 55 47 93 91 247 76 253 241 127 234 244
    255 243 246 102 115 247 62 177 55 254 175 231 27 123 249 252 237 226
    108 54 254 202 116 241 253 91 223 125 111 216 86 245 78 137 167 82
    13 106 28 159 77 184 178 115 191 123 94 42 185 250 223 222 214 230
    159 95 51 111 87 55 202 191 251 118 93 255 215 125 103 86 125 211
    119 91 223 191 62 114 146 246 41 214 39 87 187 211 88 254 116 112 93
    56 47 213 28 245 111 157 172 24 5 240 61 156 203 81 254 115 189 88
    87 48 250 255 253 255 252 55 63 125 250 255 223 253 250 127 251 244
    223 242 245 127 127 119 254 241 119 111 255 247 63 127 95 124 185
    242 108 150 255 210 127 209 253 222 223 127 63 211 23 213 110 157
    189 30 13 248 61 159 77 56 246 123 159 95 222 46 187 252 253 255 253
    126 255 251 247 253 255 223 255 255 254 255 254 251 221 251 255 255
    127 247 255 255 127 247 255 109 247 255 238 207 127 231 255 223 255
    249 127 120 253 247 255 255 191 255 127 191 238 143 223 250 253 156
    93 126 255 255 251 251 255 255 254 63 54 101 165 255 181 171 88 60
    127 210 123 237 91 161 85 240 253 3 242 249 37 90 120 196 248 248
    255 94 93 241 239 95 168 223 58 123 248 233 119 124 92 74 15 213 1
    251 91 152 236 24 5 244 157 156 73 20 242 183 189 218 87 32 254 61
    189 255 252 54 255 249 119 253 252 215 253 255 127 188 222 251 255
    251 251 247 127 211 247 253 127 247 255 109 215 247 235 223 120 231
    190 223 121 249 125 124 221 255 47 245 245 247 111 191 174 137 207
    242 29 154 93 62 247 127 255 251 251 237 222 41 6 119 162 16 103 161
    254 148 220 66 21 1 59 147 102 226 212 1 101 112 2 228 52 12 168 172
    9 82 8 48 249 116 36 85 186 82 120 1 244 208 84 24 14 192 4 192 108
    153 44 24 5 240 28 156 73 16 242 51 188 88 86 32 248 61 255 239 252
    54 127 245 127 245 220 254 181 93 255 253 239 251 252 227 107 245
    122 244 183 125 175 166 145 125 86 124 249 254 102 245 186 215 122
    217 245 255 255 186 46 94 183 103 238 185 189 223 13 250 29 159 76
    188 242 107 255 91 78 47 251 123 223 124 223 239 159 223 25 239 87
    63 78 189 125 125 117 244 247 92 182 246 127 147 119 242 246 227 124
    190 250 221 49 222 109 219 157 202 91 250 105 182 223 157 205 213
    222 245 15 149 159 144 13 186 173 223 219 121 247 122 191 114 255
