<?xml version="1.0"?>
<opencv_storage>
<ImageFile>"526.jpg"</ImageFile>
<Features type_id="opencv-matrix">
  <rows>15</rows>
  <cols>64</cols>
  <dt>u</dt>
  <data>
    253 254 127 253 255 255 255 249 253 255 252 251 255 125 252 205 251
    253 255 127 253 127 155 253 247 127 255 183 253 87 127 255 223 107
    223 255 223 253 253 125 127 95 251 191 213 243 255 119 188 191 156
    109 250 189 223 93 126 254 247 191 255 223 173 190 55 52 89 34 31
    160 155 8 198 10 145 116 173 11 129 85 114 246 1 80 193 34 129 102
    132 136 224 13 82 40 97 105 87 44 149 190 114 56 41 85 96 72 24 9
    212 16 244 79 153 172 24 5 240 24 156 65 16 178 51 156 24 87 32 248
    59 22 92 142 191 189 31 57 118 126 23 53 189 127 169 85 246 215 1
    240 193 114 195 116 204 152 224 93 122 88 253 107 215 36 213 190 82
    122 169 117 116 93 26 15 212 132 245 79 153 172 24 5 242 29 158 73
    24 242 51 189 88 87 32 250 236 172 239 253 62 247 249 255 253 255
    214 253 255 254 187 206 171 213 115 107 253 119 247 255 93 251 180
    183 123 221 55 235 223 36 85 186 214 121 233 124 120 93 124 47 213
    53 245 111 153 172 24 13 240 29 156 73 16 242 51 189 91 87 40 250
    255 254 255 255 255 255 255 249 255 253 253 255 255 255 255 252 251
    215 127 107 253 127 247 127 255 255 247 191 127 95 247 255 215 101
    125 255 214 125 249 125 123 93 251 63 221 23 253 127 157 173 24 133
    248 191 156 77 80 246 115 191 219 95 32 254 63 36 105 174 59 133 27
    73 230 102 19 52 189 110 185 84 242 212 1 96 193 50 209 119 92 136
    164 13 82 184 125 105 215 36 85 186 82 122 129 124 208 94 28 14 212
    20 193 79 153 172 24 5 240 29 157 73 16 242 51 189 88 87 34 249 126
    185 251 183 127 231 219 127 222 255 213 255 255 206 179 94 250 215
    99 115 253 47 195 127 207 250 246 47 82 25 247 235 199 44 85 190 82
    120 233 116 120 92 49 47 213 52 181 111 153 172 24 5 240 29 156 65
    16 242 51 189 88 87 32 250 47 174 239 173 190 189 191 253 253 255
    212 251 219 59 191 205 138 125 251 43 245 87 222 253 125 249 28 183
    127 213 63 207 215 232 95 48 255 251 233 60 253 127 106 46 213 181
    219 115 189 252 152 13 213 157 157 92 62 230 191 189 219 223 42 255
    251 223 238 255 255 191 223 152 255 127 254 251 175 251 108 253 247
    247 127 255 255 127 155 127 103 255 243 63 255 127 247 255 219 239
    222 255 255 125 255 247 126 255 250 255 221 251 255 127 188 255 24
    77 253 253 223 239 121 254 247 191 254 255 189 190 127 190 255 255
    255 191 255 57 253 253 84 251 191 127 188 93 251 255 249 63 247 127
    219 127 127 255 251 183 126 243 117 239 151 235 215 53 247 217 255
    127 124 125 235 111 245 29 247 107 191 254 153 77 247 125 158 223
    127 254 247 191 251 255 189 222 186 251 125 247 255 189 223 57 254
    95 253 251 191 123 244 93 246 247 110 243 245 127 147 119 255 254
    247 127 254 251 247 251 223 108 86 190 218 120 249 117 124 95 59 47
    213 117 245 111 153 175 24 5 240 29 158 89 16 242 115 191 122 87 32
    250 251 159 255 255 255 191 255 91 189 253 215 251 191 253 62 93 191
    255 250 63 254 127 218 127 255 254 251 247 126 243 119 239 151 251
    223 53 247 253 254 127 125 125 235 127 253 29 255 179 253 222 153
    255 247 245 158 255 127 255 247 191 251 253 157 254 45 238 109 253
    254 191 251 121 253 253 254 125 221 127 249 101 242 253 223 106 245
    127 154 255 125 238 166 183 124 215 125 255 255 227 95 186 247 251
    249 254 223 125 90 174 213 167 251 107 189 237 152 13 246 29 157 73
    54 246 247 189 218 95 42 252 255 251 255 253 255 255 255 250 255 255
    255 251 255 255 254 253 247 223 127 111 239 237 174 123 239 255 243
    255 255 127 247 255 247 231 93 255 246 255 255 247 243 126 251 127
    253 31 253 127 205 189 30 197 248 255 159 79 81 254 243 191 220 127
    177 190 45 174 239 169 190 253 183 253 253 255 214 251 217 59 191
    205 139 125 251 43 245 87 222 253 125 233 28 183 125 213 63 207 223
    232 223 48 255 251 233 60 253 127 106 62 213 181 211 105 191 252 153
    13 213 29 157 92 54 230 191 189 219 223 46 255</data></Features>
</opencv_storage>
