<?xml version="1.0"?>
<opencv_storage>
<ImageFile>"527.jpg"</ImageFile>
<Features type_id="opencv-matrix">
  <rows>110</rows>
  <cols>64</cols>
  <dt>u</dt>
  <data>
    251 223 254 223 119 223 223 149 63 255 61 200 159 249 126 255 253
    247 60 239 190 255 247 59 253 239 239 126 127 123 255 127 243 117
    118 255 210 125 242 255 246 223 121 127 151 158 213 63 157 173 30 13
    248 61 151 207 185 247 123 191 223 222 58 251 243 159 210 87 253 194
    218 138 122 187 51 107 174 203 2 29 126 247 60 215 207 47 227 127
    198 223 243 111 210 43 227 118 215 47 84 191 82 60 251 119 112 92
    184 239 217 88 253 127 153 174 24 69 240 61 156 203 17 243 115 191
    88 119 177 250 58 185 255 246 55 183 217 62 214 212 213 241 63 218
    182 94 254 215 114 123 231 63 195 119 173 251 242 127 82 121 244 235
    215 44 21 190 214 120 251 117 112 221 181 111 241 20 245 111 155 174
    25 7 240 29 156 73 16 243 115 251 121 87 160 250 191 246 125 172 54
    61 61 248 247 255 253 250 125 59 244 255 243 244 71 121 113 242 177
    180 253 173 229 251 127 127 253 249 240 108 214 254 218 120 177 253
    126 223 123 191 210 115 212 108 185 191 22 15 232 29 159 93 184 242
    51 188 255 222 46 185 46 165 237 250 55 189 93 63 245 254 87 176 189
    126 188 70 155 212 97 251 247 119 211 119 93 186 166 31 122 217 61
    235 215 108 215 186 218 120 249 124 116 253 125 47 213 20 245 111
    155 172 152 13 242 29 158 93 24 242 115 189 91 223 40 250 185 255
    255 254 63 255 245 127 253 253 252 249 127 253 254 239 255 255 255
    187 245 127 127 247 243 127 247 182 125 215 254 231 223 106 243 244
    255 253 249 125 126 255 255 183 221 115 119 239 191 255 175 223 250
    61 219 93 63 247 247 255 251 251 207 223 25 146 109 229 190 181 187
    120 188 253 214 85 205 89 25 69 236 221 195 107 244 33 202 251 45
    186 164 182 92 71 49 239 223 32 85 56 86 120 233 117 249 92 123 46
    213 37 243 111 153 172 24 5 240 29 156 73 16 242 51 189 88 87 32 254
    205 206 239 253 250 255 254 241 57 255 234 159 222 181 251 234 137
    221 255 111 252 213 174 184 111 127 191 246 253 71 63 255 243 209
    125 105 87 255 253 118 254 126 122 62 255 175 218 177 141 205 62 181
    217 255 159 236 214 220 185 157 223 87 19 183 204 78 239 253 234 255
    254 245 57 255 238 159 222 245 251 234 169 221 251 111 252 221 238
    184 79 127 191 246 253 71 63 255 243 179 117 105 87 255 245 118 254
    62 122 62 255 175 203 177 157 205 30 181 217 255 159 207 214 252 185
    157 223 86 19 183 61 190 125 237 191 253 255 120 253 253 214 255 253
    127 252 85 251 253 235 123 245 127 219 253 253 254 241 191 126 95
    119 239 223 108 223 190 247 249 249 125 125 93 123 175 213 177 255
    111 185 190 153 13 240 157 158 77 60 246 247 191 250 223 44 254 45
    207 125 216 34 95 117 83 167 198 45 130 93 253 252 79 157 125 226
    111 54 246 80 227 81 119 151 88 41 214 94 193 202 18 195 172 128 72
    250 105 124 191 60 229 181 112 245 110 177 168 168 75 242 29 218 20
    57 243 115 191 123 243 237 250 126 253 255 252 54 255 253 127 253
    252 221 253 127 254 255 254 251 223 251 123 247 127 247 255 253 239
    246 255 127 247 255 239 223 254 117 254 255 123 249 125 122 253 255
    111 247 183 247 111 191 174 191 207 240 29 188 93 126 247 255 255
    251 255 171 254 108 69 173 152 34 23 93 71 167 230 41 130 83 232 182
    78 145 112 98 103 30 246 80 131 89 167 167 88 1 184 124 129 194 28
    70 174 130 108 210 120 50 107 52 233 182 116 165 110 19 168 176 79
    98 25 52 20 25 243 113 189 123 210 105 251 45 207 124 216 35 31 117
    83 183 86 173 194 93 125 124 79 157 253 230 37 118 118 80 243 81 119
    149 112 121 214 94 225 202 88 195 172 128 72 250 105 124 191 60 165
    245 112 245 110 179 170 168 15 242 29 218 21 57 211 115 191 115 219
    109 218 28 229 125 172 2 13 52 67 37 68 237 210 85 36 180 86 245 24
    67 105 51 112 80 242 253 140 164 217 97 164 188 169 132 84 34 138
    128 104 129 220 50 155 53 33 246 20 118 44 147 160 161 14 106 29 51
    28 24 211 57 232 89 91 106 235 36 205 254 216 19 77 85 111 39 196 45
    184 31 254 254 238 203 16 96 47 23 222 240 35 95 167 131 25 49 152
    28 41 130 6 55 218 130 92 211 92 50 187 188 99 62 22 117 174 211 164
    179 156 58 25 181 28 56 96 104 121 89 92 171 251 250 222 238 207 255
    223 223 153 191 245 31 222 191 124 127 253 255 215 124 118 222 63
    146 124 127 223 185 63 246 219 95 63 199 101 95 219 210 123 237 118
    241 93 108 63 213 30 253 55 157 173 24 13 242 189 157 107 16 246 114
    189 90 95 56 250 243 157 251 86 55 70 93 143 230 131 181 250 111 233
    6 95 255 247 38 247 6 175 243 103 215 223 247 63 83 58 230 40 215 44
    38 190 218 60 235 245 80 88 57 235 219 80 181 110 217 174 24 1 240
    29 156 73 16 242 51 189 120 85 32 250 28 33 221 180 58 161 248 119
    80 184 212 53 213 98 145 66 250 216 195 227 245 45 195 211 136 42
    164 199 72 197 181 234 223 32 21 178 95 120 233 116 120 92 183 46
    241 53 243 111 187 172 25 7 240 29 28 73 22 243 55 185 90 87 32 250
    37 143 231 136 0 206 167 71 41 196 14 133 81 61 253 175 139 104 225
    110 182 41 94 227 93 253 29 36 41 130 26 5 149 67 115 152 16 202 127
    44 37 53 56 167 13 216 125 226 25 32 232 56 147 93 164 14 57 204 66
    173 66 71 1 250 237 238 239 233 250 255 243 253 189 253 206 223 223
    189 255 237 139 253 251 43 252 87 254 249 123 125 28 182 253 215 63
    223 253 195 251 97 247 215 253 58 127 61 106 182 93 255 127 177 255
    217 239 189 215 231 152 254 118 204 239 237 215 223 95 222 44 207
    238 216 27 223 197 127 189 214 158 184 27 254 255 204 201 116 227 42
    245 87 218 115 127 245 21 37 125 222 30 203 223 66 199 170 86 120
    253 60 116 61 124 39 85 180 117 227 159 172 157 12 243 29 222 28 56
    230 107 189 91 221 40 250 243 53 210 87 255 130 94 10 102 33 145 98
    174 235 34 95 246 231 36 247 207 47 83 119 198 218 243 111 82 28 224
    99 215 45 86 191 90 56 235 116 112 88 56 175 209 88 245 111 153 172
    24 1 240 28 156 73 16 242 51 189 88 87 32 250 124 63 255 249 50 127
    113 255 253 254 222 181 95 254 251 238 251 221 251 107 255 253 206
    183 93 235 182 141 89 205 62 251 243 38 85 186 86 122 241 116 248 93
    248 62 85 166 65 239 153 172 30 5 240 29 157 73 16 242 123 189 91 86
    33 250 251 252 254 255 255 191 223 153 255 127 253 251 191 122 118
    93 244 247 126 251 255 127 179 127 247 255 247 127 255 251 247 255
    207 237 158 255 255 121 250 255 122 223 239 125 209 125 255 63 191
    255 152 15 254 181 223 255 120 247 247 191 251 255 190 223 76 1 133
    48 0 35 34 119 0 128 66 4 80 128 147 2 8 9 65 70 120 165 66 147 24
    40 156 132 64 132 32 128 79 16 65 170 17 40 65 76 56 32 16 134 69 53
    35 110 25 44 24 1 241 92 28 0 0 226 19 177 72 70 32 234 187 253 254
    254 255 13 93 139 254 101 181 122 191 250 246 93 242 215 53 114 79
    190 147 127 254 222 243 59 211 91 254 109 215 38 20 222 66 117 251
    246 211 223 220 95 217 30 253 143 205 164 18 5 104 31 159 73 16 240
    121 191 92 29 34 249 190 50 65 167 223 34 175 137 212 123 240 115
    171 66 160 85 114 215 5 82 225 38 169 126 6 138 235 143 210 121 33
    254 103 164 158 187 115 116 33 245 73 66 18 72 192 5 208 93 216 188
    24 5 224 180 156 105 144 178 183 158 92 86 48 49 190 50 211 167 221
    160 169 203 212 123 208 115 163 66 131 85 98 213 5 82 193 14 175 93
    14 138 106 139 214 41 33 254 101 167 28 187 119 244 37 246 201 70 82
    74 202 5 136 209 200 52 88 5 228 182 140 105 144 176 167 156 92 6 48
    181 250 253 247 247 255 231 219 187 254 221 213 255 191 218 242 93
    255 247 126 119 127 175 183 127 190 255 255 127 223 251 246 191 199
    239 62 223 254 117 255 253 89 93 247 127 201 61 253 183 237 191 218
    205 248 182 156 227 112 252 116 63 254 93 177 190 124 59 255 253 58
    247 249 255 253 252 206 189 95 254 187 238 251 221 251 107 255 253
    198 179 95 235 182 191 121 205 127 239 247 38 85 186 86 122 249 124
    248 93 248 54 253 166 193 111 157 172 30 5 242 29 157 73 16 242 123
    191 91 86 33 250 71 33 209 148 25 130 93 74 134 102 129 48 3 202 132
