<?xml version="1.0"?>
<opencv_storage>
<ImageFile>"528.jpg"</ImageFile>
<Features type_id="opencv-matrix">
  <rows>62</rows>
  <cols>64</cols>
  <dt>u</dt>
  <data>
    133 34 195 231 49 224 227 252 8 177 71 245 163 19 130 67 42 85 57 75
    143 45 238 113 45 219 24 39 86 9 35 15 87 39 53 154 80 249 109 22
    209 112 56 38 203 12 121 179 25 188 121 53 241 188 188 72 16 250 51
    207 72 23 37 254 123 253 253 222 55 191 223 27 255 215 181 250 191
    123 116 95 246 247 126 255 246 127 211 119 253 255 247 63 123 123
    244 233 215 108 214 190 218 121 251 125 114 223 61 47 213 20 245 111
    157 172 24 13 240 29 156 93 24 246 115 191 91 223 40 251 227 6 194
    54 221 2 11 202 166 105 32 115 162 203 130 85 98 117 37 103 201 143
    171 111 70 154 187 47 146 8 33 79 87 167 52 187 114 60 37 214 65 66
    40 139 201 24 217 217 72 164 24 5 97 26 156 75 16 176 51 157 92 87
    48 251 252 235 255 217 50 221 241 247 253 245 126 188 95 246 251 238
    251 212 251 107 31 249 230 179 95 239 182 187 109 207 62 187 247 6
    117 250 214 247 251 124 242 125 249 54 255 166 73 166 159 173 255
    253 242 31 149 93 208 252 105 253 91 94 43 254 125 255 253 248 119
    63 55 123 237 84 239 178 255 255 252 95 243 253 127 124 119 87 144
    247 215 255 253 189 126 218 126 233 202 109 215 190 195 120 253 125
    124 223 56 167 221 251 246 239 156 165 129 28 242 61 159 93 120 254
    115 191 123 223 44 218 45 39 237 136 18 95 37 127 229 68 140 176 125
    191 189 71 203 116 67 100 113 82 208 183 93 169 132 9 114 156 56 201
    204 36 87 186 66 120 1 124 52 85 60 175 84 52 100 110 153 172 24 12
    242 29 156 73 56 242 51 188 88 214 40 250 146 218 210 199 120 218
    218 131 123 249 6 207 166 83 198 153 127 199 188 43 197 45 235 107
    233 215 115 127 31 107 211 119 151 227 125 85 118 221 254 119 97 220
    235 119 191 4 125 251 229 241 124 247 252 231 190 239 87 95 246 111
    214 125 145 254 147 218 210 199 248 222 218 130 122 253 2 207 134 83
    214 153 127 199 188 43 196 45 235 123 235 215 115 103 30 107 211 119
    215 227 125 81 118 221 255 55 97 92 234 127 187 4 125 243 229 213 60
    245 228 227 190 239 87 94 246 15 214 125 145 190 147 218 210 199 252
    220 217 130 58 253 2 207 134 91 242 25 111 215 188 43 196 45 234 123
    111 215 51 103 158 107 19 127 87 227 125 81 118 253 255 55 97 124
    234 127 171 4 253 243 225 221 56 245 244 231 190 235 23 92 246 47
    214 125 145 190 28 33 245 180 24 163 48 127 16 32 196 53 81 98 145
    66 234 92 195 98 225 41 194 211 12 138 160 141 64 140 49 234 223 36
    21 186 21 120 65 116 120 92 20 6 224 21 195 79 153 172 25 5 240 28
    156 73 16 242 51 185 88 87 32 250 5 35 65 176 17 0 33 78 128 192 130
    53 65 9 129 67 138 84 1 96 192 32 192 115 12 136 128 1 82 8 48 73 86
    36 85 186 16 122 1 20 144 96 24 14 64 4 65 110 25 44 24 5 240 28 156
    8 16 98 51 189 72 7 32 250 250 253 255 223 254 127 223 251 255 253
    125 251 255 254 254 254 251 215 126 111 62 255 182 63 255 255 255 63
    255 251 126 191 242 103 62 223 214 119 255 255 211 223 239 127 223
    158 253 183 207 189 215 253 251 191 151 255 216 252 121 127 223 92
    187 191 126 253 117 246 183 173 93 121 207 69 253 252 255 238 244
    126 242 215 118 103 63 62 145 119 191 222 231 61 82 186 252 185 194
    45 62 159 194 127 211 215 147 203 149 107 234 30 237 62 205 167 16
    133 106 156 151 109 88 178 113 251 121 14 34 185 58 149 124 143 167
    205 145 9 239 69 23 76 189 124 125 117 246 246 65 240 150 50 211 117
    253 156 224 61 118 154 221 169 134 44 87 158 194 122 201 92 49 93 28
    47 212 20 245 47 153 172 152 13 242 29 156 73 16 242 51 189 88 95 40
    250 252 255 239 221 182 253 253 253 253 253 127 255 223 254 251 238
    187 212 127 107 63 255 230 190 125 255 183 59 255 219 126 191 243
    103 117 251 214 127 251 255 242 125 253 62 223 174 89 179 143 173
    255 173 218 191 149 92 208 244 121 255 223 30 43 254 50 153 216 222
    39 223 216 39 87 196 23 212 61 126 61 124 254 147 48 183 135 61 195
    103 249 194 226 93 54 248 220 105 135 60 81 150 202 90 218 125 177
    221 165 105 181 20 245 111 151 174 153 15 178 1 184 219 49 115 122
    249 121 61 162 250 156 235 247 245 48 255 248 243 25 253 234 255 195
    82 217 234 171 221 239 107 183 44 236 219 109 127 55 231 92 71 55
    254 255 50 125 186 87 252 251 181 121 124 243 127 255 39 119 107 169
    253 60 215 248 29 156 76 23 210 247 239 219 127 161 190 140 235 231
    245 56 245 248 243 25 253 234 223 211 84 249 232 163 221 239 107 247
    44 238 251 109 127 55 162 92 71 51 254 255 34 125 184 119 255 249
    180 249 124 250 126 255 39 251 123 169 189 56 69 248 31 156 72 23
    210 119 175 94 127 161 190 63 53 239 246 55 183 121 123 212 197 213
    240 239 251 148 94 250 213 99 119 247 47 195 119 77 186 181 63 82 24
    116 169 215 44 84 190 210 120 225 117 120 94 57 47 209 21 245 111
    153 172 24 5 240 29 156 73 16 242 51 189 88 87 32 251 63 53 239 182
    55 183 121 123 212 196 213 242 239 251 144 94 250 213 99 119 247 39
    194 119 77 186 180 61 82 24 116 169 215 44 84 190 210 120 225 117
    120 92 57 175 209 53 241 111 153 172 24 5 240 29 156 73 16 242 51
    189 88 87 32 251 50 153 218 222 39 207 216 7 87 192 23 244 63 126 63
    94 191 147 48 183 135 61 195 103 249 194 226 93 34 248 220 105 151
    60 81 150 202 90 218 125 48 221 165 105 181 20 245 111 215 174 153
    79 178 1 184 219 17 115 122 249 121 125 162 202 124 249 255 253 34
    245 255 241 95 255 253 158 221 116 127 254 189 155 242 235 190 253
    198 250 249 127 247 250 105 247 255 251 239 152 229 100 255 249 250
    123 122 29 247 109 247 183 247 127 191 202 171 207 254 29 252 93 87
    243 255 251 251 251 235 246 57 247 125 71 183 189 219 120 254 149
    215 251 239 123 208 85 242 247 78 123 247 110 211 247 237 186 101 63
    126 26 117 187 223 108 252 158 214 57 249 125 221 93 187 175 209 96
    217 111 185 191 25 13 240 157 159 77 48 242 114 159 122 223 36 251
    45 166 237 169 191 181 191 121 189 255 198 255 221 63 187 69 130 253
    195 107 245 119 218 253 125 248 156 183 124 85 53 207 223 200 223
    160 247 248 233 61 124 93 122 175 213 241 247 107 185 252 24 13 244
    29 156 93 54 242 183 189 250 223 44 254 238 48 110 179 255 51 250
    184 116 187 240 123 171 202 162 69 82 253 223 215 121 247 155 124 34
    42 250 167 218 85 181 242 123 44 158 243 127 125 37 245 218 78 82 30
    211 119 194 85 61 252 24 5 201 189 221 89 22 180 183 158 94 146 34
    177 250 112 72 178 223 51 90 1 84 59 112 58 189 202 52 87 82 211 21
    212 233 247 129 62 128 138 239 135 218 241 245 240 98 172 150 247
    127 125 37 245 218 206 86 9 211 85 130 93 191 172 24 5 236 61 205
    209 150 179 63 152 30 146 122 161 205 207 239 249 248 255 239 246
    189 255 234 219 219 253 254 239 137 125 63 111 124 141 254 57 79 255
    159 167 209 7 50 155 243 39 85 251 82 125 237 244 114 126 56 63 223
    30 253 177 157 173 28 5 209 127 157 72 208 252 49 189 92 87 48 186
    245 237 227 215 211 71 217 234 206 197 61 255 51 234 243 238 235 213
    60 39 14 143 164 39 111 215 179 41 147 10 18 59 242 39 117 219 82
    117 255 244 115 124 184 127 159 30 125 180 205 173 82 149 217 59 132
    75 208 252 96 63 92 85 49 186 67 5 144 18 201 130 2 10 2 0 1 2 160
    64 2 17 102 151 0 4 194 37 195 99 70 210 184 13 18 8 1 105 151 36 84
    154 66 104 7 70 0 64 8 9 193 28 229 79 145 172 24 5 48 24 156 75 16
    114 50 189 88 85 32 250 62 49 253 182 26 39 49 111 198 100 213 48
    125 98 144 82 242 214 67 96 225 37 193 215 156 136 228 141 66 140
    241 232 215 36 5 190 90 120 97 124 120 88 52 15 208 21 225 79 153
    172 25 5 240 28 156 73 16 242 51 185 88 87 32 250 28 37 125 148 32 5
    57 111 130 198 213 16 85 160 144 66 178 220 66 101 18 160 192 146
    156 168 164 216 64 172 52 41 82 52 20 186 130 120 128 220 16 202 25
    14 226 20 193 78 155 172 17 7 96 28 148 73 16 242 59 248 88 22 34
    251 5 7 0 0 17 0 0 74 0 2 2 32 0 11 128 1 66 68 1 64 64 0 128 34 4
    136 0 1 146 8 32 73 112 36 84 186 0 112 1 148 128 64 24 10 64 0 64
