<?xml version="1.0"?>
<opencv_storage>
<ImageFile>"529.jpg"</ImageFile>
<Features type_id="opencv-matrix">
  <rows>100</rows>
  <cols>64</cols>
  <dt>u</dt>
  <data>
    62 182 124 168 62 253 177 53 61 94 222 53 93 60 121 245 253 254 195
    240 241 114 145 240 253 44 228 209 124 215 255 227 221 120 215 164
    255 114 169 121 252 29 94 44 84 231 246 109 187 188 153 13 242 29
    216 89 62 243 63 188 219 219 110 240 62 182 124 168 63 253 177 53 63
    94 222 53 93 62 121 245 253 254 195 240 241 114 157 240 249 60 100
    216 125 215 255 227 221 104 215 164 255 114 169 121 124 29 94 44 84
    183 246 109 187 252 153 13 242 29 216 89 62 211 63 188 219 219 110
    242 61 172 252 138 59 221 147 101 255 85 222 253 253 63 252 236 251
    176 99 185 245 115 219 245 253 125 85 63 111 223 223 239 143 108 75
    158 222 91 249 60 125 157 108 167 213 116 247 111 187 252 137 13 242
    5 154 93 62 210 254 173 211 223 44 222 251 253 255 255 255 127 253
    255 255 253 253 251 255 253 254 253 251 245 127 111 126 223 183 63
    255 255 247 59 255 91 126 191 243 103 60 255 214 119 253 247 215 223
    255 127 223 158 253 191 205 181 86 157 234 191 151 77 216 244 121
    223 223 31 51 191 58 213 108 222 55 157 93 25 247 214 53 234 189 122
    116 95 180 246 102 251 182 118 209 119 117 183 231 59 122 251 213
    233 199 124 215 190 218 120 250 121 114 223 125 237 182 84 245 111
    155 174 152 15 242 29 222 93 57 243 115 191 123 219 172 251 255 56
    255 165 54 119 185 254 212 191 241 251 111 137 146 123 61 205 255 93
    56 135 230 157 173 249 253 255 89 119 230 255 109 185 188 255 254
    189 168 247 88 72 115 191 235 41 154 124 254 186 126 179 240 254 116
    116 196 191 181 216 255 151 92 190 42 213 236 250 55 159 93 11 183
    230 53 200 191 120 52 95 148 247 96 251 182 118 209 119 85 247 231
    63 115 248 117 225 199 28 215 174 202 120 250 121 114 255 117 109
    151 84 245 111 155 170 152 15 242 29 252 93 57 243 115 191 123 251
    232 251 255 184 239 225 63 179 251 120 220 255 214 255 239 27 128 71
    210 221 255 123 245 119 203 127 45 250 250 183 94 85 117 239 223 236
    220 187 119 249 249 119 88 92 251 45 211 5 247 123 190 254 24 5 240
    189 220 93 84 182 183 255 219 159 44 254 59 21 158 182 47 165 249 54
    22 254 85 213 190 232 32 86 254 223 33 243 244 45 195 115 201 42 226
    78 82 16 241 107 223 36 85 190 83 120 233 116 112 92 56 47 213 21
    247 111 153 172 24 5 240 29 156 73 16 242 51 189 88 87 32 250 13 254
    254 125 255 251 251 88 57 125 206 239 238 127 237 253 245 191 191
    242 245 111 27 251 231 126 115 247 253 87 239 247 223 251 223 37 247
    251 253 125 255 29 90 255 253 243 255 123 188 255 24 79 252 245 218
    77 63 223 247 167 186 251 175 94 216 1 155 149 2 71 120 231 66 130
    81 6 82 192 19 18 60 11 80 199 10 173 102 131 154 10 182 204 64 164
    182 184 98 53 33 235 10 108 192 64 144 72 149 10 235 28 131 46 155
    136 2 199 112 88 20 73 193 243 25 241 124 50 66 227 218 1 130 145
    207 193 130 189 142 129 211 78 155 200 51 36 253 157 97 215 78 175
    230 115 74 95 177 110 208 146 50 186 255 46 87 186 90 112 233 116
    112 92 48 46 213 52 185 38 153 172 24 5 240 29 156 73 16 242 51 189
    88 87 32 250 251 252 239 253 255 255 255 249 253 255 253 255 255 253
    254 255 187 253 127 123 254 127 211 127 255 255 247 191 127 247 127
    239 215 237 95 255 223 125 249 127 120 221 255 175 215 117 247 127
    189 174 24 15 240 61 156 93 120 246 115 191 251 223 40 254 44 238
    253 200 48 191 173 123 245 222 232 176 93 61 189 79 147 244 227 41
    180 118 88 255 93 164 4 149 61 220 125 203 199 64 223 170 148 250
    185 57 126 127 122 165 54 242 117 107 186 189 184 24 162 29 255 28
    44 230 91 205 219 223 111 243 3 2 0 2 141 144 138 0 34 2 3 70 128 69
    1 17 68 163 0 144 192 32 2 66 64 144 176 104 16 10 129 66 87 52 81
    170 88 8 232 64 100 80 24 9 213 64 245 79 152 172 24 5 176 25 220 73
    16 114 18 181 72 83 32 106 251 220 255 253 255 255 127 93 255 255
    253 200 255 249 126 223 255 245 123 127 190 127 250 125 245 255 251
    190 127 117 127 175 215 237 191 125 226 253 252 123 126 223 255 125
    255 157 253 55 221 147 190 175 235 253 255 255 121 254 251 255 251
    223 159 255 252 249 255 221 50 127 249 247 221 252 127 157 95 252
    251 238 251 220 251 111 126 253 230 183 249 111 182 190 109 215 126
    255 255 39 117 250 214 127 249 125 250 93 255 62 255 182 209 110 159
    173 255 223 250 31 157 93 84 246 123 255 91 30 43 254 191 253 125
    254 63 189 253 122 255 253 253 251 255 127 252 93 243 247 127 123
    247 126 209 127 253 255 247 191 127 251 247 239 223 236 254 254 255
    121 249 253 127 223 255 111 245 119 245 111 189 183 153 79 248 181
    159 93 56 246 247 255 251 223 172 222 253 254 255 237 254 255 255
    253 253 255 252 249 239 59 255 223 251 253 255 123 253 115 255 253
    253 255 255 191 127 95 247 255 223 236 223 255 255 249 249 125 124
    95 251 191 215 241 247 127 190 255 158 79 242 189 222 93 254 246 247
    255 251 223 108 254 60 191 255 221 58 253 249 119 253 252 86 149 93
    253 187 238 251 252 227 43 244 121 214 183 217 107 164 214 109 209
    125 239 223 96 103 180 223 122 249 125 252 93 251 174 245 164 241
    111 187 172 141 79 242 29 156 93 60 242 123 253 251 223 40 254 109
    47 231 248 82 127 97 255 189 212 206 181 91 253 251 238 203 124 251
    110 119 223 246 179 95 111 20 132 249 214 58 137 223 7 103 186 81
    114 221 124 124 53 60 183 93 183 103 230 157 44 255 156 211 31 156
    12 56 236 107 189 75 71 45 250 173 254 111 225 252 253 163 248 188
    255 198 127 207 125 251 237 203 253 255 106 253 69 154 248 111 254
    25 183 252 71 51 159 215 193 221 91 118 251 253 55 253 92 122 63 213
    137 254 177 188 221 24 37 217 247 142 105 84 220 183 175 214 223 52
    190 187 222 124 235 255 253 183 56 253 125 222 255 173 63 236 253
    255 255 253 56 252 71 155 124 99 253 121 183 254 83 235 255 159 233
    219 116 247 219 253 55 253 221 106 183 213 163 254 113 172 221 157
    44 252 165 207 237 118 212 182 173 210 223 44 222 193 5 128 20 65 2
    2 70 2 0 1 2 2 129 2 2 110 65 33 69 10 133 226 3 78 201 184 12 16 8
    0 0 84 37 52 187 0 40 5 68 32 64 56 139 201 24 229 140 17 164 24 0
    96 24 148 75 16 114 49 185 72 86 32 234 190 178 251 167 191 48 185
    252 212 251 208 123 239 10 131 85 250 220 163 83 225 132 239 124 38
    137 242 163 222 73 35 255 125 164 156 250 119 253 41 119 121 78 122
    30 210 5 211 89 152 188 24 5 240 158 156 73 148 178 183 158 222 87
    32 183 236 47 247 220 64 79 97 247 181 252 206 149 87 252 187 238
    235 220 227 102 124 143 244 179 95 111 150 64 233 206 58 237 201 3
    103 250 148 246 221 124 116 53 60 183 109 182 101 238 157 164 254
    157 242 95 156 73 152 252 107 189 91 68 33 250 202 133 9 219 207 221
    87 141 188 103 30 14 153 108 127 164 137 84 1 98 206 251 158 42 90
    215 146 34 209 211 31 75 215 38 81 104 82 99 250 34 112 125 204 77
    213 22 229 19 31 140 24 5 215 29 156 25 17 226 123 191 72 87 42 248
    192 205 142 223 234 223 210 177 63 253 60 207 158 253 126 172 100
    211 124 167 92 253 162 224 123 102 188 126 189 211 159 55 247 113 81
    97 83 75 254 232 211 159 72 62 153 62 249 55 149 137 24 37 189 111
    153 203 83 223 50 61 80 92 18 249 22 185 146 117 48 192 248 7 66 161
    215 245 246 198 130 90 61 139 32 211 135 45 99 195 165 95 242 255 66
    175 230 102 135 190 101 158 187 8 250 87 105 56 181 105 175 21 183
    111 217 238 41 199 244 20 56 97 23 179 211 243 56 115 225 206 253
    254 255 253 255 255 251 249 253 255 250 255 255 255 251 253 251 253
    255 123 253 255 191 125 239 255 255 191 255 95 127 255 255 239 223
    255 247 255 253 119 254 92 122 62 223 167 255 115 189 189 28 5 248
    189 159 77 212 246 247 191 222 223 42 190 227 141 202 243 223 226
    211 142 92 227 148 250 170 202 162 79 75 85 61 215 15 143 239 61 39
    223 27 39 211 27 34 47 215 175 53 251 82 125 127 118 112 104 232 127
    219 28 125 179 93 140 26 181 213 255 148 234 208 252 225 63 92 117
