<?xml version="1.0"?>
<opencv_storage>
<ImageFile>"530.jpg"</ImageFile>
<Features type_id="opencv-matrix">
  <rows>72</rows>
  <cols>64</cols>
  <dt>u</dt>
  <data>
    236 207 239 253 226 127 241 231 61 213 239 157 95 188 255 238 137
    248 255 111 62 217 246 176 127 239 29 240 237 215 62 187 224 115 119
    203 210 119 221 188 187 189 124 54 125 158 127 176 141 141 247 189
    219 95 135 76 240 204 105 236 95 78 11 249 236 239 239 237 226 93
    241 231 61 213 239 159 95 188 255 238 137 220 127 111 62 216 182 48
    127 205 29 177 237 223 62 191 240 115 119 219 210 247 221 190 183
    191 124 54 126 158 120 176 205 45 246 189 219 95 135 108 208 204 105
    44 95 78 43 185 60 189 255 252 59 255 249 127 189 252 254 189 93 124
    255 238 187 252 251 107 245 123 214 247 125 235 132 215 125 215 127
    239 239 88 103 190 247 250 249 125 254 189 247 38 245 183 247 111
    191 174 191 15 242 29 157 93 62 246 127 255 251 223 175 222 250 251
    223 255 54 251 255 182 223 183 255 250 255 242 95 218 189 223 126
    255 191 125 231 255 169 119 247 255 111 247 247 251 223 222 247 231
    223 93 250 115 124 253 247 125 183 173 247 111 191 251 175 203 254
    189 250 220 111 247 223 251 251 251 253 222 56 198 109 139 63 253
    145 121 253 252 222 253 189 60 249 228 251 212 67 104 240 114 223
    124 125 189 37 51 127 219 127 255 253 108 87 186 214 122 169 124 247
    93 122 46 212 182 244 109 153 173 156 13 242 29 157 73 16 242 59 188
    91 95 42 250 60 254 125 175 191 253 177 253 253 253 222 253 253 62
    251 228 251 212 195 105 245 114 223 252 125 189 181 179 127 219 127
    255 253 100 87 186 214 123 233 124 254 93 126 62 212 183 244 109 185
    173 157 13 242 29 157 93 16 242 59 188 219 95 42 254 60 254 127 143
    59 253 177 253 253 253 254 253 253 62 251 238 251 212 227 107 245
    114 223 252 125 189 181 187 127 219 127 255 253 100 87 190 214 123
    233 124 254 93 126 62 212 183 244 109 185 172 157 13 242 29 157 93
    16 242 59 189 91 95 42 254 239 220 238 249 255 255 255 248 189 255
    252 223 159 253 126 237 137 253 127 127 252 223 190 121 127 255 155
    54 253 87 127 255 223 235 223 123 215 247 253 191 126 255 126 191
    221 59 255 177 157 221 30 13 221 255 156 239 248 252 251 191 223 223
    62 190 251 221 255 255 255 127 223 251 255 255 253 251 255 253 246
    253 255 245 127 127 126 255 182 127 111 255 247 63 255 123 126 255
    243 111 190 223 210 117 255 247 83 223 255 127 219 30 253 191 205
    181 86 141 232 191 159 79 248 246 121 191 223 221 190 185 195 222 66
    35 221 178 131 152 56 59 2 111 170 95 75 17 72 229 189 180 200 69 11
    120 38 212 25 39 158 11 35 23 23 225 221 81 117 157 109 38 101 68 74
    157 69 201 252 145 108 93 24 36 197 231 206 171 86 12 148 5 198 95
    52 54 210 137 131 151 254 198 154 141 78 193 23 223 147 210 146 88
    106 215 56 103 206 13 226 113 79 219 185 47 210 42 18 47 215 37 117
    155 82 125 237 118 113 92 56 47 217 28 253 183 221 172 24 5 241 127
    156 235 80 254 51 189 88 85 48 250 59 254 125 175 254 253 191 121
    255 125 222 255 253 125 252 213 255 255 107 240 245 119 155 252 253
    253 253 255 126 215 255 239 223 108 207 190 223 121 249 125 125 221
    127 175 213 113 255 111 189 190 153 15 242 157 158 93 60 246 247 189
    250 223 44 254 59 245 124 222 55 157 93 11 231 70 61 184 61 106 116
    95 247 246 102 247 23 114 209 103 221 247 231 121 51 186 220 41 130
    60 134 158 202 88 210 125 54 219 189 233 180 84 245 110 147 174 144
    15 42 25 254 93 56 243 115 191 123 214 168 250 59 254 125 175 254
    253 191 121 255 125 222 255 253 61 252 213 255 247 103 240 245 119
    155 252 253 253 253 255 126 215 255 239 223 108 207 190 223 121 249
    127 125 221 127 175 213 113 254 111 185 188 153 15 242 157 158 93 60
    246 247 189 250 223 44 254 124 251 255 255 54 255 253 247 253 252
    127 189 127 254 255 254 255 222 251 111 63 253 231 183 251 111 246
    253 127 247 254 187 247 103 117 255 223 127 217 125 254 255 255 126
    255 167 203 110 159 173 255 223 250 31 159 93 245 247 123 223 123 46
    171 247 178 146 81 199 191 160 221 153 86 89 52 115 175 91 128 85
    118 214 36 25 64 44 161 116 174 159 113 43 222 107 195 63 86 36 60
    246 118 121 107 245 81 204 43 63 200 4 252 125 128 181 92 5 248 130
    158 105 16 114 54 31 88 23 36 186 252 253 255 223 50 127 249 247 255
    253 255 255 127 254 255 254 255 223 123 111 127 253 231 183 251 111
    247 254 125 223 254 255 255 39 117 255 215 127 251 125 250 223 253
    126 255 183 247 110 159 172 95 213 248 31 157 77 209 246 123 255 95
    127 163 255 31 50 245 164 54 177 185 126 180 30 208 113 205 27 176
    81 248 252 67 113 225 38 194 243 140 186 244 219 88 76 245 233 215
    56 212 190 94 120 233 117 120 92 59 47 209 53 247 111 152 172 24 5
    240 29 156 73 16 242 51 157 88 87 36 250 234 220 238 235 255 255 247
    153 189 255 126 251 191 58 254 253 235 245 189 105 252 87 254 121
    127 223 57 55 255 91 63 255 213 229 159 115 247 255 253 182 243 223
    110 63 221 159 252 177 221 189 30 45 255 183 159 239 80 252 191 189
    223 31 58 255 253 253 255 95 118 127 255 246 251 247 245 250 255 243
    159 218 187 227 122 239 191 221 103 191 191 115 255 255 111 253 246
    235 215 95 229 255 222 253 255 127 250 255 233 253 191 184 211 239
    255 238 175 223 241 125 253 222 117 255 121 255 255 241 217 255 221
    253 255 93 116 115 127 254 243 191 253 186 238 223 135 123 191 239
    250 111 63 207 230 191 175 127 255 255 89 47 230 43 223 31 181 255
    222 189 254 127 120 232 187 255 191 185 255 190 255 170 62 247 241
    250 244 198 245 255 121 95 253 245 213 254 52 253 255 220 2 77 84
    103 67 196 61 144 87 228 222 250 255 146 98 103 23 172 229 131 221
    151 247 73 3 142 222 41 194 38 37 222 138 120 211 92 50 219 189 99
    190 20 117 238 129 164 99 222 56 26 20 73 24 242 105 121 89 100 35
    250 61 54 125 164 54 181 185 118 242 222 209 113 109 27 176 81 250
    254 67 225 241 96 193 247 140 56 244 217 90 92 245 233 215 44 213
    190 222 120 233 117 124 92 59 47 212 33 247 111 152 172 24 7 240 29
    156 73 20 242 51 157 88 87 36 250 56 113 125 158 2 13 60 103 195 0
    253 176 117 38 188 82 255 146 66 97 19 112 65 134 221 37 229 217 99
    220 220 168 200 12 7 190 138 120 129 124 58 219 53 39 244 117 167
    110 147 174 171 79 114 29 80 93 56 243 27 249 57 210 104 202 191 245
    125 231 191 189 223 24 255 93 213 251 189 127 244 85 246 247 94 251
    245 115 211 116 245 254 241 127 126 123 247 171 159 108 222 182 255
    121 249 253 89 223 127 47 209 117 253 111 189 191 153 15 248 149 222
    125 56 246 247 191 251 223 172 218 188 255 255 255 246 255 255 91
    255 213 237 251 255 118 252 253 251 247 239 111 119 127 83 247 247
    255 247 253 111 254 254 160 206 110 199 190 218 120 219 125 127 93
    183 231 245 117 247 110 188 190 136 79 242 61 30 93 60 247 83 191
    123 255 237 250 133 65 152 86 1 130 88 66 2 129 5 196 2 194 132 26
    46 2 52 15 6 44 224 67 45 146 131 77 2 42 0 40 146 22 48 202 2 73
    218 212 16 168 185 97 170 28 49 46 65 162 51 87 40 0 52 10 17 83 112
    107 8 53 129 235 49 199 117 222 49 143 95 106 167 68 61 216 29 123
    220 78 171 213 36 47 22 108 192 99 121 247 131 61 63 42 92 9 150 119
    113 154 128 88 218 61 55 251 185 231 183 152 245 46 131 161 49 76 40
    24 183 14 105 102 122 107 89 101 165 250 57 186 254 239 255 253 247
    120 253 189 214 255 239 93 223 77 251 253 251 187 245 111 203 253
    171 127 127 182 126 87 247 239 223 235 189 117 119 249 253 53 125
    253 235 63 205 161 255 243 172 213 157 237 253 166 154 77 118 222
    254 207 211 175 165 222 204 43 231 117 249 247 171 249 140 159 251
    122 211 232 211 108 240 169 103 87 127 47 150 215 94 127 183 239 192
    150 34 186 238 46 71 191 91 56 233 252 120 92 48 174 213 113 147 127
    153 172 24 1 240 29 156 65 16 242 51 189 88 87 32 250 188 186 255
    229 190 249 249 248 216 185 222 127 239 87 219 241 251 204 231 123
    245 44 239 222 175 63 247 179 222 71 247 254 223 232 253 254 127 185
