<?xml version="1.0"?>
<opencv_storage>
<ImageFile>"531.jpg"</ImageFile>
<Features type_id="opencv-matrix">
  <rows>96</rows>
  <cols>64</cols>
  <dt>u</dt>
  <data>
    44 238 237 252 58 253 181 119 189 252 254 189 93 60 255 238 249 248
    99 235 245 114 86 243 221 125 149 243 109 215 127 227 199 120 71 174
    223 122 249 124 126 29 124 175 212 247 247 111 185 172 137 15 242 29
    153 93 62 242 115 189 251 223 106 250 222 50 83 247 252 162 250 200
    74 57 83 127 165 66 147 80 118 199 152 66 207 45 139 88 142 218 250
    239 214 43 247 255 119 165 93 191 117 255 237 87 193 68 195 90 233
    140 217 23 204 255 24 231 244 246 156 235 64 126 179 159 92 7 49 180
    185 254 127 207 186 253 255 253 253 253 126 251 255 63 255 236 251
    244 239 107 253 113 255 252 125 239 181 59 127 219 127 255 245 228
    127 250 214 251 249 254 247 95 104 190 212 182 217 113 153 173 30 13
    244 31 157 77 16 246 243 188 219 95 42 255 254 253 239 248 55 191 93
    123 255 215 253 250 255 250 252 95 153 245 126 255 191 127 210 119
    253 247 247 127 127 255 252 169 198 94 214 238 202 121 251 125 126
    255 255 237 247 117 245 111 159 175 152 79 250 29 255 93 57 247 123
    255 123 251 239 251 184 254 127 207 186 221 191 253 255 253 254 249
    253 63 255 236 251 212 239 43 253 112 255 252 125 239 53 59 127 219
    127 255 245 228 127 250 214 251 249 254 247 95 106 190 212 182 216
    113 153 173 30 13 252 29 159 77 16 246 179 188 219 95 42 255 45 229
    101 184 18 109 37 123 181 92 236 177 89 127 252 237 139 124 195 96
    245 120 208 243 93 189 5 145 121 222 57 201 222 66 87 186 144 120 89
    60 127 191 62 167 84 181 119 106 25 164 184 12 242 29 142 28 56 226
    107 173 91 207 47 250 60 59 245 252 50 127 112 119 113 252 238 181
    85 246 251 242 251 200 195 106 117 248 85 147 221 41 228 217 105 196
    252 233 239 2 103 190 157 114 209 124 254 29 247 38 100 167 231 110
    187 164 239 95 242 29 27 93 46 243 75 245 91 110 107 240 58 150 108
    139 159 221 131 13 255 124 30 61 189 62 121 244 255 214 65 176 208
    82 159 124 125 156 104 41 255 219 95 255 229 236 95 158 82 115 169
    126 181 85 68 14 84 150 244 101 153 44 158 12 178 29 140 89 24 242
    42 188 90 79 42 240 58 190 109 139 159 221 131 173 255 126 94 61 61
    62 251 244 251 214 65 112 217 82 159 60 125 221 124 41 255 219 127
    255 197 108 95 190 86 115 169 126 177 85 68 46 84 150 124 52 159 44
    223 12 178 29 132 89 144 240 43 188 91 79 42 246 68 34 147 49 216
    146 162 197 64 170 194 54 192 195 139 2 74 9 169 66 207 165 79 219
    206 216 186 175 2 12 35 70 87 134 85 187 16 188 101 70 32 68 48 128
    71 12 3 243 152 108 56 113 241 29 28 73 4 232 19 181 72 87 113 118
    205 238 198 249 248 223 230 199 41 255 42 206 210 247 251 235 137 73
    57 111 207 173 126 187 79 95 159 167 193 15 51 87 247 3 85 171 80
    254 253 118 242 60 56 62 223 30 119 179 153 236 28 117 209 93 157 72
    16 252 49 189 92 119 33 250 126 61 254 254 55 111 125 127 223 228
    223 181 127 238 251 254 251 214 114 127 55 191 231 55 253 239 242 29
    83 255 254 237 199 39 53 254 210 127 219 93 49 221 253 111 239 23
    237 110 141 166 90 133 250 31 149 77 16 242 123 251 89 14 161 250 84
    32 145 144 0 2 34 71 2 32 1 20 0 130 131 50 98 66 1 68 10 129 236 0
    12 136 168 73 130 8 0 76 97 7 52 186 0 224 5 214 128 64 16 2 10 28 0
    132 17 36 114 20 32 26 4 67 128 56 1 56 76 4 34 225 47 54 101 32 189
    180 171 89 244 126 194 117 237 91 145 85 226 237 3 114 225 38 155
    127 68 154 164 143 90 20 33 239 87 44 87 186 83 56 233 116 92 92 26
    142 208 65 243 79 152 172 24 1 240 29 156 73 16 242 51 189 88 87 32
    248 47 54 101 176 189 180 169 89 244 126 194 113 233 89 144 69 226
    253 3 98 245 38 154 127 78 186 164 135 90 20 33 239 215 44 87 186 83
    56 233 116 120 92 26 143 208 65 243 79 152 172 24 1 240 29 156 73 16
    242 51 189 90 87 32 250 61 180 124 35 159 241 163 124 248 188 198
    117 236 63 169 113 250 174 195 240 241 98 91 252 164 56 112 215 126
    87 227 231 221 104 213 182 127 186 233 124 221 85 90 6 209 113 243
    111 184 254 9 13 240 29 216 65 62 178 183 189 154 151 36 94 187 220
    124 235 255 253 247 25 191 125 236 235 191 127 238 253 255 183 189
    59 252 127 155 124 115 255 115 55 255 83 255 239 207 231 223 117 247
    217 253 126 119 223 110 255 213 17 253 243 189 221 24 44 252 165 206
    237 58 252 247 175 219 223 191 223 61 183 237 252 127 63 255 123 245
    254 212 243 253 121 190 77 242 253 99 115 245 119 211 247 93 250 180
    159 126 212 117 235 207 44 215 190 222 120 249 125 124 93 58 175 213
    113 247 111 185 172 24 13 242 29 156 89 48 242 115 189 250 215 40
    250 7 6 0 32 221 176 34 80 32 42 130 32 192 1 1 1 0 41 131 208 225
    97 26 216 68 8 8 198 16 4 33 66 93 152 222 32 57 168 5 0 76 0 26 136
    64 97 130 67 56 124 24 0 101 88 88 1 14 2 151 148 136 211 100 64 133
    46 101 33 216 248 163 248 168 61 194 119 193 31 203 225 194 237 143
    104 249 0 14 248 78 188 28 163 252 14 35 31 125 65 93 187 84 178 13
    20 221 84 26 150 73 163 104 145 40 53 92 48 209 255 143 8 36 76 7
    140 204 7 36 52 133 46 103 33 216 248 163 248 168 61 194 119 192 31
    203 225 202 109 139 104 249 129 14 248 78 252 24 163 252 14 35 159
    125 67 221 187 84 178 45 20 205 52 26 150 77 163 106 209 40 61 124
    48 209 255 142 8 4 204 7 140 204 71 36 52 59 149 124 142 63 157 29 9
    247 84 149 242 189 123 52 85 244 246 2 177 209 114 209 118 244 182
    225 91 122 120 213 105 151 44 214 190 218 120 233 125 112 223 60 45
    212 20 245 79 153 172 152 13 240 29 158 89 56 242 51 189 90 215 44
    250 255 125 255 215 118 39 89 251 214 197 213 246 255 234 146 126
    178 213 118 119 63 191 224 103 191 250 247 31 82 187 118 185 226 47
    52 223 202 125 219 221 80 233 189 110 251 28 225 46 159 174 19 199
    120 30 156 65 88 178 113 251 125 54 161 251 58 16 9 166 63 176 185 8
    212 26 82 71 173 74 49 17 124 254 129 144 224 118 195 119 164 152
    240 211 90 114 229 235 23 248 155 180 255 72 232 97 108 69 55 9 197
    69 179 111 186 190 152 3 246 5 220 81 46 51 55 153 34 155 108 90 255
    61 255 214 54 39 89 251 214 199 213 246 255 238 146 126 178 213 118
    103 63 191 224 119 191 254 247 31 82 187 118 185 242 63 52 255 194
    125 219 221 80 233 189 110 251 28 225 46 159 174 19 199 248 28 156
    77 88 242 113 251 125 54 161 250 243 61 211 87 252 130 218 107 218
    57 19 119 166 199 128 112 118 199 28 7 199 45 131 79 174 218 226 95
    86 43 225 126 87 167 60 159 118 191 219 215 209 204 139 206 235 12
    233 95 193 183 88 215 232 178 156 107 81 123 114 155 120 37 177 188
    187 214 125 239 255 189 159 216 255 95 253 251 189 123 244 85 246
    247 31 113 252 118 146 124 236 254 121 127 254 123 247 187 214 108
    220 223 210 121 233 245 119 222 122 63 209 20 252 21 137 189 24 5
    248 149 159 105 16 246 51 189 94 223 34 187 247 61 210 87 119 2 216
    138 102 233 49 255 190 202 162 127 246 247 36 247 79 175 243 119 198
    218 243 111 82 58 242 51 247 47 116 191 90 124 235 244 80 76 56 111
    219 28 241 111 153 172 24 5 240 30 156 73 16 242 51 189 92 87 32 251
    243 249 218 223 119 83 223 174 223 167 61 250 191 250 38 254 127 215
    60 191 15 223 231 39 175 215 251 127 127 123 214 59 151 239 181 215
    254 93 254 127 114 219 239 121 159 28 125 190 215 154 119 215 189
    227 244 247 249 191 248 123 189 189 149 222 63 182 125 168 191 189
    191 88 244 126 208 115 237 63 173 85 242 252 67 112 241 114 147 124
    196 188 225 187 126 87 245 235 221 108 215 190 255 120 169 117 124
    93 122 175 212 241 246 77 184 188 24 13 242 29 158 73 56 242 55 188
    218 215 44 250 251 220 111 239 255 255 223 185 189 127 252 251 191
    122 116 253 249 245 125 115 252 255 186 124 63 255 187 63 255 83 127
    255 195 237 158 251 215 117 253 255 91 223 126 63 209 31 252 121 141
    189 30 13 248 191 159 77 120 246 251 191 223 159 58 189 61 182 117
    33 189 184 163 121 248 123 194 117 229 27 201 85 250 236 195 16 241
    34 27 220 164 184 104 167 94 93 97 238 77 232 222 190 124 178 169 54
