<?xml version="1.0"?>
<opencv_storage>
<ImageFile>"532.jpg"</ImageFile>
<Features type_id="opencv-matrix">
  <rows>121</rows>
  <cols>64</cols>
  <dt>u</dt>
  <data>
    186 206 127 223 234 221 223 169 191 255 127 203 159 124 123 252 181
    215 124 43 214 124 158 122 249 247 183 122 239 243 95 255 231 240 91
    81 246 251 250 235 247 95 237 254 183 150 221 123 159 137 157 143
    254 5 157 255 81 214 122 109 247 221 11 190 100 173 237 154 2 223 7
    47 239 228 14 154 153 190 255 206 219 53 114 45 158 87 90 231 89 245
    29 37 42 218 30 201 199 14 103 178 130 90 255 124 52 253 100 167 21
    252 117 227 181 172 169 8 179 29 159 158 56 102 122 61 219 221 104
    250 59 212 120 171 239 156 31 9 127 119 61 234 189 63 108 84 245 179
    4 176 249 114 155 124 240 213 233 127 255 251 205 247 129 236 207 22
    235 89 168 123 110 223 109 169 212 211 246 21 183 207 144 13 238 133
    235 253 58 247 254 180 178 219 120 12 255 254 223 235 251 255 247
    201 63 255 46 255 159 126 239 253 235 215 189 43 204 125 202 121 111
    223 59 47 127 75 59 127 215 199 93 243 118 255 253 118 115 223 106
    125 215 158 125 179 221 189 28 37 253 181 143 239 80 252 186 173 217
    95 51 254 122 255 255 251 223 191 227 73 253 94 198 63 189 126 253
    253 242 247 89 102 125 119 147 119 127 218 106 173 254 210 126 169
    214 103 87 191 115 123 221 124 254 93 92 14 85 159 243 71 157 44 152
    13 242 61 157 89 88 254 123 189 91 95 58 249 56 189 255 219 54 253
    245 127 223 252 220 253 127 190 191 238 251 212 227 43 245 117 215
    247 249 127 244 191 107 223 255 235 207 108 103 190 222 120 249 124
    120 93 247 47 215 53 119 111 191 172 171 207 242 29 156 93 62 242
    127 249 219 223 108 254 251 221 254 255 255 255 243 191 127 253 222
    255 191 254 239 253 255 183 253 63 255 95 255 127 115 255 123 63 127
    91 254 255 223 231 119 117 247 223 255 126 113 125 238 127 221 29
    125 243 253 236 152 189 245 255 156 239 115 252 247 191 219 125 149
    222 205 207 238 217 232 223 230 215 41 255 42 206 146 253 251 175
    137 249 61 111 222 173 126 59 79 95 159 38 209 7 51 87 247 3 85 171
    82 254 253 118 240 60 56 62 221 30 87 179 153 172 28 21 209 93 157
    72 16 252 51 189 88 87 33 250 63 255 127 253 191 253 255 121 253 255
    252 251 255 121 252 253 247 255 255 251 247 126 219 255 245 255 231
    255 127 247 255 255 207 250 223 60 255 249 249 125 127 223 255 237
    247 243 247 127 190 255 152 79 250 181 223 85 63 151 255 175 251 255
    237 158 254 58 247 245 254 247 251 249 254 255 250 123 255 235 242
    125 251 247 127 103 125 223 191 124 158 255 255 255 222 223 247 191
    115 237 30 255 214 117 253 247 92 68 123 31 201 45 249 181 141 173
    28 161 250 254 156 123 216 252 113 159 222 23 56 188 186 242 93 231
    255 176 223 24 254 61 21 251 175 95 244 81 127 247 60 187 207 125
    139 125 160 215 115 127 126 123 215 127 151 237 191 87 255 217 250
    119 101 221 235 121 165 12 253 51 230 215 137 103 252 160 254 255
    127 63 246 207 243 189 181 222 219 156 154 119 255 226 219 142 30
    249 85 223 174 157 6 31 127 215 60 127 140 143 230 121 47 223 251
    127 95 35 246 111 151 245 61 125 119 125 248 119 113 204 235 123 175
    28 253 63 221 146 94 149 252 246 188 239 209 254 187 223 213 21 16
    254 248 221 255 223 119 95 221 255 255 253 253 223 127 252 255 254
    255 215 126 111 62 191 230 55 255 255 247 127 127 219 126 187 247 39
    117 255 214 127 251 125 114 223 253 62 255 30 253 110 157 172 95 149
    248 63 157 79 208 254 121 255 93 93 35 251 187 240 92 247 255 176
    223 24 126 253 21 255 175 127 164 81 127 247 188 187 231 125 203 127
    161 214 115 127 126 123 215 239 151 239 191 85 255 217 250 119 117
    221 239 105 181 5 253 51 230 215 137 111 252 160 250 255 127 191 246
    207 243 191 181 222 254 250 123 247 255 253 223 216 254 255 251 250
    239 90 252 253 243 247 126 123 239 127 187 124 175 255 255 127 214
    123 247 255 227 237 222 223 250 253 249 247 123 92 227 125 215 95
    188 55 206 255 16 39 236 181 159 113 80 246 243 191 255 223 184 190
    251 185 223 247 246 227 255 254 222 189 221 255 239 206 146 123 255
    215 63 111 47 173 231 63 175 223 255 191 211 43 246 191 215 39 60
    255 86 125 255 245 81 76 187 127 251 28 253 190 221 188 90 247 240
    190 156 235 208 190 49 223 93 85 181 250 250 249 255 247 246 231 251
    254 222 157 253 255 239 223 150 251 255 215 63 111 47 173 231 55 175
    223 247 191 223 43 246 191 247 39 53 255 94 125 255 245 115 76 187
    127 255 28 253 190 221 188 94 247 240 190 156 239 208 254 113 223 93
    87 181 250 108 174 239 185 50 119 189 247 253 254 206 156 89 180 187
    238 137 125 251 107 252 213 94 185 93 125 156 180 105 215 62 203 205
    16 199 171 222 252 233 60 124 61 117 175 119 245 119 233 191 172 174
    159 211 93 28 92 188 238 91 253 251 223 104 246 254 251 255 247 246
    255 250 217 250 249 247 251 255 243 242 251 250 215 63 111 175 173
    231 127 207 219 255 239 83 15 242 190 215 39 116 255 91 125 237 246
    216 92 56 63 219 31 251 63 157 172 24 5 240 61 156 73 80 254 51 189
    88 87 48 251 187 220 254 247 255 188 223 9 191 127 245 251 191 107
    244 93 246 247 63 123 238 127 154 127 239 222 243 127 222 123 247
    255 215 237 222 95 242 253 249 247 81 222 239 121 219 29 253 63 205
    191 24 5 236 181 190 109 24 246 243 191 223 223 184 191 252 185 255
    245 54 103 249 254 221 189 213 251 127 210 150 218 251 221 251 111
    63 143 231 159 175 251 246 255 91 253 246 238 207 47 36 255 223 189
    249 117 89 221 247 127 251 61 191 239 255 182 239 211 240 190 60 69
    212 190 119 251 255 63 165 255 60 233 255 220 34 95 216 103 215 196
    127 148 93 118 255 234 155 144 66 111 22 120 100 131 253 135 132 217
    97 250 30 232 166 20 99 170 218 90 218 124 178 189 181 100 180 182
    245 110 155 172 175 79 178 29 49 92 53 243 123 249 121 95 107 250
    200 205 206 219 226 95 94 183 63 215 61 202 158 186 126 238 205 211
    124 239 30 213 247 48 91 119 189 60 241 218 30 49 240 37 86 251 82
    125 214 248 242 223 60 63 159 30 212 188 157 137 22 149 89 127 149
    207 208 252 49 61 93 84 18 251 91 81 154 124 103 34 126 238 16 170
    241 128 114 192 3 26 44 139 59 215 46 175 197 27 134 91 243 220 65
    37 228 242 123 59 36 109 95 44 112 97 122 106 189 107 251 125 131 94
    127 170 26 215 105 124 124 193 211 187 255 219 61 114 145 35 215 118
    113 21 53 162 31 88 226 161 185 241 238 27 192 115 241 167 6 209 169
    34 49 212 197 127 237 255 82 62 225 118 218 60 100 190 90 56 233 247
    88 88 56 175 209 113 180 111 136 174 16 3 240 28 156 65 48 179 179
    189 56 86 36 90 251 220 239 255 255 255 255 249 253 127 253 251 191
    252 244 253 243 245 127 111 252 223 186 125 127 255 191 63 255 91
    127 255 211 237 158 255 210 117 253 247 123 223 126 63 221 31 252 23
    141 189 30 13 248 191 159 77 88 246 123 191 223 95 58 189 243 159
    214 87 255 134 219 138 254 213 23 127 175 255 34 93 254 247 56 247
    70 47 211 119 198 222 251 47 210 26 226 43 215 47 85 191 90 120 239
    124 112 92 56 175 213 88 245 111 153 172 24 5 240 29 156 75 16 242
    51 189 88 87 32 250 35 150 64 99 223 178 135 25 238 59 2 123 175 91
    160 85 114 247 45 18 199 111 155 127 6 210 107 47 30 25 97 102 87
    239 222 151 114 184 127 119 101 68 74 205 209 72 253 211 144 253 24
    0 228 161 206 235 16 54 182 159 216 87 180 122 252 185 255 213 118
    119 251 254 215 245 213 255 255 250 146 94 255 215 123 255 127 255
    227 247 191 123 247 255 122 223 246 235 223 45 37 255 222 125 249
    125 120 93 183 47 249 61 247 111 191 174 137 207 240 61 156 85 116
    255 115 251 123 247 173 254 39 54 125 140 62 157 31 88 98 70 3 16
    204 119 173 81 130 244 0 96 192 112 66 98 76 128 160 25 58 40 29 73
    215 68 213 186 64 122 129 85 36 218 25 13 244 148 229 79 144 172 24
    7 34 29 159 9 24 98 59 189 88 71 36 242 124 184 247 253 216 231 243
    255 220 253 196 253 71 210 147 248 251 221 251 47 245 13 238 223 175
    235 62 167 95 77 114 239 247 227 61 181 54 245 253 116 121 92 242 38
