<?xml version="1.0"?>
<opencv_storage>
<ImageFile>"533.jpg"</ImageFile>
<Features type_id="opencv-matrix">
  <rows>67</rows>
  <cols>64</cols>
  <dt>u</dt>
  <data>
    41 215 108 172 38 61 61 48 53 92 125 193 12 61 52 5 229 252 69 225
    112 96 176 242 88 45 161 216 125 84 125 225 220 112 82 184 219 120
    144 249 118 159 58 175 212 19 246 78 153 172 24 13 240 29 159 77 56
    242 51 188 90 215 38 248 56 222 125 207 62 189 185 121 255 252 254
    157 125 60 253 245 246 214 67 104 244 112 149 116 253 172 229 26 127
    211 125 251 241 100 87 190 86 123 169 244 246 95 90 30 212 134 192
    77 153 173 30 5 250 29 159 77 16 242 59 188 91 94 34 249 58 214 125
    142 63 189 157 57 255 126 94 21 61 61 125 212 246 214 65 104 240 114
    145 116 249 168 228 26 126 81 125 251 245 100 85 190 86 122 169 116
    214 95 90 14 212 134 192 77 153 173 28 5 240 29 159 73 16 242 59 188
    90 95 34 249 199 2 131 225 249 146 138 200 24 251 2 127 130 67 131 1
    10 69 189 3 204 45 202 89 14 218 58 39 150 43 35 95 87 167 92 59 112
    253 237 22 193 100 72 72 195 12 217 51 93 172 24 37 213 245 156 234
    80 126 178 189 76 23 48 191 62 182 125 166 62 253 157 127 247 124
    215 117 125 62 188 212 251 214 67 113 245 50 209 247 221 168 228 219
    122 220 253 235 199 44 87 190 222 122 233 125 216 93 119 47 212 55
    245 111 153 172 152 13 242 29 157 73 16 242 51 189 91 95 40 250 62
    182 125 166 62 253 185 127 247 124 223 117 125 62 252 244 251 214 67
    97 245 114 209 247 221 168 228 219 122 220 253 235 199 44 87 190 222
    122 233 125 216 93 87 47 212 55 245 111 153 172 152 13 242 29 157 89
    16 242 51 189 91 95 42 250 10 3 8 34 35 16 160 0 0 154 34 0 16 50 41
    32 0 40 1 208 193 48 65 210 16 24 129 128 64 134 33 192 220 56 67
    160 91 8 136 40 120 28 48 45 212 101 182 110 57 174 8 7 240 29 216
    64 22 227 23 180 72 83 96 74 63 182 125 172 55 61 61 121 245 94 213
    176 125 63 188 85 242 244 67 112 241 114 209 118 220 168 228 153 122
    92 125 233 212 44 215 190 210 122 129 125 254 223 28 15 212 55 244
    78 153 172 24 13 242 29 159 73 24 242 51 188 90 215 42 249 191 221
    125 246 191 61 221 9 191 95 189 251 191 122 244 253 247 246 54 115
    246 126 176 126 253 159 243 123 255 123 127 237 150 236 30 222 226
    121 249 245 83 223 127 125 208 22 245 79 137 181 18 13 232 21 159 77
    24 242 115 191 91 95 42 185 191 253 255 254 55 127 217 254 254 207
    213 252 127 235 246 255 251 246 118 115 119 255 231 55 237 251 247
    123 83 59 246 235 215 44 85 254 218 120 249 125 250 220 57 47 211 21
    245 110 153 174 26 5 240 29 156 73 16 242 51 189 120 87 34 251 76
    174 239 153 202 223 163 197 189 255 10 156 211 166 251 238 203 85
    185 43 204 85 222 121 93 197 62 39 75 203 59 95 247 135 93 43 48 255
    237 62 240 124 108 44 87 158 121 179 157 236 56 53 247 93 157 106
    208 238 35 189 217 87 56 246 210 17 146 22 99 2 90 7 18 160 21 195
    22 192 2 26 124 131 32 151 70 173 67 67 210 91 242 110 2 160 194 96
    199 61 64 180 91 8 234 108 112 92 48 43 209 84 181 111 153 174 24 7
    240 28 152 65 17 243 51 189 88 119 32 234 60 54 125 186 30 61 45 127
    245 126 250 177 125 14 189 119 243 244 67 96 241 50 209 190 221 173
    229 137 90 220 253 235 65 44 215 190 223 120 161 116 120 76 54 175
    214 53 230 111 153 172 24 5 226 29 156 89 144 242 51 188 90 86 40
    178 239 229 239 252 255 39 95 255 245 111 249 250 127 235 182 79 163
    245 63 119 255 175 242 63 94 239 183 63 211 57 63 239 243 45 20 187
    210 112 241 255 122 110 57 175 209 24 213 79 153 172 24 5 240 29 156
    73 24 246 115 191 88 86 32 249 62 117 125 190 54 61 125 127 247 92
    253 177 125 62 252 246 247 214 67 112 245 114 209 183 221 173 228
    217 123 220 253 233 218 44 71 190 222 122 129 253 250 223 61 47 212
    183 231 110 187 172 155 15 250 29 159 93 56 242 59 188 123 214 42
    249 35 4 0 130 15 197 129 28 182 228 20 5 41 10 49 37 106 118 65 176
    208 34 213 100 72 160 132 0 18 24 17 75 229 44 83 178 82 72 41 124
    112 84 16 142 212 16 224 109 153 172 24 5 240 25 156 65 16 178 51
    188 88 87 32 250 111 20 237 188 63 183 63 127 181 126 213 21 29 125
    53 71 224 253 67 96 240 115 210 51 92 168 164 28 120 80 125 233 215
    36 87 186 210 120 161 124 120 93 24 47 213 20 229 79 153 172 24 5
    240 29 156 73 24 242 51 189 90 86 32 250 51 53 81 86 55 128 89 10
    194 1 145 114 175 75 128 80 118 199 4 243 135 46 129 103 140 146 227
    95 18 56 196 41 82 60 20 158 202 56 210 213 192 202 185 203 224 16
    209 79 129 166 16 71 96 24 157 73 17 51 114 155 120 55 161 251 63 54
    117 174 62 53 61 127 247 126 218 53 109 15 185 87 243 246 67 96 241
    34 209 190 220 168 228 155 90 92 253 235 101 44 215 190 222 120 161
    117 120 76 26 174 214 53 198 79 152 172 24 5 224 29 156 73 16 178 51
    188 90 86 40 240 67 23 144 18 77 2 2 6 34 32 0 1 0 65 2 17 108 163 0
    148 192 37 81 67 194 2 224 76 0 0 129 65 151 32 80 176 121 8 32 64
    100 0 24 139 193 80 247 79 152 172 24 5 240 24 24 73 19 51 19 181 24
    83 32 74 123 182 237 174 255 191 59 124 244 126 212 57 253 123 189
    85 250 245 67 112 241 103 219 127 76 248 172 63 122 25 113 239 215
    44 87 186 82 120 233 126 124 92 56 15 213 21 245 79 153 172 24 5 240
    29 156 73 16 242 51 189 88 87 32 251 59 54 117 162 31 36 1 88 230 92
    144 113 45 43 176 85 242 246 3 112 193 34 145 118 76 152 224 9 82 24
    113 105 213 44 84 190 82 120 1 116 80 84 24 15 192 20 228 79 153 172
    24 5 240 28 156 73 16 242 51 188 88 87 32 248 50 22 77 138 46 157
    129 49 230 94 26 4 29 63 121 117 246 214 64 32 208 114 145 100 88
    160 36 8 62 218 89 121 116 100 95 176 82 82 137 224 150 85 8 14 84
    134 192 77 145 45 24 4 178 9 143 73 16 114 58 188 90 94 42 241 61 55
    125 184 55 191 63 127 244 126 210 49 125 63 189 87 242 252 67 96 241
    114 209 119 92 168 164 157 122 92 113 233 215 36 215 190 82 120 129
    116 124 92 58 175 212 53 231 79 153 172 24 5 240 29 156 73 16 242 51
    189 90 87 40 250 59 240 117 166 63 41 61 120 214 92 244 113 109 27
    132 85 246 214 71 112 241 42 129 116 172 168 225 153 254 121 229 237
    156 108 188 190 247 112 137 245 91 223 27 15 192 129 252 76 168 183
    223 9 232 150 159 65 40 178 191 218 250 15 38 221 20 19 212 145 136
    149 170 65 34 103 3 70 212 97 178 80 254 211 33 99 201 37 195 115
    204 26 181 111 64 14 179 35 215 36 85 186 82 120 233 84 112 88 56 15
    209 20 245 111 153 172 24 5 240 29 156 73 16 242 51 189 88 87 32 250
    65 7 128 16 200 130 2 2 32 34 2 2 128 225 34 1 68 105 33 230 200 37
    90 195 66 82 152 102 0 4 33 65 87 50 83 40 80 40 100 64 96 48 56 143
    209 88 243 75 25 140 24 0 241 93 156 9 17 242 19 181 72 83 0 234 242
    144 153 151 239 135 219 169 214 101 21 74 191 122 18 20 126 215 48
    51 200 39 195 102 216 210 253 62 146 185 215 111 215 44 21 182 90 89
    234 126 112 92 41 47 145 20 245 111 145 172 24 5 180 25 156 203 16
    114 50 61 88 85 32 250 63 182 125 168 63 63 191 121 244 94 222 117
    125 63 188 85 242 252 67 112 241 114 145 118 92 188 228 153 126 94
    117 233 213 44 215 190 210 120 169 125 124 93 26 175 212 117 246 79
    153 172 24 13 242 29 156 73 48 242 51 188 90 215 40 250 20 33 147
    144 0 70 32 103 66 132 67 20 80 192 147 34 106 72 195 102 3 136 100
    131 142 8 134 201 0 140 16 8 96 6 37 186 0 52 3 212 16 32 144 6 40 4
    1 206 25 44 111 208 48 24 20 72 128 96 1 208 72 4 97 224 8 7 12 184
    35 189 60 19 37 66 69 128 24 57 60 7 132 92 1 105 182 112 208 115 81
    130 128 208 112 32 61 193 146 16 211 32 193 72 208 33 60 191 61 37
    244 21 231 110 27 138 184 15 242 29 219 28 25 195 51 189 65 210 76
    251 59 17 125 180 55 37 125 120 246 68 213 49 125 88 52 85 246 246
    67 112 240 114 193 118 172 168 224 217 122 116 245 233 222 44 150
    190 214 120 129 125 88 223 23 15 208 49 229 78 155 166 153 13 240 28
    156 81 56 178 63 185 59 158 36 217 63 54 125 166 62 245 185 125 214
    252 214 53 125 58 185 116 250 246 67 114 241 34 215 247 220 168 228
    219 90 220 245 235 239 44 71 190 222 120 233 124 248 93 51 142 208
