<?xml version="1.0"?>
<opencv_storage>
<ImageFile>"534.jpg"</ImageFile>
<Features type_id="opencv-matrix">
  <rows>120</rows>
  <cols>64</cols>
  <dt>u</dt>
  <data>
    52 246 125 143 58 157 159 53 251 246 21 184 221 51 189 90 254 227 66
    171 213 113 83 205 217 113 228 255 43 253 221 98 215 220 199 174 218
    216 250 123 118 95 109 165 181 244 245 111 179 238 137 79 182 25 88
    93 62 247 90 189 251 219 106 255 195 205 138 117 97 18 94 130 32 131
    33 202 130 193 6 11 4 41 60 223 14 237 66 83 3 87 179 126 80 36 38
    48 210 23 144 235 195 45 246 225 112 42 185 253 187 88 211 63 93 138
    48 211 81 121 252 234 81 255 113 31 124 241 209 171 239 206 110 137
    255 125 135 157 61 255 46 207 153 61 127 237 137 125 253 184 120 211
    190 56 115 253 25 50 253 83 63 215 253 225 223 97 115 243 173 50 118
    127 110 62 85 159 124 177 29 93 94 45 223 255 207 190 154 204 173 60
    199 223 62 180 151 185 218 118 55 66 88 6 19 161 21 245 62 202 38
    218 61 146 52 155 135 47 231 43 165 11 226 91 83 125 196 103 151 190
    52 246 251 93 250 247 83 235 237 105 186 20 247 110 209 226 90 199
    252 0 176 77 147 179 254 251 57 49 163 207 215 29 154 86 39 66 88
    134 50 171 53 227 14 195 38 59 60 163 52 159 7 173 97 3 163 3 243 91
    81 57 198 97 219 58 52 230 251 77 242 245 210 174 169 107 187 84 227
    239 209 234 26 215 252 91 248 207 19 243 117 63 61 48 129 235 77 46
    230 237 217 111 166 215 61 120 234 63 64 255 235 237 139 125 171 106
    253 143 158 56 71 93 27 165 253 70 59 215 125 99 127 187 53 246 253
    52 237 116 90 54 109 135 127 209 12 117 124 52 211 254 143 12 146
    204 39 167 78 79 33 48 76 14 198 249 201 127 161 207 45 254 74 143
    19 255 251 239 139 125 169 106 252 135 222 57 83 221 26 167 217 195
    59 215 245 131 87 35 17 246 237 54 188 52 120 54 125 143 107 241 29
    44 124 52 215 95 141 136 144 236 35 173 78 71 33 242 148 185 219 215
    48 192 217 238 211 229 21 255 151 210 147 90 191 215 48 43 134 45
    230 99 239 211 242 127 83 43 86 111 215 52 53 254 210 125 250 117
    112 92 169 110 187 20 241 111 217 174 56 215 240 29 188 73 17 242
    114 255 120 85 161 250 179 212 124 143 183 205 31 9 239 197 61 218
    189 42 118 86 255 215 36 101 24 179 211 100 221 213 253 59 51 186
    215 41 212 44 85 158 194 121 169 124 114 219 61 47 149 28 244 45 145
    172 16 13 240 25 156 75 24 242 48 61 88 87 32 250 187 221 252 254 55
    63 93 27 247 93 189 251 191 250 100 95 247 247 52 243 247 126 241
    119 245 255 243 123 123 123 254 105 222 108 150 254 250 121 251 253
    114 223 255 111 209 21 245 111 157 174 26 13 248 29 220 77 56 179
    119 191 123 255 174 219 187 221 252 254 55 63 93 27 247 255 189 251
    191 250 100 95 255 247 52 179 246 126 241 119 245 247 243 123 123
    123 255 105 151 44 150 254 250 121 250 253 114 223 255 105 209 20
    245 111 157 174 26 13 248 29 156 77 56 179 119 191 123 223 174 251
    61 255 222 254 57 251 252 11 123 250 108 249 190 127 236 221 255 187
    160 59 247 125 91 123 241 127 227 255 127 107 237 231 223 210 127 52
    181 220 251 125 127 255 239 103 255 85 247 111 253 246 56 127 230 5
    251 205 31 223 247 167 187 251 169 78 150 241 89 182 54 144 89 8 66
    195 21 250 223 2 148 90 126 199 36 105 131 36 226 67 141 147 243 123
    66 42 246 41 150 52 52 158 202 120 234 87 96 200 57 105 179 20 245
    47 147 174 16 7 224 17 188 73 16 243 51 217 121 87 96 251 61 255 222
    255 57 184 252 11 123 251 108 249 190 119 236 93 255 187 184 59 231
    125 91 123 241 223 227 255 111 107 237 231 159 210 127 53 181 221
    250 127 111 255 239 97 255 85 247 127 253 254 56 119 230 5 255 237
    31 223 246 239 187 123 249 94 92 42 231 245 120 247 162 246 152 189
    214 87 195 181 155 66 235 205 251 111 252 13 206 251 15 123 156 166
    76 197 51 206 215 33 117 187 87 248 237 116 120 84 251 63 205 165
    247 235 159 172 25 129 241 125 156 73 68 254 51 221 72 23 32 254 249
    51 213 118 112 107 97 246 242 52 86 55 110 251 130 210 126 206 195
    102 117 169 165 182 138 59 244 216 250 4 226 237 218 39 116 190 87
    16 209 124 221 84 153 23 201 33 227 78 137 164 77 5 240 30 154 73 32
    242 51 157 88 6 36 248 207 14 202 33 93 242 162 150 48 187 194 227
    170 139 3 11 8 41 163 211 233 199 91 121 71 123 25 167 88 5 35 199
    223 170 213 33 115 188 109 52 120 116 58 173 81 81 115 225 57 108 24
    0 213 29 204 0 22 224 167 181 202 211 32 106 251 53 220 86 62 37 89
    54 214 53 117 51 62 251 22 118 118 210 118 243 255 175 227 183 154
    43 230 218 242 57 245 239 219 44 4 254 223 25 242 255 88 221 185 79
    200 49 231 79 153 166 27 79 248 28 156 73 49 243 115 187 120 54 160
    253 108 142 229 248 123 191 167 89 189 126 194 19 221 125 189 69 202
    253 235 98 244 119 218 123 93 250 156 183 122 213 57 207 215 36 87
    186 82 248 253 116 124 93 120 47 213 21 245 107 157 172 24 5 243 29
    156 73 16 246 51 189 90 87 32 250 143 54 97 161 221 176 175 88 180
    91 194 115 225 79 128 69 226 221 173 68 233 5 138 120 70 220 59 39
    222 10 35 31 86 167 221 187 112 116 45 53 97 68 26 31 71 133 252 209
    8 53 24 36 193 182 142 41 144 168 55 143 76 71 48 48 19 157 146 87
    41 192 216 6 63 185 5 205 166 91 32 31 124 178 160 155 135 47 115
    107 161 27 242 126 28 107 197 102 159 179 115 52 243 217 250 119 241
    60 234 103 171 84 249 111 185 226 120 71 244 0 184 77 19 83 246 175
    241 101 161 203 188 118 109 169 222 245 163 253 252 127 250 63 253
    63 251 229 251 252 67 96 121 242 158 188 92 173 60 169 255 87 123
    187 113 44 215 250 87 115 45 116 254 84 90 30 84 167 194 84 153 45
    30 4 242 157 141 89 144 240 43 188 94 214 42 176 23 157 208 87 57
    200 216 0 63 177 7 237 166 127 164 31 124 179 160 155 135 47 83 107
    161 94 242 127 118 43 197 102 151 243 123 22 243 217 250 119 113 189
    233 103 175 84 253 111 129 242 56 71 244 4 184 205 19 211 246 175
    241 111 165 202 237 46 119 241 217 45 33 217 236 127 234 55 225 239
    249 101 226 253 135 98 253 172 152 124 78 174 34 131 218 14 59 223
    115 39 93 187 17 246 101 214 207 84 90 158 76 131 74 209 136 37 24
    52 194 159 141 73 16 240 35 188 206 70 33 176 86 50 88 2 253 178 142
    16 226 59 146 114 236 67 0 17 84 171 66 148 241 119 83 196 128 112
    253 239 0 188 225 194 79 24 199 166 249 24 41 73 108 4 50 141 213 97
    183 79 186 238 136 11 246 121 88 209 38 51 151 149 186 211 108 74
    133 34 73 33 148 112 161 252 200 135 210 118 64 19 195 160 75 76 7
    64 9 128 174 16 12 153 29 161 215 14 35 25 112 38 93 218 82 51 13
    148 144 80 24 158 64 128 16 180 25 45 86 0 216 31 132 0 144 224 33
    156 76 23 32 185 173 238 239 252 54 125 253 247 61 254 124 217 95
    189 255 239 139 220 253 107 244 212 244 187 125 111 131 178 125 87
    62 255 245 112 253 248 247 255 248 181 246 255 251 63 254 150 247
    106 159 189 127 159 218 29 159 12 158 231 123 222 223 222 46 255 68
    1 164 148 203 131 0 127 6 96 131 22 208 228 163 70 234 17 65 70 218
    165 194 227 30 10 176 12 208 140 48 41 223 36 85 186 82 120 193 84
    112 80 24 14 197 20 225 79 153 172 24 5 240 28 156 73 16 242 51 189
    88 87 32 250 68 1 164 144 65 135 32 127 4 96 131 20 145 228 179 70
    234 85 65 102 216 39 194 179 26 10 160 12 80 140 48 40 95 36 85 186
    82 120 65 84 80 64 16 14 197 52 225 79 153 172 24 5 240 28 156 73 16
    242 51 189 88 87 32 250 68 0 144 144 200 134 2 5 2 98 1 4 144 32 19
    18 100 11 0 64 200 33 66 65 24 128 168 76 0 136 145 67 71 52 17 170
    16 104 1 72 64 0 20 10 193 20 193 79 25 172 24 5 240 24 28 73 16 114
    51 177 72 87 32 234 125 52 255 63 216 231 123 245 243 236 77 189 116
    239 187 246 255 251 211 98 255 169 255 190 216 107 254 255 67 149
    255 239 111 37 37 255 147 241 245 126 120 76 221 174 239 57 203 127
    157 172 90 37 240 30 28 65 216 254 123 185 222 6 35 230 125 52 255
    61 216 231 127 245 243 236 205 189 117 237 179 246 255 187 211 98
    255 169 255 190 220 107 254 207 65 149 251 239 233 39 37 255 147 241
    117 126 56 72 92 166 103 57 207 127 157 172 122 45 240 30 20 73 216
