<?xml version="1.0"?>
<opencv_storage>
<ImageFile>"535.jpg"</ImageFile>
<Features type_id="opencv-matrix">
  <rows>47</rows>
  <cols>64</cols>
  <dt>u</dt>
  <data>
    60 238 255 217 58 255 241 247 253 254 222 221 95 188 255 238 155 253
    251 43 245 85 254 255 249 127 149 246 109 215 127 239 207 218 231
    100 254 255 249 61 254 61 231 55 247 183 119 235 191 236 175 223 246
    29 152 92 126 223 255 239 251 251 111 254 45 238 253 72 58 253 245
    127 189 220 206 253 93 63 253 236 217 184 227 107 245 123 126 255
    249 127 5 247 109 223 127 239 207 90 239 142 223 250 249 62 125 189
    254 167 117 243 119 107 191 252 175 79 246 13 218 92 62 198 239 239
    251 251 237 222 187 254 108 239 255 253 223 25 255 255 252 251 189
    127 124 221 255 247 127 187 245 119 219 124 245 255 245 191 127 255
    255 239 207 236 207 246 255 121 249 125 127 223 111 189 213 113 255
    127 190 255 152 15 254 165 222 125 62 247 247 191 251 219 172 222
    201 14 134 209 232 183 162 247 56 253 66 67 218 241 18 10 236 217
    233 103 252 173 202 243 75 122 188 166 88 68 51 239 223 35 85 177 87
    120 237 116 120 92 58 47 209 52 247 111 153 172 24 5 240 29 156 73
    22 242 51 189 88 87 32 250 107 6 108 149 239 159 31 17 60 127 19 78
    157 125 52 69 164 245 9 228 220 119 146 112 92 250 184 62 120 16 61
    107 215 36 87 186 210 120 232 112 116 92 24 15 213 20 245 79 153 172
    24 5 240 29 156 73 16 242 51 189 88 87 40 250 206 202 130 241 253
    186 170 128 56 187 226 107 130 209 66 9 0 201 189 223 237 173 10 90
    7 223 59 231 220 103 35 214 87 251 222 33 125 188 253 34 237 52 242
    253 201 73 191 243 236 221 24 241 215 231 204 233 71 221 151 167 198
    115 145 62 209 9 155 85 201 195 242 238 26 161 5 207 146 192 131 10
    110 27 184 71 206 173 202 67 10 218 178 110 64 1 2 111 207 23 81 57
    16 237 238 98 112 60 164 99 249 28 185 167 221 140 24 245 241 125 28
    195 81 186 51 187 24 117 145 234 206 202 130 113 253 186 238 128 56
    187 234 107 194 209 66 9 0 233 191 219 237 173 10 90 7 223 59 231
    220 103 35 214 87 251 222 97 125 189 253 35 109 52 242 253 221 73
    191 243 236 223 24 241 215 231 207 233 71 221 215 167 198 115 209 62
    191 246 124 239 255 189 223 152 191 127 253 250 175 123 244 93 244
    247 63 251 253 119 147 124 229 255 251 127 254 59 247 191 215 236
    222 223 218 121 249 247 118 222 122 191 213 19 252 63 152 191 24 5
    248 189 159 109 16 246 51 191 222 223 44 186 86 50 81 163 223 178
    138 25 230 42 19 54 173 67 51 81 244 215 1 244 201 39 195 116 204
    216 252 111 82 24 241 106 87 44 87 190 91 120 233 84 112 92 24 15
    213 84 241 79 153 172 24 5 240 29 156 73 16 242 51 189 88 87 32 250
    47 222 237 170 255 191 167 89 189 127 236 251 173 63 252 205 203 253
    169 105 240 87 218 125 109 253 57 183 127 81 57 239 213 96 223 176
    119 122 173 52 255 223 122 63 85 151 118 225 185 189 28 12 240 29
    143 77 24 244 55 188 218 223 46 251 255 246 125 237 255 189 159 217
    255 127 185 250 237 121 244 117 242 245 30 113 253 243 147 124 205
    255 249 127 254 63 247 63 211 108 214 191 218 121 233 247 118 94 121
    63 213 30 252 61 153 175 24 5 240 157 159 73 16 246 51 189 92 87 32
    184 251 252 254 255 255 191 223 153 255 125 253 251 191 251 118 253
    247 247 124 191 255 255 187 125 247 255 251 127 255 123 215 255 151
    239 222 87 255 221 255 255 123 223 239 125 221 95 253 183 253 223
    155 239 253 231 223 255 122 255 244 63 255 253 190 223 124 59 255 86
    50 183 120 55 211 156 85 241 127 243 146 90 62 131 250 159 183 47 83
    215 187 123 246 223 110 252 196 232 207 59 38 180 255 28 242 125 120
    253 179 231 171 97 179 111 255 170 169 219 240 28 122 213 103 247 87
    211 123 177 205 202 76 34 247 161 216 167 163 121 132 111 194 55 209
    33 147 64 234 221 3 96 200 5 202 121 14 216 184 47 82 8 49 111 87 37
    85 187 82 120 45 86 80 68 24 14 65 4 225 71 153 44 24 5 240 29 156
    73 16 242 51 189 88 87 32 250 63 215 109 237 190 189 159 17 61 223
    127 218 205 121 124 85 180 253 44 251 244 116 146 112 109 254 181
    127 126 118 117 187 214 124 223 138 250 121 248 117 116 94 59 173
    245 148 244 127 154 191 24 7 240 149 159 93 16 247 51 189 122 223 44
    250 218 153 154 222 39 67 88 39 87 138 21 193 54 194 38 26 127 147
    48 159 6 157 231 3 171 195 242 76 67 224 150 40 150 52 49 244 127 76
    202 113 112 221 181 105 191 20 245 238 223 170 27 215 240 29 120 203
    83 243 63 249 25 113 128 235 218 25 154 214 35 67 88 39 87 138 85
    129 50 192 54 26 127 147 48 159 6 157 231 3 139 195 242 76 67 224
    150 40 215 52 49 240 127 76 194 113 112 221 181 107 187 20 245 238
    223 170 27 215 240 29 60 203 87 243 55 249 25 117 129 235 198 9 131
    245 232 142 126 197 8 239 99 154 211 224 150 10 11 89 60 111 142 173
    234 11 31 223 191 47 2 169 54 14 67 183 124 123 0 237 246 70 32 232
    225 123 171 28 109 179 85 192 48 247 69 250 180 170 193 126 113 123
    77 116 145 182 28 178 101 101 188 241 170 113 88 155 210 127 192 17
    137 65 24 205 195 219 245 121 75 216 165 58 86 246 124 87 167 198 79
    218 255 36 253 185 249 53 125 53 243 166 231 225 59 115 186 222 169
    107 246 133 216 116 38 131 215 199 227 187 237 86 250 25 246 246 63
    111 217 143 247 244 255 243 63 250 187 254 247 151 98 115 247 175
    245 54 221 203 240 91 251 249 255 239 183 45 118 254 211 122 241 253
    218 95 125 46 248 23 193 111 153 174 217 13 242 31 157 73 16 242 51
    189 120 86 32 251 252 57 255 252 50 119 125 119 209 148 213 176 95
    240 150 202 189 201 122 239 63 253 102 151 159 107 246 252 105 244
    246 168 207 63 37 239 222 124 210 125 120 191 181 111 255 61 183 110
    191 174 171 223 240 125 24 93 117 255 123 251 123 243 201 251 190
    242 125 229 254 245 187 209 62 255 123 95 205 86 251 245 246 223 13
    98 204 32 134 120 237 222 189 251 214 123 55 191 247 36 95 251 211
    123 233 245 241 92 123 62 213 6 248 61 153 189 24 5 240 157 156 105
    16 242 51 189 92 87 32 184 250 25 246 246 63 111 217 175 247 244 255
    247 63 250 250 254 255 150 102 243 229 171 229 54 221 139 240 91 251
    249 255 239 183 44 118 254 247 122 249 253 218 93 125 46 248 23 209
    111 153 174 217 13 240 31 157 73 16 243 51 189 120 86 32 251 252 25
    222 151 234 71 254 183 30 255 125 159 31 238 179 238 255 219 113 231
    125 173 231 186 219 111 255 238 193 211 246 255 251 37 117 255 83
    117 225 252 114 92 56 46 223 52 203 125 153 172 90 5 240 31 156 73
    144 242 51 189 92 86 32 250 252 57 222 183 123 67 252 167 94 249 124
    191 54 230 179 250 255 154 241 227 253 173 231 190 219 111 243 235
    193 207 247 246 255 36 69 246 87 113 233 252 122 92 60 46 221 53 211
    111 153 172 90 5 240 31 156 73 18 243 51 189 92 86 32 250 187 220
    109 143 255 157 223 25 255 127 61 219 191 127 124 253 243 247 124 49
    220 118 179 124 127 247 189 63 255 91 95 127 215 108 94 250 210 123
    233 254 243 223 104 47 213 22 252 93 153 173 24 5 248 29 159 73 16
    242 50 188 88 95 34 249 141 222 102 233 253 125 167 240 57 125 238
    203 204 61 237 173 225 252 239 104 245 64 60 248 103 125 25 178 253
    71 59 215 253 99 219 112 117 242 189 180 255 31 90 183 84 163 126
    193 168 125 92 44 217 191 139 77 54 212 167 132 210 95 38 253 254
    246 123 165 254 245 187 209 254 255 123 95 221 72 243 117 243 213 31
    99 232 161 190 124 236 223 189 175 214 31 119 191 103 165 95 251 90
    113 233 246 80 92 80 30 209 22 216 53 153 173 24 5 240 159 156 105
    16 242 51 188 92 87 32 188 187 220 109 143 255 221 159 25 255 127 61
    219 191 127 124 253 243 247 60 33 220 118 179 124 127 247 189 63 255
    91 95 127 215 100 95 250 82 123 233 244 243 223 104 47 213 22 252
    125 153 173 24 5 248 29 159 73 16 242 50 188 88 95 34 249 251 191
    255 247 119 119 251 255 252 223 214 247 255 248 178 95 250 213 123
    119 118 175 195 119 207 250 254 191 218 84 118 171 215 47 85 191 86
    124 253 116 120 92 186 111 221 61 247 239 157 172 24 133 240 61 156
    73 80 254 115 191 90 87 48 250 20 35 93 144 48 144 12 112 2 130 147
