<?xml version="1.0"?>
<opencv_storage>
<ImageFile>"536.jpg"</ImageFile>
<Features type_id="opencv-matrix">
  <rows>98</rows>
  <cols>64</cols>
  <dt>u</dt>
  <data>
    251 253 243 247 255 231 219 250 222 255 249 255 239 202 242 253 255
    247 126 127 63 143 191 125 191 255 255 63 215 123 246 191 103 239 63
    223 254 125 255 255 121 76 231 255 207 25 253 181 205 191 86 241 249
    182 180 231 208 188 240 123 255 93 177 190 77 50 229 112 220 178 35
    124 240 62 192 53 233 89 146 65 234 237 203 98 240 43 74 255 12 250
    182 167 88 5 97 207 95 35 151 187 116 184 125 117 124 96 58 143 69
    97 247 107 56 188 24 64 225 188 158 65 36 190 151 159 202 151 37 254
    178 239 125 202 50 93 157 11 239 198 61 250 63 63 252 254 243 150 38
    105 22 86 177 103 125 151 165 59 47 186 94 120 146 108 79 158 194
    122 251 254 166 223 108 125 150 86 244 47 193 173 20 13 42 21 167 93
    24 242 112 60 121 93 42 187 253 255 247 117 252 247 251 242 248 189
    229 219 206 217 147 121 246 207 255 111 255 173 238 255 175 127 247
    254 220 103 247 255 255 243 124 125 247 189 254 247 89 124 251 254
    235 41 219 127 237 255 24 247 245 254 156 203 87 255 247 159 254 119
    145 254 221 255 247 117 252 247 251 242 248 189 239 219 206 217 211
    121 246 239 255 111 255 173 238 255 175 127 247 254 220 103 247 255
    255 243 124 117 247 189 254 247 89 124 251 254 233 41 219 127 237
    255 28 247 245 254 156 203 87 255 247 143 254 119 149 254 50 197 105
    138 3 28 29 11 231 70 57 240 61 42 252 254 243 150 4 97 6 114 176
    103 125 149 167 25 19 186 28 120 192 44 78 158 194 122 139 252 162
    202 60 105 146 86 244 110 129 173 18 5 42 17 165 89 152 242 48 60 89
    92 42 177 61 255 124 206 55 253 213 121 255 212 157 248 253 127 252
    77 255 247 98 251 183 126 211 247 241 119 85 124 125 222 220 161 158
    126 227 158 218 89 251 61 125 191 191 167 181 241 245 111 186 190
    169 79 242 141 218 93 57 215 126 239 243 251 237 218 20 32 171 133
    16 68 153 238 214 142 83 21 81 4 155 226 107 212 3 100 0 128 230 0
    12 136 188 9 66 138 50 58 116 36 53 250 86 114 9 84 144 64 17 14 66
    132 160 108 155 44 95 5 176 26 148 65 128 98 41 248 76 7 32 242 255
    254 125 239 255 189 223 152 255 127 189 251 175 123 230 221 247 247
    63 251 253 119 187 124 231 255 123 127 255 123 255 191 215 237 222
    223 251 249 253 247 127 223 106 63 209 95 252 53 140 223 24 37 252
    167 159 239 120 246 246 191 222 223 62 191 20 32 43 133 16 69 153
    237 214 142 87 21 81 4 155 226 107 212 3 96 0 128 228 16 12 153 188
    9 66 138 50 58 100 36 53 250 86 114 9 84 48 64 17 14 70 132 160 108
    27 44 95 5 176 26 148 65 144 98 41 216 76 7 32 242 175 255 109 239
    247 189 223 24 253 95 189 251 175 123 228 125 178 247 62 255 117 118
    179 116 101 255 113 55 255 123 126 185 158 124 222 214 251 121 249
    181 127 223 59 189 241 83 244 111 188 191 152 15 248 165 222 125 56
    151 118 175 243 223 174 219 60 171 238 154 34 95 144 39 119 214 22
    148 93 178 189 238 250 210 96 166 213 117 209 247 217 32 164 29 104
    220 156 232 199 44 71 186 222 122 201 124 244 93 52 47 212 54 241
    110 155 172 153 13 242 29 153 89 18 242 51 189 91 83 104 251 175 255
    108 74 55 253 211 24 255 85 181 250 175 123 236 221 155 245 126 255
    119 118 177 119 117 247 213 61 127 126 222 177 142 108 211 158 202
    89 251 61 254 159 58 165 213 115 245 110 190 191 129 13 250 181 219
    85 56 247 118 191 123 219 238 219 249 222 239 255 255 253 255 249
    253 255 254 219 255 249 255 237 227 221 127 107 252 135 175 124 111
    255 191 175 223 23 59 191 243 37 92 251 83 119 237 246 218 94 120 62
    217 159 218 181 157 173 30 37 248 159 157 105 16 244 49 189 92 87 34
    189 12 140 238 220 46 255 250 55 61 252 84 205 30 124 63 204 169 217
    225 227 245 113 246 115 121 107 132 54 121 213 53 231 215 48 87 176
    215 122 233 124 112 29 122 47 213 20 247 111 153 172 24 13 240 29
    156 73 18 242 51 189 90 87 34 251 125 29 255 158 115 207 91 127 151
    228 95 149 29 254 191 126 255 215 112 103 214 63 210 51 89 234 164
    93 114 216 126 105 199 36 85 186 210 122 201 124 112 93 189 46 213
    20 229 111 157 172 25 13 240 29 156 73 24 242 123 185 91 86 34 250 1
    1 152 150 1 2 16 6 18 128 5 192 0 19 132 19 110 130 0 7 197 37 193
    99 65 130 160 77 82 8 128 97 214 36 84 186 18 88 201 116 112 92 56
    39 240 20 241 110 153 172 24 5 240 29 156 73 16 242 51 189 88 87 32
    251 1 1 144 214 33 2 216 86 22 212 37 193 2 89 2 7 110 214 32 103 68
    44 192 115 73 139 160 8 80 8 48 105 214 36 116 186 82 120 201 116
    240 92 56 47 208 20 241 110 153 172 24 5 240 29 156 73 16 242 51 189
    88 87 32 251 126 61 255 150 114 199 95 39 87 228 87 150 159 238 178
    94 251 215 112 103 223 189 195 51 91 234 176 31 82 216 126 107 199
    36 85 186 210 120 225 124 112 93 189 47 213 20 229 111 159 172 25 13
    240 29 156 73 24 242 115 185 89 23 32 250 58 54 117 166 31 229 173
    125 247 124 248 117 125 111 177 245 247 246 195 96 240 34 189 62 220
    173 228 27 123 217 249 239 229 172 86 190 246 112 161 244 95 94 94
    142 196 118 197 79 184 172 88 13 242 28 156 73 152 242 51 188 218 70
    42 252 252 235 255 253 250 127 253 247 253 253 254 219 223 244 251
    238 251 221 255 111 127 221 238 187 127 127 191 178 237 199 62 255
    255 103 117 251 87 255 253 118 255 127 251 54 255 175 91 177 141 173
    127 245 219 255 159 76 212 252 105 239 95 79 35 254 60 254 125 252
    62 127 125 127 245 254 254 181 125 60 253 230 251 220 195 107 244
    114 252 190 253 173 167 155 127 215 125 255 241 36 117 190 215 114
    241 244 250 223 126 62 214 183 71 110 185 173 94 5 250 29 159 77 144
    242 43 252 219 94 42 245 84 33 147 145 16 66 168 231 64 170 195 22
    82 132 147 66 106 73 161 71 11 133 70 139 141 152 186 141 0 142 50
    90 87 4 125 187 16 252 73 84 48 64 48 42 111 12 1 254 25 44 56 149
    240 28 28 72 128 106 19 249 76 7 97 226 83 49 153 26 17 130 16 14 66
    0 21 176 32 130 132 18 106 3 32 213 129 37 65 71 128 130 224 13 2 40
    128 104 151 36 21 186 10 8 65 116 112 218 56 41 145 20 181 111 145
    174 9 5 240 24 92 73 16 178 51 185 24 87 96 203 51 49 201 18 21 130
    5 14 198 34 21 48 33 202 132 83 98 71 32 80 194 39 195 71 12 130 224
    13 18 40 65 105 135 44 148 186 2 56 35 85 32 202 48 201 209 16 181
    79 18 172 25 0 96 24 92 65 16 50 51 153 24 215 36 251 170 142 238
    231 43 221 179 173 189 253 86 215 157 59 123 228 128 57 203 187 244
    115 222 246 121 42 148 178 108 209 63 223 175 120 67 48 255 90 248
    60 252 61 123 182 208 231 211 107 189 236 141 9 215 29 153 92 62 230
    247 189 235 223 40 222 35 69 72 154 3 140 5 9 167 70 1 130 157 171
    188 87 202 118 0 100 10 246 208 97 92 148 177 9 18 152 24 41 210 36
    86 154 66 120 3 94 32 202 60 41 20 28 228 14 145 164 16 4 32 25 151
    9 24 114 57 189 88 85 34 243 205 206 110 169 238 127 186 245 61 255
    238 203 218 56 127 239 129 249 255 233 253 209 126 248 81 109 157
    178 253 215 63 211 253 16 215 97 127 251 173 248 250 31 122 63 213
    247 246 105 189 237 28 5 209 93 221 88 22 244 55 188 222 210 106 249
    255 213 124 215 255 189 223 25 191 127 189 250 191 127 116 125 244
    247 94 247 254 127 146 126 254 254 231 127 254 123 255 191 215 237
    158 223 218 121 251 255 86 223 207 95 209 30 253 31 157 191 24 13
    250 189 159 127 56 246 115 191 251 223 62 249 138 138 134 165 207
    229 168 177 60 255 114 79 155 233 115 172 237 217 101 243 252 134
    174 248 91 127 191 234 208 151 51 255 127 44 95 187 91 125 233 124
    120 92 56 62 209 53 218 117 153 172 24 5 240 31 156 73 16 240 51 189
    92 87 32 186 186 245 125 255 63 189 221 57 255 255 253 251 189 122
    124 118 246 182 70 187 247 122 209 126 253 190 231 59 127 251 253
    254 239 236 174 246 254 123 250 255 251 223 231 239 178 119 181 111
    187 191 155 79 254 29 253 93 56 243 255 251 251 255 174 223 175 253
    238 253 55 125 221 219 189 223 173 255 159 238 244 239 187 244 118
    107 119 126 244 127 127 255 183 59 127 127 126 251 198 100 190 250
