<?xml version="1.0"?>
<opencv_storage>
<ImageFile>"537.jpg"</ImageFile>
<Features type_id="opencv-matrix">
  <rows>9</rows>
  <cols>64</cols>
  <dt>u</dt>
  <data>
    173 254 109 233 255 253 247 248 253 93 254 251 239 125 252 237 243
    253 255 121 245 118 152 252 111 255 25 179 255 87 127 255 222 104
    223 250 247 251 249 181 127 223 122 191 213 163 254 113 172 189 157
    44 248 183 143 93 62 212 247 175 219 223 44 190 252 236 255 249 122
    127 255 255 221 254 252 191 95 164 255 238 155 221 251 111 253 209
    238 184 95 237 190 183 201 215 63 255 249 131 117 121 247 247 253
    124 122 125 255 62 127 191 111 241 191 236 126 245 219 255 156 220
    222 236 239 249 223 206 123 246 255 254 111 237 255 255 223 216 255
    127 251 250 239 253 254 253 243 245 63 255 111 207 191 124 239 223
    127 63 223 63 119 191 242 239 222 95 90 247 253 183 127 222 106 127
    221 222 252 177 205 221 22 181 205 231 143 235 208 220 176 47 212 93
    16 188 191 254 125 239 255 253 223 216 255 93 254 251 239 127 252
    253 243 245 63 41 245 126 187 124 111 255 127 59 255 123 127 255 215
    229 220 223 246 127 249 247 247 223 107 63 221 134 252 53 141 181 22
    5 232 183 143 109 56 246 122 159 223 95 54 190 183 250 99 135 252
    212 139 200 206 239 187 126 235 79 211 117 235 213 39 99 205 132 138
    124 78 223 189 43 150 10 51 63 87 36 93 155 82 124 233 118 97 92 56
    63 213 20 252 53 153 173 16 5 240 31 156 73 16 242 49 189 92 87 32
    186 122 213 104 186 55 156 29 9 111 235 185 170 191 138 100 95 221
    183 36 221 139 246 209 45 213 215 243 125 19 186 244 161 194 188 222
    175 235 109 162 123 34 202 117 233 151 93 244 63 214 170 16 7 46 145
    247 245 152 179 241 253 63 209 248 34 230 238 227 165 220 100 175
    205 236 255 170 123 195 207 243 253 235 213 47 103 77 133 174 60 79
    223 63 43 215 14 50 63 113 37 93 155 82 116 237 246 113 84 56 63 207
    30 252 181 137 173 84 5 240 31 132 73 144 240 33 188 92 87 32 184
    173 254 109 237 255 189 183 121 253 93 222 255 253 127 252 197 251
    253 239 121 245 118 155 244 125 126 29 183 124 95 119 255 223 104
    223 190 223 123 249 61 125 93 122 191 213 113 246 111 185 189 153 13
    248 157 159 93 62 246 55 189 218 223 44 250 166 99 97 163 150 220
    143 201 206 79 59 114 233 14 248 117 227 213 39 101 68 38 128 116 13
    223 189 41 146 10 50 25 82 36 93 154 82 120 233 212 96 84 56 45 213
    22 244 60 153 173 16 5 240 29 140 73 16 242 51 189 92 87 32 186</data></Features>
</opencv_storage>
