<?xml version="1.0"?>
<opencv_storage>
<ImageFile>"54.jpg"</ImageFile>
<Features type_id="opencv-matrix">
  <rows>229</rows>
  <cols>64</cols>
  <dt>u</dt>
  <data>
    124 238 239 249 126 255 253 255 253 255 222 253 223 252 255 238 155
    253 251 107 245 87 222 255 127 127 151 182 109 215 127 239 207 216
    199 100 255 255 249 63 124 125 239 55 253 245 247 235 191 252 175
    223 247 189 222 92 126 254 255 255 251 223 109 254 108 204 110 137 3
    223 135 141 173 198 46 140 25 60 127 238 137 48 123 61 24 83 254 32
    113 245 29 36 45 218 31 155 140 76 195 203 210 91 173 58 54 53 108
    181 23 254 116 160 23 8 183 44 155 77 229 190 248 204 40 124 195 217
    122 218 171 198 108 168 63 61 53 91 53 116 108 194 29 61 108 111 195
    252 37 97 240 82 144 114 85 253 129 18 123 82 61 105 208 100 84 186
    195 120 169 252 118 223 56 175 212 23 244 109 153 173 24 12 248 29
    159 13 56 242 51 188 90 214 44 248 118 48 241 151 216 134 27 73 198
    103 147 54 241 74 147 84 226 213 3 96 201 37 194 117 12 136 188 47
    82 8 49 107 87 36 85 186 82 120 161 86 80 72 24 14 193 20 225 79 153
    172 24 5 240 28 156 73 16 242 51 189 88 23 32 250 5 2 0 32 8 32 32
    66 0 40 66 5 0 7 129 3 72 8 129 64 225 32 72 82 4 24 144 129 64 6 33
    195 85 0 85 170 49 168 9 68 72 0 16 130 64 1 34 105 24 44 24 0 240
    28 152 0 18 226 19 181 72 19 32 106 13 34 16 32 24 96 32 70 0 42 194
    53 64 3 129 35 74 8 129 64 225 32 73 146 4 24 160 129 64 6 163 194
    81 0 85 170 49 186 73 84 200 68 24 2 96 1 162 111 24 44 24 4 240 28
    24 65 22 242 19 181 8 19 32 106 58 48 125 166 55 181 27 57 214 78
    213 52 125 10 48 87 252 246 67 209 241 50 209 118 188 184 228 89 82
    252 245 233 76 44 150 190 218 120 129 125 88 201 21 15 208 117 160
    110 155 174 152 9 240 29 220 81 48 178 59 184 122 151 40 250 76 34
    247 33 56 247 171 246 192 190 194 53 65 134 155 67 10 77 195 75 241
    5 78 219 137 120 156 198 72 196 35 222 79 16 231 165 53 184 233 69
    108 4 114 166 103 225 3 107 56 236 40 83 247 93 28 80 6 170 151 165
    234 7 97 118 188 50 119 165 190 245 187 252 220 255 210 53 229 12
    219 246 251 220 203 105 249 128 239 188 141 169 172 171 94 71 119
    255 113 37 125 255 87 247 169 245 217 68 83 30 194 167 234 117 168
    45 94 37 242 159 156 65 132 242 43 220 223 6 32 182 172 238 239 201
    250 253 243 253 189 253 238 223 223 125 251 236 235 253 251 107 244
    117 254 249 127 255 29 182 253 215 63 255 255 96 87 250 214 251 249
    60 255 93 122 54 213 166 253 99 189 173 159 13 242 29 159 77 52 246
    123 173 219 95 42 254 61 54 125 172 55 191 63 122 245 94 214 53 125
    63 188 85 242 252 67 96 241 114 209 247 204 168 228 157 122 92 125
    233 221 108 215 190 214 122 145 125 222 223 95 14 212 167 230 79 186
    188 153 13 226 29 159 93 56 178 59 188 219 222 46 249 158 48 89 166
    60 32 185 252 210 138 211 117 101 3 147 80 114 212 5 97 64 160 228
    48 140 136 160 139 210 8 49 123 117 36 28 186 82 114 1 212 208 64 25
    14 192 4 192 76 153 44 24 5 112 28 156 73 144 242 51 156 92 22 34
    249 103 34 129 162 221 130 3 8 196 34 18 54 161 10 131 70 98 5 1 84
    201 7 194 85 4 152 184 13 18 8 33 75 71 36 85 186 82 56 41 84 96 80
    16 143 85 16 161 111 153 172 24 1 240 29 156 65 16 242 51 189 88 87
    32 122 125 53 253 221 254 183 123 125 247 116 213 55 253 123 179 71
    242 245 91 102 253 119 210 247 92 234 188 63 122 93 125 235 215 36
    21 186 210 120 241 117 116 93 24 14 209 52 225 79 157 172 24 5 240
    29 156 73 24 246 51 157 88 87 32 251 117 181 109 156 54 159 31 125
    231 102 149 176 125 123 180 71 226 213 66 99 213 35 194 119 77 170
    164 15 82 28 49 105 215 36 84 186 82 120 225 116 114 94 56 47 208 20
    229 111 153 172 24 5 240 29 157 73 16 242 51 189 88 86 34 251 62 52
    125 170 27 29 5 77 247 114 134 52 125 62 189 86 254 178 67 240 241
    112 81 118 213 136 224 201 106 220 253 225 141 44 71 190 250 122 129
    124 252 95 28 141 84 85 230 79 153 172 136 12 242 29 221 89 56 242
    63 188 90 211 106 219 43 22 69 162 223 185 7 88 116 124 2 115 173
    127 164 85 226 244 1 96 224 96 137 116 70 156 41 11 254 8 49 111 213
    36 84 186 82 112 41 116 116 84 26 15 84 4 244 77 152 164 24 4 240 29
    142 73 16 242 51 156 88 87 32 248 45 231 100 113 153 189 229 89 172
    126 138 101 224 127 233 69 194 124 135 98 247 106 24 122 86 190 3
    131 220 70 41 215 239 194 95 186 113 242 121 60 205 116 90 198 84
    195 211 67 168 61 24 12 242 29 143 9 16 226 247 175 202 119 169 56
    125 54 245 48 124 183 47 126 240 62 192 49 109 91 145 69 234 237 195
    98 241 39 81 247 142 184 164 143 90 12 97 235 95 44 149 190 85 56 33
    125 124 68 26 142 197 97 195 79 184 172 24 1 240 60 156 65 52 178 51
    159 218 215 36 250 135 2 0 35 41 80 140 128 16 187 2 67 128 11 3 18
    13 42 160 153 161 130 79 72 1 21 29 226 4 35 163 86 21 152 169 32
    125 136 40 10 104 4 34 185 135 65 54 105 58 202 56 3 212 0 120 96 38
    81 150 85 164 147 96 78 45 239 100 120 217 189 229 89 188 94 194 113
    224 123 237 69 194 253 135 98 247 46 25 127 86 186 3 135 94 76 41
    215 207 70 94 186 113 186 249 60 237 118 26 199 80 227 211 195 184
    61 24 68 242 29 143 9 18 226 247 167 202 119 163 121 53 183 109 156
    54 159 23 127 231 68 189 176 125 123 180 71 226 212 67 97 213 35 208
    247 77 170 164 13 83 28 113 105 223 36 84 186 82 120 225 244 114 94
    56 47 208 52 245 111 153 172 24 5 240 29 157 73 16 242 51 189 88 86
    34 251 109 142 230 117 201 238 227 13 57 253 78 205 154 125 107 164
    129 57 185 99 254 109 218 123 81 234 10 182 108 243 43 207 135 211
    97 33 181 203 254 42 237 61 234 226 229 27 255 115 189 202 41 125
    215 101 185 174 127 206 247 175 130 247 153 94 250 245 125 182 255
    191 223 73 254 125 245 123 191 122 180 93 242 215 53 119 229 39 147
    119 238 222 249 63 210 121 117 235 215 36 84 190 210 121 233 117 112
    223 56 15 209 20 245 79 153 172 24 5 240 29 156 73 16 242 51 189 88
    87 32 251 101 38 101 128 80 151 3 125 228 102 130 52 113 47 177 70
    226 245 67 100 209 35 209 244 92 168 172 13 82 140 49 73 213 36 71
    186 82 120 1 92 112 84 24 15 85 116 228 79 153 172 24 5 240 29 156
    73 16 242 51 188 88 87 32 250 118 49 249 150 18 7 93 79 198 102 149
    48 125 238 176 86 250 214 2 98 131 160 193 39 220 130 228 9 82 188
    245 105 211 36 20 190 66 120 193 92 16 202 28 10 208 20 197 78 153
    172 24 5 112 29 148 73 16 242 51 189 88 22 34 250 251 220 254 175
    255 191 159 177 126 127 95 223 191 127 126 221 246 247 61 246 253
    213 147 112 239 254 249 127 251 95 255 123 247 36 84 250 82 123 169
    244 210 94 24 14 209 22 208 77 153 172 24 5 248 29 157 73 16 242 51
    189 88 87 34 249 35 0 8 130 29 128 3 12 198 98 16 52 33 11 129 21 74
    84 1 64 192 2 137 100 76 144 40 9 18 8 33 73 85 36 21 186 18 112 9
    84 32 64 24 8 84 20 224 77 25 44 24 4 176 24 156 73 16 50 51 184 72
    87 32 242 111 190 239 169 254 191 159 112 252 127 94 30 223 255 187
    109 226 213 59 100 233 69 130 125 78 200 172 47 218 29 49 107 215 36
    85 187 82 123 173 116 112 92 24 14 213 20 245 77 153 172 24 5 240 29
    156 73 16 246 51 188 88 87 34 248 126 48 253 149 126 183 91 125 214
    228 215 52 253 218 179 86 250 213 83 98 249 55 211 119 156 232 252
    31 82 221 117 235 71 44 23 190 214 120 225 93 120 93 85 14 197 36
    193 111 159 172 153 9 240 29 156 81 48 242 59 185 122 151 40 254 118
    33 249 158 18 135 27 77 230 230 149 180 253 238 180 86 242 213 2 99
    139 35 195 39 92 130 164 15 82 188 117 107 215 36 20 186 66 120 193
    126 80 90 60 42 209 20 225 111 153 172 24 5 240 29 156 73 16 242 51
    189 88 86 34 251 60 247 125 236 54 61 61 123 245 92 213 177 93 57
    180 87 242 220 67 105 241 112 208 119 93 168 164 153 126 92 125 233
    210 100 86 186 210 122 145 244 222 223 24 15 208 135 198 78 153 173
    24 5 240 29 159 77 16 242 51 156 88 86 34 249 124 48 253 149 126 167
    91 125 214 228 215 52 253 122 187 86 250 213 83 98 249 55 211 247
    156 232 252 31 82 221 117 235 199 44 23 190 214 120 225 93 120 93 85
