<?xml version="1.0"?>
<opencv_storage>
<ImageFile>"56.jpg"</ImageFile>
<Features type_id="opencv-matrix">
  <rows>274</rows>
  <cols>64</cols>
  <dt>u</dt>
  <data>
    186 222 108 175 255 253 159 185 255 255 127 217 189 62 125 253 255
    246 125 249 244 82 191 124 125 253 173 63 255 251 127 255 245 236
    223 219 222 115 169 255 247 223 111 63 212 150 252 125 159 189 158
    13 250 189 159 93 184 246 59 188 223 223 46 189 43 214 108 170 63
    253 157 24 63 223 61 232 189 59 124 253 149 246 4 185 240 82 177 116
    117 181 233 123 127 123 253 243 180 252 222 230 251 121 184 249 246
    223 123 61 212 214 244 109 155 191 30 13 250 149 255 93 56 247 63
    156 251 219 110 251 211 20 147 183 221 130 155 137 134 107 19 86 129
    74 131 84 110 215 1 98 200 37 130 120 14 218 184 47 210 8 51 107 87
    36 84 187 82 120 233 86 80 72 24 14 209 20 193 79 153 172 24 5 240
    29 156 73 16 242 51 189 88 87 32 250 175 238 239 170 55 125 149 255
    253 223 252 248 127 63 254 239 203 244 127 249 113 82 253 117 125
    253 29 51 127 223 126 249 212 108 215 250 218 123 189 124 126 223
    124 191 85 182 116 228 157 173 158 12 250 29 143 93 56 244 43 188 91
    223 42 251 63 245 125 172 55 189 61 125 245 212 213 240 125 59 180
    87 250 244 67 97 241 114 209 119 93 170 164 159 123 92 125 233 215
    36 87 186 82 120 233 124 122 95 56 47 212 21 245 111 153 172 24 5
    240 29 156 73 24 242 51 189 88 87 34 251 62 51 125 184 54 61 61 125
    245 126 219 52 125 126 185 246 242 212 67 96 245 112 209 182 221 168
    228 153 106 220 125 233 247 44 87 190 222 114 129 124 190 93 21 14
    84 183 229 78 155 172 153 13 242 29 157 89 8 242 59 184 90 198 42
    240 124 50 119 181 190 225 59 252 220 191 210 53 229 132 155 242 250
    220 195 107 233 169 239 156 141 168 238 139 82 69 119 255 113 37 125
    191 87 247 161 215 216 68 83 30 234 167 202 125 136 36 94 1 224 158
    156 73 132 242 51 252 92 6 32 180 47 238 109 170 223 125 135 125 253
    86 252 184 125 63 255 237 203 244 99 100 113 82 157 116 93 253 29 49
    255 222 59 137 212 108 87 186 82 114 173 124 118 95 60 191 84 150
    116 228 153 173 28 12 242 29 143 77 56 244 35 188 90 223 42 249 13
    34 16 32 24 96 32 70 0 170 194 37 64 0 137 35 74 72 129 64 225 32 72
    146 4 24 128 193 64 6 33 194 81 0 85 170 17 186 1 84 200 4 16 2 64 5
    34 109 24 44 56 4 240 28 28 65 22 162 3 180 72 6 32 98 127 181 237
    186 119 191 63 127 245 126 213 184 253 250 180 95 250 245 99 103 245
    119 211 119 93 251 164 63 82 220 117 233 215 36 87 186 82 120 233
    124 120 95 56 47 213 21 245 111 153 172 24 5 240 29 156 73 16 242 51
    189 88 87 32 251 62 51 125 184 54 63 63 125 213 126 219 52 125 110
    185 118 242 212 67 98 245 112 193 182 220 168 228 153 106 220 125
    233 247 44 87 190 222 122 193 124 188 93 21 14 84 151 197 79 155 172
    153 13 242 29 157 89 8 242 59 184 90 214 42 240 254 61 247 246 119
    47 127 123 213 216 215 247 255 206 182 94 242 213 59 127 119 47 193
    119 79 222 242 29 82 124 126 233 214 39 116 191 210 126 223 117 89
    253 189 111 207 29 245 239 221 164 24 197 226 61 156 73 80 246 115
    191 89 119 177 250 58 175 246 254 91 207 195 107 95 80 222 117 63
    126 233 252 243 147 33 118 199 47 129 119 95 222 98 13 82 218 120
    233 215 39 85 186 82 114 217 124 241 93 156 110 205 23 245 111 153
    172 24 5 242 29 157 73 16 242 51 189 88 71 32 248 45 134 108 40 159
    189 161 93 188 124 206 53 61 127 233 229 194 188 67 240 245 114 153
    118 84 40 4 129 254 84 121 195 253 44 71 186 83 114 137 124 254 85
    26 142 84 243 226 79 185 44 24 12 242 29 141 73 48 226 39 188 90 214
    46 217 45 55 100 112 255 183 33 122 244 124 240 115 237 123 176 69
    242 253 71 114 245 110 145 119 6 186 167 143 126 28 97 233 95 46 86
    190 82 56 49 252 252 70 26 143 192 225 211 79 184 173 24 1 240 28
    159 73 48 242 115 159 90 87 36 249 45 55 100 112 255 183 33 122 228
    60 242 115 237 123 176 69 242 253 71 114 245 46 145 119 6 186 167
    143 254 28 97 233 95 46 86 190 83 56 49 124 252 70 26 143 192 225
    211 79 184 173 24 1 240 28 159 65 48 242 115 159 90 87 36 249 126 61
    246 246 119 47 127 107 215 88 215 247 127 238 252 94 242 149 63 119
    247 47 193 119 95 222 226 29 82 222 124 233 214 39 117 187 82 126
    223 116 81 253 189 111 205 29 245 239 221 164 24 133 226 61 156 73
    80 246 115 191 89 87 177 250 45 38 100 40 159 189 161 89 180 124 194
    53 61 127 233 101 194 252 195 114 245 98 153 118 84 40 4 129 248 84
    121 195 255 46 71 186 83 50 137 124 222 85 26 142 84 227 195 79 185
    44 24 12 242 29 141 73 48 242 55 188 90 214 42 249 58 191 116 235
    155 205 161 69 127 84 94 117 61 126 251 244 251 210 1 98 197 42 199
    118 93 142 36 9 118 218 251 235 183 38 85 186 82 114 233 124 241 93
    24 46 84 150 245 111 153 172 25 5 242 29 157 73 16 242 51 189 88 79
    32 248 121 53 253 213 255 183 91 125 247 116 213 55 253 121 179 86
    242 245 91 102 252 119 210 119 220 234 252 31 122 93 125 235 215 36
    21 190 210 120 241 124 116 93 92 14 209 52 193 79 157 172 24 5 240
    29 156 73 24 246 51 157 88 87 32 251 121 21 253 221 255 183 91 125
    247 116 213 62 253 249 179 86 246 213 91 102 252 119 210 119 92 234
    244 63 122 93 125 235 215 36 21 190 210 120 241 116 116 93 24 14 209
    20 225 79 157 172 24 5 240 29 156 73 24 246 51 157 88 87 32 251 47
    245 109 220 55 61 93 91 247 94 173 242 255 122 244 79 243 244 103
    127 119 118 81 247 213 191 247 185 122 222 116 169 202 44 198 190
    202 120 209 125 126 223 60 175 212 117 245 110 185 173 152 13 234 29
    158 93 56 242 115 191 123 215 40 250 254 57 251 246 119 35 123 254
    214 153 213 243 255 218 150 94 242 213 59 127 47 175 195 119 143 202
    242 157 82 108 244 169 215 39 52 255 86 124 215 117 216 238 179 127
    219 29 193 239 223 166 25 213 241 62 156 203 80 254 115 219 93 117
    177 251 33 23 84 50 29 178 35 88 36 122 130 5 160 73 161 5 226 245 1
    98 224 34 129 119 68 154 160 12 82 0 33 97 223 36 85 186 83 120 233
    116 112 92 24 15 208 17 243 79 153 172 24 5 240 29 156 73 16 242 51
    189 88 87 32 250 126 57 251 246 215 162 123 110 214 9 213 59 239 202
    134 90 114 215 59 87 79 175 195 119 142 202 250 109 82 44 240 168
    215 47 20 191 86 124 87 116 88 202 185 75 217 29 193 206 223 164 25
    213 113 124 156 203 64 254 115 155 88 117 177 251 125 255 247 254
    127 191 239 123 246 126 208 49 127 239 189 93 242 247 251 98 245 111
    153 127 222 234 230 159 122 93 249 239 215 111 93 191 247 126 245
    124 254 94 218 142 221 181 211 207 189 172 24 5 242 61 157 73 24 246
    119 191 218 87 42 245 239 254 239 171 255 191 163 216 188 127 194
    127 191 255 251 77 226 245 59 102 237 199 154 125 78 248 188 47 222
    9 59 123 247 36 85 187 82 114 173 116 210 94 24 30 209 22 192 213
    153 172 24 5 240 29 157 73 16 242 51 188 88 87 34 249 115 133 201
    159 238 135 91 9 166 231 21 158 157 106 55 94 228 215 0 99 206 39
    194 115 92 218 182 47 82 185 53 107 215 36 85 186 82 120 233 126 112
    94 56 15 209 20 225 111 153 172 24 5 240 29 156 73 16 242 51 189 88
    87 34 251 249 253 255 254 54 55 125 123 245 255 213 251 255 251 182
    95 242 213 119 111 246 127 211 119 255 254 183 191 90 89 118 233 215
    38 20 190 210 120 249 117 120 222 185 47 209 21 245 111 153 172 24 5
    240 29 156 73 16 242 115 191 90 87 32 251 61 247 125 254 55 191 63
    125 247 94 253 177 125 59 188 119 243 244 67 104 241 114 209 119 205
    173 229 157 127 92 125 233 215 100 23 190 210 120 177 245 126 223 58
    47 212 183 245 78 153 172 28 5 240 29 159 77 24 242 59 156 90 86 34
    249 47 245 109 248 55 61 93 91 245 94 189 250 253 123 244 79 243 245
    103 127 119 118 17 247 213 255 247 185 122 222 116 169 202 44 199
    190 202 120 217 125 126 223 60 175 212 117 245 110 185 173 152 13
    234 29 158 93 56 242 115 191 123 215 40 250 3 22 0 34 221 176 38 24
    32 59 128 97 172 11 0 17 100 239 1 208 233 34 27 124 68 152 105 39
    90 5 225 71 95 172 156 48 115 184 33 98 108 66 10 137 65 65 210 83
