<?xml version="1.0"?>
<opencv_storage>
<ImageFile>"57.jpg"</ImageFile>
<Features type_id="opencv-matrix">
  <rows>207</rows>
  <cols>64</cols>
  <dt>u</dt>
  <data>
    125 174 247 221 122 223 243 255 255 252 94 189 223 254 251 238 251
    213 123 107 253 45 222 191 95 255 180 63 121 219 127 255 215 39 117
    186 86 122 249 124 244 93 120 46 221 182 245 111 157 172 24 13 242
    29 157 73 16 246 51 189 91 87 32 250 189 253 255 254 55 127 245 251
    127 213 253 251 127 254 254 254 251 212 125 111 55 220 165 51 111
    255 243 57 255 95 126 185 242 102 117 218 214 127 249 245 115 223
    253 127 220 23 117 238 207 189 87 157 250 31 135 77 24 244 105 255
    93 95 39 251 99 196 12 138 207 140 23 9 63 107 44 200 156 47 108 31
    197 55 20 177 200 115 218 104 81 213 169 110 27 91 25 103 211 164 85
    33 98 201 173 122 114 222 108 41 149 28 252 51 149 196 24 4 229 93
    221 171 24 246 179 189 154 87 58 255 246 49 211 247 221 162 107 74
    198 105 210 115 175 203 128 84 114 215 29 102 206 175 170 127 14 138
    234 15 210 8 96 61 114 167 20 191 98 116 87 214 193 64 152 74 201 8
    201 151 201 36 80 128 96 62 141 235 64 124 49 155 92 6 49 185 61 172
    239 184 62 127 241 255 245 252 222 181 125 254 187 238 235 220 115
    98 245 115 214 55 125 237 180 141 123 223 127 235 245 36 85 186 86
    114 233 124 122 93 124 46 213 55 245 110 153 172 26 5 240 29 156 73
    16 242 59 189 91 95 34 250 171 213 76 223 239 157 95 17 63 127 61
    202 188 125 100 29 181 247 60 179 254 118 145 122 113 247 243 126
    127 115 255 115 210 252 210 48 243 73 250 233 118 223 107 237 213 80
    245 127 157 139 24 13 252 141 222 205 57 247 115 191 242 251 40 186
    72 136 154 223 235 203 210 143 63 241 14 205 146 246 235 252 235 147
    185 38 206 29 206 123 123 207 24 47 103 203 31 111 183 167 113 51 82
    219 239 118 241 93 108 38 221 158 253 227 221 172 91 149 247 93 157
    203 80 254 58 189 89 77 19 254 83 50 16 3 200 130 2 0 66 35 3 34 160
    2 129 17 102 131 24 132 139 37 11 76 128 208 120 111 130 9 129 70 23
    133 4 31 0 136 39 70 32 64 64 1 1 72 136 17 20 68 0 32 37 224 64 227
    64 60 144 20 136 1 112 68 60 172 239 168 26 127 241 255 245 252 222
    181 125 126 187 236 251 220 99 98 245 51 214 55 127 233 180 133 123
    223 127 235 245 36 85 186 86 114 233 124 120 93 124 46 213 55 245
    111 153 172 26 13 240 29 156 73 16 242 59 189 90 95 34 250 56 141
    237 140 38 255 191 119 189 214 95 132 93 60 125 198 157 248 98 235
    180 115 210 247 253 125 149 252 105 246 255 233 199 124 67 172 222
    120 232 121 124 29 117 175 245 180 247 111 187 168 137 15 242 29 152
    93 56 243 123 253 123 219 104 250 122 189 253 190 55 255 95 127 255
    220 213 253 127 60 190 222 255 245 115 125 244 119 242 119 253 255
    244 61 123 218 126 233 215 44 71 190 222 120 249 124 120 221 61 47
    213 53 245 110 157 172 154 13 240 29 156 93 56 246 123 189 123 223
    40 250 185 51 247 116 52 50 37 250 224 20 198 115 103 217 130 83 234
    213 39 103 99 172 193 119 14 191 181 169 210 14 114 169 82 38 20 186
    82 120 105 84 120 64 56 63 201 1 245 238 152 172 24 5 240 28 156 73
    16 242 51 157 88 23 36 250 254 57 243 246 119 6 91 239 198 33 213 51
    255 202 146 94 250 151 115 87 127 175 227 23 158 218 246 47 210 188
    246 168 199 45 4 191 202 60 225 92 88 88 177 235 201 61 165 111 153
    166 153 137 240 30 156 65 64 242 113 185 120 87 32 250 169 19 245
    116 52 55 37 122 224 20 199 83 111 249 146 67 235 244 39 111 98 172
    193 118 12 255 181 169 82 6 114 169 210 36 21 186 82 120 105 84 120
    80 56 63 197 1 245 110 153 164 24 5 240 28 158 73 16 242 51 157 88
    23 32 250 253 254 255 104 55 255 245 123 253 221 252 251 255 187 254
    206 251 189 255 127 245 87 219 247 253 127 125 183 127 223 126 235
    207 108 199 254 223 121 253 125 254 223 255 191 213 247 119 239 191
    191 137 141 242 61 223 93 126 246 247 253 251 223 236 223 247 52 210
    51 217 194 130 140 74 163 130 62 162 130 131 114 122 163 49 151 201
    135 79 12 132 194 248 111 130 13 195 118 167 135 69 183 48 153 109
    126 192 84 32 128 145 88 9 181 217 108 24 33 244 57 120 227 82 56
    151 49 152 80 48 79 125 55 247 241 252 183 39 121 244 125 208 51 237
    251 145 71 242 253 203 98 249 111 154 255 158 234 166 159 122 220
    113 255 123 39 86 191 85 120 117 124 92 68 26 142 193 161 195 79 152
    44 24 1 240 28 156 73 0 246 115 157 218 86 32 248 84 33 147 23 65
    130 74 239 194 162 1 54 178 194 131 18 106 3 48 71 11 141 195 7 154
    210 250 109 2 168 162 42 71 7 37 191 16 44 71 94 32 64 181 106 171
    28 129 175 95 174 56 213 113 88 60 195 64 122 49 249 8 21 177 106
    247 60 251 19 217 194 131 204 218 171 130 126 231 202 131 121 122
    167 186 23 205 133 111 76 134 195 120 47 130 11 195 111 175 135 213
    255 48 189 111 126 64 84 96 232 153 88 57 181 213 236 24 49 180 179
    124 227 116 56 180 57 156 213 240 78 247 252 218 75 223 219 210 136
    123 185 46 255 190 118 235 249 255 179 188 155 205 143 47 108 227 87
    121 111 191 75 203 118 191 239 93 87 119 215 255 246 211 93 106 118
    157 94 124 177 237 223 78 181 253 231 201 235 86 252 164 47 158 125
    183 156 4 171 143 216 32 185 232 115 128 154 67 128 67 145 153 11 8
    76 224 43 134 116 64 219 13 147 151 180 12 96 52 202 87 82 251 40 60
    236 250 33 164 46 179 101 179 132 81 235 90 185 40 211 131 93 63 28
    5 194 18 199 65 113 65 243 191 53 255 182 55 35 153 126 246 220 213
    243 127 234 162 94 250 215 35 119 229 39 195 119 205 219 240 15 82
    24 240 233 215 44 84 190 82 120 233 116 120 92 56 47 209 21 245 111
    153 172 24 5 240 29 156 73 16 242 51 189 88 87 32 250 215 252 218 75
    223 217 210 128 123 185 174 255 190 118 235 249 235 179 189 147 205
    159 47 108 227 87 121 111 255 79 203 118 191 239 93 119 118 215 239
    246 243 93 106 126 221 94 127 177 237 221 94 181 253 231 200 235 86
    252 164 45 156 121 182 206 42 38 37 130 14 29 5 1 230 102 26 4 89 36
    57 100 212 112 67 224 208 242 24 134 216 32 164 8 128 152 25 192 96
    12 198 174 72 98 1 200 142 67 20 136 68 230 128 76 146 44 128 8 34
    25 13 17 8 34 3 176 74 210 106 224 116 33 247 148 88 7 33 127 214
    228 134 53 81 242 147 102 226 213 67 98 209 165 198 179 94 170 164
    13 64 140 48 107 255 36 85 186 82 120 193 124 208 84 24 14 192 52
    193 79 153 172 24 5 240 29 156 73 16 242 51 189 88 86 32 248 109 37
    241 176 17 166 33 75 196 68 193 50 227 202 144 70 226 213 3 100 105
    134 129 55 14 152 164 13 82 12 48 169 82 36 84 186 82 120 1 84 80 64
    24 15 193 20 225 78 153 172 24 5 240 28 156 73 16 242 51 189 88 86
    32 250 109 39 101 176 80 39 43 123 228 110 192 51 113 171 176 71 226
    221 67 101 121 135 192 55 76 184 188 141 82 12 48 169 82 36 84 186
    82 120 1 116 88 64 24 15 193 21 192 78 153 172 24 5 240 28 156 73 16
    242 51 189 88 86 32 250 217 205 255 221 34 95 244 231 57 212 111 157
    86 180 255 234 175 216 185 111 30 189 230 179 121 79 146 240 109 195
    62 59 246 115 113 248 87 127 218 252 243 191 249 118 190 150 77 238
    205 169 127 245 216 31 181 76 209 252 105 109 93 108 3 251 254 252
    255 255 255 231 255 255 223 239 253 251 255 202 151 254 251 215 123
    103 191 175 231 63 191 255 255 191 83 191 247 239 199 45 53 255 214
    125 233 127 122 206 245 175 223 29 253 63 157 172 90 129 240 191 156
    65 208 182 121 251 255 87 32 254 22 33 128 150 15 130 2 6 2 32 21 52
    56 66 1 80 100 130 0 208 193 33 193 3 136 8 224 77 2 136 129 96 151
    44 68 186 91 80 1 84 208 88 16 10 192 20 131 79 153 172 24 5 240 24
    152 73 16 243 51 176 24 82 32 233 86 33 128 150 79 130 18 6 2 32 23
    52 56 98 1 82 116 147 0 208 193 33 193 3 128 8 224 77 2 172 129 96
    151 44 69 190 91 80 129 84 64 88 16 10 192 20 131 79 153 172 24 5
    240 28 152 73 16 243 51 176 24 82 32 232 119 53 117 150 87 135 27
    121 230 70 145 54 253 107 177 86 242 215 67 118 209 39 193 119 220
    186 244 77 82 28 241 105 214 44 85 190 90 120 193 92 112 72 24 15
    209 52 225 111 153 172 24 5 240 29 156 73 16 242 51 189 88 87 32 250
