<?xml version="1.0"?>
<opencv_storage>
<ImageFile>"58.jpg"</ImageFile>
<Features type_id="opencv-matrix">
  <rows>184</rows>
  <cols>64</cols>
  <dt>u</dt>
  <data>
    15 198 108 136 38 253 150 53 61 214 30 204 28 61 125 199 137 120 65
    185 241 82 82 241 113 53 12 212 125 213 29 193 221 88 195 32 219 90
    168 56 254 159 126 45 20 246 118 107 187 232 136 13 242 13 219 28 62
    195 63 180 83 219 110 203 98 204 175 137 110 223 223 15 191 231 61
    202 155 60 62 204 137 117 56 39 148 87 210 97 125 215 157 54 49 251
    31 75 135 252 83 8 218 105 234 58 112 191 108 45 149 28 245 107 151
    136 24 13 147 89 156 30 24 198 50 61 83 221 24 250 187 221 216 254
    19 10 85 11 63 64 44 251 191 122 236 95 231 151 52 19 198 46 209 103
    117 223 241 47 83 123 70 105 151 38 116 178 115 88 235 244 115 223
    60 107 157 23 245 111 209 166 24 5 248 21 189 73 16 242 55 189 25 87
    160 218 173 238 239 105 56 189 164 211 249 255 170 251 206 179 253
    75 195 237 175 41 245 68 88 249 95 125 29 179 108 79 59 214 215 194
    223 34 116 188 253 54 124 94 106 183 95 244 118 225 248 253 56 52
    212 29 143 12 22 196 151 173 218 87 104 254 141 238 239 105 56 189
    164 211 185 255 170 235 222 177 253 73 131 253 175 43 245 84 90 251
    119 127 23 183 108 79 59 86 215 194 223 42 112 252 253 54 126 126
    106 63 223 246 119 243 249 237 56 53 213 29 143 12 22 196 183 173
    219 89 105 190 253 190 247 41 88 111 165 254 249 252 206 181 79 189
    155 238 235 236 251 106 245 205 254 189 95 109 28 162 253 71 122 207
    253 99 117 250 20 246 125 124 125 85 122 182 77 163 127 224 184 60
    111 188 209 63 156 77 238 236 47 237 222 199 37 254 129 150 66 99
    221 224 163 216 184 57 194 103 162 89 194 33 98 101 141 0 224 14 174
    120 38 154 24 35 254 3 35 95 61 231 221 113 53 179 109 166 197 100
    10 22 73 129 120 209 72 21 92 52 213 166 142 41 16 172 167 142 196 7
    181 28 28 34 229 53 8 229 34 116 212 188 210 53 81 52 155 66 10 8
    195 106 249 43 207 159 24 40 132 132 72 196 49 206 77 24 101 176 21
    186 65 76 60 37 211 134 101 161 3 107 58 108 233 235 242 28 24 16
    102 99 159 209 234 39 97 102 120 15 150 254 3 79 164 167 127 248 94
    133 60 246 107 190 255 146 161 230 213 45 199 51 219 93 240 140 107
    198 186 227 223 38 113 176 87 90 233 108 112 93 56 38 93 149 119 238
    153 172 89 13 242 29 152 73 18 243 55 181 90 103 32 202 8 51 49 48
    17 96 33 90 192 0 194 53 97 64 128 51 106 204 135 65 226 40 161 23 4
    158 163 137 82 6 33 216 82 38 52 186 0 112 65 212 72 64 24 7 192 5
    102 78 8 36 112 4 96 28 132 73 144 178 35 157 72 22 33 184 129 150
    83 99 221 224 163 216 184 57 194 103 162 93 195 33 106 69 141 2 224
    41 174 120 38 154 26 35 254 3 35 95 53 227 125 113 53 243 125 166
    197 100 10 86 73 129 120 209 72 21 124 52 213 166 142 41 128 44 166
    143 196 7 181 28 92 34 231 181 8 229 160 116 212 188 210 21 81 180
    155 66 10 8 195 106 249 41 207 159 24 40 132 132 72 196 49 206 77 34
    101 184 21 186 65 92 60 36 211 134 101 161 3 107 59 108 233 195 242
    28 24 64 102 99 15 209 234 39 33 230 156 58 243 33 156 96 160 223
    216 185 194 55 71 147 147 241 123 204 131 104 73 129 110 156 142 137
    124 195 223 76 163 254 117 163 127 254 116 182 45 244 201 68 18 30
    74 229 10 212 168 44 94 48 208 158 132 73 134 240 5 28 92 6 32 245 4
    47 190 24 0 95 32 119 51 216 142 133 84 245 41 170 141 40 194 166
    213 117 85 131 209 32 128 212 40 196 152 64 207 18 67 160 156 74 218
    104 244 61 62 166 116 246 231 110 185 168 169 79 178 29 89 93 63 195
    95 181 90 243 107 74 58 189 253 154 51 93 85 47 119 196 149 240 127
    190 180 222 255 178 96 249 151 112 241 167 213 247 241 121 99 254
    214 105 159 12 71 190 202 88 249 124 112 221 61 33 149 20 117 110
    147 174 171 15 242 29 112 93 56 243 51 249 25 219 108 202 58 189 253
    154 51 221 85 111 119 192 149 240 127 62 172 222 255 178 98 249 151
    112 241 167 245 247 241 121 99 222 212 105 159 12 195 190 202 88 233
    124 112 221 61 37 149 20 117 110 147 174 139 15 242 29 242 93 56 242
    51 253 25 219 108 218 205 254 238 105 254 253 190 209 57 255 234 203
    206 117 238 233 201 253 189 235 253 117 126 249 227 127 185 246 253
    71 183 247 223 80 223 33 91 251 253 241 254 94 122 63 213 119 247
    115 157 221 24 37 240 253 157 73 22 215 183 189 218 211 106 251 82
    33 145 182 0 2 92 3 66 2 17 16 19 194 20 18 118 3 32 69 2 45 65 3
    158 130 230 77 2 168 128 40 2 22 0 158 8 12 2 64 32 234 181 73 163
    28 165 78 83 160 33 210 32 16 52 19 9 51 16 241 24 112 209 227 29 58
    215 163 29 225 161 122 216 184 214 117 173 31 137 81 107 215 161 16
    225 5 203 117 47 220 88 167 126 75 35 239 29 224 245 176 119 218 233
    116 117 85 122 38 77 5 116 225 184 188 25 133 244 29 156 73 46 50
    183 185 8 7 36 94 25 56 223 162 159 233 161 58 252 24 214 119 173 63
    139 81 107 182 161 48 225 68 203 117 35 188 80 145 126 75 99 239 157
    96 213 176 119 90 233 116 125 85 26 38 69 1 244 237 185 190 153 5
    240 29 220 73 62 178 191 185 24 15 36 90 50 9 139 158 2 79 93 15 199
    194 31 148 51 230 63 254 255 22 32 98 6 20 197 39 95 215 178 9 3 186
    30 105 135 36 85 154 2 108 203 94 32 89 181 105 148 28 245 110 211
    172 17 133 50 17 180 89 16 114 56 57 89 93 32 250 195 2 130 33 205
    194 130 132 200 43 130 71 226 197 3 17 109 43 35 146 232 7 91 205
    194 91 252 230 128 134 227 198 207 168 67 37 57 8 108 106 104 20 34
    169 213 113 183 99 184 206 8 3 244 93 88 193 6 179 151 181 176 83 64
    74 50 137 155 158 2 79 93 15 199 194 29 148 55 166 63 254 255 150 32
    99 6 20 197 39 95 215 176 9 3 186 30 105 134 36 85 154 2 76 203 94
    32 89 181 105 148 28 245 46 211 172 17 133 50 25 180 89 16 114 56
    121 89 93 34 250 197 206 158 221 232 223 246 245 59 253 46 207 210
    245 123 170 141 201 252 47 30 141 110 185 91 119 159 102 133 7 26 23
    241 19 113 105 80 247 254 226 242 60 104 54 191 158 125 177 157 201
    126 117 209 127 149 206 209 220 33 61 84 116 3 250 173 244 210 39 29
    98 241 218 208 153 236 251 34 74 131 109 235 180 39 83 225 14 173
    127 102 255 113 43 211 15 99 127 255 44 29 254 83 60 105 117 121 76
    58 47 221 113 183 237 169 190 24 5 248 30 220 65 16 176 183 191 28
    87 164 90 186 213 108 255 254 189 223 49 127 125 85 219 189 126 62
    84 188 247 96 243 247 127 211 118 249 254 247 255 250 243 247 235
    215 124 87 182 255 120 250 125 124 93 255 111 245 21 247 111 157 174
    153 79 242 29 156 89 59 243 115 191 250 255 168 250 251 247 124 223
    247 189 95 24 239 71 189 250 189 123 116 93 244 247 126 253 63 114
    145 116 245 247 251 125 255 62 223 49 154 125 222 207 202 121 250
    249 118 223 189 125 181 126 252 31 135 151 144 111 106 229 203 255
    121 247 112 63 113 251 254 155 44 38 109 136 50 29 4 113 97 86 7 16
    92 51 189 66 194 208 65 96 209 112 81 242 88 32 164 152 96 156 57 96
    208 4 86 186 90 122 129 116 244 95 24 15 208 182 192 78 153 172 24 5
    114 29 159 73 16 242 51 188 88 86 106 249 59 245 121 190 151 204 91
    76 207 71 95 188 189 46 220 246 251 86 0 97 142 56 194 100 125 223
    226 61 83 59 127 41 134 164 117 154 130 123 203 95 32 217 189 105
    182 30 253 62 211 166 19 5 104 21 52 97 24 178 57 249 25 31 50 250
    220 25 183 213 96 199 121 247 14 231 195 158 215 224 147 90 252 221
    122 111 30 173 230 147 159 219 182 110 64 140 118 43 87 55 117 251
    82 125 242 84 80 72 177 110 235 28 233 63 153 172 24 215 240 94 156
    73 81 250 113 191 92 85 1 250 43 206 68 171 223 251 166 21 60 90 106
    73 172 63 109 229 203 249 169 244 225 67 159 121 98 93 41 39 255 86
    57 195 213 103 95 177 115 114 45 52 125 84 26 15 85 215 118 193 153
    44 24 4 241 13 141 73 26 228 39 180 90 87 32 240 63 253 121 190 147
    204 91 76 207 69 95 252 189 110 204 246 251 86 16 97 142 41 194 100
    125 207 226 61 83 59 95 41 151 164 117 154 130 123 203 95 35 217 189
    105 180 30 253 62 211 166 19 36 224 21 52 97 24 178 57 249 25 95 50
    250 182 241 121 212 55 93 89 251 150 135 149 250 63 74 246 94 251
