<?xml version="1.0"?>
<opencv_storage>
<ImageFile>"59.jpg"</ImageFile>
<Features type_id="opencv-matrix">
  <rows>235</rows>
  <cols>64</cols>
  <dt>u</dt>
  <data>
    190 255 125 254 55 61 253 123 255 222 253 251 127 127 252 252 247
    246 102 123 117 126 145 118 253 255 231 217 127 254 254 249 246 124
    199 254 255 122 248 253 126 223 255 191 244 183 247 110 187 175 153
    15 250 29 159 93 56 247 123 191 123 223 46 251 63 244 109 136 54 253
    159 125 247 86 189 244 125 62 253 245 251 244 67 104 241 114 208 116
    125 165 173 25 127 222 125 233 196 108 215 158 194 114 137 125 54
    223 124 45 212 150 244 108 155 172 158 13 250 29 151 93 56 242 59
    188 91 223 42 251 45 238 109 233 55 253 191 121 189 223 222 253 221
    63 253 239 139 253 255 105 245 114 210 252 125 253 29 181 125 87 63
    155 220 108 223 187 215 123 249 53 124 221 126 63 215 183 118 113
    191 189 28 13 203 157 143 28 24 230 59 189 219 223 42 178 191 254
    109 169 191 189 181 121 253 95 252 251 253 63 252 221 243 245 127
    121 249 86 154 116 125 252 125 59 255 91 127 185 212 108 223 254 210
    123 185 125 127 223 122 191 213 247 252 53 157 189 152 12 250 157
    143 125 56 246 59 188 219 223 46 187 45 246 109 168 158 253 39 125
    253 126 202 188 221 61 253 229 203 252 195 104 252 114 218 124 125
    253 13 181 127 87 57 203 213 70 223 186 82 123 253 52 124 213 126 47
    87 247 118 115 156 61 28 12 226 157 143 28 56 230 43 189 219 223 46
    242 61 223 255 221 34 253 253 117 191 214 237 200 221 121 189 207
    189 253 98 107 182 119 210 115 125 255 181 124 125 214 119 235 215
    84 215 174 210 120 248 121 116 31 57 175 245 52 245 111 155 172 152
    13 240 29 156 93 56 242 115 189 123 223 40 250 61 221 252 221 34 253
    253 113 63 214 237 202 221 61 127 207 253 253 98 107 244 117 210 243
    253 127 181 124 125 214 255 171 215 84 215 174 210 120 248 121 116
    31 57 175 245 52 247 111 153 172 152 15 240 29 156 93 56 247 115 189
    123 223 40 250 63 246 125 170 191 125 61 89 253 126 234 189 125 46
    253 245 243 244 199 96 241 82 188 60 125 189 37 155 223 91 125 255
    113 228 223 186 242 242 169 254 254 207 94 31 86 151 244 89 137 61
    86 4 234 29 143 93 152 242 43 188 223 206 42 181 239 237 239 252 55
    127 95 255 189 214 253 250 63 254 254 239 139 245 127 111 119 255
    240 55 93 239 151 61 123 90 62 169 194 36 87 250 210 120 249 253 114
    255 61 47 213 22 245 110 157 172 26 13 240 29 157 73 16 242 115 189
    91 86 42 251 187 222 125 207 255 189 223 25 255 127 61 219 191 123
    124 221 247 215 60 43 222 126 187 124 105 215 247 63 255 123 127 127
    215 229 220 87 242 123 250 247 247 223 235 127 215 150 253 63 141
    157 20 5 236 165 159 111 16 246 114 191 223 95 34 191 251 220 156
    215 239 143 222 1 63 117 31 207 158 124 126 61 245 179 124 179 222
    127 219 104 241 126 249 126 122 243 223 103 135 253 67 53 219 203
    250 107 116 29 109 239 213 94 255 63 157 202 152 13 246 237 152 235
    59 247 243 181 242 123 24 238 124 57 255 156 118 191 123 127 239 230
    215 180 253 254 187 222 242 213 91 102 191 245 194 55 95 232 172 29
    82 156 124 169 243 37 85 187 66 122 129 94 178 95 29 14 213 158 193
    15 157 172 24 5 114 29 149 73 80 246 57 188 89 70 34 241 252 255 125
    191 246 191 191 249 253 223 223 190 253 62 255 230 242 213 91 111
    125 247 211 244 221 252 189 189 250 218 126 185 226 36 87 255 214
    123 201 124 250 93 61 62 213 190 228 124 159 173 152 13 242 29 157
    89 80 246 59 188 91 94 42 250 62 253 125 111 255 189 223 89 255 83
    255 250 253 122 236 253 242 183 94 243 255 118 147 124 245 246 231
    63 127 255 255 186 142 236 207 222 234 123 251 247 251 223 255 109
    245 119 253 63 191 191 144 47 250 149 223 125 56 247 254 191 251 223
    238 153 58 252 125 174 63 239 149 75 255 120 222 181 125 62 253 220
    251 150 99 112 245 86 153 127 253 220 109 29 126 219 253 238 197 236
    79 190 246 122 169 124 125 221 116 47 85 247 244 111 173 165 152 13
    250 29 159 89 24 242 63 189 123 79 42 242 124 111 255 248 50 127 117
    247 245 220 238 181 95 188 255 238 219 252 227 111 55 220 244 183
    221 111 134 145 105 222 126 249 234 6 103 250 148 126 209 252 254
    127 191 182 126 183 103 238 187 45 239 221 242 29 157 92 60 240 107
    255 91 214 107 250 93 207 223 221 234 159 126 33 59 247 37 202 222
    241 52 10 164 219 56 239 158 125 66 251 217 90 167 254 96 165 189 39
    215 55 84 43 219 121 242 123 114 126 249 111 245 28 223 63 157 204
    24 103 241 125 157 203 81 255 115 191 120 115 115 251 7 166 194 35
    153 208 161 140 48 251 2 119 162 123 131 101 74 53 161 2 193 5 206
    121 70 152 16 35 222 74 35 95 247 34 85 178 119 120 105 52 96 84 58
    46 85 1 209 227 153 172 24 5 240 29 156 73 18 240 55 189 74 87 32
    250 255 255 127 237 247 125 223 216 255 223 253 250 255 255 246 253
    243 245 127 127 125 215 183 116 239 255 255 59 223 95 126 187 242
    109 94 255 218 117 249 245 122 222 56 63 223 30 252 60 141 173 22 5
    248 191 159 73 144 244 49 189 92 95 34 185 126 184 239 170 22 127
    181 255 253 222 222 181 127 190 191 238 219 212 251 125 53 87 215
    181 255 253 92 181 111 223 126 235 141 76 231 255 254 124 237 124 60
    93 119 45 31 181 119 236 255 172 239 157 243 61 252 92 254 228 111
    249 91 205 92 210 247 48 235 167 223 134 27 136 206 111 145 122 187
    202 178 85 242 245 62 85 201 135 219 108 14 210 248 47 210 57 115 47
    71 173 22 187 82 125 173 86 80 72 68 9 209 28 249 21 157 172 24 5
    225 185 156 99 80 182 49 189 92 87 48 250 124 229 109 136 114 191
    179 125 253 222 254 180 93 60 253 230 226 213 91 102 117 115 196 183
    93 232 172 141 121 220 60 185 248 36 85 186 82 122 129 244 218 95 24
    14 212 182 192 78 153 172 24 5 240 29 157 73 16 242 59 188 88 86 34
    249 44 162 119 225 184 245 163 112 248 191 226 249 193 115 217 65
    202 205 239 107 245 96 78 221 77 127 23 167 108 14 49 222 95 66 223
    186 84 184 125 52 253 116 186 183 87 161 83 243 186 189 44 96 241
    157 142 92 4 234 3 143 202 87 101 190 239 254 231 161 223 118 169
    218 188 255 242 127 235 203 243 237 235 245 63 103 105 135 190 124
    46 255 59 43 215 27 50 191 117 37 92 219 82 117 237 246 81 68 56 158
    217 24 216 177 205 189 86 133 217 191 132 97 144 244 33 189 220 87
    48 186 252 57 247 245 116 103 249 254 220 255 209 255 231 202 147 78
    251 213 127 111 63 175 230 191 15 251 183 191 83 158 118 191 99 47
    52 255 214 61 251 253 88 108 177 254 235 57 137 190 205 172 122 209
    240 190 156 69 208 254 113 251 125 87 161 186 243 214 2 135 239 212
    138 129 110 255 59 75 174 75 98 53 118 243 44 179 204 167 187 108 74
    215 251 46 146 59 211 119 243 173 93 53 83 73 234 226 96 92 40 63
    209 20 252 53 153 140 24 5 244 11 156 235 16 114 50 61 92 87 32 184
    252 168 235 185 216 118 232 231 216 187 240 186 195 129 155 202 235
    197 59 111 137 133 239 157 79 221 191 175 195 143 50 254 213 167 53
    251 90 189 109 118 120 76 112 63 95 28 127 177 221 172 126 177 209
    127 148 106 208 252 41 253 92 85 16 246 252 168 235 185 80 118 248
    231 217 175 244 186 211 128 147 202 235 197 123 111 137 133 239 157
    15 217 191 175 67 143 50 254 197 167 53 251 94 253 109 118 120 76 48
    63 95 28 57 177 223 172 126 177 209 127 180 74 208 252 41 249 93 85
    16 246 76 14 175 136 66 87 35 247 53 254 110 133 89 189 59 174 137
    89 251 108 120 209 222 176 89 105 156 68 105 196 58 203 253 17 81 41
    84 98 5 104 246 21 60 38 85 190 65 224 31 8 159 12 211 93 157 30 120
    236 43 188 75 214 10 250 242 210 18 135 239 148 159 129 110 255 59
    75 175 75 114 53 118 215 44 179 204 167 163 124 202 215 255 46 146
    27 243 63 83 45 92 55 91 121 232 230 112 92 40 63 209 28 252 53 153
    141 24 5 244 31 156 235 16 242 51 61 92 87 32 186 24 223 254 253 42
    119 240 247 61 252 110 197 30 253 123 236 253 250 225 235 244 127
    244 243 123 111 182 210 125 215 255 247 255 114 83 48 87 122 248 120
    250 29 122 46 220 55 211 111 185 172 30 13 240 29 157 77 19 242 115
