<?xml version="1.0"?>
<opencv_storage>
<ImageFile>"6.jpg"</ImageFile>
<Features type_id="opencv-matrix">
  <rows>229</rows>
  <cols>64</cols>
  <dt>u</dt>
  <data>
    197 10 131 243 221 224 163 216 8 187 98 123 162 195 131 9 106 69 189
    71 202 141 174 121 14 219 59 39 214 11 35 31 119 167 92 123 80 245
    109 150 193 96 42 30 201 8 217 145 72 156 88 181 213 254 140 235 208
    124 161 31 76 21 49 190 241 244 116 63 200 236 174 65 107 109 41 75
    236 111 166 53 239 43 161 226 255 105 27 232 208 127 251 254 171 55
    235 103 143 243 73 53 185 129 254 111 109 12 110 227 229 89 255 51
    168 214 72 111 230 230 24 239 63 159 215 163 182 227 249 76 64 3 130
    17 64 130 10 225 0 163 1 2 192 193 3 2 108 9 97 199 200 165 66 210
    152 90 189 236 0 134 163 2 207 52 65 170 88 40 232 72 112 88 48 175
    213 112 179 111 153 172 24 3 240 29 28 65 16 243 19 181 88 83 96 234
    248 206 238 217 238 223 158 177 61 255 126 206 159 245 123 236 253
    219 125 231 92 213 183 241 91 95 189 126 201 150 178 179 243 36 87
    187 91 123 237 244 242 92 56 63 213 30 247 109 157 172 24 5 240 29
    157 73 16 246 51 189 88 87 32 250 248 143 238 159 234 223 190 161 61
    247 127 142 159 245 123 238 253 219 105 231 252 245 211 241 91 127
    189 254 232 150 182 187 215 36 71 186 91 120 233 124 116 92 56 47
    213 20 247 111 153 172 24 5 240 29 156 73 16 242 51 189 88 87 32 250
    12 6 13 136 3 29 4 73 33 66 11 6 16 36 105 70 192 92 1 96 8 208 144
    32 92 148 136 8 144 8 24 25 112 4 81 138 0 98 1 64 36 17 28 4 84 134
    68 4 17 44 16 4 18 25 133 8 24 96 41 60 72 70 34 240 3 2 128 2 201
    130 2 0 34 32 2 70 128 1 2 1 12 43 128 144 192 37 90 192 128 16 88
    198 32 32 129 66 15 152 195 36 57 136 40 10 108 16 2 129 65 113 183
    73 48 202 137 10 180 64 88 131 47 3 150 161 160 243 68 74 72 1 140
    148 2 135 58 55 0 198 81 6 144 32 19 2 108 89 65 228 208 37 194 195
    24 40 180 204 64 132 48 105 79 52 17 170 27 104 64 72 112 72 52 15
    213 52 227 111 153 172 24 5 240 28 28 73 16 242 51 185 88 87 32 234
    88 1 189 148 2 135 58 119 64 198 211 4 81 32 19 2 252 201 67 102 80
    37 194 211 156 40 180 204 64 132 48 168 71 36 5 186 26 104 192 88
    112 72 53 14 213 52 163 110 155 172 24 5 240 29 28 65 16 242 51 185
    88 23 32 250 35 22 4 162 31 34 3 26 100 88 146 67 44 25 32 21 102
    247 1 208 224 38 209 119 64 184 232 12 122 16 97 97 223 44 82 184 91
    120 41 100 100 84 26 143 193 65 246 79 152 172 24 0 240 28 156 73 16
    242 55 157 88 87 36 90 196 34 131 161 88 98 160 238 0 184 66 21 64
    132 131 160 74 76 137 68 64 129 236 24 14 136 8 129 192 8 50 94 117
    3 125 187 52 246 5 148 129 96 16 22 74 134 64 192 88 44 126 180 81
    94 132 8 192 104 1 136 76 6 50 244 232 206 239 219 251 95 195 255
    255 245 46 31 191 252 251 236 235 213 121 102 220 151 159 53 95 237
    56 46 255 219 59 127 247 39 87 251 82 115 237 118 242 93 88 30 93
    158 249 229 157 45 28 5 242 31 157 75 16 244 43 189 88 87 34 248 35
    49 1 2 21 0 5 14 194 0 129 48 33 10 132 17 98 36 2 16 129 34 65 71 4
    128 64 9 18 40 64 73 4 44 132 158 40 8 3 92 1 192 20 201 0 80 164 78
    16 54 8 0 32 16 116 1 40 34 18 144 8 135 36 72 205 34 67 161 217 34
    163 254 0 56 226 53 66 145 131 225 66 76 141 100 72 128 172 56 14
    136 8 131 214 8 32 95 112 37 20 251 20 246 5 148 195 64 26 22 72 135
    72 192 8 37 94 52 81 62 133 9 128 232 33 140 76 6 34 185 187 212 125
    172 38 61 157 51 247 86 253 202 127 57 116 93 253 246 103 249 48 86
    241 244 253 189 245 248 119 148 252 169 196 44 2 222 202 120 136 249
    122 223 56 175 212 117 246 108 153 172 26 13 120 29 159 89 48 242 51
    188 122 215 42 251 82 0 136 151 207 130 26 4 6 103 17 2 146 200 50
    22 108 211 33 230 200 165 194 97 14 218 184 110 82 8 49 43 87 36 84
    186 82 120 225 84 112 72 24 15 209 28 225 79 153 172 24 5 240 29 156
    73 16 242 51 189 88 87 32 250 225 143 143 218 66 95 7 247 179 214 4
    138 159 249 63 15 239 245 121 38 84 197 210 243 75 243 189 60 185 0
    26 105 215 39 81 185 82 104 254 96 116 94 56 47 213 28 245 239 153
    168 24 5 241 29 156 75 25 246 51 189 88 85 0 251 3 22 132 130 15 2 2
    22 38 80 0 3 8 25 34 5 108 247 1 144 192 39 208 115 64 24 248 76 16
    16 129 65 223 44 83 176 83 72 41 96 116 20 26 143 197 80 245 79 152
    172 24 1 240 28 156 73 16 242 51 149 88 87 36 122 105 207 239 216
    102 31 87 118 53 222 4 138 223 249 63 15 207 245 123 103 84 85 210
    243 79 251 189 60 121 68 56 105 215 103 81 185 82 104 252 104 116 95
    56 47 213 28 245 239 157 172 24 5 241 29 156 77 25 246 51 189 88 87
    2 251 64 1 129 16 64 2 2 118 0 34 3 0 0 64 3 2 68 73 1 100 192 33 64
    195 8 0 136 12 0 0 17 64 87 36 81 170 82 104 1 64 112 16 24 15 193
    20 225 79 25 172 24 5 240 25 156 73 16 114 51 189 72 22 32 250 35
    150 0 130 175 240 129 24 118 89 146 71 173 25 32 53 110 246 33 16
    192 6 203 117 64 157 121 34 30 66 3 107 221 36 81 48 114 120 104 96
    113 84 58 47 213 4 244 109 152 188 24 5 240 29 158 73 16 242 55 157
    80 87 36 122 59 87 109 164 255 189 31 120 230 70 221 22 253 125 52
    117 246 245 71 100 120 242 144 116 78 188 173 24 242 22 125 169 208
    44 21 154 66 112 129 84 20 217 24 15 212 28 228 12 153 173 16 5 104
    29 150 73 24 242 49 156 88 86 34 248 61 254 255 253 62 189 253 113
    253 255 248 219 223 125 124 79 149 253 239 187 252 126 90 255 249
    127 247 242 124 119 255 239 223 218 223 36 255 253 248 123 126 255
    239 255 247 243 247 123 190 219 152 79 230 157 223 93 63 215 247 255
    243 251 237 254 195 5 130 19 207 130 10 128 2 43 1 6 146 192 34 19
    108 147 33 214 72 165 195 81 2 90 248 110 208 0 162 35 87 36 85 187
    83 104 233 84 112 72 56 15 209 28 241 111 153 172 24 5 240 29 156 73
    16 242 51 189 88 87 32 250 194 9 130 149 99 66 216 167 0 227 17 198
    146 192 2 10 41 89 33 71 206 173 230 19 14 219 178 46 80 0 50 74 215
    52 85 187 82 108 232 116 112 124 48 47 217 28 241 111 153 172 24 5
    240 29 156 73 17 242 51 189 88 87 0 250 197 54 211 33 85 114 167 218
    224 155 192 115 226 11 130 3 75 109 175 95 97 135 106 220 4 255 121
    167 220 2 99 211 95 1 221 179 49 184 109 37 108 64 58 183 199 97 55
    109 56 190 56 1 209 188 220 64 6 184 151 135 12 215 100 90 65 3 134
    16 64 3 34 118 0 160 3 4 64 225 3 2 4 9 67 70 194 165 64 147 8 104
    140 140 0 132 32 64 95 4 65 170 16 40 68 72 48 48 16 6 193 104 131
    111 25 172 24 1 241 29 28 65 1 98 19 181 72 86 32 234 62 185 255 215
    254 245 219 252 222 255 81 255 239 74 147 92 126 215 250 43 222 45
    198 127 175 251 246 127 94 121 247 255 119 247 157 183 254 253 251
    117 241 108 227 110 251 20 217 127 191 190 24 227 244 181 156 99 85
    242 246 239 250 63 161 255 62 185 251 215 254 181 219 252 222 255 80
    251 239 74 147 92 126 215 250 43 238 45 206 127 175 250 246 127 94
    121 245 255 119 227 156 181 246 253 251 117 113 108 227 110 243 20
    217 127 191 188 24 231 244 181 156 97 87 242 246 223 250 63 161 247
    123 4 238 151 207 199 27 37 46 103 19 22 157 236 59 86 254 213 97
    102 216 167 210 113 94 232 188 46 210 152 115 43 215 36 85 186 82
    120 233 124 112 92 56 47 213 28 229 111 153 172 24 5 240 29 156 73
    16 242 51 189 88 87 32 250 249 221 254 189 119 127 187 247 252 253
    255 159 127 252 127 254 255 221 103 231 124 135 247 183 223 127 253
    172 211 86 246 187 250 44 85 190 83 122 233 252 250 94 56 46 213 55
    195 110 153 172 24 5 240 29 157 73 16 242 51 189 88 86 34 251 250
    221 254 151 238 215 155 225 62 247 23 94 159 252 123 252 255 215 61
    102 220 167 150 113 95 223 189 47 210 154 114 59 215 37 85 187 82
    121 237 124 112 92 56 46 213 28 245 111 157 172 24 5 240 29 156 73
    16 242 51 189 88 87 32 250 128 206 14 73 232 221 190 129 57 251 46
    203 154 117 108 169 133 201 173 235 220 101 62 248 83 95 157 230 205
    7 179 82 247 48 66 32 91 106 232 160 210 30 56 191 213 86 214 105
    153 201 28 5 245 93 155 73 23 211 51 181 80 83 66 249 93 55 247 113
    220 119 163 254 240 156 224 115 77 91 147 65 107 237 235 102 241 111
