<?xml version="1.0"?>
<opencv_storage>
<ImageFile>"60.jpg"</ImageFile>
<Features type_id="opencv-matrix">
  <rows>384</rows>
  <cols>64</cols>
  <dt>u</dt>
  <data>
    61 237 254 219 122 255 247 55 61 252 94 253 159 126 255 236 249 187
    249 235 245 117 211 243 249 127 145 246 109 215 255 227 223 96 83
    160 223 91 249 124 124 29 126 39 213 181 247 111 189 172 137 13 242
    29 152 93 62 247 127 189 219 219 44 218 44 238 254 219 42 221 245
    231 125 252 78 255 255 254 255 204 251 184 225 235 245 117 83 243
    115 127 145 179 109 223 255 227 207 96 71 178 215 90 249 124 124 93
    124 39 213 181 247 111 189 236 137 13 242 29 152 93 62 243 127 189
    219 219 40 218 248 221 255 223 38 255 223 255 255 255 95 207 255 252
    127 207 191 247 248 47 190 125 219 255 249 247 183 54 127 243 94 239
    223 247 251 117 254 253 254 123 117 253 239 127 191 188 125 251 255
    218 191 255 247 253 190 222 127 255 254 255 243 253 221 254 248 223
    255 223 38 223 223 187 191 255 61 203 159 190 126 223 191 247 252 47
    158 125 242 235 249 247 247 126 61 243 222 47 223 211 251 101 247
    205 254 107 117 191 239 119 191 60 125 63 247 219 191 255 191 237
    190 254 127 223 246 111 247 253 221 254 122 221 220 158 103 207 87
    15 55 64 61 237 63 254 36 254 255 151 56 181 198 127 241 35 113 199
    233 29 123 251 220 105 151 101 17 178 195 89 250 244 114 223 125 47
    149 28 245 110 149 166 155 13 248 29 158 207 24 246 59 189 89 31 54
    218 63 254 255 237 63 255 255 127 253 247 223 252 255 62 253 223 153
    253 122 251 183 119 219 255 253 247 247 255 127 255 255 239 159 220
    239 142 254 249 251 63 125 253 239 109 183 245 247 107 191 254 169
    79 242 53 250 92 126 215 254 239 251 251 253 222 63 246 108 170 55
    125 31 25 183 86 189 240 61 63 252 245 209 246 70 249 241 114 145
    118 117 165 229 25 127 250 93 233 164 108 215 142 234 90 137 253 118
    223 63 173 212 214 244 108 147 191 150 13 250 21 255 93 56 242 58
    188 123 218 46 217 187 252 124 238 255 191 95 24 255 127 189 250 175
    123 100 93 244 247 62 249 245 119 147 126 245 247 249 127 127 123
    253 239 151 236 158 223 234 121 249 255 118 223 111 253 209 89 245
    79 157 191 24 13 232 181 223 93 56 182 243 191 251 223 62 251 43 214
    108 138 55 221 31 9 167 86 173 224 61 63 124 245 213 246 66 184 208
    114 145 100 117 165 229 25 63 250 93 97 132 108 215 142 194 90 136
    249 38 223 60 173 148 214 244 110 145 191 148 13 186 21 223 93 56
    242 58 188 123 218 46 217 109 69 237 184 2 47 111 119 37 102 201 128
    93 237 60 206 129 120 67 102 182 249 208 179 93 110 134 156 97 148
    60 201 210 54 87 170 130 106 209 104 62 63 60 175 212 54 231 78 153
    172 24 13 114 29 157 13 25 226 115 189 89 86 43 250 213 29 146 119
    121 230 250 215 18 253 71 247 130 218 131 95 110 215 184 79 199 47
    231 123 47 218 242 111 82 41 242 127 199 39 53 187 114 253 255 117
    81 124 187 238 235 28 217 239 221 172 56 213 240 124 156 195 81 251
    115 191 88 53 177 250 187 254 124 238 255 191 223 24 255 127 189 250
    175 123 100 93 246 247 62 249 245 119 179 124 229 255 249 127 255
    123 253 111 215 236 222 223 202 121 249 247 119 223 107 61 209 24
    245 31 156 191 24 13 232 181 159 77 56 182 243 191 250 223 62 251 47
    246 109 34 189 184 161 24 244 29 244 113 173 27 196 117 98 236 135
    89 225 98 153 124 36 188 97 163 126 91 97 255 157 236 156 150 119
    184 41 181 217 212 26 141 208 193 246 75 168 181 24 0 236 132 206 65
    54 146 182 142 210 159 36 29 223 253 251 125 53 122 248 255 153 185
    213 255 102 209 134 218 189 205 190 223 167 47 230 95 239 223 247
    255 87 55 230 238 207 59 181 255 254 61 250 117 120 252 187 255 191
    57 183 239 255 186 63 215 240 125 188 68 87 255 119 255 123 117 149
    255 251 221 238 222 119 191 221 51 191 223 125 219 159 253 116 79
    189 247 124 255 246 127 208 115 123 127 183 126 125 115 246 235 215
    124 87 190 214 124 250 125 116 255 187 111 221 52 245 111 157 172 24
    13 240 29 156 77 57 247 115 191 123 255 40 250 124 172 239 249 254
    255 243 255 253 253 222 189 255 254 187 238 251 213 123 98 253 151
    222 55 95 235 188 175 123 223 63 239 247 39 85 250 86 115 237 116
    120 93 124 46 221 54 229 231 157 172 26 5 242 29 156 73 16 246 59
    189 91 95 34 250 169 190 231 161 223 243 163 252 124 253 210 127 239
    29 131 237 75 253 251 59 241 69 255 248 39 125 25 166 254 87 99 223
    125 225 221 113 119 245 109 52 125 84 122 190 77 129 122 241 188 220
    93 185 213 231 204 237 102 156 167 141 198 159 52 94 190 249 127 246
    247 59 217 122 214 25 213 115 239 90 228 93 242 247 126 215 119 62
    161 247 166 254 243 255 254 127 230 184 206 108 158 254 222 57 249
    245 89 221 179 63 217 97 183 111 174 183 153 203 248 189 222 81 112
    179 247 159 58 159 164 218 165 229 109 136 18 93 5 251 231 68 189
    178 125 63 252 230 203 116 70 100 17 210 180 164 92 181 157 9 163
    158 26 25 200 44 71 218 194 112 1 252 54 219 60 183 20 182 100 76
    131 37 215 12 26 27 135 29 184 224 41 60 93 214 42 185 51 223 237
    207 39 223 223 57 191 215 29 202 157 61 124 207 157 247 120 187 150
    119 210 227 121 247 149 126 61 251 95 107 207 124 251 8 218 89 250
    59 117 189 237 175 183 180 245 111 151 154 153 15 182 9 158 94 57 87
    122 127 243 221 44 254 58 54 228 226 63 61 37 15 245 88 86 49 61 62
    185 212 250 214 193 184 245 50 209 119 89 136 96 1 126 216 61 232
    135 44 86 182 247 90 129 116 236 87 18 143 68 135 199 79 185 36 153
    8 242 29 159 89 22 242 55 189 90 79 44 250 108 97 249 152 18 23 125
    99 199 198 41 146 81 230 183 78 147 81 98 103 31 245 80 131 93 199
    167 9 0 172 60 136 66 22 6 139 128 124 211 92 50 235 181 105 182 28
    197 46 23 172 48 87 34 25 52 24 24 226 89 249 93 208 105 178 13 111
    239 248 32 127 36 119 33 254 104 128 88 177 253 138 137 72 225 107
    180 116 64 179 77 125 149 176 105 6 56 193 210 16 213 168 80 120 241
    32 116 62 56 39 119 148 119 106 27 168 40 87 209 93 158 12 22 194 19
    181 72 83 97 242 36 100 109 138 18 95 5 111 231 68 61 48 57 63 188
    230 195 20 65 100 17 208 176 164 88 165 136 9 163 152 24 73 240 36
    86 186 66 112 1 220 54 211 28 135 84 150 100 76 19 36 215 12 2 25
    135 25 184 96 41 60 72 214 42 249 62 182 245 170 62 61 5 15 247 92
    86 49 61 62 189 84 242 214 193 40 245 114 217 119 89 136 36 1 126
    216 125 237 135 108 86 182 247 90 129 124 237 87 82 143 68 134 213
    79 185 36 153 8 242 13 159 89 22 242 119 188 91 79 42 250 34 48 9
    170 220 180 171 16 196 38 65 4 161 79 17 21 82 238 67 210 227 34 27
    95 132 168 38 141 82 17 225 227 71 174 159 158 75 48 105 86 40 64 16
    136 84 225 163 75 24 124 24 0 36 24 28 81 16 162 27 151 200 131 104
    224 254 255 254 249 254 255 255 211 45 247 217 250 223 254 190 95
    249 249 123 255 191 255 83 251 223 127 255 255 249 223 254 163 199
    63 215 175 218 125 255 127 124 125 244 253 223 125 255 183 221 236
    152 249 243 253 156 255 88 255 113 191 223 249 249 250 187 245 253
    222 247 13 93 123 247 71 189 250 255 239 180 93 243 213 103 103 94
    254 145 119 94 255 247 57 243 26 124 41 210 38 20 254 66 120 211 244
    114 219 60 47 213 20 245 78 153 172 16 5 120 29 156 73 24 242 51 189
    88 87 34 250 51 223 109 222 231 159 95 9 175 71 61 202 159 125 124
    29 253 247 124 189 22 119 210 99 125 247 181 124 55 186 94 41 134
    124 211 10 202 73 250 107 36 155 45 233 149 28 245 47 215 153 145 13
    58 225 190 255 57 86 112 63 81 221 28 250 187 245 125 158 247 15 95
    89 247 71 189 250 255 106 180 93 247 247 38 117 87 118 177 118 252
    223 243 57 211 26 244 41 210 44 20 222 194 120 233 244 114 218 60 47
    213 20 245 78 153 172 16 5 104 29 156 73 24 242 51 189 88 87 34 251
    209 17 25 214 209 130 90 72 66 3 1 118 160 66 128 16 102 199 20 7 10
    173 128 66 172 146 226 77 146 40 1 41 82 7 28 219 0 121 71 214 144
    192 137 64 161 12 233 31 131 36 48 36 40 18 156 235 80 58 48 11 92
    20 49 185 68 35 147 209 72 130 138 231 2 170 3 20 66 192 147 2 104
