<?xml version="1.0"?>
<opencv_storage>
<ImageFile>"61.jpg"</ImageFile>
<Features type_id="opencv-matrix">
  <rows>295</rows>
  <cols>64</cols>
  <dt>u</dt>
  <data>
    62 255 255 252 54 127 253 127 255 220 255 253 127 126 255 252 243
    246 227 122 117 118 212 247 255 239 229 217 127 255 254 233 239 108
    71 254 254 114 249 253 254 223 255 191 244 247 245 110 191 175 159
    15 250 29 159 93 60 246 127 189 251 223 46 248 63 252 125 142 55 93
    157 125 255 214 189 252 125 62 253 255 251 244 66 121 181 114 245 54
    253 245 229 25 127 254 93 233 196 108 199 158 202 122 185 125 54 223
    125 173 212 246 244 110 155 173 159 13 250 29 151 93 56 242 123 188
    251 223 46 250 252 223 239 253 254 253 255 249 189 255 254 219 223
    252 127 237 153 253 255 107 252 127 246 255 127 255 183 182 125 215
    127 255 207 123 223 121 223 127 248 61 254 125 255 63 255 183 255
    123 191 157 156 207 251 253 159 92 117 246 115 255 255 223 45 254 45
    230 125 168 26 253 39 125 189 126 234 53 93 47 253 229 211 252 195
    96 241 82 156 60 93 237 44 131 127 223 121 239 113 196 223 186 87
    242 37 126 126 215 94 47 84 135 102 193 157 45 94 4 234 29 143 29
    152 228 43 188 219 206 42 180 59 181 237 138 54 189 21 127 245 86
    221 144 125 61 189 70 242 244 67 104 240 118 209 119 125 168 164 29
    126 220 125 233 215 108 214 186 210 122 145 124 54 223 92 47 212 182
    197 79 155 172 24 13 114 29 159 93 56 242 59 188 89 222 42 249 191
    252 255 127 63 125 209 255 255 245 254 255 127 127 238 255 251 244
    51 123 245 127 255 119 253 255 245 187 127 91 95 239 159 236 117 254
    254 123 249 127 251 223 235 63 221 55 245 111 185 172 139 13 240 29
    157 77 60 242 255 255 251 223 46 223 243 220 204 223 239 223 95 1 63
    101 63 206 191 126 126 252 189 179 60 183 222 127 243 109 115 215
    249 127 187 251 223 103 135 253 83 117 234 75 254 251 114 221 237
    233 149 30 253 63 149 206 153 13 245 229 152 235 121 255 242 61 243
    253 184 222 124 169 239 252 50 127 241 255 221 220 222 181 95 180
    251 238 155 220 251 111 53 221 228 179 121 111 148 144 109 215 62
    235 253 82 103 234 223 126 217 124 250 61 247 54 255 183 103 238 191
    168 239 223 211 29 157 92 252 230 111 249 123 222 111 254 108 41 239
    249 55 119 253 255 181 254 222 180 121 174 187 238 139 92 99 123 245
    119 214 63 93 235 146 149 123 221 63 203 255 36 215 186 215 122 249
    116 120 125 255 46 215 149 231 107 159 172 24 5 242 29 220 92 24 226
    123 253 91 223 42 242 63 252 239 235 63 253 213 207 255 253 254 253
    127 62 255 254 251 180 51 123 245 119 255 127 125 239 117 59 127 251
    127 239 135 236 69 254 254 123 249 126 122 221 110 45 212 23 117 107
    187 172 155 13 240 21 189 93 56 242 255 253 219 223 42 222 252 45
    255 253 50 111 121 255 221 244 223 189 95 254 191 238 251 213 123
    111 191 189 230 183 95 235 182 159 107 221 126 239 231 39 117 251
    214 127 241 126 250 255 253 118 255 190 105 238 159 172 255 221 240
    31 149 76 80 254 123 251 91 70 35 255 45 190 237 232 31 191 229 95
    253 252 206 181 125 62 173 207 203 253 251 105 245 117 91 255 117
    232 0 135 127 93 121 199 159 194 247 186 118 250 125 52 254 247 126
    39 85 247 119 227 188 124 174 28 243 61 255 28 62 238 239 175 219
    223 239 219 124 255 255 216 114 127 119 119 239 196 229 186 223 186
    190 206 251 253 123 111 55 213 210 247 223 255 189 253 113 158 126
    169 214 4 87 190 194 120 221 124 60 95 60 39 245 60 245 238 157 172
    152 29 242 29 156 93 56 254 115 189 89 87 40 250 111 206 239 233 255
    181 255 73 189 255 0 202 159 41 253 77 137 125 191 107 252 119 218
    121 125 247 63 55 127 123 55 95 215 208 223 43 242 253 253 58 116
    126 106 109 215 84 117 51 157 220 56 37 247 245 188 124 24 222 243
    173 219 223 56 182 59 176 252 54 63 177 217 62 214 188 213 117 253
    90 162 85 126 183 99 211 241 119 195 247 164 58 244 255 122 253 229
    234 159 108 135 182 255 56 249 125 120 221 247 47 209 113 183 111
    187 190 137 11 242 29 216 81 62 179 247 251 187 155 236 78 124 251
    125 159 242 189 187 249 253 221 223 191 253 62 251 230 242 213 91
    111 125 243 210 244 93 252 188 189 122 218 126 185 242 36 87 250 214
    123 201 124 218 93 21 62 213 182 228 108 159 173 153 13 250 29 157
    89 16 246 59 188 91 94 42 250 62 253 125 111 191 189 223 73 255 147
    191 250 253 126 236 253 242 183 30 59 215 122 19 124 245 214 231 63
    127 255 221 186 159 236 207 158 250 123 251 119 251 223 239 109 245
    247 253 63 191 191 144 111 250 149 255 125 16 243 254 175 251 223
    238 159 252 255 255 252 122 127 253 243 59 252 239 219 95 244 255
    255 247 255 235 111 247 253 80 243 223 127 247 255 105 254 254 227
    215 48 87 190 210 122 249 117 246 31 187 39 245 22 247 111 153 172 8
    79 242 29 157 73 22 243 115 191 90 119 35 251 252 254 255 169 250
    127 167 253 253 252 254 189 93 189 255 238 251 220 251 108 252 211
    254 180 95 237 172 175 253 213 123 255 253 37 87 251 87 115 173 252
    250 95 90 62 85 183 198 228 157 45 94 13 240 31 157 73 144 244 43
    188 90 86 34 249 187 222 127 255 191 189 223 25 255 253 125 203 175
    121 116 221 247 247 124 59 246 126 187 127 237 255 99 126 127 115
    253 255 215 239 250 85 247 249 250 247 119 223 235 127 223 150 253
    127 141 147 30 13 252 165 159 109 57 246 246 159 243 223 143 191 45
    239 239 252 54 125 253 247 181 220 254 245 95 253 255 239 153 252
    227 107 245 122 116 179 125 63 151 208 109 215 126 219 239 90 231
    236 223 122 249 61 127 61 255 183 254 243 247 106 187 191 239 223
    210 29 155 84 63 195 127 239 251 255 239 218 254 109 255 222 115 79
    93 239 207 101 189 190 127 238 246 254 251 151 126 103 31 159 245 39
    223 247 247 29 227 187 94 41 194 47 37 223 194 119 215 222 18 251
    189 107 159 30 229 174 197 164 211 221 41 27 148 207 216 254 121 123
    125 52 179 250 44 198 109 137 154 221 7 253 173 254 170 156 89 44
    253 231 139 116 75 104 152 208 188 56 93 245 13 34 213 79 59 95 113
    68 223 203 66 243 45 54 182 70 76 62 22 134 100 49 29 45 86 36 11
    157 135 28 144 224 41 60 205 78 42 180 63 188 235 119 63 247 217 254
    220 191 215 245 251 218 163 111 234 245 99 91 245 47 247 95 61 251
    246 175 82 95 119 238 207 44 101 190 218 56 233 124 120 92 48 174
    211 113 177 111 185 172 24 5 240 29 156 65 16 242 51 189 122 87 32
    250 45 159 237 248 55 253 245 121 189 254 214 216 221 125 61 79 217
    253 99 123 244 119 210 243 125 255 149 182 124 215 117 235 223 104
    215 170 222 120 249 125 124 29 122 47 213 245 247 111 187 172 152 13
    242 29 158 93 56 242 115 191 91 223 44 250 58 221 253 222 55 221 221
    15 255 214 21 200 189 122 61 223 253 246 98 187 182 118 211 119 245
    247 231 127 127 251 221 235 199 124 199 190 218 120 250 121 124 93
    245 237 183 116 245 111 187 170 152 79 242 29 252 85 57 243 122 255
    251 251 232 250 46 237 109 218 54 31 85 75 245 198 61 240 95 122 244
    79 155 244 103 111 55 118 208 119 93 183 133 25 123 218 116 169 198
    46 86 186 202 120 217 124 118 255 60 47 212 84 245 110 153 172 152
    13 242 29 159 93 56 242 115 189 91 215 40 251 59 213 124 222 55 221
    221 9 255 214 21 232 189 126 125 95 253 246 98 187 182 118 211 119
    245 247 231 127 127 251 221 235 199 124 199 190 218 120 250 121 116
    93 117 237 183 116 245 111 187 174 152 15 242 29 252 85 57 243 114
    191 251 219 232 250 68 143 179 248 200 158 231 79 173 70 3 4 145 125
    189 13 194 93 169 102 134 125 218 115 95 194 2 76 52 0 24 75 151 210
    217 11 0 238 127 2 36 49 200 97 117 156 117 131 84 28 56 52 51 117
    159 42 25 206 114 175 64 77 25 242 61 178 253 162 223 253 163 124
    244 92 214 117 125 63 187 213 250 244 195 112 241 83 207 245 172 168
    124 151 126 93 119 239 221 108 213 190 118 242 41 125 253 213 95 6
    69 161 243 109 186 60 143 12 242 157 158 85 46 182 175 137 218 143
    36 222 251 213 253 186 119 63 119 30 245 95 252 251 47 249 38 125
    246 255 127 245 112 247 241 118 246 235 233 189 251 80 252 169 222
