<?xml version="1.0"?>
<opencv_storage>
<ImageFile>"62.jpg"</ImageFile>
<Features type_id="opencv-matrix">
  <rows>409</rows>
  <cols>64</cols>
  <dt>u</dt>
  <data>
    42 212 108 138 39 221 31 9 63 210 189 232 61 57 124 223 221 182 96
    249 148 114 209 119 117 149 225 125 127 255 221 225 151 76 215 174
    194 120 232 113 118 223 124 45 148 214 244 111 155 174 152 13 242 29
    223 93 24 243 59 189 123 219 106 251 58 220 108 138 39 221 159 9 63
    214 189 200 61 57 124 223 157 182 96 249 148 114 209 119 117 213 225
    127 127 255 221 225 215 92 215 142 194 122 232 121 246 223 125 173
    244 214 244 111 155 174 152 13 242 29 223 93 24 243 59 189 123 219
    106 251 45 5 252 152 3 31 37 103 53 70 76 128 28 191 191 78 203 56
    193 96 113 210 209 51 81 40 128 0 121 212 120 193 205 0 67 160 145
    72 1 120 126 159 60 167 84 113 103 78 153 44 152 12 242 29 217 29 58
    226 107 180 26 210 42 203 60 101 109 156 35 221 21 109 183 68 255
    180 93 62 252 230 241 176 66 248 181 114 208 183 217 41 196 93 105
    220 221 233 152 60 67 190 202 90 145 252 190 159 61 39 212 246 229
    110 147 166 139 15 242 29 155 93 56 243 123 188 123 214 46 217 173
    206 101 169 221 172 165 216 189 125 168 235 173 63 236 237 195 124
    167 96 240 70 154 120 102 253 25 51 255 91 107 223 221 226 223 58
    113 243 61 190 111 86 74 159 92 211 124 209 40 53 88 44 199 183 143
    44 56 164 167 172 222 207 46 61 175 198 100 41 221 172 165 216 189
    125 168 107 173 47 236 237 195 124 135 112 240 66 152 120 86 189 9
    51 255 91 107 215 245 224 95 186 113 240 61 190 111 86 90 143 84 83
    124 209 40 53 24 12 215 151 141 13 56 164 167 172 202 199 46 56 189
    255 255 253 62 253 249 247 253 253 252 253 223 124 255 238 185 253
    251 107 245 125 246 255 253 127 183 246 109 215 255 255 255 120 103
    188 223 251 249 125 251 95 251 46 245 55 247 111 189 238 158 79 240
    29 157 77 54 243 119 191 251 127 35 255 60 59 247 212 50 221 241 115
    239 212 223 247 223 254 249 230 243 212 66 107 55 124 208 247 221
    190 164 153 108 222 94 185 198 38 103 190 214 122 219 124 220 93 181
    166 236 38 229 110 153 172 137 203 242 29 157 93 32 242 115 253 123
    95 43 250 157 191 246 117 53 160 253 122 144 153 241 243 230 91 128
    91 114 239 175 91 231 46 225 127 165 58 243 251 92 37 228 189 94 59
    188 254 215 61 249 245 89 238 187 127 235 33 155 127 168 183 56 215
    232 190 159 65 18 179 247 207 60 55 165 26 123 206 239 223 46 223
    223 49 255 255 61 202 159 121 124 78 189 245 126 43 244 119 210 255
    121 247 183 62 125 243 127 239 215 124 71 60 218 121 250 123 118 95
    105 47 245 52 245 107 159 172 152 15 244 29 158 93 49 246 115 189
    251 223 42 255 80 49 147 54 24 34 56 102 66 168 211 21 102 192 131
    18 118 198 1 66 193 173 197 31 142 138 226 79 82 12 225 110 119 36
    21 190 18 60 65 84 80 64 16 14 200 20 129 111 153 172 24 5 240 28
    156 65 16 242 51 185 88 22 32 250 106 206 238 223 110 223 223 33 63
    255 61 202 159 121 124 206 157 245 120 171 220 119 218 123 121 247
    159 54 125 243 31 111 215 253 83 33 214 249 250 59 118 127 105 47
    151 28 245 123 159 200 152 13 247 93 156 222 81 246 114 189 211 223
    42 255 40 151 244 184 127 191 167 123 53 92 78 69 157 124 185 101
    242 253 193 98 244 119 144 115 90 254 160 12 120 210 125 235 199 36
    87 186 211 122 233 124 116 93 26 143 213 20 245 79 153 172 152 13
    242 29 156 73 16 242 51 189 90 87 40 248 188 43 245 212 50 77 49 115
    239 213 95 245 95 182 248 230 251 212 70 107 23 126 240 247 221 62
    164 217 104 222 94 168 194 44 103 190 210 122 217 220 220 93 181 38
    228 38 229 110 153 172 137 11 242 29 157 93 40 242 115 253 123 95 40
    250 9 242 101 97 189 176 171 120 248 63 226 127 233 25 201 97 66 252
    135 104 224 98 136 124 44 188 35 163 222 71 97 223 113 224 157 56
    116 243 41 183 221 68 74 30 66 131 218 81 40 93 20 36 236 180 142 97
    148 162 191 142 198 143 36 180 120 159 254 222 46 159 94 55 115 252
    85 129 94 245 60 90 252 211 248 171 246 125 67 247 217 106 230 222
    105 213 221 231 223 120 65 52 223 90 250 121 126 31 255 47 245 52
    247 111 191 234 137 79 246 29 155 77 63 247 115 255 251 123 231 255
    2 4 0 58 2 12 4 7 32 102 1 0 16 36 52 7 68 122 1 224 144 48 17 2 80
    0 164 72 0 144 185 64 64 44 66 40 9 64 0 74 38 66 20 137 84 84 134
    78 17 32 16 4 34 25 17 9 25 227 19 180 64 82 74 225 210 57 155 215
    127 2 90 170 86 169 85 119 167 194 2 90 118 215 60 23 142 173 227 79
    174 218 250 79 82 41 213 110 19 167 60 119 126 253 246 215 209 200
    193 74 171 12 201 127 199 166 91 199 108 50 188 235 65 127 186 91 92
    53 177 191 253 253 255 253 118 127 127 255 223 255 253 190 255 254
    255 254 187 213 122 111 63 253 230 191 255 255 255 255 123 251 126
    175 199 55 53 255 214 253 255 127 122 255 253 127 191 188 253 190
    223 174 127 255 249 255 180 254 216 255 121 123 255 189 187 254 99
    34 68 163 221 178 162 16 116 126 66 55 168 75 145 5 66 109 137 224
    233 5 155 124 2 8 8 135 218 1 33 199 85 165 86 51 113 176 37 118 76
    68 26 142 65 1 194 65 24 108 24 1 245 28 156 73 18 242 183 148 200
    87 32 252 253 51 247 214 52 39 105 250 198 254 83 55 103 203 145 87
    242 212 71 99 126 172 128 63 142 186 182 9 210 8 112 249 114 38 28
    187 84 124 81 85 208 64 155 14 234 0 193 95 152 172 24 1 224 28 156
    65 128 178 51 155 92 22 33 179 124 182 253 221 123 191 127 125 191
    255 237 185 253 63 188 87 179 191 218 43 252 115 218 249 213 235 234
    247 121 249 125 239 223 144 214 39 246 249 240 127 126 223 111 47
    247 117 245 123 189 238 24 7 230 93 223 93 28 255 183 189 251 215 42
    255 210 57 155 215 254 130 218 171 214 171 87 119 183 194 146 90 118
    215 60 23 142 173 227 79 174 210 250 111 82 169 149 110 87 167 60
    247 126 125 230 215 209 200 225 72 171 12 137 63 199 166 91 199 44
    50 188 235 193 122 184 91 92 53 177 191 191 254 125 239 255 189 223
    24 255 127 253 251 255 123 244 221 251 247 62 251 245 126 187 124
    237 255 243 127 255 123 255 255 215 236 222 223 254 249 249 247 119
    223 107 127 213 23 253 59 157 255 28 15 238 181 159 109 56 246 247
    159 251 223 44 190 122 221 255 222 119 15 93 43 215 68 29 190 191
    254 190 94 246 215 56 46 6 255 195 103 191 194 242 29 250 249 94 41
    150 103 53 223 198 127 211 125 18 219 221 120 157 156 229 239 215
    164 155 141 42 18 191 79 88 246 120 123 89 12 187 251 43 222 236 138
    63 189 145 27 253 222 62 254 189 63 124 109 194 245 33 49 244 118
    209 119 117 246 33 55 126 90 123 107 215 108 215 186 82 120 233 116
    112 93 58 173 213 84 245 111 153 172 24 13 240 29 156 89 16 242 51
    189 90 223 44 250 43 220 236 170 23 125 129 91 245 84 44 225 63 59
    252 237 235 244 37 97 244 118 209 119 85 191 49 11 123 90 123 105
    215 36 87 186 82 120 233 124 114 95 56 47 212 84 245 111 153 172 24
    12 240 29 156 73 48 242 51 189 90 215 44 251 13 174 247 233 56 253
    173 247 57 254 202 149 92 53 251 235 233 252 227 106 245 80 94 185
    221 125 52 210 109 71 59 247 117 80 93 170 84 254 249 116 124 92 122
    62 86 167 118 105 153 237 60 5 242 29 159 77 158 194 11 173 218 71
    32 242 194 11 131 247 228 34 122 234 0 131 83 6 130 192 2 10 14 77
    61 79 10 141 194 17 14 218 155 172 210 34 34 25 82 39 49 219 67 109
    68 66 128 224 185 94 203 13 105 180 77 129 16 181 73 254 182 170 65
    236 49 223 68 21 17 178 186 254 255 201 54 127 213 247 255 220 252
    223 95 61 127 254 255 247 251 173 116 87 213 244 253 253 253 248 111
    223 222 185 196 104 195 252 254 123 249 125 126 221 127 191 213 182
    244 108 191 173 143 15 250 29 158 93 62 246 127 253 123 223 110 250
    9 146 69 161 173 176 163 88 188 60 194 69 205 125 57 1 230 253 131
    34 228 102 202 113 76 184 4 166 124 66 49 207 215 96 83 48 117 120
    233 36 125 84 26 14 197 193 241 107 184 188 24 5 240 29 156 73 22
    242 55 189 82 87 36 250 244 189 255 85 112 103 251 255 223 181 229
    251 231 218 150 206 187 197 126 111 63 175 230 151 223 251 247 63 83
