<?xml version="1.0"?>
<opencv_storage>
<ImageFile>"63.jpg"</ImageFile>
<Features type_id="opencv-matrix">
  <rows>412</rows>
  <cols>64</cols>
  <dt>u</dt>
  <data>
    124 174 247 221 250 223 243 255 253 253 206 253 223 253 251 236 251
    213 235 99 244 47 222 255 95 255 180 54 120 223 63 239 223 37 87 186
    214 122 249 124 240 93 120 46 213 54 245 111 153 172 24 13 240 29
    156 73 16 242 115 189 90 87 32 250 239 170 230 35 221 242 163 220
    252 191 210 123 171 139 131 77 10 125 187 59 233 7 239 125 6 235 26
    167 94 69 35 207 87 235 221 49 117 189 109 54 109 100 106 175 203 65
    123 243 124 220 24 177 213 245 156 224 70 188 183 159 206 215 48 126
    192 31 146 247 253 166 234 215 22 253 2 87 130 203 147 61 98 199 41
    66 198 47 198 91 14 202 166 47 210 8 35 111 103 39 84 187 83 60 235
    244 209 124 144 206 201 16 153 79 153 172 24 65 240 28 156 65 17 242
    115 191 88 119 161 249 32 71 16 138 201 204 7 73 47 64 10 6 177 109
    236 5 235 117 1 36 64 32 152 96 84 212 57 41 146 10 27 9 208 38 87
    154 0 96 13 68 36 80 24 171 85 20 244 4 145 36 16 4 162 25 142 11 16
    112 32 61 88 71 32 248 254 191 210 247 120 166 248 195 28 249 67 247
    135 211 146 127 114 223 189 111 231 45 211 123 143 202 246 239 86 41
    178 254 231 55 116 183 243 124 251 245 89 124 179 238 233 21 219 111
    217 172 24 81 240 28 156 73 17 251 115 191 88 119 177 250 33 46 103
    136 216 79 165 255 236 124 42 21 89 125 249 229 235 212 203 96 212
    136 156 56 94 173 45 1 159 10 59 95 113 39 85 186 80 242 37 116 183
    84 24 158 76 134 72 192 136 37 92 4 242 31 143 73 128 224 35 188 72
    70 32 176 253 255 246 127 255 239 253 91 125 253 237 251 190 255 230
    93 251 255 191 127 247 47 243 119 119 255 243 191 127 127 254 231
    223 103 119 191 243 125 251 125 125 255 251 231 253 81 255 239 237
    166 24 221 240 63 158 77 59 255 119 191 250 127 165 218 233 205 174
    217 111 255 95 51 61 255 13 202 158 253 126 15 157 187 248 191 190
    127 91 251 115 119 159 246 125 247 222 227 207 219 195 37 219 205
    254 43 124 191 239 237 191 121 247 187 255 202 168 255 247 237 218
    150 127 223 247 247 243 249 221 206 44 46 119 137 216 77 165 255 236
    124 42 21 81 125 249 228 235 212 203 96 212 136 156 56 94 189 45 1
    159 10 59 95 112 39 85 186 80 242 37 116 181 84 24 158 76 134 72 192
    136 37 92 4 242 31 143 73 128 224 35 188 72 70 32 176 250 221 238
    223 103 159 221 139 63 213 61 218 191 250 116 254 181 215 60 191 14
    127 227 103 127 215 243 63 127 251 222 61 150 255 56 91 202 93 250
    247 211 255 237 125 187 30 253 63 199 147 151 223 109 227 183 238 89
    247 112 127 117 125 155 191 250 89 255 222 38 79 89 175 223 228 127
    150 63 236 126 254 253 214 118 255 30 191 229 38 191 231 246 89 227
    251 222 248 226 61 37 254 206 127 210 253 146 223 245 126 190 62 165
    110 199 166 215 207 250 31 181 95 233 247 121 123 127 60 138 255 251
    253 251 255 255 174 95 11 255 111 213 250 191 238 180 93 251 247 61
    119 238 45 146 127 254 223 251 63 83 59 118 47 215 167 28 155 226
    125 255 119 113 222 252 105 221 28 253 191 221 164 24 133 225 53 156
    235 88 190 115 191 88 85 177 250 250 253 255 255 119 239 95 235 255
    255 213 251 191 238 246 94 251 215 60 111 174 173 226 127 111 223
    243 63 91 123 118 175 215 167 60 251 246 125 255 119 113 238 253 127
    255 28 253 191 205 164 26 213 233 254 188 239 89 254 113 251 93 125
    147 191 77 46 239 169 96 119 162 247 57 254 74 5 88 181 187 226 137
    88 201 110 252 209 126 185 89 105 156 132 109 70 59 211 117 16 85
    169 85 242 205 48 244 52 24 62 87 134 99 232 29 44 62 5 211 93 156
    12 150 236 11 188 75 82 96 242 125 254 255 255 254 255 255 121 253
    253 92 251 255 127 254 207 251 245 251 107 252 127 218 127 125 255
    183 183 127 219 127 239 215 237 87 190 247 249 249 127 124 95 255 47
    213 116 245 107 189 172 153 13 242 61 156 93 56 246 115 191 251 223
    44 254 124 50 247 245 254 225 59 252 220 191 210 53 229 194 147 67
    250 213 203 99 249 173 207 157 140 170 190 143 90 77 117 238 127 45
    117 191 94 126 225 85 216 68 211 14 203 37 139 127 184 172 88 131
    226 190 156 65 196 178 51 219 76 6 32 246 76 14 238 249 34 119 160
    247 57 254 78 133 88 181 59 234 137 88 233 234 244 209 94 179 89 105
    156 132 109 196 59 195 245 16 81 40 87 114 237 32 244 53 120 62 85
    134 99 232 29 104 28 5 211 93 152 12 22 196 43 180 75 82 64 250 46
    140 234 139 23 223 135 15 45 231 20 250 187 58 190 79 201 117 33 115
    133 87 218 113 93 211 24 47 83 25 51 107 215 36 87 186 82 120 233
    118 112 93 56 45 213 20 117 111 153 172 24 5 240 29 156 73 16 242 51
    189 88 87 32 250 28 178 255 173 60 242 185 126 80 250 192 241 97 17
    137 137 10 204 235 107 240 65 206 249 45 41 40 150 93 69 33 255 253
    192 253 48 117 184 169 53 249 94 123 142 243 129 83 107 186 252 62 1
    244 61 157 76 150 226 191 204 218 87 38 247 45 6 100 128 219 125 39
    221 172 92 138 37 25 63 251 229 203 124 67 96 120 194 156 48 84 237
    12 1 248 26 59 145 248 36 87 186 82 114 13 60 116 84 24 142 68 230
    228 68 25 44 28 4 210 29 140 9 16 224 35 188 72 70 32 248 8 14 174
    216 34 127 160 247 49 252 78 133 88 181 59 174 141 216 233 235 244
    213 92 179 89 105 148 208 108 198 63 195 253 48 83 32 87 106 232 96
    252 53 120 54 85 167 103 235 153 232 28 5 242 29 152 76 23 227 59
    181 67 83 0 250 45 6 100 168 219 125 39 221 172 92 138 37 25 63 251
    229 203 124 67 96 112 194 156 48 80 237 28 1 249 26 59 129 252 36 87
    186 83 114 13 60 124 84 24 30 84 231 100 192 25 44 92 4 211 29 140 9
    16 224 35 188 72 70 32 248 77 46 239 201 248 245 163 245 57 254 74
    28 88 53 251 225 139 92 201 110 252 209 94 184 77 105 24 164 237 70
    59 27 245 64 213 171 80 243 237 52 244 53 88 54 85 134 96 240 29 45
    62 53 211 93 156 12 148 236 11 172 72 86 96 240 69 50 81 35 216 178
    38 64 96 34 162 48 224 3 129 83 98 171 137 64 201 33 75 221 132 72
    232 143 2 13 161 70 125 133 84 187 17 184 37 214 12 64 8 6 65 73 130
    67 24 108 24 37 117 120 92 195 0 122 147 148 200 82 112 108 13 186
    230 101 60 115 161 246 240 188 226 117 106 25 147 161 162 236 195 42
    241 3 125 255 34 40 4 130 124 69 33 215 253 224 127 48 117 178 169
    181 223 20 90 150 200 227 211 105 184 124 204 9 244 28 152 73 54 210
    135 132 202 71 38 93 187 159 255 255 255 253 251 185 191 253 215 255
    191 120 126 220 252 255 250 251 254 127 210 127 255 250 247 254 126
    243 255 239 223 121 87 180 255 123 250 125 249 93 251 127 253 55 255
    111 189 174 153 79 242 29 157 77 55 247 247 191 251 127 165 254 63
    180 253 222 63 157 219 57 247 244 149 245 189 127 188 85 250 247 66
    51 245 119 211 119 253 178 228 95 126 217 221 107 223 108 215 190
    222 120 249 125 116 93 123 175 213 116 245 111 185 174 153 13 240 29
    156 93 56 242 119 189 122 215 44 218 68 3 130 80 0 2 104 99 0 130 3
    6 80 192 17 2 4 9 32 198 6 172 64 131 8 18 134 76 0 164 128 64 66 18
    65 168 0 12 66 64 32 32 177 96 39 12 163 110 19 168 32 211 50 88 56
    24 1 99 19 243 40 48 193 98 96 10 247 149 56 7 129 255 214 252 134
    21 83 248 147 78 234 213 99 99 220 173 198 183 95 42 180 14 80 140
    49 111 255 36 85 186 82 120 225 116 240 92 48 14 217 52 193 111 153
    172 24 5 240 29 156 73 16 242 51 189 88 87 32 250 76 47 239 249 96
    127 242 247 57 254 78 133 82 244 251 234 139 201 251 111 125 165 70
    147 89 107 150 132 73 198 58 242 251 2 85 186 83 122 201 116 250 124
    56 54 245 183 227 110 153 172 28 5 240 29 156 73 22 242 51 189 88 86
    35 250 77 38 109 40 8 246 163 102 112 190 242 49 72 41 137 162 8 40
    131 232 241 65 205 185 29 41 12 135 105 69 33 223 121 200 197 33 127
    178 37 58 254 70 74 140 82 163 66 201 59 108 30 4 245 29 205 12 142
    230 175 220 202 146 106 245 38 33 105 186 156 164 43 76 196 38 241
    48 97 67 145 112 82 76 3 82 227 32 137 95 12 136 166 141 66 184 33
    200 39 142 150 154 43 48 1 214 170 66 16 200 80 17 131 79 26 44 24 0
    96 20 92 81 0 162 19 152 8 214 104 97 124 137 238 253 50 127 249 247
