<?xml version="1.0"?>
<opencv_storage>
<ImageFile>"65.jpg"</ImageFile>
<Features type_id="opencv-matrix">
  <rows>174</rows>
  <cols>64</cols>
  <dt>u</dt>
  <data>
    124 237 239 220 50 127 125 127 189 198 253 184 95 190 254 206 153
    253 122 111 55 253 208 179 125 255 151 189 105 254 126 169 210 84
    103 234 202 126 211 125 62 191 189 39 191 190 245 110 159 174 167
    223 122 29 183 28 120 230 121 255 123 222 107 251 60 236 109 235 62
    253 245 253 253 220 254 253 125 62 253 228 155 244 195 106 245 114
    157 246 125 125 5 179 127 223 127 251 237 108 71 250 223 115 249 60
    254 221 127 63 212 183 246 107 187 173 159 13 250 29 159 93 62 242
    127 253 251 223 46 254 236 239 255 216 112 127 119 247 189 244 236
    184 95 189 255 238 139 125 251 111 63 221 244 179 95 239 159 181 105
    206 62 137 242 7 103 235 128 254 215 252 190 191 252 247 63 190 101
    234 223 173 239 252 219 127 167 30 248 236 105 127 95 196 91 251 57
    221 236 92 38 255 124 55 57 212 223 132 92 116 125 238 157 186 242
    187 183 125 81 243 241 103 198 212 109 215 220 225 223 90 227 36 223
    74 250 105 254 191 255 103 181 247 247 111 191 234 175 79 250 93 91
    92 63 215 95 247 243 251 207 202 43 214 108 239 63 189 223 57 189
    253 252 201 189 125 124 237 181 253 223 187 244 122 218 127 117 254
    225 54 127 115 125 255 223 232 222 48 255 251 248 191 255 223 107 47
    212 151 247 107 189 255 156 13 254 181 159 93 62 246 255 159 243 223
    46 255 41 207 236 200 34 253 245 119 181 222 108 201 29 61 125 175
    141 124 227 107 244 114 124 243 121 63 5 146 125 211 125 195 223 82
    211 32 215 200 248 40 126 191 126 167 244 242 119 107 187 152 190 13
    242 29 155 28 63 194 107 175 211 219 79 251 251 222 158 223 239 255
    223 177 63 253 125 203 191 125 126 189 253 247 252 187 252 127 251
    123 249 127 243 126 127 243 255 231 223 249 83 117 255 217 250 251
    114 95 235 127 245 22 255 123 189 202 152 15 244 173 153 207 119 247
    247 191 243 127 142 254 92 59 247 117 120 183 123 118 144 190 211
    151 199 209 147 74 184 205 251 111 255 173 66 219 143 106 182 214 72
    197 244 238 95 27 37 47 220 188 246 119 124 44 243 230 239 233 131
    235 190 238 169 211 241 124 28 85 71 255 83 223 251 39 209 246 44
    222 109 168 63 253 163 125 189 254 206 205 93 61 125 229 217 252 195
    121 244 114 222 253 113 61 13 182 125 215 125 207 205 72 203 36 247
    250 169 56 255 29 126 167 84 247 118 107 186 249 173 12 242 29 219
    92 62 194 175 236 243 219 110 222 44 190 108 168 63 255 163 117 189
    220 222 181 93 61 253 229 217 252 195 248 245 115 222 245 125 109 12
    212 125 215 125 207 205 104 195 164 255 122 169 60 253 29 126 167 84
    231 118 107 186 252 141 8 242 29 155 92 46 198 47 252 219 203 46 214
    62 253 239 253 55 253 253 125 253 255 221 248 253 124 189 95 187 245
    98 123 247 127 211 247 253 255 247 191 127 255 119 235 223 108 215
    190 222 121 249 125 124 93 255 111 247 117 245 111 191 174 153 79
    242 29 220 93 56 243 123 255 251 223 172 250 247 221 238 223 255 215
    219 188 63 253 61 251 159 251 55 253 253 247 120 183 223 127 246 123
    127 231 243 127 127 91 223 111 215 111 85 187 210 121 251 127 114 95
    233 47 213 28 245 111 157 172 24 5 240 61 156 75 24 246 114 191 216
    93 34 251 252 250 255 253 254 125 249 255 253 255 254 255 223 254
    251 238 251 220 255 107 253 221 238 188 255 239 191 179 253 223 127
    255 241 231 127 251 214 247 253 254 254 93 251 62 223 167 89 241 143
    173 223 181 218 191 141 93 212 252 105 253 223 94 42 189 59 223 252
    219 191 189 221 89 255 87 135 254 189 127 252 93 255 247 98 115 247
    119 211 119 245 246 247 63 126 251 223 235 207 110 199 158 210 120
    251 125 124 93 124 237 213 112 245 111 185 190 152 13 242 29 222 85
    56 242 114 191 251 223 172 218 63 255 252 219 191 253 223 25 255 215
    159 252 189 127 252 93 251 247 98 123 247 119 211 119 117 246 245 63
    126 251 223 235 207 108 199 190 210 120 251 125 124 93 126 173 213
    113 245 111 185 190 152 13 242 29 222 85 56 246 247 191 251 223 172
    218 59 214 124 138 55 125 157 113 127 86 127 208 61 61 124 245 255
    246 69 232 112 80 177 112 125 189 33 25 127 94 253 185 212 100 223
    218 194 114 153 253 246 223 60 63 212 134 244 76 155 189 22 13 250
    29 151 93 56 242 59 156 91 223 46 185 61 191 253 124 62 191 253 127
    241 252 213 241 253 123 188 95 242 253 227 107 245 127 83 247 253
    106 230 223 126 125 253 235 223 108 197 190 223 120 249 125 124 95
    251 175 245 113 247 111 187 174 137 79 240 29 159 93 62 243 119 191
    251 255 239 255 253 63 255 241 112 119 105 254 252 255 192 187 239
    251 147 207 251 237 251 111 125 207 238 191 143 235 182 175 219 76
    114 171 123 7 180 255 85 189 117 124 124 70 186 190 219 161 75 246
    254 172 126 241 240 190 156 69 212 252 99 223 222 214 33 243 253 63
    255 241 112 119 233 254 252 255 224 187 111 251 147 206 251 253 251
    111 127 207 238 191 143 235 182 191 251 77 114 175 127 39 52 255 87
    181 117 124 124 78 186 190 219 161 75 246 189 172 126 241 240 190
    156 69 244 252 99 223 223 214 33 255 205 190 247 125 120 119 245 254
    176 189 236 251 79 249 147 239 235 253 251 111 253 143 238 187 15
    107 158 246 253 69 114 239 253 115 53 253 117 180 253 125 125 60 250
    182 239 225 91 233 189 172 127 181 209 126 156 76 246 252 167 207
    222 71 37 254 124 40 255 249 250 127 243 255 221 252 214 191 221 246
    251 238 251 221 91 102 253 213 206 183 95 232 188 141 233 221 63 235
    247 39 85 251 86 115 237 124 248 93 212 30 85 191 193 239 159 44 155
    141 243 29 157 89 80 252 59 189 91 94 42 255 62 242 108 235 255 185
    158 25 125 187 248 251 188 58 100 93 244 187 255 155 253 119 91 124
    225 94 107 247 126 245 237 246 223 248 222 37 255 217 189 115 111 95
    111 45 215 117 223 115 190 223 152 15 246 229 249 253 94 151 247 183
    179 251 252 15 248 205 255 223 106 223 209 255 255 253 30 221 63 254
    251 238 251 215 248 43 214 63 254 63 123 239 22 54 127 219 94 255
    231 103 119 113 246 215 255 124 115 125 231 118 189 182 125 235 253
    172 255 253 191 47 156 206 241 254 106 111 219 109 139 254 59 245 76
    62 55 41 93 58 247 0 213 240 60 122 36 85 244 178 70 209 183 122 209
    103 224 50 224 25 114 124 204 225 158 108 130 158 203 88 146 125 90
    219 157 73 208 117 183 78 179 182 137 15 122 13 219 85 56 179 255
    187 57 187 174 75 62 250 238 235 191 177 254 57 125 187 252 249 252
    18 45 93 212 187 251 155 245 119 91 253 225 127 107 247 124 117 229
    246 223 216 223 37 255 249 248 115 124 95 111 45 215 245 215 115 190
    222 136 79 246 165 249 125 62 151 215 247 179 251 236 78 211 217 154
    215 224 194 222 134 58 239 45 203 150 224 54 186 61 195 60 167 14
    141 102 11 203 215 251 126 193 35 246 55 215 53 112 113 219 109 254
    243 80 124 169 127 187 28 253 191 221 138 24 247 245 255 156 235 81
    255 113 63 124 117 145 250 252 236 239 169 34 127 181 239 253 244
    254 191 95 190 255 238 251 152 123 109 121 211 246 180 95 109 156
    153 233 215 126 251 233 44 103 254 215 115 169 124 250 95 117 62 221
    183 102 236 191 172 223 141 218 31 149 93 248 244 41 248 95 222 42
    250 253 52 255 183 221 231 59 252 252 239 209 191 239 235 147 79 235
    213 51 103 233 135 199 60 78 251 189 47 210 11 51 239 215 37 21 187
    82 121 237 118 112 76 56 47 213 28 253 125 153 172 24 5 240 28 156
    73 16 242 51 189 88 87 32 250 195 31 146 215 233 66 202 130 62 249
    40 75 134 219 34 63 100 215 60 39 78 175 230 107 74 223 187 110 144
    10 146 119 243 35 116 113 83 92 254 228 81 124 168 127 201 28 217
    255 205 172 24 213 245 122 156 203 81 124 115 63 92 116 145 250 12
    142 238 165 42 253 184 119 61 254 198 197 90 48 123 206 136 120 227
    235 245 85 94 251 121 41 148 242 108 213 61 199 221 112 83 40 223
    250 232 56 252 61 122 46 213 167 211 107 185 232 156 13 242 93 153
    92 22 195 55 181 75 91 40 250 242 185 255 214 54 23 221 63 215 255
    21 243 191 250 178 94 255 215 120 187 215 47 227 119 235 243 246 127
