<?xml version="1.0"?>
<opencv_storage>
<ImageFile>"66.jpg"</ImageFile>
<Features type_id="opencv-matrix">
  <rows>212</rows>
  <cols>64</cols>
  <dt>u</dt>
  <data>
    124 50 241 181 188 165 43 125 198 254 210 53 229 66 147 82 114 197
    195 98 249 41 194 223 140 168 230 207 82 8 113 238 71 36 85 190 84
    56 65 84 216 68 19 142 193 36 129 95 152 172 24 1 240 28 156 65 0
    114 51 157 88 7 32 242 6 0 24 128 9 194 2 69 2 162 2 4 0 2 129 18 78
    2 1 0 128 32 72 65 4 144 8 77 2 138 129 66 5 132 81 42 0 136 41 66
    32 16 0 0 5 20 32 111 17 108 24 0 180 25 40 65 16 114 35 176 8 19 32
    234 41 134 100 162 159 253 163 125 189 124 222 117 189 125 249 229
    242 244 67 96 245 114 155 116 92 168 36 3 126 223 121 239 223 108 87
    186 82 114 233 124 253 85 90 14 84 231 245 111 153 44 24 13 242 29
    156 73 48 242 51 188 90 95 32 248 103 196 104 42 207 142 23 1 35 103
    45 136 156 47 36 95 193 119 17 225 136 115 218 104 84 212 169 47 83
    57 25 103 145 164 20 42 66 233 37 122 114 202 108 169 213 28 244 35
    145 236 24 4 228 25 188 43 24 178 179 188 216 87 58 255 244 51 241
    246 216 38 35 236 196 44 210 55 101 203 147 112 114 213 27 102 203
    169 174 62 14 138 46 15 210 8 49 239 115 39 20 187 86 114 5 214 209
    64 144 14 72 8 201 215 137 36 88 0 96 30 140 73 192 112 33 152 76 6
    32 245 57 213 125 220 55 125 125 126 247 196 253 248 125 61 252 238
    251 244 103 107 54 120 245 54 125 191 161 25 123 94 124 249 240 100
    53 218 194 120 217 252 54 223 189 47 214 22 116 110 137 173 87 13
    122 29 151 77 184 242 123 253 89 222 34 250 246 49 243 22 87 2 91 47
    198 1 213 51 247 194 146 94 122 135 114 87 79 175 195 71 158 202 244
    77 2 184 192 40 143 45 100 190 202 56 195 92 72 88 181 203 201 120
    161 78 217 166 137 139 112 26 28 67 64 114 51 185 56 85 176 90 125
    45 255 188 18 103 241 255 245 220 222 181 127 254 187 238 235 212 99
    103 117 167 215 55 95 235 180 141 91 222 122 235 247 36 85 186 86
    122 201 124 120 93 60 46 213 23 229 110 153 172 24 5 240 29 156 73
    16 242 51 189 90 87 34 250 3 3 0 22 137 128 0 2 2 8 2 67 128 67 0 17
    100 43 1 208 192 36 0 67 2 10 160 72 128 0 161 64 71 32 66 176 25 8
    1 68 64 64 16 139 192 64 131 79 24 164 24 1 240 24 28 65 2 50 19 149
    8 87 32 104 50 193 136 158 35 8 92 11 7 226 61 136 63 174 36 94 191
    18 36 145 130 52 225 35 81 151 227 27 19 185 156 105 131 180 48 146
    130 72 162 211 34 203 101 105 182 20 229 47 211 162 18 5 46 0 244
    107 25 115 56 121 25 84 162 235 163 1 171 180 1 64 241 238 132 196
    215 86 227 216 19 4 107 84 35 67 102 46 194 87 14 155 144 41 82 134
    34 169 198 38 21 186 82 120 73 92 112 80 48 175 197 16 181 110 153
    172 25 1 240 28 156 65 16 242 51 189 88 23 32 250 68 35 147 16 64 66
    42 71 66 130 35 16 64 130 147 50 98 64 3 68 11 129 100 131 140 129
    172 13 2 140 32 0 96 4 69 155 0 52 5 212 32 64 16 136 66 76 0 12 25
    44 16 1 96 24 20 67 128 122 1 180 76 86 96 240 59 244 109 172 54 189
    189 121 253 223 253 216 253 61 124 95 157 253 99 249 240 118 211 245
    253 253 181 190 126 119 117 235 215 124 215 190 222 120 248 121 124
    223 127 173 213 113 246 111 187 174 152 15 242 29 220 93 56 243 51
    189 251 223 108 250 109 62 247 117 248 55 163 254 248 252 198 119 79
    123 155 229 226 237 203 106 245 111 222 255 95 42 140 151 252 77 113
    255 255 99 68 190 213 178 253 252 221 84 26 150 233 227 195 75 184
    44 141 9 240 61 157 77 62 254 119 141 218 71 37 253 107 141 236 190
    99 207 95 11 191 103 151 206 191 236 60 94 157 51 122 247 254 127
    210 103 87 246 255 126 106 243 94 233 143 61 67 173 138 104 254 120
    120 253 245 233 245 125 245 111 191 174 152 79 243 125 92 215 121
    255 115 185 59 243 152 202 59 212 109 168 63 253 159 121 253 254 221
    216 253 61 61 85 221 253 99 240 240 114 210 117 253 245 245 190 127
    247 117 235 199 76 199 174 218 120 232 121 124 95 127 173 213 113
    247 111 187 174 152 13 242 29 220 85 56 242 123 189 251 219 108 250
    4 39 225 152 0 78 37 71 33 68 9 16 81 229 189 66 203 84 1 100 2 160
    192 35 92 129 128 9 0 8 24 9 210 6 85 186 0 120 65 84 36 48 56 39 84
    20 101 238 25 44 48 4 48 29 148 8 16 226 35 189 72 70 33 242 9 6 36
    136 0 157 160 81 36 86 2 4 24 61 121 37 192 124 1 96 80 96 144 112
    88 60 0 0 80 6 57 17 212 36 83 168 80 106 9 32 52 20 24 14 84 148
    228 76 25 44 24 4 240 29 140 9 16 226 51 188 72 87 32 240 18 51 16
    150 8 64 0 7 66 0 35 53 48 66 129 48 118 130 1 192 193 32 69 6 152
    136 224 73 2 136 129 96 101 36 69 190 17 16 129 212 64 80 16 10 192
    4 129 78 153 172 24 1 240 28 28 65 0 114 19 180 88 22 32 232 9 6 36
    136 1 149 161 81 36 86 10 4 24 61 121 37 192 124 1 96 80 96 144 112
    88 60 0 0 80 6 57 17 212 36 83 168 82 106 9 32 52 20 24 14 84 148
    228 76 25 44 24 4 240 29 140 9 16 226 51 188 72 87 32 248 232 205
    239 223 34 95 213 183 255 212 31 159 31 188 127 238 155 113 122 47
    20 215 246 167 123 117 156 52 105 218 30 169 204 109 99 248 222 90
    222 124 114 61 181 182 157 190 117 236 191 168 239 157 147 31 152
    222 120 238 122 125 123 221 10 250 35 22 0 131 205 128 130 8 102 107
    2 70 172 107 3 21 102 215 0 32 200 37 139 108 66 212 57 47 146 10 3
    103 87 164 93 146 82 120 105 70 100 64 8 9 197 20 244 21 152 172 24
    5 244 8 156 107 16 114 50 189 88 87 32 250 114 2 147 131 202 132 139
    9 206 239 18 71 177 74 19 20 110 215 32 34 200 39 203 109 74 210 188
    47 18 138 51 111 87 36 85 186 82 120 233 118 112 92 32 47 213 20 245
    111 153 172 24 5 240 29 156 73 16 114 51 189 88 87 32 250 126 125
    255 246 55 63 125 123 247 92 215 243 127 250 244 94 242 215 103 103
    117 37 209 119 223 250 225 29 82 28 244 233 210 36 84 190 82 120 193
    244 208 94 56 47 209 20 245 78 153 172 24 5 240 29 157 73 16 242 51
    189 88 87 32 251 252 59 247 245 254 55 127 251 212 255 243 51 255
    202 147 94 242 213 123 102 255 175 199 63 142 234 190 175 210 157
    112 255 115 39 20 191 86 124 229 212 216 66 145 30 203 172 201 223
    157 172 24 133 96 62 157 73 192 246 51 159 92 22 32 181 37 166 96
    161 217 252 162 201 41 83 138 110 128 23 235 165 194 41 129 64 201
    64 26 80 85 132 24 163 182 14 11 3 133 130 215 138 49 146 45 0 228
    20 26 128 84 67 118 177 152 124 8 40 211 133 200 56 18 72 134 164 10
    211 108 72 109 37 227 176 80 39 33 111 196 196 212 55 113 170 147 70
    234 213 3 100 97 135 193 55 78 136 188 141 82 12 48 233 214 36 85
    186 82 120 1 116 88 92 24 14 209 20 193 110 153 172 24 5 240 29 156
    73 16 242 51 189 88 86 32 250 109 37 227 176 82 39 35 255 196 196
    208 55 115 138 179 70 234 221 35 100 97 135 192 55 78 136 188 141 82
    12 50 233 213 36 85 186 82 120 1 116 120 84 24 14 209 21 193 108 153
    172 24 5 240 29 156 73 16 242 51 189 88 86 32 250 3 148 144 6 141
    128 128 0 34 33 128 65 160 73 0 17 100 162 1 144 192 38 75 65 192 24
    96 110 18 4 193 102 223 44 16 52 83 8 40 96 97 64 24 11 192 81 183
    79 153 228 24 4 240 24 152 65 18 178 55 181 16 87 32 74 55 53 113 54
    21 34 9 74 194 2 241 48 101 203 129 115 242 166 3 214 225 38 17 87
    212 138 224 205 66 156 224 232 202 44 71 190 90 56 193 124 120 92 16
    143 212 113 161 78 153 172 24 1 240 29 156 65 16 242 51 189 88 86 32
    248 9 134 101 136 23 189 167 120 165 84 10 69 137 61 41 5 137 124 1
    96 112 64 210 112 64 188 24 16 124 18 57 9 220 100 209 152 83 122
    137 44 117 21 26 174 84 16 244 108 24 188 24 13 242 29 156 8 56 226
    51 188 64 215 36 250 18 19 146 215 33 130 216 167 70 192 19 65 35
    192 19 18 118 214 0 7 134 45 199 67 138 130 226 76 18 40 144 58 55
    39 48 144 86 72 66 192 129 64 129 74 168 4 201 78 209 136 89 133 48
    0 180 203 65 114 50 91 80 4 1 249 41 134 101 136 151 189 167 92 181
    92 142 69 137 61 41 5 137 124 65 112 240 66 210 112 112 188 24 16
    124 80 57 137 221 100 219 184 83 122 137 44 117 93 26 174 84 17 244
    108 24 188 24 13 242 29 156 8 56 226 51 188 66 223 44 250 63 53 255
    178 23 103 49 110 212 196 212 240 127 234 166 94 235 213 35 119 97
