<?xml version="1.0"?>
<opencv_storage>
<ImageFile>"67.jpg"</ImageFile>
<Features type_id="opencv-matrix">
  <rows>398</rows>
  <cols>64</cols>
  <dt>u</dt>
  <data>
    44 236 253 200 26 239 245 119 189 252 78 213 93 124 253 236 251 252
    195 34 245 120 220 243 121 108 4 150 109 215 29 239 207 66 99 176
    183 218 249 60 251 189 118 38 116 182 119 107 189 172 171 13 242 29
    153 93 62 194 127 173 219 79 47 254 169 254 236 203 191 253 213 49
    125 223 60 251 191 63 254 237 219 245 253 169 245 86 219 116 121 119
    29 51 127 219 95 235 159 68 223 242 246 89 249 61 119 223 122 53 213
    180 244 105 191 189 159 13 250 133 218 93 62 246 126 173 219 219 108
    218 60 249 255 202 50 95 213 247 255 214 222 188 125 190 255 238 251
    208 99 235 53 211 247 182 253 117 180 153 111 222 222 232 197 76 231
    254 222 122 217 124 62 221 245 55 23 246 119 108 191 172 175 143 242
    29 176 92 60 246 107 249 123 219 106 250 61 254 252 236 63 253 245
    127 253 220 222 253 253 61 252 204 251 185 235 249 245 119 219 247
    241 127 85 246 109 215 255 239 223 120 195 180 223 216 249 61 125
    157 127 167 245 241 247 107 191 254 137 15 242 13 218 93 62 215 255
    237 243 219 236 222 122 221 220 222 103 207 95 15 119 96 61 152 63
    254 36 94 255 215 56 181 134 125 243 35 123 199 233 61 123 121 220
    105 151 37 21 178 194 89 242 116 114 223 125 105 149 28 245 110 149
    164 26 13 248 25 158 207 24 246 59 189 89 29 48 250 58 213 108 142
    39 221 29 57 247 86 189 128 61 61 124 247 151 244 66 185 240 114 209
    118 125 165 197 24 127 242 93 233 156 108 211 188 254 90 152 249 246
    223 63 45 180 246 244 110 179 171 159 15 186 29 223 93 56 243 63 252
    115 218 110 217 251 221 123 223 51 77 93 239 223 197 61 156 63 174
    255 254 255 214 52 111 30 184 229 38 253 223 243 57 211 123 126 61
    224 37 61 219 194 119 211 247 179 223 253 123 190 158 109 60 197 161
    118 149 40 31 181 111 208 240 104 123 93 76 35 179 175 252 110 237
    255 253 223 152 189 255 253 251 159 127 252 253 177 253 63 251 247
    126 190 120 127 255 179 59 255 123 127 255 247 252 222 219 242 125
    249 191 119 223 111 127 213 22 253 59 157 189 30 13 248 181 159 109
    56 214 243 191 223 223 42 189 122 206 239 223 46 223 223 33 255 255
    61 200 159 56 125 94 189 247 120 107 190 119 210 127 89 247 183 62
    111 243 127 239 215 252 71 58 218 120 248 123 118 95 105 45 247 20
    245 107 159 168 24 15 246 29 156 93 17 246 115 189 251 223 42 255
    205 207 254 253 235 255 251 251 189 253 206 223 159 252 255 238 171
    221 251 111 254 127 206 123 127 255 147 182 125 199 62 255 223 243
    117 121 247 255 254 62 249 125 255 118 255 159 255 243 253 205 62
    245 255 255 157 236 83 254 255 175 219 127 147 254 58 245 125 158 55
    221 93 45 247 230 253 184 61 47 61 214 255 150 66 249 182 114 209
    102 253 181 229 121 123 251 221 233 135 124 135 158 202 88 248 123
    54 223 253 169 182 20 245 111 147 170 155 15 186 29 252 93 56 243
    123 249 59 223 106 223 249 204 255 223 106 255 241 247 253 253 252
    223 255 253 127 238 191 187 251 43 252 95 255 255 251 127 215 182
    109 215 254 239 223 251 99 117 247 223 254 126 123 61 239 119 255 55
    127 243 253 202 175 255 245 253 152 222 127 255 255 255 243 253 143
    222 243 221 147 87 254 198 219 129 222 191 49 219 175 200 82 29 254
    215 60 247 78 175 167 125 238 223 255 111 214 27 242 62 247 47 92
    223 90 125 239 246 81 92 168 127 217 28 217 183 205 172 24 5 248 191
    156 235 80 244 49 63 92 85 48 186 40 15 239 210 34 223 209 115 189
    212 31 148 25 124 249 230 195 212 67 111 214 62 208 247 89 110 132
    12 112 218 28 169 230 38 71 186 210 122 219 124 208 125 48 174 212
    54 229 110 153 172 153 13 242 29 157 73 16 242 115 189 90 87 42 250
    171 212 108 171 247 189 151 24 63 87 188 202 189 61 108 125 245 247
    21 244 104 82 145 116 101 213 105 61 255 26 251 49 144 108 214 154
    74 121 169 240 118 223 56 45 212 86 244 5 153 189 16 12 248 157 207
    125 56 246 51 188 88 223 46 185 188 254 111 205 190 253 253 249 189
    223 255 254 223 61 127 237 153 252 111 251 244 118 246 252 125 127
    149 242 125 215 127 251 207 88 207 78 222 123 248 59 254 63 251 191
    247 247 247 59 191 255 143 79 250 157 223 92 60 215 251 239 243 219
    110 254 187 212 108 171 183 189 159 25 63 87 61 202 189 61 108 253
    245 247 20 253 112 114 145 116 117 245 233 121 127 122 223 49 144
    108 214 222 218 121 169 249 118 223 58 189 212 82 244 45 153 189 16
    13 248 149 223 125 56 246 51 188 90 223 46 251 109 239 247 252 48 47
    109 95 165 254 232 185 67 233 191 207 162 124 227 111 118 173 80 179
    93 171 166 149 89 4 56 201 210 6 118 186 17 124 209 116 254 126 58
    231 254 23 199 110 152 172 56 85 224 29 157 76 16 242 115 191 90 70
    35 243 255 252 109 255 255 189 95 24 255 127 189 250 255 123 116 93
    253 247 62 251 255 119 251 124 229 255 251 127 127 127 255 111 215
    236 158 223 202 121 249 247 118 223 107 61 209 28 253 63 157 191 24
    5 232 189 159 109 56 246 243 191 219 223 46 255 243 221 178 87 239
    196 217 131 206 197 181 202 239 200 82 60 255 215 62 247 14 175 231
    103 175 223 247 107 211 63 242 62 231 47 116 223 90 125 235 246 81
    92 184 127 217 28 153 183 217 172 24 133 240 31 156 107 17 240 49 63
    92 85 16 250 45 198 100 42 159 45 165 88 181 124 168 97 45 47 236
    229 195 124 135 112 241 66 184 124 86 173 9 19 255 88 105 215 237
    232 94 178 241 242 41 188 207 86 90 143 80 115 214 193 168 52 24 12
    242 21 141 5 58 160 167 172 154 223 46 121 62 121 249 254 50 13 93
    107 207 198 123 146 95 230 252 254 242 214 100 111 14 188 192 39 221
    134 166 25 66 248 124 169 98 38 100 158 202 126 211 222 130 219 245
    105 190 30 229 62 199 164 17 199 42 29 181 93 136 242 121 249 93 92
    43 179 173 198 100 34 159 45 165 89 181 126 170 99 45 47 224 69 194
    124 199 112 241 66 153 124 86 188 13 19 250 84 105 215 237 104 206
    178 241 50 41 188 79 86 26 143 84 115 214 73 184 60 24 12 242 29 205
    65 58 176 167 180 154 215 40 120 62 41 113 246 50 13 93 107 207 198
    123 176 87 230 252 246 242 214 70 103 30 188 224 39 221 142 166 25
    66 184 124 169 98 36 102 158 130 126 211 222 146 203 181 106 162 30
    197 62 139 164 16 199 98 29 181 89 136 242 113 249 93 30 35 178 93
    159 254 220 34 159 126 118 51 252 85 137 222 245 62 74 188 251 248
    171 246 125 82 243 217 106 230 254 109 213 221 231 223 82 113 36 223
    216 250 121 118 63 255 39 245 180 247 111 191 234 169 79 242 93 154
    93 127 255 115 255 251 251 239 255 63 254 237 239 63 253 247 9 253
    213 87 253 189 126 253 220 251 247 99 123 244 119 218 119 125 255 21
    63 126 251 127 239 135 236 199 150 247 89 249 63 125 93 255 229 213
    213 245 111 187 188 153 13 246 5 156 93 56 242 115 189 251 223 44
    222 44 172 238 203 170 221 244 167 125 253 78 253 159 62 251 236 139
    56 225 170 245 85 95 241 123 125 16 179 109 223 31 227 223 96 71 178
    247 91 249 60 124 61 124 39 213 183 247 107 185 236 139 13 246 29
    152 92 62 227 63 189 91 219 40 218 189 247 118 117 53 161 253 250
    144 157 245 243 230 91 128 95 242 236 39 95 55 46 224 247 165 63 247
    251 84 44 228 185 90 60 188 222 214 61 209 245 89 202 187 255 234 97
    155 126 168 183 112 199 104 190 158 69 48 179 119 223 124 55 165 186
    92 236 255 253 106 255 243 253 29 252 78 221 213 124 255 238 235 221
    241 99 244 61 206 251 125 239 176 230 73 195 63 239 247 32 85 184
    118 251 233 124 114 93 127 38 245 22 245 107 157 172 25 5 242 29 156
    73 20 242 59 189 91 95 35 254 77 175 231 221 40 127 229 247 57 252
    78 141 83 245 255 206 139 125 251 43 244 93 94 243 91 127 23 182 109
    199 30 207 223 83 113 32 180 254 255 44 117 61 250 183 125 180 119
    235 189 232 237 255 211 95 152 12 111 204 71 239 211 109 77 254 29
    178 92 101 191 177 255 120 48 191 212 249 236 89 160 81 232 253 163
    155 225 125 202 251 164 126 115 247 124 103 229 231 95 240 157 36
    127 249 249 53 125 76 251 47 247 129 255 123 186 254 24 7 244 164
