<?xml version="1.0"?>
<opencv_storage>
<ImageFile>"68.jpg"</ImageFile>
<Features type_id="opencv-matrix">
  <rows>379</rows>
  <cols>64</cols>
  <dt>u</dt>
  <data>
    45 230 100 40 23 125 165 88 189 84 206 165 125 61 237 197 139 60 195
    112 241 82 16 244 113 61 17 144 125 86 27 193 156 64 211 176 209 82
    153 60 125 157 62 167 84 241 118 104 56 181 137 12 210 29 203 12 62
    130 47 172 139 207 46 90 42 6 100 138 159 157 5 9 167 102 26 0 61 46
    125 85 240 246 65 240 208 114 153 116 84 128 36 9 58 216 57 193 208
    44 86 186 74 114 1 92 166 215 92 12 84 214 196 77 145 36 24 12 34 29
    143 25 24 226 59 188 90 78 42 240 193 2 134 17 72 82 128 246 16 189
    34 67 130 217 19 3 8 77 33 99 200 133 238 115 10 203 156 38 208 0 51
    95 247 32 81 56 82 40 109 32 112 116 56 46 209 16 209 235 25 172 24
    5 209 29 156 72 16 242 51 189 72 87 32 250 45 198 108 40 31 253 165
    88 181 84 206 101 61 63 237 197 139 60 195 112 241 82 24 244 113 60
    17 144 124 82 25 193 156 64 211 160 117 82 137 60 125 149 94 167 84
    225 118 104 56 53 141 12 242 5 202 12 62 194 47 172 131 207 44 90 41
    206 100 10 3 253 33 125 189 84 142 133 61 61 109 165 143 56 195 32
    240 82 81 245 113 61 28 16 125 214 90 129 156 104 67 48 209 2 136 40
    253 149 30 167 84 243 118 100 185 0 205 12 178 29 139 12 62 226 47
    172 195 207 14 218 232 206 231 223 239 223 131 223 189 245 46 207
    155 253 127 237 171 245 105 99 220 7 254 121 83 255 157 38 255 91 59
    95 215 36 87 186 82 122 233 118 242 93 120 63 213 86 245 107 153 172
    24 13 240 29 157 73 16 242 51 189 88 87 32 250 232 206 239 219 254
    255 151 247 189 253 46 207 159 253 255 237 251 245 123 99 244 119
    246 119 95 255 189 62 127 219 59 235 215 36 87 186 82 122 233 116
    242 93 56 175 213 118 245 111 153 172 24 13 240 29 157 73 16 242 51
    189 90 87 40 250 45 134 108 8 19 125 33 126 181 84 206 37 61 63 237
    229 203 56 195 240 241 82 17 247 113 60 4 144 124 214 121 193 220 72
    195 164 83 82 137 60 124 149 30 167 84 241 246 110 185 44 137 12 242
    29 202 17 58 226 47 188 10 203 46 90 178 176 217 38 63 176 221 8 214
    187 149 249 175 10 36 93 126 151 52 153 193 118 227 111 164 146 225
    63 126 121 197 238 159 236 158 246 255 25 170 247 89 207 231 105 147
    85 181 111 243 254 155 3 236 160 254 117 62 179 182 219 187 159 180
    95 126 49 245 246 55 39 121 127 214 60 209 49 127 202 146 86 246 214
    67 83 241 174 225 55 140 170 230 219 82 252 245 236 75 44 36 190 222
    56 193 245 88 76 147 14 200 37 129 79 185 166 25 1 240 28 156 65 0
    242 55 155 122 22 32 250 13 19 197 160 21 178 33 94 32 24 194 37 64
    25 161 1 226 253 131 96 224 37 192 115 68 168 128 133 120 4 33 201
    223 36 85 186 81 120 9 116 124 84 26 7 193 1 243 79 152 172 24 5 240
    28 156 73 16 242 51 157 72 87 36 122 34 230 109 170 6 148 133 65 229
    86 56 16 89 61 125 100 130 116 67 96 208 114 144 118 92 132 5 1 46
    152 25 217 160 76 199 138 216 114 1 40 38 83 16 140 84 134 192 78 26
    45 144 8 50 29 143 25 32 226 19 156 74 214 106 241 62 33 109 152 22
    157 21 103 229 198 93 176 93 54 189 70 217 208 67 228 49 112 209 183
    221 33 132 153 98 220 28 168 196 44 71 186 202 120 129 92 56 91 52
    47 84 180 229 110 155 172 137 13 114 29 144 89 56 226 59 185 89 210
    104 250 1 206 12 10 11 221 133 52 61 84 6 205 24 61 109 133 141 50
    192 176 208 82 90 225 113 116 28 20 61 210 29 65 157 88 195 32 247
    66 136 40 117 189 78 39 21 244 244 105 49 88 137 12 151 13 218 156
    63 66 190 164 131 201 14 74 62 49 249 150 23 7 89 46 214 196 213 52
    53 74 178 86 122 182 66 87 55 58 209 7 156 162 228 73 82 184 212 233
    142 44 134 190 138 88 195 93 88 217 181 105 176 112 161 110 155 174
    153 11 240 24 92 81 48 51 123 251 57 151 172 202 47 239 239 202 54
    95 149 55 253 212 30 244 127 63 127 207 153 244 98 185 53 87 213 247
    121 117 21 17 127 222 94 233 149 108 211 154 222 90 249 60 116 157
    126 63 149 182 117 238 191 188 143 13 242 29 155 92 56 230 122 253
    91 217 108 218 200 207 174 249 234 93 237 197 61 255 106 142 219 236
    127 238 137 93 63 111 92 135 254 56 95 223 159 34 209 135 58 155 243
    38 87 251 82 127 237 188 242 126 56 62 215 22 65 177 153 173 30 5
    209 29 141 72 144 224 33 189 92 86 34 187 62 49 249 150 23 39 93 62
    214 68 149 48 53 74 178 87 122 246 66 83 179 58 209 71 156 162 224
    89 82 184 212 233 135 44 150 190 138 120 195 93 112 217 181 105 244
    16 165 110 155 174 153 11 240 24 92 81 56 51 123 187 57 151 172 202
    232 205 238 249 194 93 249 231 189 255 106 142 219 236 123 238 139
    93 127 111 92 135 254 57 95 207 159 34 209 151 58 155 243 38 87 251
    82 127 237 252 242 126 56 62 215 30 65 176 153 172 30 5 209 29 157
    72 144 224 33 189 92 86 34 251 47 102 109 170 2 29 5 1 228 70 42 4
    89 63 249 228 194 112 67 96 113 82 21 52 92 160 12 9 162 152 25 145
    160 12 71 186 72 82 1 220 166 87 24 132 84 194 64 76 153 45 128 8 50
    29 133 17 56 224 11 188 74 198 106 241 220 109 247 212 48 79 125 231
    5 196 111 151 83 228 242 238 163 220 229 111 30 172 228 179 95 238
    182 25 65 138 62 185 242 55 116 250 128 126 211 220 82 123 189 118
    238 30 197 238 137 164 113 213 82 30 149 76 1 250 113 251 93 102 35
    250 13 39 101 48 21 35 35 126 32 84 198 53 104 93 129 1 98 108 131
    100 113 32 128 178 0 40 128 128 248 4 32 137 254 36 84 186 81 112 1
    212 92 80 26 134 64 33 195 78 24 44 24 5 240 28 156 73 48 242 51 156
    72 86 36 88 38 230 105 170 154 156 135 1 230 86 42 16 93 63 249 116
    210 240 67 96 209 114 17 116 220 132 37 9 166 152 89 217 160 12 199
    190 216 114 1 252 166 87 16 140 84 198 192 76 155 45 144 8 50 29 143
    89 48 226 27 188 90 194 106 177 63 182 109 174 63 61 189 95 245 254
    220 241 61 63 180 85 251 244 67 121 241 114 209 119 93 168 164 27
    126 89 125 235 215 44 87 186 210 120 233 116 124 95 58 47 212 21 245
    111 153 172 24 5 240 29 156 73 16 242 51 189 90 87 32 250 50 50 65
    162 159 176 1 24 230 58 82 115 173 83 16 81 118 198 67 240 192 34
    129 118 140 152 228 11 146 136 97 234 87 44 86 190 122 56 41 116 68
    68 18 15 192 4 241 79 152 172 152 1 240 28 156 89 0 242 51 157 88 87
    32 248 5 130 5 169 172 248 160 240 40 158 66 71 200 21 89 129 9 76
    129 104 224 64 12 248 77 29 29 162 156 6 35 223 85 224 217 0 125 186
    41 34 109 20 58 63 68 128 126 113 40 89 28 32 212 133 142 8 6 192 2
    132 192 71 100 182 45 166 109 136 62 157 7 85 39 102 173 128 221 61
    188 69 224 245 67 96 209 113 82 115 92 168 164 15 80 28 49 99 215 36
    87 186 82 120 233 124 114 94 56 175 212 20 245 111 153 172 24 5 240
    29 156 73 16 242 51 189 88 87 42 251 50 51 81 246 157 160 193 120
    214 56 210 119 165 74 129 84 114 215 1 82 199 46 203 127 12 154 98
    15 82 8 97 111 87 38 61 190 86 120 107 84 81 64 146 78 192 4 249 79
    153 36 24 5 240 24 156 73 0 114 51 159 88 7 161 250 47 38 109 42 18
    29 1 7 229 68 6 4 89 63 189 69 194 112 67 224 241 114 81 246 92 160
    4 129 98 156 25 193 132 44 67 186 75 82 1 28 140 23 28 132 84 242 98
    76 25 44 136 12 114 29 137 17 56 226 11 188 74 210 110 249 41 134
    100 168 138 253 164 113 61 124 206 5 220 61 121 165 197 248 195 224
    244 114 91 249 85 60 4 130 108 215 57 199 221 104 67 32 117 250 233
    40 253 21 90 166 84 231 246 99 184 124 136 12 242 29 155 89 62 194
    159 164 194 203 44 90 197 9 131 148 1 66 89 238 130 196 37 146 3 201
    134 10 11 69 52 71 14 141 228 35 14 211 147 13 17 8 2 9 210 23 52
    251 0 108 87 212 16 170 188 227 171 24 97 174 65 160 114 209 81 122
    52 130 217 56 97 123 12 20 145 235 38 51 101 130 23 148 3 88 230 4
    131 112 233 91 176 69 114 244 66 96 193 34 209 103 4 176 132 13 18
    156 81 73 86 44 214 186 64 56 1 76 196 64 16 15 192 64 225 79 16 164
    152 0 98 24 158 17 32 114 19 149 72 151 36 122 5 130 5 129 172 248
    164 240 40 159 2 75 200 17 89 1 9 76 165 40 192 68 10 248 77 29 29
    162 188 6 35 87 85 224 217 0 124 184 41 34 101 52 42 191 69 128 124
    113 8 217 12 32 149 135 142 12 6 64 18 132 196 71 100 54 34 199 44
