<?xml version="1.0"?>
<opencv_storage>
<ImageFile>"7.jpg"</ImageFile>
<Features type_id="opencv-matrix">
  <rows>164</rows>
  <cols>64</cols>
  <dt>u</dt>
  <data>
    190 254 124 170 191 253 63 121 253 127 254 251 253 62 252 253 251
    246 103 112 245 114 145 116 253 253 249 187 255 223 255 233 193 108
    215 254 211 123 233 124 126 223 126 63 212 23 246 109 157 173 152 13
    250 29 159 89 24 242 51 188 91 223 42 250 9 132 140 129 170 221 150
    20 57 127 14 76 152 125 60 5 141 121 65 162 212 117 90 251 73 118
    144 118 120 71 59 67 215 48 83 32 83 72 232 40 116 29 120 47 213 20
    247 107 153 200 24 5 244 29 152 73 27 211 51 181 80 83 0 234 189 246
    125 238 191 189 119 120 255 125 236 249 239 63 228 253 243 246 239
    57 253 114 59 252 241 239 97 179 127 89 253 239 159 236 214 182 255
    217 185 253 127 223 106 183 212 115 252 71 176 247 143 46 238 189
    223 125 62 182 247 158 251 223 238 221 60 254 127 233 58 125 241 255
    253 252 254 189 125 190 251 238 243 220 219 106 253 208 252 188 253
    237 164 155 255 223 127 255 241 100 119 254 214 243 249 252 254 93
    255 62 84 167 98 108 191 45 223 141 250 31 157 93 188 244 107 252
    223 206 42 244 3 2 0 2 13 128 0 10 34 32 2 2 128 1 0 17 100 34 0 144
    192 36 64 67 64 144 192 72 2 8 129 65 151 36 83 186 88 8 41 64 100
    16 24 139 192 80 244 79 144 172 8 1 240 24 24 73 16 50 19 181 8 87
    36 74 3 2 0 2 13 130 2 2 34 0 2 3 136 25 32 17 100 35 1 144 192 6 64
    99 64 16 136 76 48 8 129 65 151 44 80 176 90 8 33 64 100 20 24 11
    192 80 244 79 152 172 24 4 240 24 152 73 16 114 51 180 24 87 36 74 3
    0 128 2 9 128 0 12 2 34 1 6 160 2 2 17 76 34 0 144 192 36 66 67 128
    128 240 73 2 168 129 64 7 60 67 174 24 8 0 72 96 0 20 137 212 80 165
    79 16 174 8 1 176 24 88 81 24 50 19 177 24 211 96 74 2 1 136 18 2
    130 10 6 2 34 17 4 16 2 3 2 68 3 0 144 192 53 67 195 128 0 160 76 0
    136 129 64 207 28 65 170 26 8 0 64 112 8 20 9 212 116 161 111 27 172
    24 7 240 25 88 65 16 115 19 177 24 83 96 106 48 139 152 138 34 31
    132 7 39 212 15 128 21 54 59 22 255 146 224 42 148 117 209 99 217
    129 164 88 38 232 157 107 135 4 67 32 208 72 234 104 36 29 36 37 52
    148 245 111 147 168 169 13 182 9 185 89 1 114 50 189 81 89 104 250
    147 212 16 6 141 128 12 8 2 3 161 66 166 73 4 17 100 167 4 145 130
    38 129 105 164 146 97 110 18 40 193 33 26 172 152 28 98 8 34 195 65
    194 8 201 128 80 156 23 0 210 16 4 108 128 238 99 17 51 182 148 16
    17 160 9 60 188 239 184 222 237 161 119 237 100 222 52 125 100 255
    236 251 220 67 98 245 115 223 191 223 253 52 141 251 223 63 238 197
    46 71 190 222 114 233 118 60 93 84 174 85 183 247 239 159 44 219 9
    242 29 148 89 136 242 107 185 91 79 42 246 0 1 129 18 0 2 32 6 64
    162 2 6 0 196 3 2 12 10 128 146 194 37 67 195 144 2 148 192 0 128
    129 66 15 26 65 36 57 136 66 72 40 48 164 224 37 113 163 107 50 234
    169 67 180 9 88 16 7 35 151 177 32 115 193 74 191 254 108 236 191 61
    221 82 63 95 61 249 31 123 252 253 225 244 61 105 69 64 160 122 111
    143 33 59 255 89 125 125 244 100 92 218 82 119 177 245 215 222 58 31
    208 150 212 76 137 181 86 5 104 23 143 77 144 246 59 156 92 94 34
    185 155 220 78 207 191 125 221 150 63 95 60 217 30 127 124 253 237
    214 61 169 68 80 165 56 111 143 33 123 255 91 254 63 240 100 156 250
    114 119 185 245 215 223 90 30 216 150 216 92 141 181 94 5 232 159
    135 77 152 244 42 156 93 30 38 185 137 207 238 221 166 253 157 243
    61 223 63 206 158 253 127 239 173 252 109 111 124 212 182 49 79 127
    177 120 253 22 62 57 242 52 85 250 82 115 200 240 246 94 56 63 212
    150 244 108 153 173 28 5 248 29 159 73 16 242 51 189 88 87 34 250
    255 252 125 237 255 255 255 248 189 255 253 251 255 59 254 253 243
    253 31 121 253 83 190 124 109 237 249 63 255 91 127 255 245 237 156
    255 210 123 189 255 223 223 122 63 211 159 252 125 157 189 30 5 248
    191 159 77 24 246 59 156 223 223 42 189 0 1 136 144 0 3 8 39 2 2 1 4
    16 32 3 2 76 10 65 196 192 33 64 195 24 0 160 76 0 132 176 64 223 52
    1 170 27 104 0 72 112 8 20 15 212 52 163 110 25 172 24 5 240 25 24
    73 16 243 51 177 24 83 96 234 170 204 238 159 175 213 156 167 62 253
    60 207 159 254 119 238 237 210 101 243 220 134 246 51 91 31 177 42
    209 154 51 123 243 44 85 186 82 120 233 252 114 94 56 47 212 22 245
    111 153 172 24 5 240 29 156 73 16 242 51 189 88 86 34 251 77 2 134
    97 232 178 166 208 40 191 66 75 128 17 147 1 10 205 185 106 232 101
    74 248 72 88 29 166 220 5 35 198 87 129 221 33 81 184 45 34 108 100
    106 191 85 137 223 17 28 205 24 33 213 253 158 168 70 204 147 133
    192 83 112 246 104 207 238 153 102 255 151 247 188 255 44 202 159
    253 127 239 203 245 97 103 220 103 214 115 75 255 181 46 81 18 50
    123 247 36 87 186 82 120 233 116 114 94 56 47 213 22 245 111 153 172
    24 5 240 29 157 73 16 242 51 189 88 87 34 251 254 249 251 247 247
    102 249 254 223 207 253 251 239 202 146 254 251 215 127 127 63 175
    231 55 239 255 247 187 211 191 246 187 198 47 60 223 218 125 251 245
    89 72 177 255 219 25 189 190 205 174 82 209 248 190 148 97 208 240
    113 251 124 87 177 186 63 118 125 186 62 189 63 89 231 126 233 184
    237 47 188 87 242 244 67 105 249 114 81 126 221 168 230 155 90 29
    125 235 243 36 214 190 194 120 161 247 126 78 56 175 214 214 196 79
    153 172 24 5 96 29 159 77 16 242 51 156 88 214 42 177 6 4 136 160 1
    84 160 71 4 194 2 132 16 8 51 7 8 92 1 73 0 3 222 96 13 145 28 0 16
    0 49 64 5 146 89 8 0 232 12 2 32 32 48 33 23 20 49 224 89 8 56 20 17
    81 164 0 17 64 33 173 64 87 0 242 61 246 125 186 62 189 61 89 231
    126 233 184 253 43 180 87 242 244 67 105 249 114 217 126 221 168 228
    155 91 29 125 235 211 36 214 190 194 120 161 247 126 78 120 175 214
    214 196 79 153 172 24 5 98 29 159 93 16 242 51 156 90 214 42 241 175
    222 108 236 63 125 221 19 61 95 124 249 31 63 252 253 225 220 29 233
    229 114 180 122 109 143 37 19 127 127 61 125 240 100 188 218 118 115
    153 181 215 223 90 31 210 150 212 78 141 181 86 5 232 149 135 77 152
    214 42 158 91 94 38 185 58 175 255 255 34 223 249 167 221 212 95 156
    95 246 63 254 189 218 99 235 183 127 215 151 223 223 150 253 107 246
    254 234 135 62 67 174 255 90 250 120 60 61 245 229 245 244 183 110
    255 172 143 203 242 29 56 93 45 243 91 251 123 251 105 254 189 118
    124 184 63 125 61 87 229 246 239 176 125 191 252 247 251 252 103 105
    241 242 245 54 93 173 165 187 115 30 249 235 241 36 86 190 210 120
    161 254 126 94 56 175 212 119 246 109 153 172 28 13 240 29 159 73 16
    242 51 188 88 214 40 250 199 173 218 119 81 66 218 142 106 161 173
    250 226 195 163 251 107 35 56 215 15 173 103 3 199 223 243 47 195 47
    130 118 151 167 117 219 26 61 239 118 112 120 56 105 189 89 181 175
    217 174 24 87 241 127 112 227 16 251 177 63 24 117 177 202 124 59
    255 252 55 127 125 127 85 250 219 181 127 230 191 254 251 220 227
    111 247 253 199 183 223 111 242 221 91 214 254 233 207 6 215 190 215
    126 217 117 124 125 247 110 247 181 231 110 159 174 185 223 242 29
    156 93 204 243 127 251 91 127 171 242 61 246 124 236 54 63 124 87 49
    126 109 217 92 59 244 255 226 220 29 233 225 112 225 51 109 11 164
    91 127 109 189 97 240 116 148 250 194 115 145 245 214 223 91 31 242
    150 198 78 153 165 94 5 104 29 151 77 152 247 59 156 89 94 38 185
    135 46 194 131 153 64 129 136 14 195 35 114 162 74 130 117 105 35 36
    147 77 135 115 64 18 215 241 107 130 154 195 19 71 44 71 186 24 24
    233 92 96 84 52 171 197 80 181 109 152 172 24 1 242 29 28 65 0 50 19
    49 8 87 32 106 14 226 92 175 59 217 182 5 61 240 110 189 28 54 237
    242 227 154 129 232 193 112 237 48 97 13 73 121 127 203 189 118 181
    96 117 242 115 83 169 244 119 159 124 55 84 135 126 108 137 237 95 5
    254 13 139 77 18 243 47 156 89 10 34 216 61 188 255 253 54 117 249
    254 213 254 212 181 127 158 155 238 251 220 243 123 245 127 231 191
    189 59 246 219 125 215 255 239 207 40 181 254 223 127 249 125 88 221
