<?xml version="1.0"?>
<opencv_storage>
<ImageFile>"70.jpg"</ImageFile>
<Features type_id="opencv-matrix">
  <rows>317</rows>
  <cols>64</cols>
  <dt>u</dt>
  <data>
    254 252 125 186 55 125 61 121 255 103 253 184 125 174 252 255 251
    244 103 121 189 210 241 60 221 253 237 187 123 223 255 233 216 108
    215 254 194 121 177 254 126 223 124 47 214 55 116 60 159 173 150 12
    234 29 135 93 152 246 121 188 223 222 42 187 191 254 125 239 191 253
    255 249 255 253 220 251 253 63 253 221 251 247 127 121 245 114 155
    124 253 253 125 187 255 251 255 255 151 236 127 254 247 123 249 127
    127 223 127 63 213 151 252 117 173 189 159 13 250 151 159 125 56 246
    255 189 251 207 46 254 187 221 255 253 55 253 221 251 191 223 253
    216 223 252 124 254 253 214 126 123 182 126 244 119 253 255 231 123
    127 127 254 187 246 126 181 254 222 127 250 253 254 223 253 127 246
    150 245 110 159 175 31 207 250 29 159 93 25 246 123 255 123 223 171
    251 63 254 125 239 191 253 255 217 255 253 220 251 253 63 253 221
    251 246 123 120 245 114 219 124 253 253 249 187 127 251 255 255 149
    236 127 254 255 123 249 125 127 223 127 63 213 151 254 125 173 183
    159 13 250 151 159 109 56 246 255 189 251 207 46 254 62 253 125 254
    54 189 125 123 255 255 253 248 255 127 252 222 247 247 102 123 247
    126 209 247 253 255 231 255 127 255 253 233 199 108 198 190 222 121
    249 125 126 223 255 239 247 55 247 111 187 175 152 79 250 29 159 93
    56 247 123 255 251 223 234 251 251 255 127 223 255 159 223 153 239
    71 61 250 191 126 252 125 246 247 126 54 86 127 145 103 254 246 255
    63 190 123 222 59 210 109 222 223 202 125 251 255 54 223 76 125 213
    158 245 31 133 189 16 13 58 189 159 91 24 246 112 63 91 221 58 185
    62 255 124 202 255 93 23 125 255 84 158 61 125 126 253 244 251 182
    67 176 245 114 145 246 223 125 245 89 255 222 223 233 206 108 71 190
    218 114 249 124 126 221 92 191 84 246 245 110 189 173 157 13 242 29
    159 89 56 242 123 189 90 223 46 216 248 158 254 245 255 255 251 249
    189 253 222 223 159 252 251 236 247 253 95 107 252 63 222 127 95 238
    164 190 126 211 127 255 247 36 87 186 215 123 249 252 218 93 90 62
    213 7 231 111 157 172 24 13 242 29 157 73 16 242 51 189 91 95 34 248
    126 248 255 253 62 255 127 127 253 254 253 189 125 174 253 255 251
    213 123 107 252 247 214 63 237 255 231 191 123 219 127 239 211 108
    191 255 214 125 249 119 122 207 255 47 215 151 245 127 159 172 30
    133 234 189 158 93 216 182 123 255 223 222 42 182 248 222 255 255
    255 255 251 249 253 253 222 223 191 124 255 236 243 221 91 98 252
    127 218 127 95 238 164 190 254 211 127 255 255 36 87 186 215 122 249
    244 222 93 92 62 213 183 245 111 157 172 24 13 242 29 157 73 16 246
    51 189 90 95 34 248 127 127 125 250 154 29 7 105 239 102 91 190 253
    254 253 246 243 247 67 96 255 242 144 54 221 252 247 89 250 218 255
    233 194 38 87 190 194 122 241 126 54 93 92 47 84 150 229 111 159 173
    144 12 226 29 143 89 40 242 123 189 219 214 42 176 255 222 254 253
    255 255 255 55 63 255 252 201 158 253 54 223 253 251 251 251 255 127
    255 187 243 111 235 254 125 213 253 231 223 251 214 37 255 253 246
    255 126 127 238 239 223 127 223 251 253 206 30 221 247 253 153 223
    255 255 247 183 251 251 155 255 121 221 254 255 255 191 255 53 127
    253 116 251 190 251 190 222 255 251 249 187 255 127 219 127 251 107
    242 255 127 113 253 231 223 243 52 117 247 223 254 127 255 255 239
    247 253 191 223 123 253 222 191 255 253 237 155 239 127 255 255 255
    251 251 159 223 63 245 125 207 191 157 223 88 255 85 157 250 189 127
    244 85 242 247 70 48 255 114 147 100 244 182 229 127 62 123 221 57
    222 108 150 158 194 123 187 255 86 219 77 175 212 112 244 15 145 191
    144 13 122 153 159 93 56 246 114 159 251 223 46 249 109 238 255 107
    251 255 243 253 253 221 206 253 253 127 255 237 251 189 251 46 253
    115 95 244 243 125 93 182 237 211 127 190 221 75 71 245 247 211 253
    60 253 29 122 182 85 247 127 241 189 189 207 45 243 237 152 221 126
    252 239 173 251 207 46 222 127 189 253 255 255 191 219 125 255 117
    213 189 253 127 191 92 254 215 122 114 255 127 195 119 255 234 230
    127 122 121 253 239 215 109 85 190 222 123 251 125 124 223 255 111
    245 181 245 111 157 174 25 79 242 29 156 77 56 247 123 191 123 127
    167 251 191 254 117 111 255 233 243 89 255 121 254 249 253 123 236
    253 247 183 191 242 245 106 187 118 245 239 225 255 255 127 239 239
    191 237 103 182 255 115 249 253 255 223 123 255 220 115 255 111 169
    183 207 15 248 23 223 77 62 246 247 191 186 79 166 93 55 245 125 223
    255 157 95 24 239 71 61 250 189 127 244 85 242 247 6 100 191 118 147
    100 220 246 231 127 58 58 221 41 210 108 214 158 194 121 243 127 54
    219 56 237 213 88 244 31 145 173 16 13 104 153 159 127 56 246 114
    191 248 215 42 187 122 189 255 223 110 223 219 39 255 253 31 221 191
    246 127 254 255 211 250 187 214 127 219 255 251 119 247 126 111 251
    223 238 135 255 67 53 255 219 254 123 248 125 231 111 189 126 245
    107 255 234 137 207 247 109 153 223 119 255 254 255 243 253 221 222
    95 220 254 253 255 191 127 64 63 245 253 186 158 253 252 255 245 255
    56 239 175 253 219 59 237 207 235 255 123 117 253 231 147 247 181
    127 227 255 246 255 54 191 239 121 255 159 239 59 221 199 62 247 111
    245 187 239 123 255 251 255 217 234 183 255 61 190 255 237 62 253
    249 126 253 254 214 253 125 61 187 237 251 252 195 123 245 119 223
    255 253 104 228 150 125 213 127 239 223 104 215 52 255 250 249 125
    252 93 123 174 213 177 247 107 187 252 153 13 240 29 156 93 62 242
    255 189 251 223 46 254 251 253 255 119 127 231 249 254 254 189 253
    249 239 219 244 255 251 247 127 123 255 47 247 63 175 235 231 191
    127 127 247 255 255 237 188 255 254 61 249 255 219 207 255 111 219
    115 187 127 237 183 95 207 248 190 188 69 248 182 255 223 251 159
    182 191 255 253 255 119 127 231 251 254 222 189 253 253 239 219 212
    255 251 247 127 123 255 47 231 63 175 239 231 191 127 127 247 254
    255 237 172 255 254 61 249 255 219 222 251 239 251 115 187 127 237
    183 95 195 248 190 188 69 248 182 255 251 251 159 182 191 253 255
    255 245 254 247 251 248 222 253 214 127 255 218 251 253 255 255 255
    127 255 191 175 254 175 255 127 255 222 127 247 191 127 239 93 255
    254 247 255 127 217 93 251 94 233 175 251 183 237 255 30 247 248 247
    156 227 118 253 253 175 255 191 181 190 13 190 231 229 253 245 243
    252 188 253 198 125 205 125 217 229 235 253 251 42 244 109 206 249
    47 127 24 182 124 71 51 255 223 227 221 49 119 243 253 55 125 84 106
    62 197 161 251 115 184 253 28 37 245 189 156 73 22 214 183 143 194
    15 36 254 254 253 252 255 255 191 127 89 127 123 253 251 191 251 182
    93 246 255 63 246 255 255 155 127 198 202 251 255 251 125 253 239
    215 167 86 255 195 125 247 247 126 222 219 95 217 31 255 31 157 230
    24 69 224 253 159 235 88 255 243 191 218 118 179 253 57 190 252 79
    63 253 208 53 123 248 214 253 252 127 239 252 255 178 227 187 245
    125 219 255 241 126 240 255 111 223 255 231 223 236 69 52 255 218
    249 125 253 93 235 175 213 181 247 111 187 238 137 15 244 29 216 77
    62 243 255 189 251 251 174 222 125 189 255 253 54 255 249 255 253
    252 223 189 127 254 187 238 251 220 251 107 247 127 230 183 253 111
    182 191 121 215 126 239 223 100 117 254 215 123 249 125 120 93 255
    46 255 183 247 111 159 172 95 143 240 29 156 77 120 246 123 255 123
    95 41 254 240 56 155 95 232 210 250 189 218 187 215 186 227 194 203
    154 31 131 250 27 158 191 79 157 177 87 255 238 66 163 231 254 75
    159 133 101 223 189 254 115 120 236 225 253 183 125 189 51 255 202
    42 243 253 253 124 243 215 255 223 251 189 177 217 182 45 190 231
    229 255 245 243 252 188 253 214 125 205 125 233 229 171 253 251 42
    245 111 206 249 47 127 24 182 124 71 51 255 255 225 93 49 119 243
    253 55 253 124 74 62 197 161 251 115 184 253 28 37 245 189 156 73 54
