<?xml version="1.0"?>
<opencv_storage>
<ImageFile>"71.jpg"</ImageFile>
<Features type_id="opencv-matrix">
  <rows>335</rows>
  <cols>64</cols>
  <dt>u</dt>
  <data>
    251 222 238 223 255 223 223 181 191 255 61 223 159 253 127 253 253
    247 120 191 254 127 255 127 123 119 191 126 125 251 223 255 215 253
    223 125 222 125 254 127 119 95 235 63 159 188 253 127 159 221 158
    141 247 253 156 223 121 255 114 191 251 221 30 254 239 190 231 99
    221 242 167 220 252 255 208 251 171 155 130 13 11 109 187 59 233 7
    255 125 38 251 26 167 94 81 35 207 215 235 252 49 119 189 109 55 109
    100 106 191 223 81 127 241 124 220 24 177 213 230 188 228 86 188 183
    143 206 215 52 126 250 221 251 255 247 239 95 143 255 237 253 251
    191 238 246 222 255 215 60 127 46 191 242 63 127 223 251 63 83 123
    126 175 199 167 60 251 242 125 255 119 115 255 253 123 255 28 253
    191 221 166 90 213 233 255 188 239 217 190 113 251 95 125 147 254 99
    68 81 138 217 12 7 73 39 98 40 10 145 111 239 85 235 85 33 32 72 160
    152 40 94 213 57 41 146 10 27 73 144 166 85 186 0 112 37 118 36 66
    44 41 85 28 244 133 129 164 16 4 34 26 140 107 24 112 33 60 92 71 32
    176 99 196 81 138 201 12 7 73 39 102 40 138 145 47 239 93 235 85 33
    32 72 128 152 32 94 213 57 41 147 10 27 73 144 166 85 186 0 112 37
    118 38 66 44 41 85 28 116 133 145 164 16 4 32 25 140 107 24 224 33
    60 92 71 32 176 76 142 174 216 98 255 102 119 61 254 206 140 90 180
    125 175 141 121 251 239 182 85 94 155 93 119 159 246 105 215 63 195
    207 19 227 41 152 236 254 42 60 61 230 167 55 252 119 235 191 200
    172 223 243 125 120 158 127 207 91 247 211 249 89 230 72 142 174 249
    74 255 102 119 41 254 202 140 218 181 63 175 141 105 251 239 190 93
    90 155 95 119 159 246 105 215 63 199 199 147 227 41 152 236 254 42
    60 61 238 229 63 252 119 227 254 200 168 254 183 125 122 158 127 207
    219 247 195 225 217 230 226 27 146 247 253 166 251 147 22 253 3 71
    131 219 146 61 118 199 45 103 198 47 210 123 10 202 162 15 82 40 33
    111 103 39 86 179 83 60 251 245 209 124 146 206 233 0 217 79 152 172
    24 65 240 60 156 65 17 242 115 191 88 119 161 248 254 191 210 247
    120 166 248 195 28 249 69 255 134 211 146 95 50 207 189 111 231 45
    243 123 175 202 246 255 86 41 230 254 231 55 116 191 243 60 251 245
    217 124 187 238 233 17 219 111 217 174 24 211 240 30 156 73 17 251
    115 191 120 119 177 251 76 12 170 136 1 79 36 71 41 98 46 132 16 164
    239 175 137 56 177 36 4 209 92 35 87 193 8 4 49 64 24 65 145 2 83 40
    32 230 5 0 162 183 108 33 30 158 100 224 85 32 126 52 3 93 165 14
    153 72 42 44 65 76 27 241 77 174 103 201 216 253 163 245 41 223 202
    29 204 53 251 225 203 237 155 110 252 65 30 248 79 108 24 164 252 70
    59 31 117 67 221 171 80 243 77 52 181 20 26 54 69 142 120 177 156 61
    124 52 211 253 140 76 148 204 11 172 78 79 102 240 76 14 230 169 234
    255 166 245 57 254 74 13 88 181 59 163 137 89 249 238 253 209 94 185
    89 109 28 164 109 68 59 195 245 17 81 41 85 242 237 32 124 53 122 54
    85 166 103 241 29 72 60 37 211 93 152 12 150 204 11 181 75 67 96 242
    13 186 231 101 60 119 161 246 240 188 194 117 78 25 155 161 162 236
    203 42 241 1 127 255 2 40 4 146 124 69 97 215 253 224 223 48 117 178
    233 181 221 20 90 150 200 227 211 107 184 124 204 1 244 29 152 73 54
    210 135 132 202 71 36 125 41 14 231 136 16 125 165 127 229 84 138 5
    93 61 251 229 203 244 227 96 112 66 156 181 94 173 12 0 255 4 56 201
    244 70 87 186 80 114 13 116 180 84 24 6 84 166 116 196 153 44 28 4
    242 29 141 73 24 224 35 188 88 71 32 240 187 220 154 158 47 217 220
    3 127 235 29 206 190 174 36 95 189 147 52 187 134 119 211 111 241
    215 243 127 83 123 223 103 151 188 177 52 250 73 250 115 112 221 109
    105 183 20 245 111 215 234 24 7 252 13 248 77 27 243 178 253 57 121
    168 238 186 220 152 142 47 217 220 11 127 227 29 202 190 46 38 95
    253 147 52 155 132 119 211 111 241 215 241 127 83 123 223 103 151
    188 181 118 250 73 234 115 112 223 109 105 183 20 245 111 215 234 24
    7 252 5 252 93 24 179 186 253 185 217 40 238 72 14 142 217 42 255
    164 55 61 254 78 133 24 181 59 142 141 89 233 235 244 85 223 179 89
    125 156 134 109 199 59 194 221 16 67 32 85 202 236 40 124 61 120 38
    85 165 119 235 185 200 60 13 247 93 152 76 23 227 59 181 67 115 8
    250 68 34 81 225 216 210 162 205 200 186 194 53 193 66 155 208 74 69
    155 14 201 41 206 24 12 136 10 135 134 9 33 94 53 131 125 187 52 178
    5 22 129 100 130 80 99 142 9 147 26 45 124 112 129 246 173 42 196
    104 139 204 76 7 113 52 76 14 230 233 106 255 166 245 57 254 74 141
    88 181 59 163 137 89 249 238 253 209 94 185 89 109 28 164 109 198 59
    195 245 17 83 33 85 242 237 32 124 53 122 54 85 166 103 225 29 72 60
    5 211 93 152 12 150 204 11 181 75 67 64 242 59 221 154 94 39 207 220
    3 59 235 29 204 190 238 36 127 189 179 52 179 198 61 211 99 241 215
    243 126 83 123 215 99 135 60 81 52 250 72 250 121 112 221 237 105
    181 20 245 111 153 170 24 79 244 29 184 73 27 243 115 191 123 121
    137 234 126 50 247 247 254 165 187 252 220 255 210 55 237 202 147 87
    250 213 75 98 249 45 207 253 142 170 254 175 90 93 117 239 103 45 61
    191 94 125 225 85 216 68 211 14 203 165 203 95 152 172 24 1 240 188
    156 65 192 242 51 159 94 7 32 246 12 178 207 105 60 244 186 117 216
    187 64 221 192 17 153 137 10 204 155 43 225 1 110 217 173 9 44 166
    93 69 33 254 245 208 221 33 127 187 169 55 249 76 107 142 243 161
    211 123 186 252 62 35 244 165 156 72 150 194 191 205 210 95 98 247
    251 255 255 223 255 255 223 57 255 255 157 251 191 127 254 221 255
    247 122 187 255 127 211 127 255 247 247 63 127 251 255 239 223 109
    215 191 222 121 251 127 116 223 239 127 213 116 245 111 189 190 152
    13 242 189 158 95 56 246 247 191 251 223 172 254 9 204 28 56 11 249
    116 5 57 122 108 136 28 124 108 173 205 186 129 96 228 112 152 59 97
    93 129 246 121 67 61 103 149 210 81 32 115 195 248 98 250 159 124 37
    84 151 247 107 153 200 30 4 254 29 219 9 27 210 171 189 209 91 34
    249 127 253 255 253 127 191 255 123 255 255 253 251 255 125 244 93
    251 245 127 127 247 127 211 127 253 255 247 255 126 127 245 239 215
    111 223 191 218 121 249 125 124 223 251 239 247 53 245 111 157 174
    24 79 240 61 156 77 24 246 115 191 251 223 169 250 7 33 9 58 156 160
    43 12 192 42 112 48 32 67 129 49 66 76 1 208 227 34 9 14 4 136 166
    141 82 40 33 200 39 142 133 170 43 48 1 214 170 66 16 200 80 81 131
    79 26 44 24 0 96 16 92 81 16 162 27 152 8 210 96 225 59 214 108 138
    191 253 135 25 191 127 30 232 189 63 124 85 221 247 101 177 244 118
    219 117 113 245 125 63 126 219 253 235 215 108 215 164 255 88 233
    120 124 93 122 173 213 112 244 111 187 172 152 12 246 13 222 93 56
    246 55 189 218 219 44 250 100 42 231 149 88 199 129 255 214 252 130
    85 211 248 147 102 234 213 99 99 212 37 206 247 94 170 164 14 80 140
    49 111 247 36 85 186 82 122 233 116 208 92 24 14 193 52 193 111 153
    172 24 5 240 29 156 73 16 242 51 189 88 87 32 251 13 14 230 136 1
    127 165 95 53 252 10 133 25 61 249 199 201 124 225 104 240 66 220 49
    81 253 25 4 121 66 59 67 221 0 87 170 81 122 45 52 116 21 56 39 85
    148 116 224 25 44 24 4 211 29 140 8 16 224 35 188 72 71 32 250 13 14
    230 136 1 127 165 95 53 254 10 133 25 61 249 199 201 124 225 104 240
    82 220 49 81 253 25 0 121 66 59 195 213 0 87 168 81 120 45 52 116 21
    56 39 85 148 116 224 25 44 24 4 211 29 140 8 16 224 35 188 74 87 32
    250 18 17 152 150 47 128 92 6 86 162 21 128 190 194 4 18 124 147 32
    147 134 45 195 71 136 146 226 79 66 169 149 98 151 188 16 54 123 72
    226 115 112 72 165 105 145 20 181 111 153 170 24 7 244 24 56 73 17
    243 51 185 56 115 160 234 205 236 255 253 122 247 251 245 57 255 232
    159 223 165 191 235 235 221 251 111 252 241 230 184 77 239 190 182
    89 71 63 255 241 37 117 251 82 127 253 116 122 92 120 62 215 30 239
    125 157 172 30 5 241 125 156 77 144 254 59 189 93 86 34 242 225 13
