<?xml version="1.0"?>
<opencv_storage>
<ImageFile>"72.jpg"</ImageFile>
<Features type_id="opencv-matrix">
  <rows>331</rows>
  <cols>64</cols>
  <dt>u</dt>
  <data>
    62 253 125 254 63 253 127 125 255 116 253 252 253 126 252 252 251
    247 123 123 247 123 211 118 253 239 231 255 127 255 255 235 199 108
    71 190 206 123 249 127 126 223 253 239 245 183 245 111 159 174 159
    79 242 29 159 93 56 246 123 191 251 223 175 254 62 254 125 170 127
    127 183 125 255 94 222 181 125 62 253 245 251 244 67 112 245 114 145
    116 253 253 253 25 255 219 127 233 197 108 215 190 214 114 169 125
    254 223 94 47 213 183 244 109 157 173 158 13 242 29 159 93 56 246
    123 188 219 223 46 250 60 254 125 207 250 221 215 249 255 213 47 254
    253 62 253 252 251 247 90 108 189 115 155 116 253 245 125 125 255
    219 223 191 148 101 79 222 194 251 253 126 183 223 108 55 117 190
    252 53 141 189 151 45 186 149 135 127 120 254 120 44 219 207 46 255
    248 125 255 223 50 127 249 247 253 252 94 159 63 254 251 238 251 212
    121 111 124 191 247 183 89 111 182 26 123 219 126 255 251 37 117 251
    214 127 249 124 242 93 253 62 223 182 229 110 157 172 94 141 250 31
    157 77 144 246 123 253 95 78 34 250 124 175 255 221 50 127 241 255
    253 252 222 189 95 254 255 238 251 221 251 107 244 125 246 183 125
    255 148 151 109 219 126 239 207 99 101 250 214 250 249 124 249 93
    255 54 253 182 117 239 191 172 255 157 242 31 156 77 116 246 123 253
    91 79 43 254 125 254 124 235 255 191 167 241 127 125 254 251 252 127
    253 221 251 187 255 252 253 87 27 252 247 125 125 255 239 223 255
    183 221 237 207 255 223 243 189 126 127 223 122 63 85 255 254 21 173
    247 141 46 254 255 203 253 118 253 223 165 251 203 126 30 124 254
    255 253 62 255 253 255 253 253 252 249 255 191 191 238 251 221 251
    123 253 95 255 255 253 111 254 183 127 213 255 239 223 235 231 247
    255 253 253 125 126 95 255 191 223 181 119 235 191 236 175 223 246
    61 156 93 126 246 255 255 251 223 238 255 59 246 125 168 255 191 63
    89 247 126 252 61 253 125 253 125 243 245 75 96 240 115 153 126 222
    236 233 31 255 95 125 235 215 100 87 190 210 114 169 124 118 223 90
    143 213 150 244 79 153 172 24 13 240 29 158 73 24 246 59 188 90 87
    42 249 60 233 239 254 62 253 253 127 253 244 125 185 93 126 253 238
    155 244 99 107 247 122 214 247 125 175 134 151 127 217 125 239 215
    108 215 186 215 122 249 127 254 255 255 47 212 182 245 107 155 172
    159 13 242 29 159 92 56 242 123 255 219 223 46 255 190 255 127 223
    191 221 221 137 255 213 191 250 255 126 252 253 243 247 126 59 151
    126 179 126 253 247 247 123 255 251 223 63 151 238 126 222 218 123
    251 255 243 223 237 127 157 30 253 63 197 191 151 207 250 151 191
    127 48 246 112 127 255 221 175 191 58 213 120 254 255 159 223 9 111
    99 29 232 189 126 108 85 247 183 4 211 199 123 147 111 245 214 227
    127 54 187 221 103 135 236 95 158 203 88 250 127 97 221 109 105 213
    28 245 47 149 174 144 13 246 5 222 121 17 243 242 191 56 127 184 218
    190 255 127 223 255 221 221 185 255 213 191 251 255 127 254 253 251
    247 126 59 191 126 183 126 255 247 247 123 255 251 223 191 247 111
    254 222 218 127 251 255 215 223 239 127 157 62 253 63 141 191 151
    207 250 191 159 127 120 246 112 127 255 221 175 190 59 212 125 14 55
    189 29 29 247 246 149 232 125 61 60 95 180 246 66 249 240 114 211
    119 245 160 228 94 127 245 221 235 207 124 195 172 218 122 184 121
    126 223 127 173 244 241 245 111 187 186 152 15 242 29 223 93 56 179
    127 189 251 219 110 219 250 220 254 253 255 127 249 255 191 253 254
    223 159 252 255 255 255 213 127 107 252 159 246 59 127 255 191 127
    251 215 126 255 247 37 87 255 82 117 249 116 114 93 120 63 221 22
    253 111 157 172 94 5 240 31 156 73 16 246 51 189 95 87 32 250 122
    252 253 223 254 223 219 181 255 247 255 222 253 124 127 252 253 247
    122 250 254 115 215 252 253 103 252 126 111 255 223 239 223 253 195
    95 222 251 250 123 254 93 237 47 245 190 253 63 159 206 139 79 246
    253 217 255 120 255 251 189 251 219 126 254 250 221 255 253 255 127
    255 255 191 253 254 223 223 252 254 254 255 213 123 103 252 159 246
    63 127 255 191 63 251 83 126 239 215 37 85 255 82 117 249 116 112 93
    124 63 221 20 245 111 157 172 30 5 240 31 156 73 16 246 51 189 91 95
    32 250 45 254 108 105 191 253 247 121 253 253 222 253 253 61 253 205
    153 252 235 187 245 114 95 253 241 125 85 182 125 87 255 247 223 216
    203 36 255 153 249 59 125 29 106 167 213 241 255 99 190 223 141 111
    246 165 218 93 62 215 255 167 243 251 236 94 220 26 182 245 255 247
    251 240 156 253 210 95 207 216 91 220 253 221 255 254 254 175 142
    249 174 127 127 254 220 87 247 255 111 251 125 125 215 245 252 103
    121 100 243 126 207 173 219 179 236 221 92 241 247 254 156 225 199
    220 245 159 246 47 145 182 77 174 231 249 216 247 231 253 185 255
    234 189 193 119 155 238 131 77 171 107 255 109 206 251 77 235 6 167
    124 77 59 207 247 194 221 171 20 250 125 54 254 116 250 166 119 147
    81 243 26 44 56 117 209 253 157 12 68 236 67 239 202 215 105 246 251
    221 254 255 47 191 220 51 127 255 253 203 190 248 100 95 189 187 126
    251 191 127 83 255 241 127 243 254 125 247 247 247 207 251 234 101
    255 77 250 123 122 255 239 253 255 117 247 127 255 219 137 207 254
    229 251 253 127 215 247 255 243 251 221 142 218 223 156 252 239 191
    126 17 61 127 125 139 158 252 126 29 244 251 61 246 254 255 146 123
    74 78 227 254 217 117 253 231 211 51 82 33 211 103 244 227 218 158
    218 95 209 31 239 95 157 192 24 5 228 125 159 201 83 247 115 191 80
    114 146 249 249 220 255 255 254 253 253 253 253 255 252 219 255 252
    255 255 247 221 127 107 254 255 255 63 127 239 183 187 223 83 127
    255 243 167 116 123 215 247 249 247 122 223 251 63 223 151 223 127
    157 173 94 133 248 159 159 77 144 246 123 191 223 86 34 189 252 254
    255 253 250 255 251 245 253 255 255 255 223 253 255 236 251 221 255
    111 255 221 254 249 255 255 63 191 239 223 127 191 247 231 127 91
    214 247 255 190 255 127 233 126 255 158 249 179 207 221 254 255 221
    255 149 255 213 252 233 111 223 125 155 183 255 189 251 119 255 234
    219 152 222 53 213 123 175 218 166 93 251 247 63 87 111 175 227 127
    174 255 251 63 210 59 246 175 215 45 20 255 210 125 249 119 89 220
    187 127 217 25 253 63 157 166 24 5 240 191 156 97 80 246 49 191 124
    23 180 250 253 62 243 103 216 226 227 234 216 189 210 127 231 215
    203 248 123 199 191 78 237 143 175 93 174 223 127 175 214 15 226 190
    103 167 109 223 117 183 109 86 201 68 146 222 75 137 27 181 237 117
    94 241 248 182 140 225 196 252 165 143 220 7 49 180 92 186 247 125
    120 243 250 247 217 187 194 253 230 209 155 202 251 137 251 75 253
    45 79 223 203 107 254 246 76 197 163 238 255 155 109 53 125 189 253
    117 121 124 243 38 255 229 27 243 190 234 41 243 245 253 88 220 71
    255 215 231 251 115 209 126 239 254 230 111 255 190 203 200 255 127
    184 127 175 123 238 125 226 245 63 118 239 79 155 125 102 222 123 63
    254 91 123 63 215 239 95 95 114 247 253 246 215 94 74 95 217 94 252
    145 205 213 16 36 237 247 142 235 88 252 176 191 220 95 50 189 254
    52 255 183 255 167 255 249 222 123 219 127 255 78 179 117 246 215 27
    118 253 189 131 124 206 202 250 255 218 125 255 239 119 173 92 191
    255 119 225 247 88 76 223 10 197 31 203 95 157 174 24 7 226 189 156
    105 88 182 51 187 126 30 48 244 250 61 255 151 119 231 155 127 198
    199 211 242 255 234 178 94 254 215 99 119 245 39 211 247 223 251 253
    239 82 156 242 169 207 44 71 190 90 120 233 124 120 92 48 47 213 53
    245 111 153 172 24 5 240 29 156 73 16 242 51 189 88 87 32 250 252
    178 119 227 252 245 171 248 254 159 240 123 237 19 147 81 251 197
    255 108 121 65 15 252 174 253 125 173 222 14 243 187 116 101 159 223
    94 117 45 85 125 64 18 30 69 173 218 148 140 189 92 33 248 190 142
    121 196 252 1 142 92 15 52 176 221 249 254 125 119 115 250 250 24
