<?xml version="1.0"?>
<opencv_storage>
<ImageFile>"73.jpg"</ImageFile>
<Features type_id="opencv-matrix">
  <rows>191</rows>
  <cols>64</cols>
  <dt>u</dt>
  <data>
    124 59 243 245 48 119 169 255 212 190 210 53 97 130 155 242 122 204
    203 78 253 143 198 159 143 168 254 141 82 204 114 254 105 37 117 191
    84 62 193 84 216 68 147 158 75 165 131 238 186 44 92 129 240 29 156
    65 196 242 51 221 78 6 32 246 246 49 243 151 223 2 27 175 198 33 145
    50 247 194 146 94 122 151 114 87 75 175 195 71 158 218 252 111 130
    184 210 40 199 45 68 191 90 56 231 92 96 88 181 11 201 60 161 79 157
    172 153 129 240 24 156 67 64 114 49 185 120 85 48 250 6 1 136 130 1
    194 0 7 6 130 6 4 16 2 129 18 74 16 1 1 128 32 192 3 12 144 0 13 2
    136 0 72 4 6 21 170 0 72 73 80 160 0 52 1 16 20 33 110 19 44 24 4
    176 25 52 64 16 50 34 185 8 19 32 235 71 196 72 154 31 142 87 11 51
    102 29 152 152 47 36 94 137 85 16 97 130 117 200 107 124 212 129 15
    83 57 25 107 151 164 21 186 66 120 225 118 50 218 44 41 149 28 245
    107 17 172 24 4 56 25 188 9 24 242 59 189 88 87 34 251 124 189 239
    189 54 127 241 255 253 220 222 181 127 190 187 238 251 220 115 103
    117 151 230 183 125 239 188 141 123 223 126 235 245 36 85 250 87 122
    233 116 122 93 60 46 213 55 247 110 153 172 27 5 240 29 156 73 16
    242 59 189 91 87 34 250 124 173 239 189 54 127 241 255 253 220 222
    181 127 188 251 238 251 220 115 103 117 147 246 183 125 237 188 141
    123 223 62 235 245 36 85 250 86 122 233 124 250 93 60 46 213 55 247
    110 153 172 26 5 240 29 156 73 16 242 59 189 90 87 34 250 8 5 44 184
    2 157 124 69 37 70 105 128 25 44 60 6 128 88 65 104 146 112 210 51
    93 136 134 16 97 132 61 193 215 18 18 168 128 106 16 8 54 171 60 41
    118 150 71 78 19 32 56 4 98 29 183 28 153 226 123 248 73 66 43 227
    12 1 44 184 2 141 108 69 37 198 105 128 89 36 61 6 129 88 1 97 130
    112 194 35 93 128 134 16 65 164 61 137 215 18 50 170 0 104 16 8 38
    171 60 105 54 22 71 78 27 40 58 4 98 29 181 28 153 226 43 248 73 82
    35 227 132 139 139 129 0 82 128 231 132 130 7 214 19 144 155 170 9
    84 32 15 6 5 230 67 13 211 20 32 4 138 18 26 246 6 85 138 82 120 75
    16 48 48 48 38 23 20 49 236 27 172 56 21 145 25 148 74 16 64 32 61
    72 85 32 250 8 142 142 218 35 221 164 39 53 250 46 129 24 53 105 142
    13 56 225 187 212 118 93 243 81 53 145 34 109 210 17 194 223 16 67
    32 119 72 232 40 124 61 122 167 84 245 119 107 57 200 136 13 214 13
    217 28 23 227 55 181 67 243 72 218 127 63 253 246 119 63 95 90 230
    68 213 114 255 251 180 93 242 247 31 100 247 119 145 119 206 170 228
    29 114 24 252 105 214 36 84 190 66 122 145 244 208 219 24 15 209 28
    197 79 153 164 24 5 96 29 159 73 16 242 51 157 88 87 34 249 8 142
    142 218 35 221 164 39 61 250 38 129 24 51 105 142 13 58 225 187 212
    118 93 243 81 53 145 34 109 210 17 194 207 16 67 32 117 72 232 40
    124 61 122 167 84 245 119 107 57 200 136 13 246 13 217 156 23 227 55
    181 67 115 72 90 182 49 113 150 23 4 29 75 198 70 177 114 103 74 144
    85 242 214 6 99 67 38 129 103 206 154 229 9 18 12 240 105 214 36 84
    190 82 120 193 212 80 72 24 15 208 20 245 79 153 172 24 5 240 28 156
    73 16 242 51 189 88 87 32 248 54 49 113 150 23 6 25 75 198 68 145
    112 103 74 144 86 242 214 6 99 195 42 225 103 140 138 228 79 18 12
    241 105 214 36 84 190 66 120 193 212 80 72 56 15 208 20 225 79 153
    172 24 5 240 28 156 73 16 242 51 189 88 87 32 250 40 142 142 218 43
    221 212 39 61 248 46 129 24 59 121 142 141 50 224 187 212 118 210
    243 81 119 145 54 44 211 21 67 207 24 67 32 247 72 250 40 116 61 106
    167 149 244 245 107 185 234 137 13 246 13 217 92 55 227 247 189 115
    211 40 218 252 253 255 253 54 127 249 255 221 252 254 189 127 254
    255 254 251 213 123 111 125 255 231 183 255 239 246 189 123 223 126
    251 247 45 117 255 214 127 249 124 122 93 255 62 223 183 231 110 159
    172 95 133 248 31 156 77 208 246 123 253 95 94 34 254 45 190 228 43
    223 253 167 253 253 123 202 61 237 63 171 229 203 188 195 208 249 83
    223 252 87 108 72 167 254 87 43 199 109 232 223 178 117 178 45 54
    125 84 90 174 69 227 126 241 184 124 28 44 246 157 204 73 62 228 167
    164 138 207 44 84 124 44 255 188 58 127 241 255 245 252 222 181 127
    190 251 238 251 220 227 99 245 149 213 183 95 233 180 131 123 215 63
    235 247 36 87 250 87 122 233 124 250 93 126 46 212 55 227 111 153
    172 26 5 242 29 157 73 16 242 59 189 91 86 34 250 171 245 108 222
    183 189 95 25 255 87 189 250 191 123 228 93 146 247 36 241 119 118
    145 118 117 247 243 59 126 122 93 33 150 108 222 158 202 121 251 253
    118 223 59 237 244 84 245 79 145 191 16 15 232 5 223 93 56 243 114
    191 122 223 172 187 171 245 108 222 55 189 93 25 255 87 189 250 191
    123 228 93 146 247 36 243 119 118 145 118 117 247 243 59 126 122 93
    33 146 108 222 154 202 120 251 253 118 223 61 237 244 84 245 79 145
    191 16 15 234 21 223 93 56 243 114 191 122 223 172 155 45 54 116 35
    221 160 163 120 240 63 194 115 236 75 129 69 98 252 135 80 225 34
    139 124 6 168 106 131 222 69 97 223 125 226 156 179 117 176 37 246
    221 68 90 158 64 225 218 81 40 117 88 4 228 190 142 65 150 176 167
    158 206 7 36 53 124 189 253 222 54 159 91 127 247 246 215 180 125
    254 189 254 242 215 82 111 247 127 195 119 221 234 230 93 115 221
    253 233 215 36 85 190 210 122 217 125 242 223 253 46 245 150 229 111
    159 172 153 13 240 29 157 89 16 242 123 189 89 87 42 251 124 42 227
    241 216 242 226 253 204 187 210 55 227 198 155 226 74 205 251 70 207
    173 207 157 15 202 62 167 194 143 51 222 103 167 77 59 84 183 237 86
    168 116 195 94 79 173 11 179 254 108 29 241 215 253 156 251 196 108
    195 251 204 39 177 118 18 1 0 22 38 2 24 39 130 40 19 5 0 64 17 2
    100 194 0 144 192 34 192 195 8 8 164 72 0 128 1 104 199 60 65 176 90
    8 128 96 112 92 16 14 192 52 129 79 153 172 24 1 240 29 156 65 16
    242 51 189 88 86 32 248 150 51 81 182 180 0 8 72 66 3 49 114 227 194
    128 82 98 198 4 69 11 172 160 66 142 130 226 9 146 40 32 57 114 36
    28 155 66 124 3 213 130 66 17 72 130 12 200 28 64 37 16 5 40 18 165
    107 128 50 48 24 92 20 50 177 43 150 44 138 39 157 145 27 183 94 6
    192 61 57 124 21 246 246 0 49 212 118 208 119 81 160 160 24 122 80
    93 105 215 36 211 184 82 106 136 104 244 95 56 47 212 86 244 111 153
    172 24 13 240 29 157 73 16 242 51 188 90 215 42 251 126 36 225 168
    86 39 15 79 197 230 217 176 125 174 183 86 243 213 3 101 57 147 208
    53 92 200 172 141 83 152 56 232 64 45 6 191 202 120 5 92 58 74 52
    171 87 28 4 76 157 172 24 13 98 28 148 73 152 242 49 184 89 86 42
    243 126 36 225 174 22 39 31 79 197 198 249 176 125 174 183 94 243
    212 3 117 57 147 209 53 92 136 172 141 83 184 124 168 96 44 38 191
    202 124 129 220 42 74 52 169 214 92 132 76 153 172 16 13 98 28 181
    89 152 242 49 184 121 86 42 243 234 206 239 237 167 125 253 255 189
    255 126 207 31 189 127 239 237 220 125 107 124 134 230 57 111 255
    189 58 221 83 58 187 240 36 117 251 82 119 233 244 242 94 56 62 222
    150 88 180 137 173 94 5 216 31 151 77 144 240 41 188 93 86 2 187 18
    2 17 146 8 128 10 1 66 34 19 2 144 99 17 16 102 195 0 98 192 37 195
    67 204 144 164 79 2 136 177 106 87 36 85 186 82 120 233 68 96 64 24
    15 193 20 241 79 153 172 24 5 240 25 156 73 16 114 51 189 88 87 32
    250 138 18 1 160 174 52 46 145 4 126 83 66 201 65 18 1 20 205 69 96
    224 164 128 120 12 156 177 234 208 34 51 203 83 52 222 40 89 104 168
    65 108 64 17 13 196 5 246 77 154 172 24 1 226 29 156 89 0 242 19 157
    76 87 32 184 47 149 109 172 23 173 149 88 181 92 134 113 173 127 172
    69 234 116 129 32 240 98 208 115 108 188 1 21 126 88 89 105 151 100
    213 186 118 120 185 53 117 221 58 39 212 16 245 79 152 180 25 12 240
    21 158 13 56 178 55 189 90 95 36 250 33 198 101 138 24 221 33 124
    181 124 4 149 25 63 189 103 202 116 193 32 240 96 216 242 89 184 132
    2 121 74 57 79 215 36 85 178 86 122 233 124 244 92 58 167 84 144 245
