<?xml version="1.0"?>
<opencv_storage>
<ImageFile>"74.jpg"</ImageFile>
<Features type_id="opencv-matrix">
  <rows>365</rows>
  <cols>64</cols>
  <dt>u</dt>
  <data>
    62 254 125 234 55 127 183 127 255 220 254 253 125 62 255 252 251 244
    123 120 245 83 213 116 253 253 253 185 127 223 127 235 213 108 215
    254 214 122 249 125 254 223 127 63 213 183 244 109 159 173 159 13
    250 29 159 93 56 246 123 188 219 223 46 250 60 254 127 203 250 221
    215 249 255 215 254 254 253 62 253 252 251 247 250 40 253 87 219 252
    253 245 125 63 127 223 223 191 221 77 207 223 214 251 253 126 183
    223 109 55 85 190 252 53 191 189 159 45 186 189 159 95 120 254 122
    236 251 223 46 255 60 254 125 203 250 221 151 249 255 213 175 254
    253 62 253 252 251 247 90 108 189 83 155 116 253 245 125 125 255 219
    223 191 213 69 79 222 194 251 253 126 183 223 108 55 117 190 252 53
    159 189 151 45 186 149 135 127 120 254 120 44 219 207 46 255 62 253
    125 254 191 253 127 125 255 116 253 252 253 126 252 252 251 246 83
    122 247 123 211 119 253 239 231 255 127 251 255 235 199 108 71 190
    218 123 249 127 126 223 253 239 245 183 245 111 159 174 155 79 250
    29 159 93 56 246 123 191 251 223 174 255 62 253 253 254 62 253 127
    125 255 116 253 252 253 126 254 252 251 246 123 123 247 123 211 119
    253 239 231 255 127 251 255 235 135 108 199 254 222 123 249 127 126
    223 253 239 245 183 245 111 191 174 159 79 250 29 159 93 56 246 123
    191 251 223 174 255 60 237 237 252 62 253 117 127 253 252 252 189 93
    254 189 238 155 252 99 107 247 126 218 255 125 171 134 151 127 217
    125 239 215 110 215 186 215 122 249 127 250 255 255 47 212 183 245
    107 159 172 155 13 242 29 159 93 56 242 123 255 219 223 46 255 125
    237 255 253 50 127 245 255 253 252 206 253 95 255 255 238 251 253
    251 111 245 127 246 183 127 239 180 183 125 223 126 239 223 103 119
    250 214 123 253 124 122 93 254 166 221 55 117 238 157 172 223 13 240
    29 156 77 56 246 123 189 91 95 43 250 61 252 255 221 58 253 253 253
    255 252 238 189 125 127 253 254 255 254 226 43 247 120 254 191 253
    239 231 251 109 219 255 255 239 210 231 182 180 251 251 127 126 29
    239 230 244 179 245 111 191 238 239 127 246 29 157 93 60 246 255 239
    251 255 239 222 122 214 112 231 255 159 159 9 111 97 27 106 189 126
    108 85 246 183 28 242 206 123 155 124 213 214 235 127 54 187 221 103
    135 237 95 159 195 91 251 126 101 93 108 105 213 28 253 31 157 174
    24 13 246 5 157 235 24 246 242 189 216 95 56 250 58 214 116 143 239
    159 159 9 239 69 31 106 189 127 124 213 247 183 12 242 214 115 147
    116 241 214 233 127 54 187 221 111 135 236 87 158 194 90 233 126 101
    93 108 173 213 30 245 47 157 172 152 13 246 5 157 203 24 246 114 189
    90 95 40 250 58 181 121 255 42 221 126 5 127 230 15 156 157 118 189
    86 255 147 128 106 159 121 83 123 253 215 226 255 106 251 221 231
    135 214 71 38 179 217 250 122 36 221 237 97 181 148 247 47 159 238
    169 111 182 21 248 125 25 243 251 191 251 251 233 246 61 253 255 255
    58 253 253 253 251 252 238 253 125 127 253 254 255 254 226 43 247
    120 126 255 253 239 231 251 111 251 255 255 239 210 117 182 181 251
    251 255 255 95 239 230 244 179 245 111 191 238 239 127 246 29 29 93
    62 246 223 235 251 255 239 222 59 212 124 14 55 189 157 25 191 214
    149 232 189 57 124 95 188 246 66 185 176 114 209 117 245 176 228 94
    127 245 221 225 143 92 195 12 202 122 184 121 254 223 111 173 180
    113 244 111 179 186 152 15 242 29 255 85 56 243 254 189 243 219 110
    219 252 255 247 253 242 127 241 255 253 213 255 255 127 254 255 238
    251 221 127 111 63 221 166 183 255 239 191 189 239 222 126 185 250
    103 117 255 210 119 221 252 223 95 185 62 221 175 107 182 141 173
    215 253 250 63 135 77 208 252 97 255 93 78 35 185 58 254 252 11 127
    255 147 61 255 221 222 253 125 62 124 253 253 179 123 185 245 83 119
    245 241 125 108 255 127 223 255 226 221 108 199 182 255 91 233 124
    254 93 126 47 213 119 246 109 191 174 143 13 242 29 219 93 62 246
    183 188 251 219 110 219 191 253 125 221 255 157 95 73 239 67 189 250
    255 126 236 125 242 181 62 127 159 118 17 103 245 214 227 127 118 63
    221 57 138 220 214 222 202 123 251 247 50 219 237 125 180 94 244 31
    135 191 16 79 42 181 255 127 24 247 248 63 121 220 254 153 191 221
    108 204 55 127 93 55 63 94 125 216 31 59 124 253 253 246 125 253 117
    82 181 51 127 127 161 121 127 95 252 121 240 100 20 250 210 115 185
    253 246 223 120 63 212 150 244 110 157 173 30 13 248 29 159 77 56
    246 59 156 91 222 42 249 62 244 125 170 50 221 63 101 235 70 223 188
    125 54 252 210 251 246 66 104 179 112 81 148 253 181 228 217 99 254
    221 169 128 68 199 158 138 123 137 95 180 219 117 33 180 150 228 44
    151 174 163 78 42 21 115 93 60 243 89 232 123 219 110 242 125 190
    239 117 126 247 249 126 244 254 210 117 111 203 147 77 250 253 251
    98 245 47 254 255 174 234 166 151 94 93 113 239 111 47 223 191 222
    54 249 117 216 76 210 142 219 97 147 239 184 188 24 137 240 189 156
    81 180 182 119 191 250 215 44 247 255 253 255 223 255 191 223 25 255
    101 181 250 191 250 182 93 242 247 58 119 255 127 211 119 223 254
    251 127 242 121 247 107 215 45 87 191 210 121 249 127 112 95 124 47
    213 28 245 47 157 172 24 13 240 61 156 73 56 246 115 191 88 87 40
    251 43 254 108 235 191 253 255 61 253 255 220 233 189 63 127 205 157
    255 235 187 245 115 91 252 241 127 113 182 125 87 255 231 223 248
    219 36 255 217 248 59 125 95 107 191 213 241 255 115 190 223 140 47
    246 165 218 125 62 215 255 167 243 251 236 94 254 189 255 215 118
    247 219 255 254 215 215 250 255 251 178 94 254 215 123 119 93 39 227
    119 207 219 253 111 82 30 242 171 215 44 85 190 90 120 233 116 112
    92 56 47 209 28 245 111 153 172 24 5 240 29 156 73 16 242 51 189 88
    87 32 250 59 253 254 206 63 127 219 126 247 220 221 253 127 125 190
    252 255 215 115 107 245 103 229 119 237 239 228 95 127 95 255 235
    215 100 85 190 82 122 249 117 82 223 57 47 213 20 245 111 153 172 26
    5 240 29 156 77 16 242 51 189 88 87 34 251 45 254 108 105 191 253
    247 57 253 253 222 233 237 61 125 197 153 253 235 187 245 115 91 252
    241 125 85 182 125 87 255 247 223 248 219 36 255 217 249 59 125 29
    106 167 213 241 255 115 190 223 141 47 246 165 218 125 62 151 255
    167 243 251 236 94 223 248 255 97 255 179 251 216 248 187 210 123
    238 201 227 89 250 253 191 247 237 197 47 124 166 223 123 175 222 71
    227 183 127 239 156 127 127 245 253 119 217 76 90 30 219 77 219 145
    253 221 24 181 221 247 204 235 214 252 181 159 220 31 48 183 239 254
    231 255 255 191 167 216 237 117 232 123 175 251 252 93 226 245 61
    102 255 79 155 125 70 254 59 63 255 27 123 191 211 231 86 155 66 119
    253 254 247 94 88 31 221 155 252 151 141 165 16 36 249 255 143 235
    88 252 49 189 216 87 50 185 222 26 230 245 255 177 251 248 156 187
    210 127 203 73 219 64 184 221 251 114 238 47 138 120 46 222 63 247
    220 103 55 222 87 251 93 73 118 189 253 23 121 100 195 94 205 173
    155 19 190 223 24 161 213 247 156 107 65 220 183 171 228 63 177 182
    206 168 239 117 255 241 251 248 156 191 210 127 219 76 251 69 136
    221 255 114 239 63 142 120 46 254 55 247 220 103 55 254 95 251 221
    75 118 255 253 55 249 100 203 94 197 173 187 51 191 223 24 229 221
    247 156 105 81 222 255 175 238 63 177 182 62 189 255 220 50 221 221
    103 255 214 215 252 221 126 253 222 191 178 226 171 183 127 83 247
    253 119 247 255 111 255 221 234 135 222 231 142 254 218 250 125 124
    61 229 229 183 244 245 111 187 234 169 79 242 21 248 92 63 211 122
    239 251 251 237 222 255 62 255 103 253 178 251 217 250 59 214 127
    239 95 194 117 118 207 159 118 237 175 171 124 166 218 250 255 222
    47 227 190 119 237 156 247 247 183 253 247 217 68 27 222 233 73 251
    21 236 255 28 35 252 246 158 235 86 189 183 143 254 23 180 188 124
    186 239 249 126 191 247 255 253 254 214 177 127 254 249 206 242 221
