<?xml version="1.0"?>
<opencv_storage>
<ImageFile>"75.jpg"</ImageFile>
<Features type_id="opencv-matrix">
  <rows>274</rows>
  <cols>64</cols>
  <dt>u</dt>
  <data>
    58 212 108 142 39 221 157 45 255 212 63 220 61 60 125 246 255 150 64
    185 148 114 215 100 125 165 229 56 123 250 221 233 133 108 67 190
    222 90 232 120 114 95 125 173 148 22 244 110 155 168 155 13 242 29
    189 93 56 242 123 252 123 223 42 250 118 55 117 158 115 143 7 105
    231 68 31 48 61 126 188 86 242 215 0 100 23 33 145 102 92 196 160 13
    50 152 93 41 194 36 85 186 66 122 129 92 48 91 28 47 212 30 229 78
    145 164 17 13 50 29 157 73 16 114 51 189 88 86 32 248 133 6 69 161
    221 160 163 216 164 127 194 87 137 9 131 5 74 92 1 96 232 130 138
    112 14 152 24 3 210 8 33 75 85 36 84 186 82 112 37 84 80 68 24 14 65
    0 192 193 24 44 24 4 240 28 140 73 16 240 35 156 72 87 32 248 57 183
    117 222 50 173 125 125 215 220 94 149 61 126 188 214 255 214 193 43
    116 120 194 247 249 174 224 216 127 208 252 169 214 100 117 180 247
    122 217 125 119 223 191 39 228 150 245 110 155 164 253 143 242 28
    159 77 44 242 127 251 91 79 39 250 44 39 101 152 16 93 37 127 165
    212 130 52 89 61 185 198 203 212 67 104 209 32 212 51 93 185 132 1
    112 12 56 73 212 36 85 186 80 122 129 116 116 84 56 46 84 132 101
    110 153 172 24 5 242 29 156 73 16 226 51 189 88 87 32 250 40 6 100
    139 223 255 167 125 44 124 2 23 185 63 187 69 203 245 65 96 240 67
    219 112 88 253 24 36 250 216 51 203 213 36 87 186 82 120 173 116 116
    84 56 47 85 148 244 101 153 172 24 5 242 29 156 73 16 242 51 188 88
    87 32 250 108 6 100 137 223 253 167 217 44 127 42 14 153 61 251 229
    203 125 73 96 248 67 154 120 92 253 25 39 248 26 51 219 213 36 87
    186 82 112 173 118 116 84 24 15 85 132 244 65 153 172 24 5 243 29
    140 73 16 224 51 188 72 87 32 248 46 231 108 170 19 253 165 73 253
    94 170 185 189 46 253 197 203 244 35 96 245 114 211 118 85 221 53 33
    90 218 59 137 198 36 87 186 114 120 233 124 124 93 60 45 85 212 245
    110 153 172 24 5 242 29 156 89 16 242 51 189 90 95 40 242 13 51 67
    241 28 176 161 252 192 158 194 53 193 67 145 65 98 212 1 98 193 40
    198 115 12 138 162 137 82 8 49 91 119 38 85 186 80 120 65 84 208 64
    26 14 64 4 193 79 24 44 24 5 240 28 156 73 16 242 51 157 72 86 32
    249 45 166 109 138 30 253 165 125 253 254 214 180 125 63 185 197 203
    244 67 96 241 82 219 245 93 189 12 135 126 220 49 203 221 44 215 186
    82 122 169 124 124 93 58 175 85 244 244 111 153 172 24 13 242 29 156
    89 16 242 51 189 90 215 40 250 39 230 109 139 223 157 135 73 238 119
    60 122 189 59 253 69 226 245 1 96 216 67 146 116 92 220 189 47 242
    26 51 107 213 36 87 186 82 120 169 124 114 94 24 15 213 20 244 77
    153 172 24 5 240 29 156 73 16 242 51 188 88 87 32 249 191 179 76 34
    55 177 155 56 116 155 240 115 172 27 160 81 98 181 7 209 97 102 193
    118 4 58 225 3 94 92 225 41 222 44 156 190 126 120 137 244 216 78 58
    15 208 17 210 79 185 174 24 5 240 29 220 65 18 242 55 156 88 215 32
    251 61 180 126 35 255 177 179 248 252 191 214 125 237 27 233 101 114
    181 195 210 241 82 159 252 164 40 108 167 126 95 225 254 237 108 207
    190 255 187 169 125 216 85 82 142 80 227 146 69 186 126 137 9 240
    157 217 81 54 178 191 188 186 155 108 93 234 237 239 223 118 207 215
    255 239 197 189 254 255 254 182 238 171 245 122 183 31 255 247 167
    125 247 149 63 51 222 30 41 223 45 119 218 202 121 251 124 114 253
    61 47 157 60 253 46 149 172 155 13 242 29 148 79 56 246 112 61 89 93
    36 250 166 246 64 3 191 16 136 137 206 11 51 118 161 66 225 117 98
    213 4 16 65 38 129 100 36 148 49 41 150 10 3 56 102 36 93 154 82 120
    233 212 97 84 48 15 208 4 176 109 137 189 16 5 248 21 140 73 16 114
    50 188 88 87 32 184 193 23 215 114 221 34 33 126 224 20 194 99 174
    217 130 1 98 237 235 102 112 143 194 247 2 42 88 132 248 0 96 137
    223 39 84 186 81 56 69 68 93 84 26 135 73 97 195 199 56 36 24 0 240
    62 156 73 48 240 55 159 72 87 36 88 179 215 108 46 55 28 21 10 231
    68 61 248 45 59 228 253 243 246 4 116 64 66 177 118 100 149 97 25
    191 58 88 57 176 108 86 222 66 80 137 244 199 219 24 153 208 82 244
    76 129 181 86 12 104 3 135 73 56 240 32 28 88 94 38 153 61 255 237
    222 55 253 217 123 255 222 215 253 253 126 253 204 251 244 99 123
    245 118 211 247 125 190 167 63 126 222 125 235 223 108 87 190 214
    122 249 124 120 93 57 47 212 52 245 111 153 172 24 13 240 29 156 77
    16 242 115 189 91 223 40 250 63 246 109 139 55 125 159 185 255 222
    255 188 61 62 125 247 209 246 70 252 125 242 149 52 125 245 237 57
    255 250 127 185 232 108 215 238 222 115 137 249 254 223 127 61 212
    182 244 108 159 175 158 13 250 29 223 93 56 242 59 188 123 218 110
    249 62 246 109 138 183 253 31 57 255 86 255 188 189 62 253 247 209
    246 70 252 121 114 145 52 93 164 237 25 127 250 125 185 232 108 215
    174 218 114 137 253 182 95 29 45 212 182 228 108 155 175 148 13 250
    29 223 93 56 242 59 188 123 218 110 249 107 204 8 186 203 222 95 1
    47 103 31 204 157 108 124 30 221 59 32 241 174 119 218 107 85 215
    177 126 98 243 127 103 135 180 67 0 227 200 248 106 100 157 108 105
    213 28 245 43 157 200 24 13 246 5 188 249 25 246 243 189 209 223 24
    254 92 49 245 244 48 39 121 114 194 134 209 48 87 192 144 82 242 204
    67 103 55 172 192 151 140 170 166 217 64 140 244 169 114 38 52 190 2
    124 211 213 152 74 145 78 226 44 129 78 155 164 48 71 96 28 21 65
    128 242 113 219 120 22 33 177 84 33 171 148 0 70 27 239 134 134 209
    20 81 128 147 66 106 69 18 102 10 161 198 3 12 128 188 13 64 140 48
    40 68 36 21 187 2 120 193 84 48 72 49 10 215 28 129 110 155 172 24 1
    48 24 20 65 64 114 57 249 88 22 32 242 44 167 237 184 50 189 161 123
    245 254 230 177 125 122 189 71 242 252 67 99 245 118 81 247 93 42
    164 137 72 220 113 235 207 44 71 190 211 120 233 124 120 93 56 175
    212 117 247 111 153 172 24 13 240 29 156 89 16 242 51 189 90 215 40
    250 60 33 253 148 18 5 57 127 214 198 213 176 113 34 144 66 250 212
    67 99 209 36 193 215 156 170 164 9 66 140 48 105 215 36 21 186 82
    120 193 124 112 88 49 47 212 52 229 110 155 172 24 5 240 29 156 73
    16 242 51 185 88 87 32 250 120 150 236 131 254 183 151 49 62 253 22
    89 157 59 185 69 242 247 105 96 216 103 219 113 72 248 172 46 122 89
    113 107 215 36 87 186 82 120 169 116 112 92 56 47 213 20 245 111 153
    172 24 5 240 29 156 73 16 242 51 189 88 87 32 250 60 37 109 156 50
    135 93 127 231 196 53 176 93 107 181 70 226 212 66 103 151 112 192
    231 93 170 164 29 114 136 28 105 214 36 20 186 82 120 193 116 114 91
    61 47 212 52 197 110 153 172 24 5 240 29 156 73 24 242 51 189 88 86
    34 251 61 245 125 158 18 13 93 127 247 206 45 176 125 235 180 78 226
    244 64 99 215 120 209 167 93 162 166 25 83 24 124 105 210 38 20 186
    210 120 211 124 114 222 60 47 214 20 229 110 153 172 24 5 240 29 156
    73 24 242 115 189 88 86 42 251 33 205 189 216 34 221 213 67 191 212
    15 204 157 125 124 45 157 177 226 35 214 127 82 227 113 118 149 124
    44 210 95 97 135 90 67 44 210 72 250 104 116 61 60 167 181 112 245
    111 177 168 137 77 242 29 152 93 57 210 114 189 115 255 77 218 1 2
    68 130 93 131 130 80 36 60 2 1 136 59 161 1 226 245 1 96 192 39 193
    113 64 56 168 14 80 8 49 99 223 36 87 186 82 120 169 116 112 84 24
    15 209 84 208 79 153 172 24 5 240 29 156 73 16 242 51 188 88 87 32
    250 63 244 125 190 62 157 29 79 247 254 61 248 29 123 180 95 226 212
    1 99 196 96 208 115 93 138 164 27 83 57 125 107 215 36 84 186 82 120
    233 116 114 94 56 47 212 20 245 111 153 172 24 5 240 29 156 73 16
    242 51 189 88 87 34 251 16 186 155 139 60 245 184 245 218 187 82 217
    195 2 155 138 122 198 227 11 216 1 110 221 137 1 188 162 77 201 51
    238 101 128 253 52 126 189 169 119 240 76 99 46 179 180 25 113 187
    200 60 35 244 157 156 88 134 242 151 253 223 87 96 247 41 143 237
    216 34 221 209 75 191 212 15 204 157 125 124 172 157 185 98 43 214
