<?xml version="1.0"?>
<opencv_storage>
<ImageFile>"76.jpg"</ImageFile>
<Features type_id="opencv-matrix">
  <rows>270</rows>
  <cols>64</cols>
  <dt>u</dt>
  <data>
    254 253 125 238 55 127 125 251 253 212 255 254 127 190 252 254 251
    252 127 253 53 210 177 52 253 253 253 185 255 223 254 185 200 108
    215 254 203 123 249 253 254 223 125 63 212 191 246 108 159 173 151
    13 250 29 151 93 56 246 121 252 251 222 46 251 254 252 125 186 55
    125 117 123 253 246 255 186 127 190 252 254 243 244 119 121 61 210
    241 52 221 253 253 187 123 223 255 249 200 108 215 254 203 123 177
    252 254 223 124 63 214 183 102 108 159 173 151 12 250 29 135 93 56
    244 121 252 91 222 42 251 59 252 125 207 255 221 223 25 255 87 189
    250 189 127 124 253 247 247 126 186 214 114 147 124 253 247 247 127
    255 251 223 123 215 236 223 223 202 123 251 127 119 223 109 189 149
    158 245 63 151 191 150 13 170 181 159 95 56 246 122 63 251 223 46
    189 124 237 237 252 54 63 125 115 181 214 253 154 95 252 252 206 153
    253 115 239 55 252 208 179 221 127 151 216 105 214 124 169 218 92
    231 234 206 122 208 121 62 191 189 39 247 183 231 110 159 169 171
    207 250 29 155 28 57 247 123 255 123 250 111 251 41 206 109 201 62
    189 253 121 253 254 170 220 221 45 253 239 211 244 199 43 244 114
    216 127 125 180 39 55 127 219 125 255 247 198 223 58 246 251 249 62
    246 255 110 45 86 150 116 115 155 61 62 12 234 157 143 92 152 230
    251 175 219 223 42 182 237 238 239 249 255 127 117 255 253 255 252
    187 127 191 254 239 203 253 255 107 253 215 254 61 127 239 31 179
    255 215 127 239 241 239 247 251 247 247 253 190 254 255 254 63 95
    183 127 241 255 237 222 156 207 191 143 28 248 236 239 254 223 222
    62 255 62 255 255 254 63 253 253 123 255 220 255 253 255 126 252 252
    243 247 123 123 247 126 211 119 253 254 231 191 127 255 255 239 135
    110 103 190 254 123 251 125 127 223 247 239 213 247 245 111 191 191
    153 207 250 21 159 93 56 246 127 255 251 223 175 222 186 221 255 207
    63 93 223 141 255 197 63 254 191 126 126 252 255 246 124 123 150 123
    247 118 253 215 245 123 127 251 223 239 151 237 119 222 202 91 251
    255 215 223 237 127 157 30 253 47 133 167 215 13 250 23 183 127 56
    246 120 125 251 93 62 222 191 254 125 239 191 253 255 249 255 253
    220 255 253 63 253 221 251 247 255 105 245 118 155 124 253 253 125
    187 127 251 255 255 215 229 127 254 247 251 249 127 127 223 127 63
    213 151 254 117 173 189 159 45 250 151 159 125 56 246 251 173 219
    207 46 254 45 228 109 136 159 253 39 93 189 126 142 188 125 63 253
    229 203 244 67 104 240 114 222 60 125 169 44 47 127 217 121 239 213
    100 87 186 82 115 169 126 182 223 124 47 84 150 116 99 153 44 30 12
    242 29 143 77 184 242 43 188 219 223 42 243 187 222 125 207 255 159
    223 185 255 87 189 250 189 127 124 253 247 247 126 178 214 118 145
    126 255 247 247 127 255 251 223 123 214 108 223 223 202 123 251 127
    118 223 109 63 213 158 244 31 149 189 144 13 186 189 159 95 56 246
    120 63 219 223 42 185 186 221 124 254 127 207 223 13 239 69 189 250
    191 126 126 252 255 151 60 123 150 123 243 102 253 223 241 127 119
    251 223 239 151 237 118 222 194 91 250 255 183 223 237 123 157 30
    253 47 197 166 215 13 122 23 183 111 56 246 112 61 121 95 62 219 191
    254 126 237 63 253 221 241 63 223 127 249 31 126 253 253 243 244 103
    107 245 114 245 118 125 255 165 123 127 223 255 251 247 100 215 254
    214 123 249 253 246 223 127 63 212 150 245 111 159 173 158 13 250 29
    159 93 56 246 123 189 219 223 42 251 56 237 109 218 54 253 245 121
    253 220 254 189 125 126 253 228 219 244 67 122 245 114 213 246 125
    191 133 145 127 223 127 249 238 110 199 190 222 122 217 124 254 221
    255 47 84 183 245 110 187 173 159 13 250 29 159 93 56 242 123 253 91
    223 46 250 237 239 255 105 251 255 247 255 253 221 206 255 255 127
    239 205 139 189 251 47 245 127 94 247 115 255 95 183 125 219 94 175
    159 75 207 229 247 219 255 61 125 189 254 247 253 245 127 227 255
    191 175 255 211 229 218 254 126 222 254 175 251 253 255 222 63 252
    252 170 63 127 149 63 255 254 222 253 61 62 255 253 251 246 209 185
    245 83 253 117 241 237 104 95 127 219 255 235 253 108 215 246 255 82
    169 124 250 223 126 46 212 151 246 109 191 172 159 13 242 29 223 93
    62 242 63 188 219 223 46 219 63 244 125 142 191 189 95 24 239 69 181
    248 253 59 252 85 240 246 70 121 179 114 144 116 245 180 225 127 127
    123 221 41 146 108 150 158 202 123 185 255 183 219 127 173 208 210
    244 15 128 183 144 13 122 149 223 93 56 182 122 158 251 223 46 219
    232 111 247 221 210 79 103 239 237 229 41 154 95 237 255 238 235 85
    123 111 30 207 254 45 95 239 159 61 187 155 58 31 240 39 119 251 128
    247 247 254 54 123 236 247 31 158 109 176 197 37 118 188 11 255 135
    174 200 236 105 126 223 68 27 180 62 118 125 139 219 221 135 201 239
    68 63 62 189 126 249 244 251 244 67 96 221 114 151 116 92 253 189 41
    242 218 127 187 240 36 87 158 66 114 233 94 52 85 92 47 84 150 244 5
    153 173 144 13 242 29 133 89 24 242 49 188 88 95 40 248 126 252 252
    254 63 191 127 121 253 126 252 185 253 255 252 254 243 255 219 251
    253 119 211 63 253 238 226 191 123 253 253 239 219 108 86 190 255
    123 241 253 254 223 127 47 212 183 231 111 191 174 154 13 248 29 159
    93 62 246 127 189 251 214 42 255 62 253 125 222 55 221 221 57 255
    213 255 253 125 126 252 252 255 246 102 187 247 122 177 119 253 247
    229 123 127 251 223 249 206 108 71 222 222 123 251 125 115 223 253
    47 212 182 245 111 191 191 159 15 250 29 159 93 56 242 122 255 251
    223 46 254 57 188 246 142 43 109 176 55 119 252 222 245 126 63 175
    254 255 186 225 179 245 41 119 247 241 43 224 218 105 213 255 231
    205 104 99 180 255 90 232 125 125 93 127 167 252 55 247 111 185 230
    203 15 244 29 152 77 62 243 247 181 251 111 46 206 255 189 255 119
    118 230 253 254 219 189 213 251 239 219 150 90 255 231 190 111 191
    45 231 223 175 251 247 255 111 125 246 239 135 255 44 255 255 189
    251 255 89 206 251 255 251 57 159 255 255 254 111 251 244 246 60 231
    118 255 247 203 255 189 245 255 255 189 251 119 116 230 249 254 219
    189 213 251 231 219 150 90 127 231 190 111 175 47 103 223 175 251
    246 255 79 61 230 239 135 191 44 255 255 189 255 255 89 206 243 255
    251 121 187 191 253 246 107 243 244 246 60 231 116 191 247 203 255
    245 181 255 41 206 236 200 47 191 215 60 189 254 156 201 157 61 60
    13 129 253 251 185 244 119 218 123 113 102 136 54 125 85 93 199 223
    248 210 32 247 216 184 43 126 191 106 175 213 241 247 107 191 218
    153 13 245 13 219 28 63 199 255 189 243 219 14 223 60 254 255 238 50
    125 177 255 255 220 222 245 125 62 251 254 251 214 195 107 245 82
    213 246 253 189 244 153 127 223 255 251 253 100 119 190 215 122 249
    124 255 93 127 62 212 167 211 108 187 173 159 13 242 29 157 93 28
    242 59 253 91 79 42 255 237 174 255 249 120 255 231 247 189 253 206
    191 223 189 251 238 203 253 251 107 253 213 94 185 127 125 29 183
    109 215 59 207 223 67 103 251 212 255 253 60 124 61 122 183 93 183
    127 225 189 172 175 189 211 125 156 92 126 236 107 173 219 223 41
    254 255 252 255 253 255 255 255 249 253 127 253 251 255 255 246 253
    243 253 127 123 253 255 191 127 111 239 231 191 255 87 127 255 243
    237 156 255 215 119 249 247 218 223 255 63 219 23 255 95 157 173 30
    5 232 191 159 77 152 246 123 191 223 94 34 189 255 252 255 245 255
    191 255 249 253 127 252 251 255 251 246 253 243 253 127 123 253 255
    186 127 111 239 247 191 255 87 127 255 247 237 220 255 247 127 249
    247 218 223 251 63 219 23 255 95 157 173 30 5 232 191 159 77 152 246
    115 191 223 94 34 189 253 191 255 125 250 247 250 245 251 187 237
    253 254 247 175 250 247 171 251 247 255 125 127 191 215 106 230 255
    107 221 255 230 255 239 69 191 223 187 253 255 222 95 249 238 241
    127 203 63 189 238 8 111 240 253 89 77 126 255 215 191 250 242 251
