<?xml version="1.0"?>
<opencv_storage>
<ImageFile>"77.jpg"</ImageFile>
<Features type_id="opencv-matrix">
  <rows>174</rows>
  <cols>64</cols>
  <dt>u</dt>
  <data>
    122 213 109 138 127 159 23 27 183 86 28 152 29 127 124 93 245 247 65
    116 244 119 144 119 93 244 172 93 123 216 93 233 150 108 215 190 210
    122 137 124 118 223 28 45 213 150 244 79 159 172 153 12 242 29 159
    89 56 246 59 188 90 223 46 249 62 243 125 222 190 29 95 113 127 86
    23 26 221 114 253 212 242 214 64 106 79 240 128 114 237 148 179 89
    255 249 253 41 210 100 85 250 194 115 211 117 182 223 221 31 212 134
    229 14 151 173 22 5 42 29 159 77 24 246 57 157 89 30 34 177 60 251
    125 222 182 157 95 113 127 86 87 152 221 126 253 212 250 214 88 104
    31 112 128 114 237 180 167 89 255 219 125 41 210 100 85 218 66 115
    209 117 182 223 221 31 212 134 228 14 151 173 23 5 42 29 151 93 24
    246 57 157 89 31 34 177 108 170 239 139 54 255 183 247 253 246 86
    158 221 190 255 206 219 213 123 105 253 87 223 245 89 125 157 183
    125 223 63 235 213 100 215 186 86 122 237 124 124 93 124 63 85 180
    117 233 159 172 157 13 242 29 159 92 56 230 59 253 91 223 44 254 60
    254 127 255 190 253 249 121 253 254 254 253 253 126 253 237 243 213
    219 106 245 126 223 127 125 238 166 63 127 95 125 255 247 100 85 186
    214 123 249 117 246 95 122 62 212 134 209 111 157 173 30 5 250 29
    159 77 16 246 59 189 91 95 34 255 61 255 253 255 190 189 255 121 255
    125 86 251 253 127 253 221 242 213 91 106 245 127 195 119 109 186
    164 63 126 89 125 235 215 100 85 186 86 123 249 117 246 223 90 63
    213 134 245 79 153 173 28 5 248 29 159 77 16 246 59 189 91 95 34 251
    18 17 17 150 0 196 216 5 66 196 17 20 17 70 19 18 127 198 32 99 2 40
    198 66 140 215 183 105 2 170 19 41 86 36 21 154 2 104 234 84 48 72
    181 107 165 20 245 110 153 172 24 5 176 24 20 73 16 114 51 185 88 23
    32 250 18 33 147 151 0 196 217 165 194 196 17 20 17 98 147 18 111
    198 32 99 10 40 198 2 140 151 183 41 2 170 19 43 87 36 53 154 18 104
    235 84 48 72 177 43 165 20 245 46 153 172 24 5 240 24 20 73 16 114
    51 185 88 23 32 250 62 247 125 254 55 189 157 121 231 195 249 250
    253 46 244 95 251 214 102 251 183 118 209 119 213 255 243 59 122 254
    253 233 206 108 247 158 218 120 249 117 124 95 125 47 246 53 245 111
    153 174 24 15 242 29 188 93 24 243 115 253 123 95 40 250 251 221 255
    223 55 127 221 255 255 255 189 218 127 249 182 223 255 245 126 111
    190 255 247 63 127 255 183 63 123 249 126 235 199 45 54 255 210 125
    251 253 114 223 249 255 219 60 245 111 157 172 30 141 240 29 156 77
    24 246 115 191 123 213 42 251 62 245 125 254 55 189 221 73 255 195
    253 250 253 126 252 95 255 150 102 251 183 126 209 119 245 223 243
    251 123 255 253 233 199 108 119 158 202 120 249 117 120 223 253 109
    247 21 247 111 153 174 152 79 250 29 252 93 24 243 115 191 123 95
    168 250 18 17 25 150 3 0 24 8 70 2 17 18 181 66 2 18 126 150 0 80 2
    160 193 70 140 147 241 105 2 168 213 40 82 36 21 190 10 104 98 84 32
    72 53 41 148 20 181 111 147 172 16 5 48 24 28 73 16 50 49 185 24 23
    32 250 251 221 110 223 247 31 95 153 175 71 189 250 191 249 118 253
    181 247 126 247 62 255 178 116 127 231 255 63 251 186 126 57 242 125
    86 223 202 121 246 253 246 219 185 255 209 30 221 28 141 175 16 15
    121 255 151 239 120 255 113 63 124 214 58 185 60 45 253 252 50 127
    125 127 245 198 253 176 93 250 189 78 251 252 99 107 183 118 208 183
    221 63 165 153 97 222 124 233 206 36 71 190 211 120 249 124 120 93
    53 175 212 53 247 110 153 172 152 13 242 29 156 93 56 242 115 189 91
    215 40 250 61 191 253 220 55 221 221 123 247 220 159 241 125 126 188
    92 251 246 226 59 213 126 208 231 253 247 229 89 60 254 220 105 206
    124 71 190 222 120 251 125 116 93 63 175 180 116 245 111 177 174 153
    15 242 29 156 93 60 243 118 189 123 223 44 250 60 45 253 252 50 63
    125 119 245 254 253 176 93 250 189 78 251 252 99 99 245 118 208 183
    221 43 167 155 105 220 125 235 207 36 71 190 211 120 241 124 120 95
    61 175 212 53 247 111 153 172 152 13 242 29 156 93 24 242 115 189 91
    214 40 250 13 142 166 225 253 245 163 241 60 253 198 79 193 89 123
    37 136 253 235 42 252 39 218 248 109 122 29 166 220 71 51 223 223
    160 95 48 119 251 233 54 249 92 106 62 213 165 251 115 184 252 24 5
    245 157 156 73 22 242 183 189 218 87 36 254 94 185 239 245 126 183
    218 181 156 191 215 253 223 80 19 82 188 221 122 251 255 125 198 219
    173 106 246 255 92 245 245 238 223 185 157 175 222 121 250 119 248
    125 243 110 243 37 147 127 191 238 153 199 240 125 156 89 87 247 247
    255 251 59 225 254 83 23 209 182 21 130 7 14 226 96 17 115 175 203
    130 19 106 199 33 113 192 37 194 115 68 218 240 47 82 8 33 105 215
    36 84 186 82 120 97 116 112 72 56 47 209 16 245 111 153 172 24 5 240
    28 156 73 16 242 51 189 88 87 32 250 71 22 193 178 29 130 6 14 34 96
    0 115 170 3 130 19 106 197 33 113 192 37 194 115 68 155 184 47 18 8
    33 105 215 36 84 186 82 120 33 116 96 72 56 15 209 20 245 79 153 172
    24 5 240 28 156 73 16 242 51 189 88 87 32 250 51 149 125 138 23 157
    21 9 231 68 29 128 61 63 52 87 246 246 0 33 144 114 209 102 92 180
    165 25 50 152 85 41 150 44 83 158 194 88 129 124 52 219 60 169 148
    84 244 110 145 164 153 12 50 25 158 73 56 114 50 189 88 215 44 250
    71 18 192 178 29 162 2 14 34 106 0 114 168 3 130 19 106 197 33 113
    193 37 195 115 68 155 184 47 82 8 33 105 215 36 84 186 82 120 33 116
    112 72 56 15 209 20 245 111 153 172 24 5 240 28 156 73 16 242 51 157
    88 87 32 250 51 213 109 138 54 157 85 57 231 68 21 208 61 63 52 87
    255 246 64 177 146 114 209 103 249 183 165 25 50 184 85 105 150 108
    147 158 202 88 219 125 52 219 61 173 148 116 245 110 147 172 153 13
    176 25 156 93 56 242 114 189 120 215 44 250 3 4 128 22 9 128 8 4 2
    160 1 0 160 137 2 19 100 32 3 209 137 162 83 7 4 10 164 11 2 12 161
    70 71 44 36 190 18 40 1 206 64 66 24 138 192 112 131 79 25 172 24 5
    112 24 156 65 16 243 51 181 24 86 32 107 204 42 227 241 248 240 239
    237 152 251 234 255 195 198 219 234 139 77 191 107 143 141 238 88 47
    223 27 163 214 11 51 31 119 131 125 251 116 253 237 54 113 100 234
    127 111 140 125 177 95 173 124 245 209 255 172 106 192 236 33 111 76
    23 49 182 44 38 109 168 18 189 37 101 245 254 194 176 89 61 185 70
    202 92 67 105 241 112 208 115 93 168 132 129 90 204 49 203 213 4 85
    186 82 120 161 124 116 84 56 47 86 148 100 111 153 172 24 5 242 29
    156 76 16 226 51 188 88 87 40 250 61 253 255 221 54 255 253 247 217
    252 252 221 95 148 223 234 235 221 251 107 245 45 230 243 237 127
    183 174 93 79 54 251 223 36 117 186 86 120 233 117 114 92 187 47 215
    52 245 111 153 172 30 5 240 29 156 73 16 242 59 253 89 87 34 250 0
    142 130 9 9 90 164 199 41 208 46 129 16 52 107 168 137 8 161 2 196 5
    78 195 83 85 17 36 37 130 11 82 157 18 65 32 17 194 238 32 165 53 40
    39 53 150 119 227 25 72 41 52 151 77 201 138 23 72 134 37 0 97 65 74
    157 250 211 225 249 240 227 252 152 249 194 127 227 91 203 249 235
    213 189 106 205 141 174 120 47 223 59 35 223 75 51 127 117 231 125
    251 116 247 237 54 241 84 250 126 79 134 120 177 201 61 126 181 217
    183 142 105 208 252 43 143 92 7 49 182 4 142 146 73 200 216 166 197
    41 144 42 141 16 53 107 168 205 8 169 14 196 1 78 193 83 85 25 100
    37 6 139 22 189 19 97 0 17 194 110 32 165 53 40 54 45 134 127 224 25
    73 108 116 151 71 129 138 7 72 6 37 64 97 65 74 64 43 130 81 200 210
    138 199 66 130 3 6 208 196 27 32 108 129 74 198 79 173 71 199 138 66
    182 76 128 142 130 18 103 46 71 159 88 38 207 66 128 112 16 14 65
    108 129 174 153 44 24 65 178 25 16 75 1 115 16 53 72 49 97 96 251
    252 255 247 254 245 223 249 255 255 253 251 255 255 246 253 255 215
    127 111 127 207 167 124 239 255 255 123 223 95 247 191 243 101 92
    255 82 117 249 247 115 94 121 63 223 30 253 53 141 173 30 5 248 191
    156 73 144 244 49 189 92 87 32 186 4 33 129 144 0 128 0 103 0 34 3
