<?xml version="1.0"?>
<opencv_storage>
<ImageFile>"78.jpg"</ImageFile>
<Features type_id="opencv-matrix">
  <rows>333</rows>
  <cols>64</cols>
  <dt>u</dt>
  <data>
    56 223 124 253 175 253 255 57 189 255 253 200 189 124 124 237 181
    254 127 251 182 122 177 254 241 127 231 254 125 247 255 247 239 254
    219 76 219 235 248 235 127 255 255 255 246 247 247 59 191 219 150 79
    238 141 223 93 187 215 255 255 243 251 207 190 254 255 127 253 255
    191 255 121 189 95 255 254 255 254 252 253 179 253 127 126 127 127
    146 119 255 254 227 253 254 254 254 185 250 127 223 223 199 127 249
    245 255 255 255 127 253 191 255 63 142 191 144 207 235 253 159 125
    88 255 113 191 127 255 191 184 57 190 253 207 58 157 223 117 127 255
    31 220 221 63 253 206 251 247 250 43 245 117 219 253 249 116 180 62
    124 221 221 239 215 196 215 62 214 251 249 127 116 93 109 39 181 180
    245 107 159 236 153 15 246 29 159 93 56 247 251 189 251 219 106 254
    254 255 127 253 255 191 255 121 253 95 255 250 255 126 252 253 179
    253 127 126 127 127 146 119 255 254 227 253 254 254 254 185 254 127
    223 223 199 127 249 245 255 255 255 127 253 159 255 63 142 191 145
    207 235 253 159 125 120 255 123 191 127 255 191 184 43 252 109 170
    63 253 215 93 253 118 255 252 253 61 252 237 211 244 67 121 180 114
    219 124 125 173 37 59 127 223 125 235 213 236 223 154 194 123 185
    126 182 223 124 45 212 150 244 43 155 189 158 12 250 29 151 93 56
    246 123 188 219 223 46 255 63 253 252 254 63 253 221 61 255 255 253
    248 253 126 126 253 253 246 98 251 245 114 211 119 253 255 245 123
    127 255 255 235 207 124 199 190 218 121 249 125 126 223 127 175 213
    119 245 111 191 174 152 15 242 29 159 93 56 247 123 189 251 223 42
    250 59 221 108 220 63 125 221 91 191 254 189 248 125 125 124 253 253
    244 98 251 245 114 209 119 117 247 245 123 127 255 255 235 207 124
    199 190 218 120 248 125 126 223 127 175 212 115 245 111 185 174 152
    13 242 29 221 93 56 243 115 189 251 223 42 250 60 255 125 168 50 125
    189 123 245 222 250 176 93 61 253 238 251 252 199 104 117 114 180
    182 253 189 37 153 109 222 124 249 224 76 79 190 222 114 153 252 126
    223 60 175 86 183 118 110 187 173 158 13 234 29 143 93 188 242 107
    252 91 222 106 176 59 213 124 190 39 63 31 9 247 126 253 160 61 108
    124 215 247 182 67 240 244 242 145 54 208 253 229 88 123 242 253 225
    202 44 71 188 219 112 176 121 126 223 61 175 212 119 246 78 185 174
    152 13 226 29 223 89 56 243 127 188 123 214 42 248 60 253 125 223
    182 253 255 249 255 221 223 255 253 62 255 238 251 213 91 111 189
    123 199 116 125 255 183 61 127 223 127 187 215 100 117 254 214 123
    249 124 242 223 253 63 215 182 253 63 159 173 159 13 250 29 159 77
    80 246 123 253 91 31 42 250 252 105 239 253 114 111 253 247 253 252
    254 189 127 254 251 238 187 221 251 111 127 221 247 191 95 111 190
    181 235 223 126 255 243 39 119 251 223 119 255 124 122 125 255 126
    223 191 111 254 255 172 223 221 219 127 148 222 222 236 105 251 223
    44 155 246 63 246 125 170 63 125 189 89 245 94 248 249 125 63 252
    245 243 244 71 112 241 114 177 116 117 189 101 153 127 94 125 249
    244 108 223 190 242 114 185 253 255 223 94 173 212 247 246 76 184
    189 30 13 234 21 143 93 184 242 63 188 219 223 46 177 252 191 255
    217 254 223 215 255 255 245 215 250 255 252 255 222 251 245 123 111
    254 213 210 245 223 255 188 63 255 221 94 171 215 109 87 255 218 123
    253 126 244 95 124 63 213 62 245 175 157 172 153 13 243 125 157 95
    120 254 113 189 91 223 60 250 124 253 255 221 34 221 223 229 255 246
    191 156 93 52 127 254 189 210 122 171 159 241 118 166 253 119 245
    120 45 255 223 234 135 88 195 108 222 123 250 121 118 157 229 181
    181 246 245 110 183 202 175 207 178 93 17 95 127 215 122 121 251 249
    110 254 60 253 255 222 54 221 221 119 255 214 159 252 253 127 253
    252 255 242 98 187 183 126 211 247 249 119 247 120 109 223 223 235
    207 126 207 158 218 122 251 125 125 125 253 239 181 116 245 111 187
    190 137 75 242 29 216 93 57 243 122 255 251 251 237 250 62 253 255
    221 54 221 213 119 255 212 223 253 253 124 253 252 255 240 226 187
    247 127 211 247 253 119 213 255 111 255 223 235 143 126 195 190 254
    122 251 125 125 61 247 231 181 244 245 111 191 190 137 75 242 29 216
    93 63 243 126 255 251 251 237 218 59 214 124 142 46 221 158 37 127
    246 63 140 28 60 125 244 253 178 64 184 148 112 85 224 249 53 225
    122 45 255 221 99 149 92 211 12 218 91 186 107 182 159 109 45 180
    150 244 111 147 203 143 15 190 13 211 93 58 243 58 60 243 219 106
    251 59 220 124 206 38 221 221 37 63 246 63 204 28 60 125 254 253 242
    64 169 213 112 247 226 249 37 229 122 109 255 223 99 213 80 211 100
    222 91 250 121 246 159 109 61 180 150 245 111 151 235 143 15 190 13
    219 93 63 211 122 125 243 251 106 255 59 223 124 250 55 127 93 27
    247 86 189 240 63 122 124 253 253 246 100 251 247 114 177 119 245
    183 227 123 127 251 253 233 154 124 214 166 235 88 250 249 126 223
    255 109 212 87 245 111 179 191 150 15 234 5 255 93 57 243 247 191
    251 251 236 219 45 207 124 200 51 93 213 115 55 220 44 229 29 63 252
    237 195 244 228 43 245 112 112 243 113 39 1 18 125 223 95 113 254 66
    211 160 246 218 251 184 246 191 110 55 180 246 117 111 177 189 175
    12 250 13 203 28 62 210 126 173 211 219 111 219 63 253 117 254 18 77
    85 111 231 68 125 176 125 255 252 252 251 246 103 96 119 250 181 54
    223 189 229 25 235 218 222 233 128 110 71 222 194 82 209 124 63 223
    60 167 92 246 244 78 137 165 199 12 122 31 135 77 56 242 105 189 91
    206 46 248 250 220 190 255 239 189 223 129 63 255 63 203 159 125 126
    189 181 243 124 187 252 127 211 120 249 127 247 126 127 243 255 247
    215 249 219 117 255 203 250 123 114 95 239 237 247 22 255 63 189 202
    24 15 252 165 157 253 27 247 243 191 243 251 26 254 108 46 247 137
    200 95 163 231 253 252 206 21 85 189 251 236 219 56 235 36 253 211
    94 181 91 109 28 132 237 214 58 207 237 67 71 176 21 242 109 60 253
    21 92 182 77 231 110 224 189 44 239 56 211 95 140 89 174 236 15 172
    202 207 42 240 255 252 125 41 255 253 191 249 253 95 254 126 253 94
    252 253 243 253 127 244 125 247 19 244 246 252 253 191 255 95 255
    184 234 109 223 255 255 115 253 245 254 223 95 29 213 127 254 21 174
    191 144 15 234 189 207 121 124 180 255 190 190 223 126 152 108 14
    239 217 42 127 177 247 189 252 86 149 91 180 187 238 153 89 235 106
    244 213 222 179 91 104 156 148 104 213 62 202 207 16 67 32 213 218
    249 56 252 61 87 38 125 182 227 235 191 44 137 157 211 93 153 92 46
    230 123 253 75 79 78 254 44 173 237 184 18 239 55 111 181 116 78 181
    29 62 191 206 203 60 193 96 245 113 210 51 93 233 132 133 107 216 61
    233 135 4 71 186 19 122 233 124 120 221 60 39 85 21 247 110 153 172
    153 12 242 29 156 73 56 242 59 189 91 87 42 250 56 147 252 154 99
    159 23 55 183 92 44 129 29 126 61 116 247 246 195 36 244 115 208 247
    216 105 228 92 121 208 221 232 223 40 67 180 215 80 129 124 126 95
    30 47 212 246 245 78 185 172 152 13 242 29 157 89 58 242 55 188 90
    214 42 249 199 199 108 200 231 157 7 80 41 71 41 202 152 121 100 13
    129 125 60 45 14 113 18 96 101 231 9 118 61 12 29 1 150 82 218 11 64
    105 182 171 38 187 40 117 149 90 117 19 22 153 16 44 3 241 199 62 57
    206 48 14 81 219 126 249 125 252 255 138 19 127 37 127 115 124 172
    177 127 191 238 239 251 246 249 45 241 213 125 181 211 229 232 29
    123 89 92 105 217 68 215 250 86 114 165 116 246 223 126 55 85 150
    100 236 157 44 14 28 242 29 223 77 60 244 47 188 91 222 110 219 58
    249 251 254 63 119 253 123 214 252 244 241 111 218 148 93 251 247
    127 219 245 47 241 127 167 255 243 191 95 255 229 239 207 175 182
    190 255 56 249 117 121 223 243 239 217 113 183 111 187 191 159 137
    248 61 222 81 116 178 247 223 250 215 172 223 186 249 251 246 63 34
    249 123 214 248 244 241 111 219 148 93 250 151 119 219 245 46 241
