<?xml version="1.0"?>
<opencv_storage>
<ImageFile>"79.jpg"</ImageFile>
<Features type_id="opencv-matrix">
  <rows>225</rows>
  <cols>64</cols>
  <dt>u</dt>
  <data>
    60 253 125 238 50 127 125 123 245 86 253 180 125 62 252 254 251 244
    71 108 55 114 176 54 125 189 165 153 127 218 126 249 192 108 79 158
    194 114 217 124 62 223 61 47 86 183 244 110 139 165 214 12 234 29
    135 29 184 242 107 188 91 206 42 176 60 237 239 253 50 127 253 231
    253 222 253 157 95 188 255 238 155 220 243 111 55 125 214 247 125
    255 183 181 111 223 126 171 199 102 103 250 222 127 249 124 126 253
    245 111 255 182 119 110 191 172 191 223 242 29 188 92 124 246 123
    251 123 223 107 250 120 237 239 253 50 127 253 255 253 222 255 157
    95 188 255 238 155 220 115 111 54 125 212 183 125 255 151 181 107
    214 126 187 198 102 119 250 214 127 249 124 58 125 245 47 255 183
    117 238 159 168 255 221 250 29 188 92 248 230 123 249 91 207 43 242
    63 244 125 172 54 61 53 127 247 84 253 176 125 63 253 246 243 244 67
    120 177 114 209 182 253 173 228 217 123 220 253 233 244 108 87 190
    202 122 129 124 62 223 125 47 212 183 228 110 155 172 159 13 114 29
    159 93 56 242 59 188 91 222 42 249 63 117 117 158 18 77 5 71 231 68
    61 176 125 255 252 254 251 178 71 96 55 170 177 54 221 189 229 25
    227 158 220 233 128 44 103 190 202 82 145 220 54 219 60 167 92 118
    228 78 129 165 199 12 122 30 131 77 56 242 105 188 90 70 46 216 60
    57 255 252 50 125 125 247 245 252 222 181 125 254 251 238 251 220
    227 107 245 248 213 183 221 111 166 145 107 223 126 235 247 102 119
    186 215 126 217 124 126 125 247 46 126 183 103 110 159 172 255 223
    242 29 156 93 172 242 123 251 91 78 43 246 60 183 125 188 54 189 61
    117 243 214 213 176 125 55 189 87 242 252 67 232 245 112 81 247 221
    40 228 217 106 220 253 233 223 44 199 190 218 122 145 125 124 95 57
    47 212 245 231 111 153 172 136 15 242 29 159 93 60 243 27 189 123
    215 106 251 60 247 125 188 54 189 61 119 115 214 221 176 125 55 189
    87 243 252 67 232 245 112 81 247 221 40 228 217 105 220 253 225 223
    108 215 190 218 122 145 125 126 223 57 47 244 247 247 110 153 172
    136 15 242 29 159 93 60 243 59 189 123 211 106 251 186 217 186 246
    63 114 249 63 212 248 244 241 47 216 20 93 127 255 127 219 247 47
    245 127 167 255 243 255 95 247 229 254 143 175 182 180 255 56 248
    117 121 222 243 239 217 113 183 111 250 255 159 201 248 61 222 81
    119 179 247 223 186 247 173 95 108 141 237 184 2 255 51 111 181 244
    78 148 25 190 191 238 203 56 193 100 244 115 210 51 93 233 132 133
    105 208 61 233 197 4 71 186 19 122 201 124 120 29 60 39 85 21 103
    110 153 172 153 13 242 29 156 89 56 226 59 189 91 87 42 250 59 244
    108 170 183 189 151 25 255 87 221 250 189 63 252 93 251 247 67 249
    241 86 211 116 117 252 125 59 127 251 127 169 157 236 223 158 235
    121 185 61 125 223 126 173 213 241 244 109 191 190 152 12 234 133
    255 125 56 182 254 189 251 223 46 218 186 217 186 246 63 34 249 59
    212 184 244 241 47 218 4 29 126 143 255 219 247 47 225 95 167 187
    243 239 95 247 225 254 143 175 190 180 255 60 249 117 121 222 179
    239 217 49 147 111 235 254 155 201 248 52 252 81 119 179 247 219 186
    55 165 95 61 253 255 222 54 47 85 127 247 84 213 241 127 254 182 95
    251 246 99 103 119 62 241 247 223 191 244 89 123 216 252 169 198 46
    118 190 218 120 217 124 120 223 60 175 221 52 245 110 153 164 152 13
    240 29 159 77 56 242 115 189 91 87 46 251 238 253 239 255 247 127
    221 139 253 215 189 250 191 250 246 255 187 245 126 127 63 255 183
    119 119 255 247 59 255 251 126 185 178 111 254 223 194 125 255 189
    123 255 252 125 155 95 253 190 205 191 150 221 219 183 183 126 240
    244 112 63 127 253 187 187 63 183 124 140 55 189 29 121 247 84 213
    176 253 127 188 85 240 244 67 240 245 114 209 119 221 188 228 89 122
    220 253 233 215 44 87 190 218 120 233 124 116 93 56 47 212 52 245
    111 153 172 152 13 242 29 156 89 56 242 51 189 90 215 40 250 63 247
    125 234 55 189 61 121 247 86 223 48 125 63 252 85 243 244 71 104 113
    114 144 118 92 188 165 25 126 90 125 169 210 108 215 190 194 122 145
    124 126 223 24 47 212 166 244 78 153 173 16 13 234 29 159 93 24 242
    59 156 90 223 42 248 58 253 253 222 55 31 93 59 247 68 93 182 63 254
    116 94 247 214 102 247 55 126 209 119 253 254 247 89 114 250 254 169
    194 44 23 190 202 120 218 125 112 221 189 111 212 20 245 110 155 174
    153 15 250 29 156 93 56 243 123 187 121 223 40 250 63 119 125 170 55
    61 61 121 247 94 89 48 61 63 252 87 242 244 71 96 241 114 145 118 92
    188 165 25 122 90 125 233 210 36 86 190 66 120 129 124 116 223 24 47
    212 148 228 78 153 173 24 4 234 29 159 73 24 242 51 188 88 87 34 186
    118 93 255 222 50 79 93 111 151 196 61 144 31 254 252 254 255 214 96
    47 22 248 244 35 221 215 231 89 51 250 222 105 130 54 53 254 130 88
    210 125 50 251 189 99 190 22 245 110 215 162 247 223 186 25 180 79
    185 114 120 123 123 100 169 250 220 59 247 245 120 243 242 246 88
    189 214 119 199 209 147 106 251 205 251 111 245 45 239 215 143 107
    190 230 108 69 179 238 223 35 117 181 125 184 253 116 121 61 187 54
    233 165 243 239 189 236 173 211 241 125 152 73 70 254 23 223 90 55
    37 254 13 174 238 169 189 253 163 245 61 254 206 253 200 61 171 229
    137 252 235 104 241 81 94 248 101 105 24 182 125 69 59 199 221 192
    223 32 117 242 173 52 253 21 122 54 85 167 118 225 184 252 28 13 211
    189 157 76 54 196 175 172 202 219 44 254 55 246 125 138 23 29 5 91
    231 86 172 176 61 59 244 245 243 246 5 96 81 82 177 55 92 165 97 9
    123 24 88 105 208 100 214 190 66 112 1 252 118 215 24 143 84 22 116
    76 145 37 20 12 96 29 143 77 56 242 35 188 88 214 46 249 59 254 125
    234 255 191 179 57 255 94 254 125 189 126 253 245 242 247 91 112 245
    114 153 124 253 236 108 159 255 91 253 251 255 108 223 182 127 115
    253 124 255 223 90 14 84 247 244 79 189 61 156 12 250 29 143 89 52
    246 63 188 218 223 46 249 60 50 117 166 62 53 41 120 212 94 242 49
    109 10 145 85 242 212 71 96 241 34 133 190 140 168 228 137 90 88 113
    249 96 44 156 190 86 112 1 245 218 70 19 142 194 163 192 76 136 45
    24 1 96 28 157 65 128 242 51 156 90 22 32 177 122 244 125 143 246
    221 159 253 239 199 191 252 253 60 253 244 255 247 90 45 24 83 214
    228 253 245 253 125 55 251 223 57 196 108 223 223 202 123 169 127
    182 223 109 63 149 190 252 60 151 173 151 15 186 189 151 95 120 246
    56 60 123 223 42 251 68 32 219 49 88 242 122 79 80 163 197 184 226
    195 131 90 234 137 51 83 143 165 71 155 197 91 248 239 64 13 161 98
    223 36 5 186 90 56 225 118 120 92 56 47 209 29 131 111 153 172 24 5
    240 29 156 73 16 242 51 189 88 87 32 250 58 181 112 174 19 141 37 79
    103 68 13 48 61 126 189 85 242 246 1 96 209 34 209 119 220 136 224
    13 82 152 248 105 198 36 87 190 210 122 137 124 48 95 28 143 212 20
    245 78 153 172 24 13 240 29 157 73 16 242 51 188 88 87 42 248 254
    255 247 212 250 79 132 195 107 69 175 126 222 246 254 253 247 243 47
    230 87 45 17 119 223 223 245 109 166 158 222 48 150 47 71 158 74 114
    219 220 53 93 24 47 205 94 253 174 137 164 192 13 242 31 144 73 16
    242 113 189 88 71 32 248 63 223 125 252 54 127 125 127 183 222 253
    208 93 57 124 222 253 252 102 251 244 114 240 247 253 63 231 220 125
    247 252 233 222 120 194 172 222 122 248 249 254 159 255 47 246 183
    247 110 187 171 159 79 250 29 223 93 61 247 123 255 251 223 110 251
    60 231 125 140 50 93 189 119 55 212 253 176 93 62 253 230 249 220 67
    107 53 112 244 51 93 173 161 89 113 156 124 249 244 52 117 186 210
    122 201 252 50 95 57 47 246 150 213 110 153 172 30 13 240 29 149 77
    16 242 59 252 89 86 34 251 254 125 247 214 114 207 89 71 239 101 189
    252 127 230 246 254 243 209 62 103 159 175 243 39 223 207 166 63 67
    190 254 108 243 47 102 159 202 126 251 222 82 216 188 111 203 94 237
    174 205 164 82 197 96 30 148 75 152 246 113 189 88 84 34 248 254 125
