<?xml version="1.0"?>
<opencv_storage>
<ImageFile>"8.jpg"</ImageFile>
<Features type_id="opencv-matrix">
  <rows>157</rows>
  <cols>64</cols>
  <dt>u</dt>
  <data>
    197 2 195 163 217 162 162 200 8 171 2 127 162 195 131 1 106 69 61 71
    200 141 174 120 14 218 59 47 146 11 35 31 87 167 28 251 80 245 109
    86 65 64 8 30 201 12 217 145 76 12 24 53 213 250 140 235 208 124 161
    29 76 21 48 190 199 154 194 99 253 240 171 216 56 59 162 127 162 75
    195 41 106 213 189 66 201 133 174 120 38 219 59 39 214 11 35 95 119
    231 221 91 112 245 109 182 193 68 74 30 201 9 248 145 204 221 24 53
    213 246 140 235 80 252 176 13 204 23 48 188 76 237 239 220 34 31 221
    115 49 196 133 210 219 240 190 74 170 213 98 111 150 45 192 243 93
    126 183 62 64 142 54 107 215 54 85 186 82 120 251 116 112 124 56 47
    245 20 245 111 153 172 24 5 240 29 156 73 16 242 51 189 88 87 33 250
    251 188 242 119 255 160 251 152 222 63 209 123 175 203 130 93 126
    247 63 215 239 175 171 124 174 250 251 255 214 63 231 191 87 175 156
    223 255 189 255 247 89 200 203 219 201 25 187 151 204 214 24 241 236
    182 156 227 80 189 245 27 188 55 181 191 76 237 239 220 34 223 92
    103 43 231 37 152 90 240 254 202 169 208 34 107 142 61 230 179 93
    215 183 62 65 142 54 106 215 54 117 186 82 120 251 116 112 126 185
    47 183 20 245 110 153 172 24 69 240 29 156 76 16 242 51 189 89 87 33
    251 251 188 211 119 255 160 251 152 222 47 209 123 175 202 130 93
    118 247 63 215 239 175 139 92 174 218 250 239 210 57 227 175 71 175
    156 223 123 189 127 215 73 200 195 219 201 25 155 151 220 214 24 245
    100 182 156 227 80 188 241 155 188 55 181 255 35 142 198 131 221 240
    131 152 60 249 2 71 168 91 171 5 234 245 161 34 196 39 223 125 98
    218 48 39 30 11 35 87 247 166 93 50 114 248 233 54 113 84 74 14 197
    4 209 99 152 252 24 5 244 29 156 73 16 242 178 189 216 87 32 254 205
    204 239 221 110 255 255 247 61 255 93 140 223 188 127 238 137 221
    121 111 158 221 238 187 127 239 190 54 121 87 62 111 247 55 53 107
    82 127 252 114 114 255 253 62 223 158 101 187 157 168 30 133 249 93
    148 76 209 246 59 253 93 95 2 255 35 134 198 131 255 240 131 220 252
    249 2 127 169 95 171 101 234 213 1 34 192 39 207 125 76 216 56 39 94
    11 51 95 119 164 93 58 82 248 233 118 113 84 74 14 197 4 217 115 152
    236 24 5 244 29 156 73 16 242 179 189 216 87 32 254 51 220 16 198
    207 140 199 9 191 125 28 75 191 127 116 29 118 247 52 48 196 110 154
    111 122 214 97 62 190 123 93 111 151 231 82 52 243 73 254 106 69 223
    78 73 141 20 253 199 197 144 152 12 190 0 143 235 57 118 114 63 210
    77 22 248 195 22 130 55 205 130 138 134 2 171 17 67 162 195 2 19 108
    131 33 215 200 5 195 123 66 90 248 110 82 0 163 98 215 36 84 187 83
    120 233 100 80 92 56 15 209 21 211 111 153 172 24 5 240 29 156 73 16
    242 51 181 88 87 32 250 92 187 183 213 96 247 248 242 150 188 215
    215 207 245 19 10 188 207 250 47 246 47 194 219 139 122 246 246 108
    231 246 238 223 59 97 53 223 188 250 117 121 61 243 103 239 37 183
    111 191 234 169 211 240 125 152 205 103 223 247 255 251 117 133 254
    195 22 130 23 205 194 130 140 26 185 2 111 162 203 2 17 109 163 61
    147 205 39 111 77 66 91 249 46 18 11 163 102 223 45 69 183 83 24 237
    118 112 92 40 175 209 113 183 111 153 236 24 5 244 29 152 195 18 242
    183 181 24 87 32 74 108 175 247 253 248 239 225 203 249 253 206 255
    215 247 249 253 251 189 251 107 247 45 94 251 247 255 55 247 110 207
    127 255 199 195 111 187 180 255 255 62 253 125 234 230 237 207 255
    243 237 253 168 255 243 119 157 111 118 222 215 175 219 109 177 254
    12 142 158 201 8 223 226 117 57 252 70 205 208 53 251 170 141 73 233
    43 148 117 94 219 121 105 4 230 109 199 155 71 247 82 113 32 21 202
    252 42 245 61 104 38 55 150 115 227 157 72 173 127 247 77 25 204 23
    207 75 229 195 107 75 238 68 1 129 144 0 6 8 71 2 162 1 20 81 192
    147 2 8 64 0 71 130 173 194 3 28 130 150 13 0 140 16 72 71 22 37 170
    0 108 67 86 32 96 180 73 43 28 33 238 81 36 56 20 32 24 52 8 0 98 51
    249 72 5 33 226 34 198 12 139 235 157 158 1 47 251 27 206 188 63 109
    36 133 147 0 176 200 113 219 104 81 212 185 62 22 187 31 119 213 164
    95 26 82 251 168 98 112 92 104 45 213 20 252 49 153 204 24 5 244 13
    156 107 16 242 178 188 88 87 40 254 185 158 119 231 254 245 251 248
    222 253 86 95 143 89 211 117 254 215 253 43 252 47 238 124 45 255 63
    54 222 83 115 191 247 227 221 53 247 249 253 55 89 92 235 190 193 0
    249 51 184 221 25 33 244 167 156 105 86 214 246 143 210 95 36 254
    251 253 255 255 254 127 95 255 255 245 253 219 255 249 246 254 255
    215 127 111 126 223 247 63 255 239 255 63 251 219 126 239 243 101 20
    255 210 117 241 255 82 223 249 63 217 30 253 63 157 173 94 133 248
    63 151 77 88 246 113 189 92 86 34 251 58 181 121 150 127 143 95 73
    230 68 149 112 61 110 180 84 251 215 0 102 198 43 193 119 220 222
    225 29 82 56 117 105 215 36 85 190 66 120 233 116 112 221 61 47 213
    20 245 111 153 172 24 5 240 29 156 73 16 242 51 189 88 87 32 250 194
    204 138 223 235 218 222 141 63 251 60 239 186 230 111 254 235 147 57
    211 204 165 239 57 67 207 187 47 211 11 59 118 247 165 85 243 83 119
    237 246 242 94 40 46 213 30 245 127 153 172 26 5 244 29 157 203 16
    242 51 189 88 86 34 249 4 2 152 37 232 148 186 65 26 191 2 71 128 65
    153 17 6 201 128 34 204 37 74 89 13 210 166 102 24 37 177 70 87 144
    221 33 52 184 232 99 96 28 106 36 247 4 241 123 153 236 56 35 244 93
    156 73 22 219 179 165 216 83 97 246 62 181 125 142 55 141 31 77 230
    68 149 240 61 110 180 84 251 214 0 96 199 34 193 102 204 158 224 29
    82 56 85 105 215 36 85 158 66 120 233 116 112 93 60 47 213 20 245
    111 153 172 24 5 240 29 156 73 24 242 51 189 88 87 32 250 122 149
    121 150 127 143 95 75 246 68 149 80 61 108 52 84 254 215 48 102 198
    47 129 103 94 222 227 31 82 58 117 105 215 36 85 190 210 120 235 116
    112 220 61 43 213 20 245 111 153 172 24 5 240 29 156 73 16 242 51
    189 88 87 32 250 3 22 0 2 205 146 130 0 98 56 2 103 172 83 32 17 100
    163 1 144 193 39 27 101 194 16 104 70 26 8 193 66 31 40 67 180 121
    24 41 68 100 84 10 143 69 96 183 79 184 236 24 0 246 8 216 73 22 114
    151 149 8 83 36 74 248 221 255 255 247 255 127 255 253 253 95 223
    191 252 254 254 251 213 127 111 124 247 231 55 127 255 189 63 251 91
    126 171 211 36 21 250 82 123 233 116 112 221 124 63 213 22 245 111
    157 172 30 5 248 29 159 73 16 242 59 189 89 23 34 250 183 54 113 6
    221 36 3 88 198 108 146 119 101 75 128 117 242 212 7 96 193 34 137
    124 76 136 96 11 210 8 97 127 97 36 92 190 82 48 1 212 209 64 24 142
    64 0 192 77 137 36 24 4 224 30 140 65 16 112 51 188 92 6 32 185 77
    13 255 220 112 199 243 119 49 252 70 149 85 253 185 238 235 221 185
    102 214 45 198 51 93 234 130 4 120 76 56 107 215 39 85 187 18 122
    221 116 112 124 56 38 117 148 229 111 153 172 24 5 241 29 156 73 16
    238 59 189 88 71 35 250 19 220 124 69 239 221 215 48 59 85 23 78 156
    125 108 149 237 243 4 176 222 126 155 224 241 118 81 126 188 31 223
    37 159 126 89 30 74 91 250 58 117 157 104 39 213 112 252 55 129 213
    129 44 188 133 138 111 57 87 242 45 208 255 36 218 124 46 255 249
    122 127 163 255 253 252 222 55 93 189 251 238 251 221 251 106 245
    213 222 182 95 233 156 151 253 215 59 255 253 99 87 250 215 242 253
    124 254 85 90 182 93 167 67 237 191 45 223 141 242 31 159 93 84 252
    107 188 91 6 42 252 243 150 135 199 239 150 131 184 254 125 18 79
    175 91 19 5 118 247 120 178 220 47 155 109 106 242 58 38 158 89 67
    111 223 239 88 49 126 217 238 102 85 92 74 142 193 0 217 83 188 220
    24 1 245 169 156 235 87 118 182 31 210 85 48 252 56 135 173 144 34
    151 149 127 246 84 148 64 93 121 52 4 246 213 67 99 212 117 208 247
    92 170 164 12 120 212 17 105 223 36 83 184 82 104 200 104 112 93 56
    47 212 52 245 111 153 172 24 13 240 29 156 73 16 242 51 189 88 87 40
    250 57 23 189 152 34 183 53 127 245 214 212 128 93 125 61 6 246 252
