<?xml version="1.0"?>
<opencv_storage>
<ImageFile>"80.jpg"</ImageFile>
<Features type_id="opencv-matrix">
  <rows>311</rows>
  <cols>64</cols>
  <dt>u</dt>
  <data>
    254 255 127 252 254 63 255 251 255 95 251 255 255 252 252 253 245
    255 127 246 119 255 176 127 255 254 247 255 255 254 254 185 226 127
    94 255 222 119 219 253 223 255 215 255 221 191 255 94 237 183 148
    207 234 191 159 93 217 247 113 191 127 126 187 184 254 255 119 252
    254 127 255 251 255 93 251 255 95 252 252 252 245 255 127 126 119
    254 180 246 255 255 247 253 255 246 254 185 226 111 95 255 254 119
    221 253 127 223 223 255 221 191 255 94 237 181 214 207 234 63 143 93
    220 246 121 191 127 78 58 176 184 222 124 253 175 253 255 177 189
    255 255 203 157 125 124 237 253 254 127 251 254 122 191 252 249 127
    247 250 253 215 255 183 239 120 219 92 223 227 248 235 127 223 255
    191 247 247 255 55 173 219 158 111 254 143 159 125 187 215 243 191
    247 251 142 190 57 190 253 203 58 157 223 117 127 254 7 220 221 60
    191 78 223 245 234 43 245 117 219 255 249 116 180 62 108 221 221 239
    215 196 215 62 210 251 249 123 116 221 109 47 181 180 245 107 159
    236 152 15 246 29 158 93 56 247 123 189 219 219 106 254 43 214 109
    234 191 253 23 121 189 119 125 220 157 61 252 229 203 244 71 104 252
    114 154 116 125 253 165 63 127 91 125 233 213 100 215 186 194 123
    249 126 118 223 124 47 212 150 244 39 157 173 28 12 250 29 159 77 24
    246 59 188 91 223 42 251 60 255 125 168 50 125 61 123 253 222 254
    184 93 61 253 238 251 252 199 105 117 114 212 182 253 61 37 153 109
    222 125 249 232 68 79 190 214 122 153 124 254 223 60 175 86 183 118
    110 155 173 158 12 234 29 143 93 184 242 107 252 91 222 106 178 62
    253 239 254 55 255 221 127 255 222 253 252 127 126 254 255 187 244
    114 251 183 127 211 119 253 255 247 189 127 255 254 233 199 108 199
    190 222 120 249 125 126 223 255 237 215 119 247 111 191 174 154 15
    242 29 254 93 56 247 123 255 123 223 170 250 251 220 254 255 239 253
    223 129 63 255 127 207 159 124 127 253 181 243 124 187 252 127 255
    124 251 255 255 126 255 243 255 247 247 249 91 117 255 207 254 251
    215 93 239 124 247 30 255 51 189 219 24 47 255 231 157 255 91 255
    246 191 247 251 26 254 59 253 237 252 55 253 221 127 255 222 253 248
    127 125 252 255 251 244 98 251 245 118 209 119 253 255 247 63 127
    255 255 235 207 108 199 190 222 120 249 125 126 223 127 175 213 119
    245 111 187 174 152 15 242 29 158 93 56 247 123 189 251 223 42 250
    60 253 127 222 54 221 221 115 255 213 127 255 223 126 252 252 243
    246 126 111 55 126 145 247 253 255 231 121 111 255 222 185 198 110
    111 222 222 123 219 253 255 223 253 127 180 182 245 110 175 189 135
    207 250 29 159 93 56 247 122 239 123 255 47 186 60 191 255 252 58
    255 253 127 253 252 206 185 95 245 253 206 187 253 235 107 247 127
    90 255 221 127 246 246 109 245 253 238 207 218 231 36 253 250 250
    125 124 63 247 231 247 245 247 107 191 234 173 251 246 29 251 92 63
    255 223 239 251 251 239 222 248 187 127 223 242 253 251 253 255 213
    95 191 253 62 251 246 251 215 91 111 125 243 215 116 253 254 188 61
    126 218 126 185 246 36 87 254 214 123 217 124 240 93 245 62 245 134
    253 110 159 173 157 13 242 29 157 93 80 246 123 253 91 95 42 250 235
    223 110 237 247 63 95 153 189 87 189 202 191 249 126 237 129 253 61
    125 126 215 176 112 119 255 153 53 255 114 126 185 146 125 214 203
    195 117 252 185 118 255 58 189 221 219 252 148 205 159 22 13 201 255
    207 191 120 252 121 62 95 222 30 185 249 191 255 219 254 255 215 255
    255 245 253 250 255 253 190 223 255 245 123 111 254 85 211 247 255
    255 253 63 127 221 94 171 223 111 87 255 218 121 253 126 116 95 120
    63 213 60 245 175 157 172 153 13 242 61 156 95 120 254 115 189 91
    223 60 250 124 169 239 249 82 127 241 247 189 252 222 149 95 188 251
    238 249 221 251 111 244 213 254 179 95 109 156 212 105 215 126 235
    253 35 103 251 87 126 253 124 248 29 124 46 95 183 103 238 191 172
    159 157 243 93 157 92 124 254 107 253 91 95 42 250 63 119 117 190 51
    109 53 79 231 68 237 177 125 63 252 246 251 246 71 96 55 234 181 54
    221 189 229 25 123 218 124 233 144 36 103 190 194 114 145 124 62 223
    60 167 84 151 228 78 137 165 215 12 122 28 135 77 56 242 107 188 91
    70 34 248 254 252 254 169 223 111 167 249 253 123 250 127 239 206
    254 253 251 253 127 244 125 215 191 60 230 253 121 235 223 87 254
    191 200 109 223 255 255 119 237 245 255 221 94 31 93 63 254 212 236
    53 94 140 234 191 143 105 216 180 237 190 222 79 62 176 40 151 252
    138 99 159 7 55 55 92 12 1 29 126 61 69 246 247 193 36 208 115 208
    115 88 40 172 92 120 216 221 225 215 36 83 176 211 82 129 124 118 95
    28 7 212 54 245 78 153 172 152 13 242 29 157 73 24 242 51 188 90 87
    42 249 254 254 238 203 255 219 215 137 255 249 188 251 191 59 110
    221 253 183 126 189 221 87 187 124 247 247 121 127 255 251 223 127
    159 233 207 85 254 221 255 63 119 223 235 125 157 255 252 177 231
    223 143 175 159 231 235 255 126 221 252 111 247 217 220 30 45 254
    125 236 58 125 253 119 61 252 108 217 93 125 252 237 185 252 231 107
    245 112 244 243 125 63 165 210 125 215 127 251 215 80 87 234 215 250
    249 253 254 159 123 183 244 182 247 111 185 173 190 15 250 29 159 93
    62 211 123 173 219 223 47 251 57 223 125 252 42 125 125 119 49 254
    237 201 93 125 124 239 183 252 227 107 244 112 80 243 253 47 165 210
    109 213 253 235 215 80 83 40 215 250 248 121 254 159 127 55 244 151
    247 111 153 169 46 79 242 29 159 77 63 243 123 189 83 223 107 251
    191 244 125 170 63 125 189 73 255 126 252 248 125 47 252 253 251 246
    199 105 241 82 185 124 253 189 101 187 255 251 127 255 208 204 223
    222 231 243 169 255 127 223 126 61 214 151 244 125 171 189 22 12 234
    21 175 125 184 240 171 172 223 223 42 181 108 42 239 249 234 127 113
    247 189 252 86 23 219 244 251 238 138 221 251 106 252 213 222 187 91
    104 156 150 232 213 63 207 239 34 71 250 215 251 253 124 248 61 213
    54 93 167 227 235 191 44 153 157 211 29 157 88 84 230 123 189 203 14
    42 254 252 109 255 214 114 79 113 239 247 101 45 253 127 255 246 254
    243 244 119 103 127 175 244 183 223 235 166 31 227 152 126 233 226
    39 70 254 194 114 211 252 210 255 156 206 216 62 225 78 157 164 218
    77 240 31 149 73 56 246 113 191 90 86 43 249 62 249 255 246 63 247
    249 122 214 252 244 241 111 91 148 93 250 247 255 91 245 46 249 127
    165 255 243 191 127 127 229 255 207 174 182 190 255 56 249 117 121
    222 243 239 217 113 179 111 185 191 155 137 248 61 222 81 52 178 247
    223 250 151 172 223 60 254 127 221 58 253 253 253 253 252 206 189 93
    61 249 238 251 252 195 107 253 250 126 188 253 45 166 146 109 223
    127 254 249 100 111 254 214 243 249 127 255 95 251 182 126 231 73
    123 169 45 254 111 250 159 151 76 180 226 107 238 255 78 43 183 108
    173 237 184 18 255 55 111 181 244 78 181 29 190 191 238 203 92 195
    96 244 115 210 51 93 233 132 133 123 216 63 233 215 4 71 186 83 122
    201 124 120 93 60 39 85 149 101 110 153 172 153 13 242 29 156 89 56
    226 59 189 91 87 42 250 190 249 251 246 63 114 249 123 212 248 244
    241 111 91 212 93 250 247 255 91 245 46 241 127 165 191 243 191 95
    127 229 255 207 174 182 190 255 56 249 117 121 222 243 239 217 113
    179 111 169 191 155 137 248 60 220 81 52 178 247 223 186 151 172 223
    58 245 125 222 54 223 93 55 199 198 125 184 125 126 188 254 255 214
    98 239 23 112 241 167 249 167 231 93 99 248 220 169 198 92 135 158
    202 88 210 253 54 219 181 109 182 182 245 110 151 174 135 207 34 25
    247 93 40 243 122 251 123 250 111 251 252 59 247 245 120 247 242 246
    216 189 214 247 231 243 147 106 250 205 251 111 245 45 239 215 143
    107 246 231 108 197 243 238 223 35 117 191 125 184 253 116 121 92
    187 54 233 165 243 239 189 172 141 211 240 61 152 73 70 254 23 223
    90 119 37 254 141 138 142 117 237 177 250 240 56 187 230 203 138 81
