<?xml version="1.0"?>
<opencv_storage>
<ImageFile>"81.jpg"</ImageFile>
<Features type_id="opencv-matrix">
  <rows>166</rows>
  <cols>64</cols>
  <dt>u</dt>
  <data>
    46 237 237 252 55 255 253 127 253 222 253 253 255 124 126 238 153
    253 115 251 245 119 211 119 125 255 151 183 127 247 127 235 207 124
    199 254 255 123 248 125 126 255 255 175 245 119 247 111 191 174 155
    15 250 29 223 92 56 247 127 191 251 223 170 250 60 255 125 232 50
    127 125 123 245 94 255 176 125 62 252 252 251 252 71 108 53 114 180
    183 253 189 37 153 127 218 124 249 192 68 95 158 198 114 217 252 191
    223 61 47 86 183 116 110 139 165 247 12 234 29 135 93 184 242 107
    236 91 206 42 176 42 205 239 248 39 127 253 79 189 222 253 220 127
    124 125 238 153 188 99 251 246 119 212 119 125 255 151 181 127 247
    126 235 199 124 199 168 254 120 248 121 126 255 245 237 215 119 247
    111 191 174 154 15 242 29 252 92 57 242 127 189 123 223 234 250 59
    246 125 234 191 189 31 121 255 87 127 184 189 63 252 213 243 244 71
    104 252 114 144 116 125 188 165 57 127 90 125 169 210 100 87 186 194
    123 185 124 246 223 92 63 212 134 244 15 153 165 20 4 234 29 159 77
    24 242 59 188 89 223 42 184 63 245 109 154 54 61 85 55 247 86 61 240
    63 187 244 239 243 246 103 249 117 114 241 183 217 43 229 25 123 88
    252 105 218 44 84 190 202 120 145 252 214 223 56 47 208 54 229 110
    153 172 26 13 240 29 159 77 24 242 51 188 89 86 42 249 63 246 124
    170 191 189 29 121 183 94 93 184 189 127 252 85 242 246 69 96 241
    114 145 116 92 188 165 57 126 90 125 169 210 100 84 186 66 120 145
    116 118 223 28 47 212 148 244 79 153 165 16 4 106 29 159 77 24 242
    51 157 88 95 34 186 63 253 117 190 18 77 69 103 231 68 125 176 125
    126 252 252 251 246 103 96 119 250 181 54 223 189 165 25 235 218 222
    233 128 110 71 222 194 82 217 124 54 223 60 183 84 150 244 76 137
    165 199 12 122 31 135 77 56 240 105 188 91 78 46 248 44 141 237 184
    2 255 53 111 181 244 78 149 29 62 191 238 203 60 193 96 244 115 214
    51 89 233 132 133 105 208 61 233 149 4 67 186 87 90 201 124 120 29
    60 39 85 21 103 110 153 172 153 13 242 29 156 73 56 226 59 189 91 87
    42 250 186 217 251 246 63 115 249 58 212 184 244 241 111 216 20 93
    126 255 127 219 246 47 241 127 167 251 243 255 95 247 229 254 143
    175 182 188 255 56 249 117 249 221 243 239 217 113 179 111 186 191
    159 201 248 61 222 81 119 178 247 223 250 183 172 223 186 249 251
    246 63 50 249 58 212 185 244 241 111 90 128 93 126 159 247 219 245
    46 237 127 165 187 243 175 94 119 229 254 143 174 190 180 255 56 249
    245 249 222 243 239 217 113 147 111 171 191 155 201 248 52 220 81
    118 178 247 219 186 183 172 95 12 206 238 233 255 253 182 245 61 251
    198 205 206 61 127 205 137 253 251 251 244 85 94 249 97 125 25 182
    125 87 63 215 221 209 219 33 119 251 252 33 253 61 122 55 213 167
    127 243 188 217 172 45 247 237 219 92 54 206 183 173 211 219 76 222
    63 245 125 188 55 125 61 127 245 222 253 177 125 61 188 94 251 252
    99 99 245 114 208 119 93 191 165 153 123 214 124 233 198 44 87 190
    211 120 233 124 126 95 60 175 212 21 247 110 153 172 24 13 240 29
    156 93 56 242 115 189 90 215 40 250 190 114 117 166 190 53 189 248
    214 94 240 115 109 74 144 85 242 212 71 96 113 34 129 124 140 184
    231 137 214 24 113 249 96 44 156 190 86 116 1 213 217 66 19 30 194
    129 192 93 138 181 20 1 104 158 143 81 128 178 51 156 92 22 32 181
    220 59 247 245 120 247 242 246 216 189 214 119 199 241 147 234 251
    205 251 111 245 45 111 215 143 107 190 246 108 197 243 238 223 35
    117 181 127 184 253 116 121 125 251 54 233 165 251 239 189 236 141
    211 241 125 152 73 102 254 87 223 90 55 101 254 246 205 255 222 35
    79 93 175 183 196 61 148 31 238 252 254 255 150 116 47 22 190 244 35
    123 247 247 89 51 186 94 57 194 55 39 254 130 92 210 252 50 251 189
    235 191 30 229 110 197 166 243 221 168 27 180 207 185 114 120 123
    125 116 171 186 13 174 231 97 56 243 161 118 184 188 198 117 64 53
    139 193 139 104 235 106 241 69 78 217 69 121 28 166 108 69 35 198
    221 64 229 40 85 184 237 60 125 53 122 166 101 225 51 227 56 252 173
    57 241 93 152 12 38 202 135 133 202 195 100 94 120 153 191 220 34 79
    220 247 223 196 31 156 95 244 127 254 253 146 122 175 22 253 247 135
    251 119 246 124 97 254 222 168 206 31 99 206 138 71 218 89 48 189
    181 103 191 190 53 174 215 138 239 223 186 93 48 214 249 127 104 123
    115 169 203 202 254 255 246 86 242 207 84 71 239 69 175 253 126 246
    252 252 251 243 39 103 23 47 49 119 223 223 231 125 99 158 222 36
    214 39 103 158 194 114 219 220 83 93 56 111 205 94 253 46 137 164 80
    77 240 30 148 73 16 242 113 189 88 103 33 250 254 45 255 118 114 79
    125 103 199 101 253 188 127 230 182 254 243 213 127 111 31 175 227
    55 223 206 166 159 67 190 62 168 195 47 36 255 194 127 211 222 26
    248 189 111 255 62 237 46 157 164 82 199 96 30 150 73 80 242 113 249
    121 22 35 250 254 61 255 118 114 79 124 103 199 229 253 188 127 230
    182 254 243 213 126 103 31 175 227 55 223 206 166 31 83 189 62 232
    195 47 36 255 194 127 211 215 26 232 189 111 255 62 229 46 157 164
    82 199 96 30 148 77 216 246 113 251 121 22 35 250 191 253 125 222
    247 189 223 88 255 87 189 250 255 123 244 93 247 247 126 119 119 118
    145 118 245 247 241 127 255 122 223 57 214 108 214 222 218 121 249
    253 118 223 59 191 213 16 245 111 157 191 144 15 248 189 159 93 56
    246 115 191 250 223 44 250 108 42 239 249 186 189 121 253 189 254
    214 63 221 254 251 198 226 220 67 106 253 244 206 58 95 168 180 147
    218 221 61 255 243 36 85 250 86 123 161 116 248 95 88 30 84 135 195
    79 153 44 24 5 242 29 157 73 16 242 59 189 89 22 34 243 250 221 238
    223 247 95 223 139 255 197 61 218 191 254 126 252 253 247 124 191 30
    255 183 38 127 247 251 63 255 251 222 59 242 111 126 223 202 119 254
    255 211 223 237 127 157 30 253 180 197 143 214 141 185 255 151 239
    217 252 120 63 95 93 154 185 56 52 125 170 54 125 53 63 247 222 94
    181 61 62 189 246 255 254 193 96 240 114 209 246 217 168 228 217 122
    208 253 233 205 44 199 182 255 90 137 124 124 93 55 175 212 181 246
    110 187 172 137 13 242 29 156 93 60 242 63 188 91 223 108 250 243
    189 214 119 53 34 249 186 210 145 245 243 174 219 130 91 98 167 63
    223 39 47 227 119 131 123 243 47 82 14 226 50 254 47 116 190 83 56
    251 245 217 92 184 111 217 121 147 111 153 174 24 5 240 29 156 65 16
    243 51 191 120 119 161 219 120 189 255 154 50 127 241 255 253 252 86
    157 63 190 191 206 251 213 251 111 244 151 199 55 93 233 188 13 123
    217 126 235 213 36 117 186 86 122 237 124 240 93 60 46 93 148 101
    238 157 172 27 13 240 29 156 77 16 242 59 253 91 87 34 250 62 254
    121 254 58 189 253 75 255 254 195 249 253 126 253 220 251 190 231
    123 247 126 89 95 245 223 231 255 79 255 253 254 135 220 79 190 255
    186 249 127 109 95 245 237 247 245 183 111 251 239 184 75 238 21 255
    117 52 243 223 173 251 223 233 182 126 35 227 244 50 39 60 107 196
    160 241 50 115 194 145 74 242 153 99 215 59 173 193 151 158 139 167
    141 66 156 48 248 106 45 38 186 90 124 97 84 56 74 177 15 203 61 131
    78 153 172 24 1 112 28 156 73 0 242 51 157 88 86 32 251 228 237 239
    154 19 31 5 75 231 68 172 178 59 254 252 239 195 53 103 101 23 214
    145 39 87 247 5 13 51 154 24 8 194 38 70 154 66 120 71 156 54 243 60
    39 28 126 116 230 21 36 144 28 27 25 135 26 24 96 96 61 73 84 42 251
    61 182 125 172 62 189 191 125 245 254 210 49 125 123 185 85 242 252
    195 98 245 114 209 255 205 168 228 159 126 93 125 239 215 108 215
    190 255 122 169 117 252 93 123 47 212 181 211 79 185 172 24 5 242 29
    157 73 28 242 51 189 218 87 40 254 60 190 255 253 58 253 249 247 253
    255 126 221 223 253 251 254 251 221 251 107 244 125 254 251 253 239
    182 247 109 215 127 255 247 242 127 61 247 255 249 127 254 93 235
    126 255 183 247 123 191 236 62 223 246 29 157 93 214 246 251 255 219
