<?xml version="1.0"?>
<opencv_storage>
<ImageFile>"82.jpg"</ImageFile>
<Features type_id="opencv-matrix">
  <rows>294</rows>
  <cols>64</cols>
  <dt>u</dt>
  <data>
    57 223 109 253 175 253 255 121 189 255 255 204 221 124 124 237 149
    252 127 251 246 122 184 254 253 127 103 250 125 215 255 255 207 254
    219 76 219 235 248 171 127 255 255 255 214 247 247 59 191 219 150 79
    234 157 223 93 57 215 251 175 243 251 207 190 254 255 247 252 254
    127 221 187 255 93 251 255 127 252 124 253 245 255 127 246 118 254
    176 119 255 255 247 255 255 246 254 189 226 111 95 255 255 118 249
    253 223 223 223 255 221 127 255 126 237 165 214 207 234 63 159 93
    217 246 115 191 127 126 186 184 254 255 127 253 255 127 223 187 255
    95 255 254 255 126 252 253 177 255 126 246 119 127 145 118 255 254
    247 253 255 254 254 185 226 127 223 223 254 119 251 245 254 255 215
    125 245 191 247 127 175 191 148 207 234 181 159 93 89 247 115 191
    127 255 187 184 61 190 253 205 58 157 223 113 127 247 15 220 221 62
    253 78 187 241 122 43 245 117 211 249 249 116 180 126 108 221 221
    239 215 84 215 190 210 251 248 127 116 221 109 47 245 180 245 107
    159 236 152 15 246 29 159 93 56 247 123 189 251 219 106 254 255 252
    125 207 183 221 223 9 255 247 189 250 191 62 252 223 251 247 126 253
    191 119 211 116 245 247 249 127 127 251 223 171 215 108 215 222 202
    121 249 127 116 223 109 61 151 92 245 63 151 175 144 15 250 157 255
    127 56 247 112 189 251 223 40 250 255 255 125 152 54 31 31 99 111 70
    61 154 221 187 252 222 255 247 102 109 63 244 144 242 221 247 181
    121 107 190 222 41 210 68 215 222 202 120 249 125 54 219 61 189 181
    28 244 44 147 173 16 15 106 29 151 93 56 246 113 189 89 215 104 186
    43 198 109 234 254 253 55 112 61 127 126 216 157 61 252 229 195 244
    77 104 252 112 154 112 125 253 45 63 127 83 125 169 208 100 215 186
    66 115 185 124 118 223 92 63 84 134 244 87 157 173 28 4 234 29 143
    13 56 246 59 188 91 223 42 248 60 255 125 168 54 125 189 123 245 222
    254 176 125 63 253 239 251 252 71 105 117 114 148 182 253 189 37 153
    127 222 124 249 232 108 223 190 214 122 153 124 126 223 62 175 86
    247 116 110 187 173 150 13 234 29 143 93 184 242 107 252 91 222 42
    178 59 253 236 254 55 253 221 63 255 254 253 248 127 127 126 254 255
    182 98 251 245 118 243 119 253 255 245 187 127 255 255 235 207 108
    199 254 222 121 249 125 126 223 127 175 213 119 247 111 191 174 155
    15 242 29 223 93 56 247 127 189 251 223 42 250 124 175 255 252 50
    255 253 119 253 252 206 189 95 252 191 206 187 216 251 107 183 125
    222 191 253 111 150 247 109 213 127 239 207 210 103 52 245 254 251
    127 124 191 247 103 255 181 119 235 255 234 239 255 246 29 187 92
    111 239 255 239 251 239 207 254 63 253 108 222 63 253 221 125 255
    254 253 249 125 127 252 252 251 244 98 251 245 114 243 119 253 255
    245 59 127 255 255 235 207 108 199 190 222 120 249 125 126 223 127
    175 212 119 245 111 187 174 154 13 242 29 223 93 56 243 119 189 251
    223 40 250 62 244 125 175 190 221 159 13 255 100 29 252 189 62 253
    244 255 246 64 32 208 114 210 100 253 213 237 123 127 251 223 235
    133 236 87 158 250 91 169 127 118 221 109 169 212 22 244 109 155 172
    153 15 178 21 156 125 56 242 58 188 251 223 42 254 186 220 174 255
    239 253 222 145 63 255 125 203 158 125 124 189 189 251 252 187 254
    127 218 123 249 127 247 118 125 243 255 247 199 249 219 101 255 207
    250 35 123 63 235 253 247 23 255 59 191 219 24 111 252 229 185 253
    87 215 246 191 243 251 155 254 235 207 238 252 231 63 95 155 61 85
    61 202 159 253 126 237 129 253 61 253 126 215 176 48 119 255 153 52
    253 82 62 185 242 125 210 249 195 119 212 185 246 191 58 63 221 159
    252 140 205 149 22 13 219 255 143 143 121 252 113 62 87 220 30 185
    248 255 127 223 182 253 251 249 255 223 223 255 253 62 251 230 251
    213 91 111 60 243 215 244 125 254 182 61 127 219 127 187 246 100 119
    250 214 123 217 125 210 93 253 62 215 182 217 63 159 173 159 13 250
    29 157 93 80 246 123 253 91 95 42 251 108 173 239 249 66 127 225 247
    61 252 222 149 95 188 251 238 217 217 251 111 244 213 254 179 95 107
    28 132 105 215 62 235 205 35 103 249 87 126 253 124 248 53 126 38 93
    183 119 234 189 44 255 157 243 93 156 92 94 236 111 253 91 95 10 250
    63 117 117 190 50 77 53 111 231 68 253 177 125 255 252 246 251 246
    71 96 55 250 177 54 221 189 229 25 123 218 220 233 128 44 103 190
    194 114 145 252 62 219 28 167 212 182 228 78 137 165 215 12 122 30
    135 77 56 242 107 188 91 70 46 248 249 223 254 218 55 127 117 255
    189 84 236 136 63 253 253 239 255 244 127 110 54 222 180 55 127 255
    147 56 255 210 126 185 216 70 243 250 194 116 223 120 54 255 188 247
    92 151 116 238 207 161 247 156 218 31 135 29 185 228 105 127 95 204
    141 186 40 223 125 252 34 125 125 119 53 222 237 136 93 53 125 239
    159 252 231 107 180 112 116 179 253 47 133 208 109 247 125 249 240
    80 243 40 214 250 240 233 126 191 127 167 246 182 247 110 155 169
    239 79 250 29 183 92 191 243 123 238 115 218 111 251 56 151 252 138
    98 159 23 55 183 84 44 129 29 125 61 69 247 247 65 36 212 115 208
    243 88 96 164 92 121 216 220 233 222 36 83 180 210 88 129 120 118 95
    28 47 212 246 245 78 153 172 152 13 242 29 159 89 56 242 51 188 90
    86 42 249 188 255 255 221 58 253 249 253 253 253 206 189 93 252 251
    238 251 252 235 107 255 250 254 190 253 255 182 179 109 223 127 255
    255 70 103 254 214 243 249 125 255 125 255 54 254 183 109 114 189
    173 239 255 210 159 156 92 188 244 107 239 255 207 43 246 254 253
    125 169 255 253 187 217 253 95 254 127 239 78 254 253 243 253 127
    244 125 215 147 116 230 252 249 249 223 94 254 185 232 109 223 255
    255 119 205 245 250 223 94 29 213 127 254 20 172 191 16 13 234 191
    207 121 88 180 125 190 62 222 62 177 156 233 255 253 50 125 249 247
    61 222 223 157 95 189 255 238 185 220 227 107 52 216 228 186 125 61
    182 208 253 199 62 251 240 112 125 250 214 119 217 117 255 255 251
    62 254 182 99 236 139 173 126 149 216 31 151 76 152 224 105 255 95
    78 35 179 191 253 255 255 63 253 217 223 191 255 190 255 191 127 254
    253 251 247 61 59 245 127 246 127 127 255 243 127 127 123 127 127
    215 230 95 190 242 123 251 253 211 95 122 111 213 22 245 111 153 172
    24 13 240 29 157 77 16 242 115 191 219 95 42 251 193 207 108 217 238
    159 95 208 45 71 45 202 142 249 118 13 132 253 60 111 30 253 18 114
    110 118 159 62 253 6 30 17 210 87 218 73 194 109 246 163 246 186 184
    93 241 26 245 19 23 153 16 100 73 253 207 191 121 221 112 31 84 241
    223 185 190 253 251 246 63 126 249 123 214 252 244 241 111 90 212 93
    250 247 127 91 245 46 241 127 165 191 243 191 95 127 229 255 207 174
    182 190 255 56 249 245 249 222 243 239 217 113 179 111 169 191 155 9
    248 61 222 81 52 178 247 159 250 215 172 223 190 249 251 246 63 114
    249 122 214 184 244 241 111 90 196 93 250 247 119 219 245 46 241 127
    165 191 243 191 94 127 229 255 207 174 190 190 255 56 249 245 249
    220 243 239 217 113 179 111 169 191 155 9 248 60 220 81 52 178 247
    223 186 151 164 223 125 254 255 237 250 253 255 249 249 253 254 251
    253 123 255 204 251 253 251 107 253 117 95 252 253 127 253 247 109
    215 255 255 255 64 69 182 255 251 249 124 254 95 123 183 245 183 215
    111 191 172 137 47 242 29 157 93 118 246 119 189 250 223 106 255 44
    45 237 184 18 255 39 111 181 212 78 181 29 62 191 230 203 124 195 96
    245 115 210 51 93 233 132 133 123 216 61 233 151 4 71 186 83 122 201
    124 120 29 60 39 85 149 103 110 153 172 153 13 242 29 156 73 56 226
    59 189 91 87 42 250 56 245 125 222 54 93 93 55 231 198 125 184 125
    63 252 222 255 214 66 239 55 112 245 182 249 39 231 217 111 248 220
    169 206 124 167 158 206 88 210 125 62 219 189 175 182 182 245 110
    147 175 167 79 58 29 151 93 40 243 123 219 123 250 110 251 124 121
    255 220 2 79 81 247 207 228 223 148 87 244 255 254 255 208 114 103
