<?xml version="1.0"?>
<opencv_storage>
<ImageFile>"83.jpg"</ImageFile>
<Features type_id="opencv-matrix">
  <rows>184</rows>
  <cols>64</cols>
  <dt>u</dt>
  <data>
    61 255 125 168 50 125 189 123 245 222 254 177 93 62 253 238 251 252
    199 104 117 114 180 182 253 189 37 145 125 222 124 249 232 68 239
    190 214 114 153 124 126 223 126 175 86 183 116 110 171 173 246 12
    234 29 143 93 188 242 107 236 91 206 106 178 59 214 108 234 255 189
    23 121 61 119 125 152 189 63 252 197 243 245 77 104 252 114 145 116
    125 253 169 61 127 91 125 169 208 100 213 186 66 115 177 116 118 223
    88 63 212 134 244 15 157 173 20 4 234 29 143 77 24 246 59 156 89 94
    42 185 63 214 108 234 255 189 31 49 63 119 125 184 189 63 252 85 242
    245 77 104 249 114 147 112 92 252 169 63 127 91 125 169 210 100 212
    186 66 123 177 118 54 223 88 47 212 150 244 31 153 165 20 4 106 29
    159 77 24 246 59 156 88 95 42 185 62 237 236 252 55 255 253 111 253
    222 253 248 127 124 126 254 153 188 115 251 247 127 211 119 125 255
    247 183 127 247 126 233 207 124 199 190 255 121 248 125 126 255 253
    237 247 119 247 111 191 174 154 79 242 29 252 93 56 247 127 255 251
    255 170 250 43 205 108 252 47 253 221 127 181 254 253 233 127 125
    124 207 153 188 102 243 244 114 240 119 117 255 151 50 121 247 127
    235 207 120 199 172 254 120 248 121 126 255 127 175 244 117 247 111
    187 174 154 15 242 29 220 93 58 243 119 189 251 223 42 250 63 254
    237 139 191 221 151 105 255 253 158 255 253 63 252 220 251 245 98 57
    245 119 219 125 125 245 253 63 127 219 95 239 215 236 87 190 246 251
    249 126 116 221 110 47 213 148 245 107 191 236 153 13 246 29 159 93
    56 246 250 189 219 223 42 254 61 117 117 190 18 77 37 111 231 68 125
    177 125 255 252 254 251 246 71 96 55 234 177 54 221 189 165 25 107
    154 92 233 128 36 103 190 194 114 145 252 62 219 28 167 84 182 228
    78 129 165 199 12 122 30 135 77 56 242 105 188 91 70 46 248 42 222
    174 233 238 253 254 17 61 255 94 205 158 125 125 141 157 249 253 187
    244 117 94 249 121 127 27 246 125 247 191 247 215 240 219 33 255 251
    252 35 253 61 106 173 215 151 255 115 191 217 152 111 247 229 217
    252 23 215 247 175 211 251 92 254 189 253 125 222 54 31 93 115 115
    86 61 218 94 187 244 223 247 246 100 237 21 244 113 183 217 63 165
    121 121 30 252 41 210 36 84 190 202 120 145 245 118 223 56 47 212 54
    244 110 153 173 16 13 248 29 159 77 24 242 51 189 88 86 42 251 62
    240 121 230 191 180 223 24 214 95 209 114 173 74 148 85 246 215 7
    208 225 50 129 124 172 152 227 127 86 121 245 169 70 236 158 159 238
    121 129 85 73 202 19 73 194 133 212 31 138 183 16 1 104 180 190 113
    16 178 59 159 120 159 36 179 44 141 237 184 2 255 37 111 181 212 78
    149 25 62 191 230 203 124 193 96 244 115 210 51 93 233 132 133 105
    208 61 233 135 4 71 186 23 90 233 124 120 29 60 39 85 21 119 110 153
    172 153 13 242 29 156 89 56 226 59 189 91 87 42 250 186 249 251 246
    63 50 249 58 214 184 244 241 111 90 196 93 126 247 127 219 245 46
    241 127 165 191 243 255 95 119 229 254 143 174 182 182 255 56 249
    117 249 222 243 239 217 113 179 111 168 191 155 201 248 61 220 81 54
    178 247 223 186 215 164 95 187 252 123 246 63 178 249 58 214 249 244
    241 111 90 196 93 126 247 247 91 244 46 249 127 165 191 227 191 95
    115 229 255 143 174 190 180 255 57 249 245 249 222 243 239 217 113
    179 111 169 191 155 9 252 52 220 81 52 178 247 223 186 151 172 223
    59 213 237 190 55 125 61 127 245 222 253 177 125 61 188 95 251 252
    99 113 244 118 209 119 93 191 165 153 123 208 124 233 214 44 87 190
    211 120 249 124 126 223 60 175 212 53 247 110 153 172 152 13 240 29
    156 93 56 242 51 189 91 215 42 250 126 125 253 222 50 79 93 111 199
    196 125 144 93 254 252 254 255 214 96 47 22 248 244 39 221 231 231
    89 43 250 220 105 130 52 33 190 134 88 210 125 54 155 189 227 190 30
    229 110 199 162 231 207 58 25 182 95 105 118 121 123 123 204 47 250
    252 59 247 245 120 247 242 247 216 189 214 119 199 241 155 234 251
    205 251 111 245 45 111 215 143 107 254 246 108 197 243 238 223 35
    101 181 127 184 253 117 249 93 243 54 237 165 243 111 189 236 141
    211 240 61 152 73 70 255 87 223 122 55 101 254 60 183 253 252 50 253
    189 127 245 220 222 181 125 63 189 214 251 252 195 107 245 114 208
    247 221 169 228 217 104 212 253 232 207 72 71 190 215 122 249 125
    124 93 51 167 244 245 247 111 187 174 169 11 242 29 157 93 44 242
    127 253 123 215 104 250 45 231 109 232 54 125 125 127 245 222 252
    181 125 63 253 231 131 92 199 105 245 114 244 54 109 173 5 145 127
    95 61 217 240 64 189 186 246 122 153 181 255 255 127 37 118 135 102
    106 43 53 127 12 234 21 175 28 188 226 111 206 75 142 46 177 13 174
    231 97 24 243 161 118 240 188 198 117 64 49 139 65 139 109 235 107
    245 79 78 223 69 121 20 134 108 69 33 198 223 66 97 40 21 184 125 60
    125 53 122 166 109 225 51 227 56 124 173 125 241 93 152 4 38 206 135
    135 202 199 101 94 191 255 125 207 255 189 223 120 255 87 189 250
    239 127 252 93 243 247 110 125 245 118 147 116 237 255 241 63 254
    126 247 185 222 108 215 190 218 121 249 117 118 223 59 191 213 16
    244 111 153 191 24 13 248 157 159 77 56 246 51 191 122 223 44 250
    248 61 255 254 50 111 125 111 197 228 221 180 127 230 150 254 243
    149 115 111 63 175 225 183 221 206 230 157 67 188 254 168 194 39 37
    255 195 126 211 221 26 249 189 111 255 63 231 110 157 166 91 199 96
    30 150 77 80 243 121 251 121 118 163 250 248 61 255 254 50 111 125
    111 197 228 221 182 127 230 182 126 179 213 123 111 63 175 227 55
    221 206 230 157 67 188 126 232 195 47 37 255 195 124 209 223 26 235
    189 111 255 61 231 110 157 166 27 199 96 28 150 77 88 247 121 251
    121 54 163 250 13 134 206 97 61 177 160 112 56 185 198 225 194 89
    129 1 136 105 235 219 245 101 91 251 97 122 0 182 124 69 33 199 223
    210 217 32 117 184 249 33 125 60 122 167 245 97 119 107 56 254 40 37
    245 141 216 12 55 195 183 135 194 243 165 94 252 237 246 254 51 79
    124 103 111 68 239 253 127 254 252 254 251 146 103 103 55 47 241 55
    223 127 247 61 99 158 254 169 194 39 101 158 194 114 219 252 123 253
    189 103 237 62 255 110 137 164 82 77 240 30 150 73 16 242 115 189 88
    103 163 250 175 254 111 173 255 253 191 217 189 255 238 251 175 59
    254 237 227 244 63 105 125 194 190 60 109 253 57 59 223 91 63 191
    240 101 94 251 82 115 169 247 243 222 122 63 214 151 252 53 137 189
    86 37 216 159 135 109 144 244 33 60 92 94 34 185 109 246 125 252 126
    255 63 124 249 255 236 185 93 121 188 231 251 252 75 107 253 113 118
    190 205 235 173 191 123 93 125 235 245 36 214 186 210 112 241 245
    126 94 122 47 212 151 247 111 153 172 28 5 240 29 159 77 24 246 51
    188 218 214 42 249 227 221 238 223 239 95 223 137 63 215 61 202 191
    254 126 253 181 247 60 191 30 255 183 98 115 215 187 63 247 123 94
    59 242 111 86 219 202 95 254 247 242 255 108 125 157 30 253 61 197
    143 22 13 217 255 151 235 81 244 112 63 93 93 186 185 61 182 125 172
    62 189 185 121 253 126 250 53 125 63 249 245 242 252 195 104 241 114
    153 252 221 168 228 155 126 213 125 255 253 108 223 190 223 122 169
    125 254 92 91 142 212 167 210 79 187 173 28 13 242 29 159 89 20 242
    55 188 218 215 42 245 56 157 212 222 43 205 248 55 127 208 71 197
    188 126 45 212 255 146 224 227 213 45 211 243 249 59 224 126 110 245
    221 103 223 116 113 180 211 90 248 125 113 93 57 39 245 21 247 111
    153 238 25 15 244 13 152 73 19 243 115 181 114 123 33 202 227 207
    238 223 239 223 223 129 63 245 61 202 158 249 118 189 173 243 60 175
    222 253 254 121 127 215 155 126 255 59 23 55 151 247 83 89 210 221
    254 122 115 63 232 127 157 28 253 179 221 205 24 253 221 255 156 235
    113 252 240 63 212 125 145 255 251 253 223 119 53 226 249 250 208
    129 245 250 238 219 132 123 106 167 55 95 39 47 225 247 167 251 243
    191 83 42 226 185 222 46 52 190 91 56 249 253 218 94 185 111 249 57
