<?xml version="1.0"?>
<opencv_storage>
<ImageFile>"84.jpg"</ImageFile>
<Features type_id="opencv-matrix">
  <rows>303</rows>
  <cols>64</cols>
  <dt>u</dt>
  <data>
    46 238 239 248 63 127 245 251 189 254 254 253 127 124 253 237 153
    253 255 123 245 126 220 255 127 255 23 151 125 215 63 223 207 218
    223 96 255 254 253 61 255 191 255 125 95 183 119 235 255 255 191 221
    219 117 239 28 127 198 255 239 243 251 239 150 254 255 247 252 254
    111 253 251 255 93 255 255 127 252 124 253 245 255 127 254 119 254
    180 127 255 255 247 223 255 247 254 253 226 127 127 255 255 119 251
    253 223 223 223 255 221 247 255 94 237 183 214 207 234 63 159 93 221
    246 119 191 127 110 187 184 254 255 127 252 254 127 255 251 255 95
    251 255 127 252 252 253 245 255 127 246 119 255 176 127 255 255 247
    253 255 247 254 185 226 127 95 255 255 119 219 253 223 223 223 255
    221 255 255 94 237 183 214 207 234 63 159 93 221 246 123 191 127 126
    187 176 60 190 252 205 58 157 223 113 127 247 23 220 221 63 253 78
    255 243 122 169 245 117 219 253 249 116 188 126 124 221 221 231 215
    212 215 46 210 251 248 127 116 223 109 47 245 180 245 107 159 236
    153 15 246 29 155 93 56 247 123 189 251 219 106 254 40 214 108 170
    255 253 55 113 61 126 126 157 157 61 253 229 211 252 77 104 248 114
    144 48 125 253 173 52 255 83 63 185 208 100 215 186 211 115 185 116
    118 223 90 63 84 134 246 101 141 173 30 12 250 29 143 93 24 246 59
    188 91 222 46 184 255 254 125 207 183 221 223 25 255 247 189 250 191
    63 252 223 251 247 126 249 191 119 211 116 245 247 249 63 127 251
    223 43 215 108 215 222 202 121 249 127 118 223 109 61 151 92 244 63
    159 175 144 15 250 157 254 127 56 246 115 189 251 223 44 250 61 254
    125 168 54 125 181 125 253 222 254 184 93 61 253 237 251 252 199 104
    117 114 180 182 253 45 37 153 125 214 127 249 232 76 223 190 214 114
    185 252 126 223 126 191 86 183 118 108 187 173 158 12 234 29 143 93
    188 242 107 188 219 222 106 176 58 212 125 142 47 221 159 45 255 244
    63 220 61 62 125 244 255 246 64 57 148 114 210 100 249 229 229 123
    127 251 223 235 133 252 67 158 218 91 232 127 118 221 101 173 180
    150 245 111 155 174 155 15 182 29 156 93 56 242 122 252 251 223 42
    254 63 253 253 252 55 253 221 127 255 223 253 248 127 126 252 254
    251 244 98 251 245 118 243 247 253 255 247 251 127 255 255 233 207
    124 199 190 222 121 249 125 126 223 255 175 245 119 247 111 191 174
    155 15 242 29 223 93 56 247 123 191 251 223 42 250 63 245 109 220 63
    253 221 127 247 255 253 249 127 125 244 223 187 244 102 251 245 114
    241 119 253 255 245 59 127 255 253 235 207 124 199 190 222 120 249
    125 126 223 127 175 244 117 245 111 187 174 154 15 250 29 158 93 56
    243 119 189 251 223 42 250 58 255 255 254 55 253 221 63 255 254 223
    252 253 126 125 222 189 247 98 187 183 127 211 119 253 247 247 127
    127 251 223 235 135 254 199 174 254 121 250 121 124 253 247 109 183
    244 245 111 191 186 153 79 242 29 254 93 61 243 127 255 251 251 237
    254 124 169 255 253 50 127 253 247 253 252 222 189 95 254 191 238
    187 220 251 111 191 253 247 191 95 111 182 149 105 223 126 239 223
    103 103 251 215 254 255 124 126 125 247 118 255 183 103 234 255 172
    255 223 243 61 156 92 239 238 107 251 251 109 139 246 120 191 255
    219 254 191 215 127 255 245 223 250 255 253 191 221 251 245 123 111
    255 85 211 247 223 234 252 191 127 221 126 171 223 109 215 191 218
    123 253 124 124 95 124 47 213 188 245 239 157 172 152 13 242 61 159
    95 120 254 115 189 91 223 46 250 170 222 174 253 238 253 222 129 61
    255 127 203 158 124 125 189 189 251 252 187 254 127 90 123 249 95
    183 246 125 247 255 247 199 250 219 37 255 203 250 43 251 63 235 237
    247 87 255 123 189 219 24 111 254 229 185 253 23 215 246 191 243 251
    153 254 63 252 125 239 63 253 255 121 253 255 255 253 125 62 253 255
    243 244 95 121 245 114 181 124 253 237 233 191 127 127 253 255 233
    236 223 254 255 251 249 255 250 223 127 62 246 183 246 127 191 191
    158 15 248 189 159 93 176 247 255 252 251 222 46 189 60 189 255 221
    34 255 245 247 253 212 94 221 95 252 255 238 255 248 251 111 119 127
    247 247 251 127 148 244 109 215 254 169 207 106 99 252 223 91 249
    124 125 189 247 39 253 181 247 238 191 172 175 223 242 29 152 93 127
    246 123 251 251 255 13 218 44 237 252 158 34 95 52 39 119 244 46 165
    28 183 253 238 243 178 193 163 213 116 81 179 209 46 128 84 105 216
    220 97 250 32 67 176 211 90 209 124 246 31 60 38 244 118 231 110 153
    172 137 13 242 29 153 77 62 243 119 189 91 86 42 219 61 245 117 190
    51 109 53 111 231 68 253 177 125 63 252 246 251 244 71 96 55 234 177
    54 221 189 229 25 123 218 124 233 144 100 103 190 194 114 145 124 63
    223 60 167 84 182 228 78 137 165 215 12 122 30 135 77 56 242 107 188
    91 70 46 249 108 173 239 249 34 127 241 247 189 252 222 157 95 188
    255 238 217 221 251 107 244 125 222 179 125 107 148 134 109 215 62
    239 207 34 99 184 215 122 253 124 248 61 246 38 93 183 119 235 191
    172 175 141 243 29 157 92 54 230 111 253 219 223 42 254 172 239 125
    248 50 125 245 251 189 212 236 248 95 127 252 237 139 252 229 107 54
    120 180 242 125 255 19 179 125 219 62 249 214 82 255 202 211 250 249
    189 119 191 122 183 244 151 117 234 137 189 246 28 218 29 135 28 56
    196 107 175 219 223 47 251 59 213 237 94 39 157 93 31 247 230 157
    168 61 124 60 95 157 182 98 187 182 114 81 103 241 163 230 94 123
    249 221 225 207 124 131 174 202 24 250 121 126 223 237 237 182 112
    181 111 179 170 154 79 242 29 255 85 57 243 255 191 187 251 238 219
    40 207 125 248 34 125 229 95 61 212 236 200 93 125 252 237 143 252
    229 107 182 120 116 243 125 255 3 176 125 210 62 217 214 70 251 136
    193 250 248 40 55 191 254 247 116 151 117 238 137 177 246 92 250 29
    135 28 57 198 107 175 83 223 15 251 56 151 252 142 99 159 23 23 55
    92 44 1 29 126 61 85 246 247 65 36 208 115 208 115 88 168 164 92 120
    216 221 97 199 36 87 190 210 112 129 124 118 95 28 143 212 86 245 78
    153 172 152 13 242 29 157 73 24 242 51 188 90 86 42 249 44 173 237
    184 18 255 55 111 181 244 78 181 93 62 191 238 203 124 227 96 244
    115 210 51 93 237 132 133 107 208 61 233 135 4 71 186 215 122 233
    124 120 157 60 39 85 149 119 110 153 172 153 13 242 29 156 89 56 226
    59 189 91 87 42 250 252 251 255 253 190 253 251 253 253 253 223 191
    255 252 251 238 243 221 123 107 253 255 215 253 253 110 182 191 125
    215 127 191 255 101 119 254 215 123 249 125 250 221 255 62 215 167
    255 127 159 173 159 141 250 29 159 93 112 246 123 253 219 159 42 254
    56 215 124 222 63 63 117 51 119 116 125 209 61 127 252 236 243 246
    69 234 245 122 145 119 89 46 165 27 127 216 253 233 243 100 86 186
    215 122 241 252 246 95 89 47 212 150 247 79 153 173 157 13 242 29
    159 89 48 242 115 189 90 86 46 249 191 249 251 246 63 50 249 122 214
    185 244 241 111 90 196 93 254 247 119 219 245 46 241 127 167 191 243
    255 95 127 229 255 207 174 182 190 255 56 249 245 121 222 243 239
    217 113 179 111 168 191 153 9 248 61 220 81 54 178 247 159 186 215
    172 223 109 142 231 169 219 255 163 253 189 124 206 29 89 125 187
    229 139 125 203 98 244 83 222 189 95 237 28 166 253 215 59 207 221
    67 87 184 85 242 237 60 124 117 90 182 85 231 119 225 189 44 220 12
    211 29 156 8 60 236 47 173 202 207 46 244 250 222 206 255 255 191
    214 59 127 121 86 255 191 254 126 221 254 179 253 191 253 95 219 125
    243 126 122 55 254 243 255 231 159 239 243 117 255 223 254 127 221
    223 239 127 221 143 255 243 253 215 153 141 255 231 251 255 127 255
    255 255 243 249 158 222 191 253 251 246 63 54 249 122 214 253 244
    241 111 90 196 93 254 247 127 219 245 46 241 127 167 191 243 255 95
    127 229 255 207 174 182 190 255 56 249 245 121 222 243 239 217 113
    179 111 185 191 155 9 248 61 222 81 52 178 247 159 250 151 172 223
    200 205 142 223 231 95 94 179 63 213 61 207 30 253 126 175 165 219
