<?xml version="1.0"?>
<opencv_storage>
<ImageFile>"85.jpg"</ImageFile>
<Features type_id="opencv-matrix">
  <rows>209</rows>
  <cols>64</cols>
  <dt>u</dt>
  <data>
    59 214 108 234 255 189 23 121 253 87 126 184 189 63 252 229 243 244
    77 104 253 114 145 116 125 253 173 61 127 90 125 185 208 100 215 186
    194 115 185 116 246 223 90 63 212 134 244 77 141 165 20 12 234 29
    143 77 24 246 59 156 91 95 46 184 61 255 125 168 50 125 61 123 245
    222 250 176 93 60 253 238 251 252 199 104 117 114 148 183 253 189 37
    153 109 222 124 249 232 76 207 190 214 114 153 124 190 223 60 175 86
    247 118 110 171 173 182 12 234 29 143 93 188 226 107 252 91 206 106
    176 62 253 239 252 55 255 253 79 253 222 253 248 127 124 254 254 155
    188 98 251 247 127 211 119 253 255 247 191 127 247 126 233 199 124
    199 190 254 120 248 125 126 255 253 237 247 119 247 111 191 174 154
    79 242 29 252 93 56 247 123 255 123 255 234 250 63 246 109 232 55
    125 181 121 253 94 254 245 125 62 253 229 219 252 67 120 245 114 144
    118 125 189 165 145 127 222 125 233 212 108 215 186 214 114 249 125
    126 221 126 47 212 183 244 110 155 189 158 13 250 29 159 93 56 242
    123 188 91 223 46 250 43 205 237 252 55 127 221 79 245 222 253 248
    127 125 124 254 153 188 99 251 244 118 209 119 117 255 167 183 123
    247 127 233 199 124 199 190 254 120 248 121 126 255 255 237 215 119
    247 111 187 174 154 15 242 29 220 93 56 247 127 189 251 223 234 250
    63 254 125 139 191 221 149 41 255 253 156 255 253 63 253 220 251 246
    98 57 245 86 219 125 253 245 245 59 127 251 95 239 151 236 199 190
    254 251 249 126 116 223 111 45 213 180 244 107 191 237 153 13 246 29
    158 93 56 246 250 189 251 223 46 254 61 229 117 190 19 77 37 111 229
    68 237 177 125 63 252 254 251 180 71 96 55 234 181 54 93 189 133 153
    107 218 92 233 128 100 103 190 195 82 145 124 63 223 60 167 84 247
    228 78 137 165 199 12 122 30 131 77 56 242 107 188 91 70 46 217 10
    142 174 253 42 253 254 5 61 255 70 205 158 124 125 141 141 251 249
    171 244 127 90 123 121 127 183 246 109 247 191 231 199 248 75 33 255
    235 248 42 120 61 106 109 215 85 247 123 189 200 24 13 245 69 185
    252 23 215 247 189 211 251 24 254 44 141 237 184 2 239 37 111 181
    244 78 149 25 62 191 238 203 124 193 96 244 115 214 51 93 233 132
    133 105 208 63 233 133 4 71 186 19 90 201 124 120 29 60 39 85 21 101
    110 153 172 153 13 242 29 156 89 56 226 59 189 91 87 42 250 186 251
    251 118 63 114 249 122 214 184 244 241 111 91 128 93 126 247 255 219
    245 46 225 127 167 187 247 255 94 119 229 254 143 174 182 190 255 56
    249 117 249 92 179 239 217 97 179 111 186 191 153 203 248 61 222 81
    54 178 247 223 186 247 172 95 189 255 125 94 54 61 29 115 115 84 61
    248 94 187 244 207 243 246 103 237 117 244 241 183 201 63 165 89 121
    28 252 41 218 100 84 190 202 120 145 245 118 223 56 47 208 54 244 78
    153 173 24 5 240 29 159 77 24 242 51 188 88 86 34 251 58 253 255 246
    63 246 249 123 214 253 244 241 111 91 212 93 126 247 255 91 244 46
    241 127 167 255 231 255 126 115 229 255 143 174 182 180 255 56 249
    117 121 220 243 239 217 97 179 111 186 191 155 203 248 61 222 81 54
    178 247 223 250 151 173 223 118 221 255 222 34 79 93 47 135 198 61
    144 31 238 252 254 191 214 112 47 22 250 244 35 221 199 231 93 51
    250 220 41 130 52 37 254 194 124 210 125 50 251 181 105 190 30 229
    110 215 162 247 223 42 25 180 95 249 119 120 123 121 236 187 242 63
    241 125 230 183 177 95 24 246 95 213 114 173 90 180 85 242 247 7 253
    225 114 129 116 172 190 243 125 94 120 245 169 86 108 158 158 238
    121 137 117 120 202 59 13 211 133 244 95 154 183 24 5 104 180 222 89
    16 178 59 159 121 159 44 186 62 240 121 166 191 180 223 24 214 95
    209 114 173 74 144 85 242 215 23 208 225 50 129 124 172 152 227 127
    86 121 245 249 70 172 156 159 238 121 161 87 89 202 83 73 210 5 144
    31 138 191 16 1 104 180 191 113 16 178 59 155 124 159 48 183 252 59
    247 245 120 247 242 246 216 189 214 119 199 245 147 234 251 205 251
    111 245 45 111 215 143 107 182 246 108 199 243 238 223 35 117 189
    127 184 253 117 121 93 187 54 237 165 251 111 189 236 141 211 240 61
    152 73 70 254 87 223 90 119 37 254 13 46 231 97 24 243 161 118 240
    188 198 117 66 49 139 65 138 109 235 107 245 77 78 223 5 107 20 134
    108 69 33 198 223 66 101 168 21 184 125 60 125 52 122 166 77 225 51
    227 56 124 41 93 241 93 24 4 38 202 135 133 202 215 101 94 250 81
    154 246 39 19 92 15 87 162 117 240 62 194 38 90 60 146 52 223 7 255
    225 7 161 19 243 127 83 241 196 224 138 62 162 244 239 76 242 241
    114 235 181 105 179 21 151 110 223 170 155 199 124 9 120 221 19 179
    127 251 57 48 201 203 254 253 255 252 55 111 125 255 215 206 253 188
    127 238 254 254 187 220 118 111 55 190 228 55 253 239 247 217 83 255
    126 185 226 62 53 254 198 127 210 253 90 255 189 127 254 23 229 110
    207 174 119 215 232 31 180 77 217 243 121 251 125 62 171 187 60 183
    125 252 50 189 61 127 245 222 215 181 125 63 189 214 251 252 195 107
    245 114 208 247 221 186 228 217 106 212 253 233 207 76 199 190 223
    122 249 125 124 95 63 167 244 245 247 111 187 174 137 11 242 29 157
    93 60 242 119 189 123 215 110 250 120 141 191 220 34 79 220 247 223
    196 31 156 95 244 127 238 191 146 114 175 22 63 247 135 251 119 214
    124 33 222 222 168 206 62 99 188 158 78 218 121 112 61 181 103 189
    54 181 238 191 170 235 223 178 29 16 95 127 243 122 251 115 121 205
    202 59 245 253 190 54 127 61 127 245 222 252 177 125 62 188 94 251
    252 99 97 117 118 209 247 221 191 229 153 123 212 124 233 214 44 87
    190 223 120 201 124 126 223 60 47 212 53 247 110 153 172 152 13 242
    29 156 93 56 242 51 189 91 215 40 250 248 61 255 126 114 111 125 111
    199 228 221 180 127 230 150 126 179 213 122 111 63 175 227 55 223
    206 230 157 67 188 254 168 194 47 37 255 194 126 211 221 26 248 189
    111 255 63 231 110 157 166 91 199 96 28 150 73 80 243 121 251 121 54
    163 250 250 61 255 126 114 111 127 111 199 230 221 180 127 230 182
    126 179 213 122 111 31 175 227 55 223 206 230 157 83 189 254 232 195
    47 37 255 194 126 211 215 26 232 189 111 255 62 229 46 157 166 26
    199 96 29 150 73 208 247 121 251 121 54 163 250 28 157 254 220 34 95
    221 247 55 254 95 149 31 252 63 254 253 221 96 43 214 125 214 115 93
    239 178 94 121 213 127 235 215 50 85 168 214 120 250 125 112 61 253
    111 245 20 245 111 153 172 24 77 240 29 156 73 17 242 123 191 91 119
    41 250 125 182 125 253 62 191 63 124 237 255 233 184 253 59 189 119
    243 245 75 107 253 113 210 190 221 235 164 191 123 29 125 235 247 36
    86 186 210 120 241 255 126 94 120 47 212 22 213 111 153 172 24 5 242
    29 157 77 24 246 51 189 88 214 32 251 125 182 125 248 62 191 63 125
    253 254 233 184 125 123 188 247 243 245 75 107 253 113 114 190 221
    235 164 191 123 93 125 235 247 36 214 186 210 120 241 255 126 94 120
    175 212 23 213 79 153 172 28 5 240 29 159 77 24 246 51 188 218 214
    42 249 92 33 219 49 89 162 122 77 208 163 197 184 242 194 131 90 234
    137 51 83 207 165 71 159 132 219 242 239 66 13 161 98 223 36 5 190
    90 56 225 118 120 88 56 47 209 93 147 111 153 172 24 5 240 29 156 73
    16 242 51 189 88 87 32 251 253 253 246 118 51 79 125 103 239 69 239
    245 127 254 252 254 251 146 39 103 55 47 241 55 223 223 231 125 99
    190 254 40 194 39 101 158 194 122 219 252 123 93 189 239 237 62 253
    110 137 164 80 77 240 30 148 73 16 242 113 191 120 103 161 250 253
    57 247 116 61 99 121 254 208 186 208 183 103 194 130 219 251 141 251
    91 245 175 229 159 135 123 246 223 89 69 230 238 75 59 172 255 255
    188 241 117 88 76 243 126 235 97 131 239 254 238 126 211 224 62 92
    69 198 191 215 219 191 182 225 55 57 5 237 186 55 117 61 127 245 222
    213 176 125 45 191 70 251 252 67 113 240 114 209 183 93 169 164 152
    123 212 124 233 223 44 87 186 211 120 193 124 124 95 60 175 212 53
    231 110 153 172 24 13 240 29 156 73 24 242 51 189 90 215 40 250 58
