<?xml version="1.0"?>
<opencv_storage>
<ImageFile>"86.jpg"</ImageFile>
<Features type_id="opencv-matrix">
  <rows>312</rows>
  <cols>64</cols>
  <dt>u</dt>
  <data>
    44 206 239 232 63 127 245 123 189 254 254 253 95 124 253 237 153 252
    255 123 244 126 156 123 127 255 19 179 125 215 63 255 223 210 223 72
    246 255 249 63 255 191 239 125 87 183 119 235 255 253 191 221 223 53
    207 28 63 198 255 239 211 255 175 182 254 255 126 253 255 191 255
    251 253 95 255 255 255 254 252 253 177 255 127 254 119 127 145 119
    255 126 231 255 255 246 254 185 234 127 223 255 255 127 248 245 223
    255 215 127 253 191 247 127 175 191 152 207 234 253 223 93 95 247
    119 191 127 255 187 184 126 255 125 253 247 191 255 121 253 215 255
    254 255 126 252 253 177 253 126 255 191 127 147 119 253 254 227 253
    127 255 254 185 158 127 223 223 203 123 251 127 190 255 255 125 245
    159 247 63 159 191 129 207 251 245 255 255 121 255 251 255 251 251
    255 158 56 190 252 207 58 157 223 113 127 254 31 220 221 60 253 78
    191 243 250 171 245 117 219 255 249 116 164 126 108 221 221 239 215
    212 215 62 214 251 248 123 116 93 109 47 181 180 245 107 159 236 153
    15 246 29 155 93 62 247 250 189 251 219 106 254 58 212 125 239 39
    221 223 13 255 245 127 221 61 62 125 246 255 214 64 43 180 114 246
    118 253 215 229 123 127 251 95 239 135 252 99 150 247 91 250 127 115
    221 237 109 180 150 245 111 159 174 159 15 254 5 191 125 56 242 122
    253 251 223 42 254 63 253 253 252 55 253 221 127 255 222 253 248 255
    126 254 255 251 244 98 251 247 119 211 119 253 255 247 255 123 255
    255 233 199 108 199 190 218 120 249 125 126 223 125 173 245 117 245
    111 191 174 152 15 242 29 220 93 56 247 115 191 251 223 40 250 47
    214 108 232 191 253 23 121 189 94 254 252 189 61 252 229 219 244 71
    120 244 114 152 116 125 189 37 59 127 95 125 233 212 108 223 154 194
    115 185 117 126 223 94 47 84 150 244 111 153 189 30 12 234 157 143
    93 56 246 59 188 219 223 46 184 124 171 255 253 50 127 253 247 253
    252 222 189 95 254 191 238 187 216 251 107 183 127 255 191 127 111
    150 183 109 213 62 239 223 99 103 251 247 254 251 125 127 125 247
    118 255 183 119 234 255 232 239 223 243 31 188 92 239 239 111 235
    251 109 139 246 60 255 125 168 50 125 189 115 245 222 254 176 93 61
    253 238 251 252 71 104 117 112 148 182 253 189 165 153 109 222 124
    249 224 68 95 190 214 114 153 124 254 223 60 175 86 182 118 110 155
    173 158 13 234 29 143 93 152 242 107 188 91 222 106 176 108 143 239
    249 66 127 225 247 189 252 222 157 95 188 255 238 217 217 251 111
    244 95 254 179 123 107 28 134 109 213 62 239 223 99 103 185 87 126
    253 124 254 61 254 38 93 183 119 235 191 44 191 157 243 93 157 92
    126 236 111 253 91 95 10 254 189 255 124 204 54 63 61 114 123 85 253
    250 222 189 252 207 245 255 111 253 117 212 17 242 217 127 241 248
    253 94 254 161 218 100 214 254 202 120 177 253 118 223 58 63 212 179
    246 108 137 165 20 14 232 29 155 77 56 247 51 189 91 215 44 250 187
    223 238 238 255 127 221 219 191 93 126 223 31 253 126 253 247 245
    125 110 116 222 188 123 127 255 59 27 255 83 126 255 240 103 95 219
    242 119 253 245 215 223 94 63 220 158 244 204 205 181 86 156 202 55
    143 77 216 244 104 62 215 93 30 185 43 254 252 235 63 253 253 25 255
    255 141 238 253 127 125 221 223 255 227 251 245 119 83 255 241 119
    245 254 127 247 255 227 207 92 223 164 251 121 248 121 124 93 126
    173 245 245 247 111 191 254 152 15 246 29 220 93 62 247 247 191 251
    219 108 250 63 247 117 190 51 109 53 111 231 68 253 177 125 62 252
    246 251 244 71 104 55 250 181 54 93 189 165 25 123 218 124 233 128
    44 103 190 194 114 145 124 62 223 60 167 84 182 228 110 137 165 215
    12 122 31 135 77 56 242 107 188 91 78 46 248 45 238 109 168 59 253
    167 121 189 254 238 189 93 63 253 239 203 252 207 104 245 82 188 188
    125 253 45 179 125 223 123 255 249 196 223 250 215 243 173 190 254
    223 122 191 86 247 118 241 191 109 62 12 234 29 143 28 184 228 171
    188 223 222 42 181 56 204 254 220 34 125 120 247 29 254 94 157 93
    188 127 238 253 216 227 235 52 210 244 186 249 45 180 208 109 215
    254 251 233 112 97 108 215 126 216 120 254 159 253 190 126 183 103
    108 187 233 255 159 218 31 155 92 143 225 107 248 127 74 10 247 58
    223 255 222 39 93 221 63 255 222 159 204 125 124 125 223 255 246 98
    187 246 126 81 247 241 119 247 120 127 246 223 227 207 126 195 188
    218 120 250 105 124 93 247 239 183 244 245 111 187 170 152 79 242 29
    220 93 63 243 118 191 115 251 237 250 60 255 125 221 178 253 251 249
    253 223 215 191 221 60 249 230 251 221 91 111 253 123 214 244 125
    255 183 189 125 223 127 187 223 100 119 250 214 123 249 124 248 93
    253 62 215 166 249 55 159 173 159 13 250 29 159 93 16 246 123 253 91
    95 42 251 173 239 127 248 50 127 117 251 189 212 108 154 95 253 252
    239 219 252 253 111 54 248 180 178 125 255 149 177 253 218 126 185
    210 70 247 250 194 120 249 124 118 191 188 55 93 150 116 238 141 173
    247 28 218 31 135 28 56 228 105 255 91 223 47 250 109 207 125 216 18
    127 101 127 165 68 237 152 93 253 252 238 251 252 101 108 54 248 180
    179 95 253 129 24 121 210 126 169 208 70 119 250 128 112 209 124 54
    255 60 183 124 158 116 238 141 165 247 28 250 31 135 13 56 228 105
    189 91 206 47 250 254 254 239 207 255 255 223 253 255 255 189 251
    255 186 246 255 251 245 127 111 221 151 255 125 127 255 189 63 223
    91 127 63 215 45 126 251 210 125 237 246 114 95 104 63 223 30 253
    181 157 173 30 5 241 191 156 79 80 254 49 189 93 93 48 250 78 205 44
    220 34 31 84 3 39 196 45 138 30 252 124 158 157 59 100 175 22 126 80
    99 81 87 151 124 41 242 156 161 130 18 227 160 131 72 218 105 54 191
    181 225 183 84 119 110 215 131 161 95 186 77 123 158 59 195 122 247
    51 249 205 202 44 173 237 184 18 255 53 111 181 212 78 149 93 62 191
    238 203 124 227 96 244 115 210 51 93 233 132 133 105 216 61 233 135
    4 71 186 215 122 233 124 120 157 124 39 85 180 117 110 153 172 153
    13 242 29 156 89 56 226 59 189 91 95 42 250 109 246 125 249 56 183
    63 93 249 255 232 185 221 57 181 103 227 253 203 107 249 113 94 184
    221 235 172 191 123 93 121 239 247 4 86 186 210 248 177 254 118 94
    122 175 246 146 213 107 153 172 24 5 240 29 157 77 24 246 51 156 218
    214 42 249 104 151 244 142 102 159 7 23 167 84 45 1 29 125 60 69 244
    247 64 100 208 115 80 115 80 40 172 92 56 208 220 96 214 44 83 190
    210 88 128 100 118 95 28 15 212 118 229 78 153 172 152 13 242 29 157
    73 24 242 51 188 90 86 34 249 10 206 174 253 46 255 254 5 61 255 94
    201 158 116 125 142 157 251 248 171 246 125 94 251 121 87 183 246
    109 247 191 231 199 210 251 33 255 205 250 43 124 63 235 237 183 148
    247 123 255 218 184 79 247 101 249 252 87 223 255 231 243 251 217
    238 109 246 125 248 58 191 63 93 241 254 232 184 93 57 188 231 227
    253 203 107 252 113 122 186 221 235 165 191 121 93 125 239 243 4 214
    186 210 248 177 254 118 94 122 175 244 150 197 107 153 172 28 5 242
    29 159 77 24 246 51 188 218 214 106 249 58 241 125 222 54 221 93 53
    247 198 125 184 125 59 252 222 255 246 66 253 55 114 241 183 249 39
    229 249 111 252 220 168 222 124 198 158 202 120 210 253 62 223 189
    175 182 246 245 110 179 175 135 75 122 29 215 93 56 243 123 251 123
    218 110 251 63 253 255 246 63 183 249 123 214 253 244 241 111 91 212
    93 250 247 255 91 245 46 241 127 173 191 231 191 127 127 229 255 207
    172 182 190 255 56 249 245 251 222 243 239 209 113 179 111 186 191
    155 9 248 61 158 81 52 178 247 223 250 215 172 223 62 249 127 246 63
    183 249 123 214 253 244 241 111 91 212 93 250 247 247 91 245 46 177
    127 173 191 231 191 94 127 229 255 207 174 182 190 255 56 249 245
    249 220 243 239 217 113 179 111 170 191 153 137 248 61 158 81 52 178
    247 223 250 151 172 223 63 221 252 252 38 255 93 55 55 214 253 216
    95 125 60 222 253 250 122 255 182 117 242 243 253 107 228 252 125
