<?xml version="1.0"?>
<opencv_storage>
<ImageFile>"87.jpg"</ImageFile>
<Features type_id="opencv-matrix">
  <rows>204</rows>
  <cols>64</cols>
  <dt>u</dt>
  <data>
    46 237 239 248 50 255 253 79 253 222 255 188 95 188 255 238 153 60
    99 111 183 119 214 119 125 255 151 181 107 246 126 235 199 110 103
    170 255 120 249 124 126 125 253 237 215 119 119 110 191 172 184 13
    242 29 188 92 56 230 123 253 123 223 104 250 60 239 125 168 50 127
    61 123 245 94 254 177 125 63 252 236 251 252 71 104 117 114 176 182
    125 189 37 153 127 222 124 249 208 108 79 158 199 114 153 252 63 223
    60 175 86 183 246 110 139 165 214 12 234 29 135 29 184 226 107 188
    91 206 42 176 61 245 125 172 54 125 61 125 243 94 205 177 125 55 189
    215 251 246 195 104 245 112 81 246 253 173 228 217 111 252 253 233
    215 68 215 190 222 122 249 125 126 223 127 167 244 181 245 110 187
    172 137 79 242 29 31 93 60 242 91 189 123 223 110 250 63 252 125 170
    62 253 55 125 253 116 253 184 125 63 252 254 243 244 91 121 185 82
    255 180 253 237 237 187 127 221 253 233 253 108 71 222 202 115 177
    254 190 223 124 63 212 183 246 44 159 173 151 12 122 29 151 93 56
    246 41 188 219 222 42 249 61 246 125 172 54 253 61 125 243 94 237
    177 125 55 188 215 251 254 195 105 245 112 81 246 253 173 228 217
    111 220 253 233 221 68 215 190 222 122 185 125 126 223 127 167 244
    183 247 111 187 172 173 79 242 29 31 93 60 242 91 189 123 223 110
    250 61 119 125 234 54 61 53 121 245 84 254 49 125 63 252 230 243 244
    71 104 113 114 144 118 93 188 165 25 126 90 125 249 208 100 85 186
    82 122 129 124 246 223 24 63 212 134 228 76 153 173 28 5 250 29 143
    77 16 242 59 156 88 86 34 248 60 255 117 222 50 77 5 119 231 68 125
    176 125 127 253 252 251 246 99 96 119 250 149 182 222 189 181 25 235
    222 222 185 144 110 71 222 202 112 217 124 63 223 60 183 84 246 244
    76 137 165 199 12 122 31 135 77 56 240 105 188 91 78 46 248 61 119
    125 154 55 61 53 123 247 84 221 48 61 63 252 87 242 212 67 96 113
    114 145 54 92 188 165 25 122 88 125 233 208 36 84 186 66 122 129 116
    118 223 24 15 212 134 228 78 153 173 24 4 114 29 159 73 16 242 51
    156 88 86 34 249 108 13 237 184 2 127 37 111 181 244 78 149 25 188
    191 238 203 56 193 100 244 115 214 51 89 233 132 132 105 208 62 233
    197 4 67 186 19 114 201 124 120 29 60 39 85 149 103 110 153 172 155
    13 242 29 156 73 56 226 43 189 91 71 42 250 250 252 125 138 222 95 7
    49 239 71 189 186 253 63 124 220 255 247 126 244 89 211 145 228 255
    245 125 125 179 158 222 41 192 108 215 222 202 115 173 126 54 223 60
    191 85 62 244 4 151 173 145 12 58 61 135 91 120 244 40 60 90 223 110
    248 250 25 238 244 119 115 123 127 212 185 245 241 107 216 22 79 25
    221 127 223 246 191 241 183 7 123 215 182 89 245 102 234 207 59 134
    253 255 60 240 117 120 253 179 255 217 97 183 111 191 174 159 203
    241 125 222 80 119 183 247 223 251 183 141 222 250 59 170 244 119
    115 123 63 212 187 245 243 107 216 18 79 56 157 127 223 247 191 225
    151 7 123 243 183 90 245 102 234 207 63 166 253 255 60 240 117 120
    253 179 255 219 101 179 111 190 174 159 203 241 61 222 81 119 179
    247 223 59 183 173 94 63 255 124 254 55 61 117 123 247 92 252 241 61
    123 236 253 243 246 71 121 117 114 177 118 125 175 225 25 127 90 252
    249 250 108 84 190 83 122 145 244 254 223 58 63 208 151 244 78 153
    173 28 13 248 29 159 77 16 242 51 188 90 86 34 249 118 125 255 222
    50 79 93 39 215 196 61 144 31 238 253 254 255 214 112 47 22 253 244
    35 253 199 167 93 35 248 220 41 162 52 53 254 194 124 210 221 50 219
    189 105 190 30 229 110 215 164 247 207 58 25 181 95 248 119 120 123
    121 12 59 250 92 58 247 117 120 247 226 246 88 189 198 117 198 245
    155 200 251 201 251 111 245 45 239 223 139 123 28 230 108 69 179 238
    223 99 113 53 117 184 253 116 125 53 251 54 237 165 255 235 188 252
    173 219 241 125 154 73 102 254 151 135 218 119 37 222 186 253 255
    222 54 95 221 175 255 244 63 223 63 254 255 254 255 214 96 43 214
    124 245 119 249 215 243 123 127 251 222 107 215 36 85 254 222 122
    250 125 242 223 253 47 180 22 245 111 155 174 155 15 242 29 157 93
    16 243 123 253 123 95 42 251 61 183 125 156 54 189 61 121 247 254
    215 180 125 62 189 86 250 244 67 98 245 114 209 246 221 188 228 153
    122 220 253 233 215 36 87 190 210 120 233 124 124 93 57 47 212 52
    245 111 153 172 24 5 242 29 156 73 16 242 51 189 90 87 40 250 45 38
    108 169 27 125 163 245 61 254 194 53 93 61 187 229 203 252 195 104
    241 81 222 184 77 41 24 131 252 69 59 199 125 0 215 170 119 242 169
    116 252 84 90 62 84 167 98 97 185 108 28 5 242 29 157 73 150 224 47
    188 202 87 40 242 62 51 117 182 54 55 57 123 214 94 210 49 125 74
    145 86 242 212 67 96 241 34 193 119 156 168 228 137 82 152 113 233
    98 44 86 190 86 120 129 244 216 78 16 14 192 37 193 78 153 172 24 1
    240 28 157 81 16 242 51 156 88 86 32 241 173 253 202 119 53 34 249
    250 208 145 245 251 226 219 130 75 34 173 55 223 39 47 227 215 37
    123 241 175 82 14 98 185 222 45 52 250 91 57 233 245 217 92 57 175
    217 113 179 110 153 174 24 1 240 29 156 65 48 242 55 191 56 87 164
    219 60 245 125 188 55 61 125 123 183 68 253 176 125 123 180 86 243
    252 71 99 119 114 208 182 221 175 229 217 121 252 252 233 202 60 86
    190 210 120 209 253 126 223 61 175 244 55 245 78 155 174 153 15 242
    29 157 93 56 242 115 189 122 214 42 251 63 49 253 180 54 39 59 126
    212 30 208 49 109 74 178 87 250 213 67 102 225 39 195 119 140 170
    246 141 90 76 112 233 87 36 149 190 86 120 193 117 120 76 58 15 193
    21 229 111 153 172 24 5 240 28 156 73 16 178 51 157 88 23 32 250 191
    255 246 116 114 207 244 67 239 69 175 247 254 255 252 253 251 177 39
    231 55 47 113 119 215 223 245 125 102 158 254 32 214 47 103 158 194
    122 217 220 93 93 56 175 205 126 255 46 137 164 80 13 240 30 148 73
    16 242 113 189 88 71 32 250 62 246 117 44 54 125 189 121 241 88 218
    53 125 54 253 245 243 252 195 120 241 114 17 246 245 172 228 217 126
    126 253 232 252 108 127 190 255 114 137 117 255 221 95 14 228 231
    230 76 168 183 92 15 226 29 159 77 20 242 63 188 123 79 38 240 254
    125 247 84 114 207 93 103 239 229 191 252 127 230 246 254 243 213
    126 111 159 175 243 183 223 207 166 31 67 158 254 40 227 45 100 159
    202 126 219 222 82 216 57 175 219 126 237 46 157 164 82 5 96 29 150
    73 16 242 113 189 121 86 34 250 45 38 245 32 24 117 161 118 240 188
    194 53 65 51 155 67 202 236 195 96 241 0 94 148 220 40 20 129 104 76
    113 203 93 0 71 190 92 186 9 124 252 84 26 134 68 225 2 109 56 44 8
    1 240 29 28 65 36 226 3 156 74 199 96 250 254 45 239 116 118 207 95
    103 205 103 253 188 127 230 182 238 163 213 127 109 159 143 227 191
    95 206 174 159 67 159 62 236 195 45 36 255 202 127 197 214 26 200
    189 47 223 62 229 63 157 164 82 133 105 29 150 73 208 246 49 253 125
    22 34 250 61 39 101 180 63 101 177 127 244 124 222 53 125 127 185
    228 243 188 67 114 245 34 213 118 92 168 224 153 122 222 125 235 255
    44 85 186 215 114 201 124 92 93 24 142 212 55 227 111 153 172 24 13
    242 29 156 73 24 242 55 188 90 86 32 248 59 244 125 142 23 77 21 60
    247 68 61 240 61 63 244 245 247 246 68 48 48 114 177 36 248 165 101
    25 63 90 221 105 208 108 54 222 194 82 129 253 151 219 28 15 144 50
    244 76 129 53 215 12 42 8 135 77 56 178 40 56 91 206 46 249 44 242
    109 232 54 253 189 125 245 222 218 181 125 63 253 231 131 220 195
    104 241 114 212 246 109 172 164 145 127 94 61 249 116 68 223 186 118
    122 137 53 254 221 122 46 86 167 102 110 186 61 62 5 234 29 159 92
    148 226 59 220 91 222 42 178 58 49 121 150 23 5 29 43 198 2 213 48
    125 2 176 86 118 150 66 209 65 50 193 71 156 128 228 9 66 184 212
    232 66 44 6 190 202 120 1 220 88 201 53 9 192 116 165 78 155 172 153
    1 114 24 28 81 16 114 51 184 56 22 40 250 60 247 125 252 54 61 253
    119 181 222 215 149 93 60 253 198 250 220 67 107 245 114 196 242 93
