<?xml version="1.0"?>
<opencv_storage>
<ImageFile>"88.jpg"</ImageFile>
<Features type_id="opencv-matrix">
  <rows>294</rows>
  <cols>64</cols>
  <dt>u</dt>
  <data>
    254 255 127 253 255 191 255 249 253 95 255 254 255 254 252 253 177
    253 126 254 127 255 144 119 255 254 231 253 255 254 254 185 234 127
    223 223 203 127 218 245 254 255 223 125 245 191 247 63 143 191 144
    207 234 253 223 93 89 255 121 191 127 254 191 184 61 190 252 205 58
    157 223 113 127 255 31 220 221 60 189 78 191 241 106 171 245 117 219
    251 249 118 164 126 124 221 221 239 215 212 215 62 214 251 248 127
    116 221 109 47 181 180 245 107 159 236 153 15 246 29 159 93 56 247
    123 189 251 219 106 254 254 255 119 252 254 127 255 251 255 93 251
    255 127 252 124 253 245 255 127 246 118 254 180 247 255 255 247 253
    255 246 254 185 226 111 95 255 255 119 221 253 255 223 215 255 221
    255 255 126 237 181 214 207 234 63 143 93 221 246 123 191 127 110
    186 176 44 237 239 248 55 127 245 127 253 222 254 253 127 254 253
    238 155 253 251 63 245 127 212 247 127 255 23 149 125 223 62 251 223
    74 207 226 255 126 253 61 254 255 255 127 87 183 119 235 191 189 175
    221 219 61 223 28 126 230 127 255 251 223 239 222 47 222 109 136 63
    253 149 92 189 86 191 252 61 63 252 229 203 244 67 112 244 114 152
    116 125 165 1 27 127 91 125 233 213 108 215 154 194 114 185 126 182
    223 92 45 84 150 244 111 153 188 158 12 242 29 159 93 56 242 59 188
    219 223 46 248 252 237 239 253 118 111 245 247 253 253 254 189 127
    254 251 238 251 221 251 111 127 221 247 183 223 111 190 181 235 223
    126 191 251 47 117 251 255 119 221 252 126 125 255 126 221 191 239
    238 253 172 223 221 219 127 157 205 254 252 111 251 95 110 179 254
    63 253 237 252 55 253 221 95 253 222 253 248 125 125 254 223 187 244
    99 123 245 119 210 119 125 255 245 187 123 255 127 235 199 108 199
    190 218 120 249 125 126 223 127 173 213 117 245 111 187 174 152 15
    242 29 156 93 56 242 115 189 251 223 40 250 60 255 125 168 50 125 61
    127 245 222 252 176 125 61 253 238 251 252 199 105 117 114 244 182
    253 189 165 153 125 222 124 249 200 76 207 190 214 122 153 124 126
    223 60 175 86 247 118 110 187 173 190 13 234 29 143 93 184 242 107
    252 91 223 106 178 191 253 236 79 191 253 221 25 255 215 157 250 191
    127 126 221 189 247 118 187 247 119 211 119 245 247 247 127 127 251
    223 235 207 124 207 158 218 121 250 127 124 223 111 237 245 112 245
    111 191 190 152 15 242 149 222 93 56 247 246 191 251 219 172 218 187
    221 124 79 55 253 221 25 255 215 173 234 191 63 124 253 189 246 102
    187 245 118 83 116 245 247 245 123 127 123 223 163 135 124 207 222
    218 121 248 121 126 221 127 173 181 112 245 111 185 191 152 15 250
    149 222 93 56 247 114 191 251 219 108 250 58 212 125 255 42 221 223
    45 255 245 127 220 189 62 125 246 255 214 64 107 182 114 246 118 253
    199 228 123 127 251 95 239 135 252 99 158 247 91 248 127 242 221 229
    237 180 150 245 111 155 174 159 15 246 5 189 125 56 242 123 253 251
    223 42 254 40 151 124 154 39 159 23 55 183 86 44 128 29 125 60 229
    245 246 65 164 212 115 208 55 80 101 164 92 121 208 220 96 222 44
    211 188 210 80 145 112 118 223 60 47 212 246 245 78 153 172 152 13
    242 29 159 89 24 242 51 188 90 86 42 248 124 255 127 223 178 253 251
    249 253 253 223 191 253 62 255 238 243 213 91 111 125 243 215 244
    125 252 188 189 127 219 127 187 255 100 117 254 214 123 249 124 250
    93 125 62 215 182 237 127 159 173 153 13 250 29 157 93 80 246 123
    253 91 95 42 251 63 245 253 156 54 23 29 99 231 230 57 154 93 171
    182 94 247 246 98 97 51 212 80 183 221 181 245 121 107 188 252 105
    210 60 214 190 202 120 177 125 54 74 61 173 246 16 213 110 155 172
    24 15 112 29 156 93 24 243 51 189 120 214 104 251 119 255 125 220 50
    31 93 107 227 198 57 186 223 251 252 94 251 247 36 111 63 252 208 99
    221 247 183 125 43 58 92 41 210 84 245 158 202 120 243 125 38 219
    189 237 183 24 245 46 147 172 48 79 98 29 190 77 40 246 113 255 89
    215 105 250 184 235 127 223 50 93 252 247 125 253 110 221 95 246 251
    238 187 212 237 107 158 248 252 186 121 207 167 178 109 219 63 255
    243 102 127 250 215 255 251 182 247 127 253 118 190 134 93 250 141
    169 255 255 222 31 167 92 149 244 107 239 95 110 43 182 62 253 125
    222 55 93 85 11 231 68 61 176 61 254 252 252 251 246 103 112 55 250
    177 54 222 191 245 25 251 218 222 169 128 108 71 222 202 112 209 124
    54 219 60 63 212 246 244 78 129 165 215 12 122 31 135 93 56 242 121
    189 91 206 46 248 190 252 124 239 191 249 222 137 255 241 255 254
    253 54 237 252 251 147 94 219 189 114 127 124 245 223 249 251 111
    255 255 246 175 252 239 222 251 251 249 127 251 223 109 61 245 223
    254 61 191 255 135 47 254 133 251 125 48 247 252 237 187 219 254 222
    172 255 127 252 54 125 253 255 189 222 237 216 95 125 252 239 155
    252 231 107 118 114 244 243 125 255 183 249 125 215 126 249 214 84
    215 234 210 122 249 125 126 255 127 191 246 182 245 110 155 173 158
    13 250 29 159 93 56 246 123 191 91 223 43 251 254 254 238 235 255
    255 215 137 255 243 189 250 191 251 254 253 219 183 60 191 143 215
    187 125 119 215 123 63 255 251 87 191 151 239 222 223 234 221 255
    183 119 255 234 125 157 223 124 177 199 223 150 189 223 231 239 255
    112 252 244 47 223 217 188 158 41 205 204 202 34 157 85 55 55 222 44
    136 28 63 124 239 133 250 192 169 148 112 208 51 121 32 132 80 125
    209 221 97 245 80 211 32 195 90 146 248 182 159 108 37 54 150 101
    110 147 105 190 12 46 13 187 28 59 195 122 252 211 250 74 243 191
    254 124 238 63 125 245 123 253 221 252 249 63 59 252 253 243 252 239
    121 245 114 189 119 109 175 97 179 127 95 125 255 252 100 220 242
    247 115 249 245 255 223 122 63 208 135 246 111 169 189 95 13 250 29
    143 77 50 246 63 158 219 95 38 249 58 245 125 222 54 29 93 35 231 70
    61 176 125 123 124 94 246 178 66 244 119 114 17 247 220 160 229 153
    107 252 220 168 130 44 199 190 202 88 145 125 190 219 21 141 212 246
    229 78 179 174 129 11 106 29 219 93 56 243 123 189 123 210 106 249
    76 9 158 216 0 95 116 103 37 196 15 132 18 246 255 206 141 26 240
    111 31 253 80 163 89 87 150 92 33 134 158 128 130 18 99 138 129 74
    222 72 52 185 180 97 61 156 103 174 87 168 163 252 19 77 114 158 57
    207 105 227 73 249 203 202 191 244 125 171 191 253 61 205 253 255
    248 184 125 47 253 255 251 244 71 104 249 210 189 60 253 189 237 187
    255 251 127 255 225 204 223 254 247 243 169 255 126 223 126 189 86
    215 116 53 187 189 22 12 234 149 167 125 152 240 43 188 223 222 42
    180 187 253 255 246 63 127 249 123 212 252 244 241 111 91 212 93 250
    245 127 91 245 47 241 127 175 255 247 191 127 127 101 239 207 46 182
    190 255 56 249 117 249 223 243 239 217 49 183 111 187 191 155 137
    248 61 158 81 52 178 247 223 250 151 172 223 124 169 255 221 34 95
    81 231 207 196 223 156 85 244 255 238 251 144 122 110 31 185 215 135
    221 101 148 28 97 222 94 168 238 7 103 254 150 123 223 124 50 61 245
    38 61 190 101 174 159 172 239 223 178 29 144 94 96 238 105 249 91
    108 43 250 186 249 255 246 63 55 249 123 212 252 244 241 111 91 148
    93 250 247 127 91 245 46 241 127 175 255 243 191 95 127 229 255 207
    174 190 190 255 56 249 117 121 222 243 239 217 49 183 111 187 191
    155 201 248 60 158 81 52 178 247 223 250 215 172 223 42 206 172 223
    175 157 222 1 63 255 31 200 156 124 125 28 148 187 104 187 254 127
    219 123 113 118 231 126 124 247 221 231 135 248 195 36 251 203 250
    107 116 61 237 237 245 84 247 107 191 202 152 15 246 77 217 253 59
    215 247 183 243 251 136 238 45 231 93 154 2 95 36 55 49 220 44 133
    28 55 253 231 195 186 193 32 85 112 80 179 81 37 132 144 41 208 28
    65 248 0 67 160 17 90 129 104 246 31 60 39 84 246 103 110 153 172
    168 13 242 29 153 77 62 226 19 180 91 210 106 251 44 173 231 255 91
    111 225 239 253 252 206 245 127 254 187 236 251 60 227 98 245 13 254
