<?xml version="1.0"?>
<opencv_storage>
<ImageFile>"89.jpg"</ImageFile>
<Features type_id="opencv-matrix">
  <rows>195</rows>
  <cols>64</cols>
  <dt>u</dt>
  <data>
    61 253 247 255 58 237 253 253 255 252 236 189 125 127 255 254 255
    246 227 107 245 120 247 190 253 239 246 251 111 219 255 239 239 70
    117 254 181 243 249 125 127 223 255 247 254 179 253 110 185 180 239
    255 242 31 157 77 172 246 127 235 251 207 175 246 61 255 253 255 58
    253 253 125 251 252 236 189 125 127 255 254 251 254 227 43 245 120
    118 182 253 239 247 251 111 219 255 239 223 64 247 246 181 243 249
    125 127 223 255 183 244 179 253 110 191 190 239 127 242 157 31 93
    188 246 223 239 251 207 239 222 44 236 239 248 62 127 245 123 189
    254 254 253 95 124 253 236 153 124 251 106 245 118 220 251 127 255
    23 151 125 215 63 219 207 90 223 234 255 254 253 60 254 191 254 61
    85 183 119 235 191 189 159 205 219 93 207 28 62 198 111 255 219 223
    111 246 60 188 253 220 58 157 223 117 127 254 23 156 221 60 189 222
    255 243 98 171 181 117 211 255 253 118 164 127 111 221 221 235 215
    68 215 190 222 251 249 127 116 223 109 47 183 180 245 111 159 236
    153 15 242 29 159 93 56 247 123 253 251 219 106 254 123 244 125 138
    254 223 151 57 255 118 159 254 253 63 125 244 253 247 90 244 241 115
    155 116 253 245 125 127 255 223 223 235 197 108 215 222 202 115 173
    126 52 221 109 175 213 190 244 109 151 172 155 13 186 29 159 95 120
    246 58 188 219 223 46 254 124 169 239 253 114 111 253 247 253 252
    222 189 127 254 251 238 251 221 251 111 125 221 247 183 95 111 182
    181 123 223 126 255 255 103 119 251 247 119 253 124 126 125 255 62
    223 183 239 238 189 172 223 221 243 63 156 93 254 254 111 255 219 78
    43 246 45 239 117 154 34 95 37 119 113 220 110 133 28 182 253 238
    227 250 193 108 117 112 80 179 89 45 133 144 105 194 60 193 248 0 99
    176 149 90 209 252 254 31 60 39 116 246 103 110 185 172 173 12 242
    29 155 77 62 226 11 188 91 70 43 249 60 245 125 142 55 125 21 123
    231 68 255 180 125 62 252 244 243 244 67 112 113 114 145 54 221 189
    225 25 123 218 124 169 216 100 87 158 194 114 129 124 182 223 28 47
    212 150 228 76 153 165 147 12 122 29 151 93 56 242 59 188 91 94 46
    248 56 149 124 154 39 159 23 55 55 86 61 128 29 124 61 246 245 214
    64 100 212 114 208 51 89 33 164 92 121 216 220 233 214 36 83 190 210
    82 209 120 118 223 28 47 212 54 229 78 153 172 152 13 242 29 157 89
    24 242 59 189 91 94 42 248 248 221 127 223 182 253 219 253 255 223
    95 159 189 60 251 254 255 215 89 111 62 251 215 244 249 254 246 60
    127 219 255 187 247 101 117 255 214 123 217 125 242 221 253 62 215
    190 233 63 159 173 31 13 250 29 157 77 80 246 123 253 91 31 42 251
    221 222 255 253 250 127 255 244 189 255 126 223 223 253 255 236 235
    221 191 110 254 249 174 56 111 255 63 119 253 67 63 255 241 211 221
    105 118 247 255 183 247 255 203 126 125 142 253 177 207 221 86 181
    223 247 135 239 209 204 233 15 215 15 19 180 172 239 239 221 54 125
    253 247 189 223 253 218 95 185 255 207 153 220 103 107 63 220 244
    178 125 191 183 57 253 220 62 185 242 116 246 250 210 127 209 245
    246 127 57 63 250 150 81 108 153 173 118 149 90 31 151 92 144 240
    121 255 95 94 42 187 237 254 253 138 82 95 39 119 115 116 44 185 62
    191 238 239 203 247 185 45 121 213 121 177 211 101 136 21 249 89 222
    97 153 64 213 242 119 82 165 252 118 159 126 55 85 150 100 236 157
    172 143 28 242 29 219 77 62 252 47 188 91 210 110 217 60 242 125 205
    54 189 191 121 253 222 123 249 221 63 249 231 242 244 207 105 181
    112 148 252 125 188 165 57 124 218 125 187 240 100 255 154 214 123
    153 117 183 95 123 62 246 166 208 127 138 189 180 13 250 157 143 93
    0 246 123 204 219 207 46 182 47 230 109 170 159 189 5 121 229 86 252
    48 121 63 253 69 131 116 67 112 241 114 145 116 92 188 133 17 251
    152 57 201 208 108 215 186 66 114 1 60 62 95 24 143 84 150 228 72 25
    44 24 12 210 29 143 24 56 226 59 188 74 214 42 249 43 214 116 170
    221 252 167 77 173 126 42 9 45 109 253 245 227 244 129 96 224 66 28
    120 86 141 40 3 255 81 121 199 245 230 223 56 113 242 45 38 103 86
    90 141 84 211 116 209 152 53 92 4 230 21 143 105 152 224 35 172 218
    71 42 176 192 205 175 217 66 95 208 167 31 196 31 140 27 180 127 238
    137 81 120 47 30 213 230 163 123 103 28 36 33 219 30 11 197 23 97 75
    74 79 222 58 50 189 228 54 31 158 117 162 215 136 239 221 147 125
    176 158 113 204 104 121 81 93 91 250 44 174 247 252 26 111 229 239
    253 252 206 53 127 255 187 236 251 124 227 98 245 45 222 119 95 239
    20 151 107 219 63 207 151 227 103 186 181 242 249 124 125 117 254
    230 77 149 127 235 249 164 233 221 242 31 156 77 60 230 103 173 219
    79 33 254 127 189 255 220 50 79 89 111 215 68 221 181 95 254 158 254
    255 214 114 103 23 63 224 39 255 235 230 93 99 248 220 41 134 63 101
    158 206 118 219 253 19 221 157 107 252 30 229 110 215 164 203 223
    240 29 148 73 121 242 123 251 121 108 163 249 254 252 246 175 223
    111 173 255 255 93 250 63 111 206 255 253 251 254 255 84 125 143 183
    60 230 253 121 233 219 94 254 189 232 45 223 255 247 119 205 245 123
    221 86 191 77 119 254 212 236 53 94 156 234 191 140 65 216 180 109
    190 30 78 62 176 75 196 236 137 202 159 159 196 61 223 20 206 217 45
    63 12 137 121 89 228 248 85 218 120 125 244 28 52 109 213 63 3 213
    113 75 9 90 105 172 40 118 126 124 45 87 156 124 49 29 136 24 37 209
    93 156 190 88 206 59 189 81 219 26 243 189 157 254 117 55 243 249
    118 63 149 213 255 190 253 38 95 253 251 115 255 247 127 243 119 97
    127 242 126 125 119 246 227 223 122 49 252 215 121 250 125 120 157
    187 111 253 117 247 111 185 170 155 13 240 29 152 77 51 243 127 255
    123 191 165 218 41 158 238 97 253 184 163 216 248 185 134 107 236
    121 235 5 234 181 43 122 236 39 91 125 103 251 121 166 126 7 35 103
    223 110 95 186 82 57 237 118 249 92 58 63 213 225 251 115 153 172 24
    5 240 157 157 73 16 242 183 189 88 87 32 218 189 157 254 117 55 243
    249 118 63 149 213 255 190 253 38 95 253 251 115 255 247 127 243 119
    97 127 242 126 125 119 246 227 223 122 49 252 215 121 250 125 120
    157 187 111 253 117 247 111 185 174 155 13 240 29 152 77 51 243 119
    255 123 191 165 218 62 113 125 190 54 61 93 127 231 70 253 176 125
    190 180 94 243 214 67 101 51 114 209 55 221 175 229 153 115 252 252
    169 194 44 22 190 202 120 129 253 58 219 53 47 212 52 197 78 155 172
    147 13 122 29 151 93 24 242 59 248 121 214 42 251 234 238 239 203
    254 221 199 253 253 255 60 250 255 190 255 239 203 245 127 111 28
    215 190 60 127 253 29 35 255 219 58 63 241 231 126 219 82 247 173
    190 211 223 104 62 31 158 88 177 205 13 86 188 223 255 167 238 208
    252 169 124 223 92 58 189 60 190 125 168 54 125 177 125 253 222 222
    181 125 62 251 228 251 252 195 96 245 114 215 244 221 45 228 153 107
    222 255 235 237 108 71 190 222 122 233 124 252 93 126 174 212 247
    247 109 185 172 152 13 242 29 157 93 60 242 63 188 91 223 42 250 108
    46 237 152 24 255 35 127 181 244 70 21 81 191 187 71 203 125 195 98
    244 117 218 179 93 232 132 7 120 200 57 203 215 6 87 186 80 250 237
    124 116 117 120 38 85 180 101 107 153 44 152 12 243 29 156 72 16 226
    51 189 72 87 32 250 243 255 247 215 223 205 197 219 238 125 170 127
    175 255 244 253 243 247 61 98 223 47 191 127 126 238 98 63 191 27
    123 127 119 231 124 159 64 247 255 222 199 86 200 222 200 10 221 151
    204 53 84 180 98 182 135 107 152 252 96 47 220 76 51 189 59 181 253
    140 34 223 31 103 247 70 23 144 93 60 60 86 255 243 98 101 180 115
    210 119 253 245 172 93 98 248 221 233 199 60 71 158 202 120 232 120
    48 221 61 173 245 116 245 111 155 172 152 15 242 29 156 93 56 242 59
    189 123 223 104 250 251 245 233 55 223 162 95 24 206 15 241 250 175
    202 134 93 114 247 63 213 43 175 131 109 134 222 251 47 210 58 102
    41 66 173 156 223 74 125 237 215 104 200 191 105 219 25 189 55 220
