<?xml version="1.0"?>
<opencv_storage>
<ImageFile>"9.jpg"</ImageFile>
<Features type_id="opencv-matrix">
  <rows>326</rows>
  <cols>64</cols>
  <dt>u</dt>
  <data>
    242 1 171 84 39 2 89 46 150 131 213 242 123 200 18 14 56 21 118 223
    6 47 224 71 30 155 182 31 82 188 36 232 78 61 36 191 222 60 210 221
    88 232 177 107 139 60 145 110 91 170 153 195 112 24 188 80 65 243
    115 219 56 53 128 251 130 197 8 154 1 24 84 1 47 66 45 200 16 104
    108 174 5 50 4 145 6 112 112 98 113 135 129 32 1 160 13 1 134 146 82
    0 3 74 202 170 162 187 44 97 176 22 117 42 81 138 48 4 21 1 241 186
    25 67 48 53 1 240 203 201 73 204 140 140 111 95 28 23 61 118 47 136
    24 189 126 175 141 120 112 160 80 210 144 32 91 101 137 80 249 83 31
    65 209 112 83 96 195 66 176 43 54 191 108 63 212 150 230 72 21 193
    30 13 143 77 147 140 155 199 57 52 67 88 10 224 47 239 236 232 55 61
    245 67 61 94 252 249 92 125 252 237 129 56 35 248 117 84 17 115 119
    173 1 145 111 244 60 193 182 122 95 138 235 118 153 188 111 191 124
    253 84 215 246 202 217 181 158 12 202 21 235 28 62 195 127 172 91
    251 106 240 2 207 8 222 35 152 150 1 47 208 61 200 156 60 109 30 237
    147 40 191 134 116 209 99 81 87 129 124 53 176 157 33 150 116 112 0
    67 72 250 96 36 31 40 109 149 148 213 111 145 137 17 13 54 1 187 207
    19 83 50 181 81 121 0 218 73 206 140 136 106 95 28 23 61 126 46 141
    24 189 124 173 141 122 96 160 208 208 144 33 91 101 137 80 185 83 31
    65 209 112 83 96 195 66 168 40 118 191 76 63 148 150 230 104 21 193
    30 12 143 77 155 142 27 71 58 52 67 88 10 224 50 1 129 14 38 132 145
    44 198 132 23 4 25 57 27 4 60 214 66 34 130 34 194 103 56 160 132 24
    38 184 85 104 151 60 33 20 206 8 202 8 177 25 129 142 132 160 177
    110 51 136 137 11 48 0 148 81 33 98 58 89 96 5 4 254 46 206 124 138
    235 95 150 1 47 70 47 236 29 62 125 253 213 178 24 188 145 80 24 96
    117 197 105 93 191 251 223 97 180 212 219 138 194 82 173 250 166 159
    76 61 20 158 244 44 149 237 150 12 62 69 227 255 56 87 40 60 83 216
    122 217 48 1 37 28 47 1 25 126 198 36 211 21 113 72 25 4 62 20 66 18
    208 34 128 198 24 176 228 8 144 144 65 104 79 44 1 188 222 32 2 72
    184 64 145 142 64 224 129 79 59 174 153 1 176 24 156 81 33 98 59 153
    40 7 32 85 47 239 228 232 6 61 164 71 49 94 248 193 92 125 125 236
    129 56 35 248 117 112 81 243 127 45 3 145 109 212 60 193 246 122 95
    136 234 118 153 40 47 191 60 237 86 151 119 202 89 180 12 78 194 21
    59 12 191 195 75 180 83 235 106 224 45 197 125 58 10 157 101 75 181
    116 108 128 29 127 252 100 195 58 129 96 244 114 152 119 89 172 133
    145 106 208 125 233 130 70 67 178 163 90 241 124 62 191 92 165 84
    215 247 79 185 164 153 12 234 29 143 29 56 226 123 188 219 206 43
    248 42 230 108 174 190 221 150 1 109 68 63 188 57 54 125 228 131 16
    0 240 213 112 145 116 125 133 1 17 111 251 29 81 160 236 79 154 203
    82 137 190 183 223 76 13 84 150 244 8 133 229 215 12 14 5 131 24 152
    227 42 188 75 74 42 177 42 228 109 138 30 157 6 1 121 100 62 52 56
    54 125 228 129 16 1 240 209 112 25 164 121 132 0 17 111 217 29 69
    176 236 71 146 203 82 129 190 183 255 76 8 84 150 196 75 1 101 199
    12 62 5 3 8 56 226 42 188 75 78 106 241 44 135 108 218 35 157 84 5
    53 118 5 136 28 63 60 71 141 186 65 248 183 112 83 115 81 49 128 84
    121 208 157 193 159 80 211 160 195 72 248 104 52 191 124 37 84 148
    247 111 147 232 152 12 182 29 218 28 59 227 123 181 91 251 110 202 8
    142 142 193 170 213 172 181 57 255 10 68 152 116 121 165 141 88 193
    227 212 116 94 251 89 94 148 98 76 199 59 83 215 16 83 32 83 106 232
    32 112 60 120 46 213 20 247 107 153 200 24 5 246 29 152 72 19 211 51
    181 64 83 0 250 47 204 236 168 3 31 37 75 181 246 174 194 27 56 252
    79 137 61 33 105 244 86 216 115 85 247 145 39 120 210 29 193 135 0
    211 170 210 120 233 56 116 191 124 165 213 85 117 107 153 172 152 12
    243 29 221 28 56 226 115 189 75 219 40 218 192 6 130 17 200 130 130
    197 0 163 0 66 130 193 2 2 100 9 39 199 10 135 111 73 10 10 62 46
    128 4 160 18 103 39 68 59 16 44 37 194 64 64 16 138 195 120 3 149 25
    12 24 0 112 24 12 65 17 112 1 181 76 82 0 235 69 142 183 9 200 206
    161 199 41 252 136 141 192 181 143 173 203 105 161 32 216 5 94 233
    95 105 24 102 41 4 11 71 213 131 81 40 16 224 109 42 36 20 40 167 93
    144 125 225 24 76 40 60 147 93 12 10 14 204 3 165 210 69 3 114 58
    150 77 138 46 157 17 61 183 84 22 4 29 60 125 196 230 212 65 40 208
    82 136 116 104 160 36 24 126 89 29 105 213 100 80 186 66 114 129 116
    150 223 92 14 80 134 192 77 145 37 31 4 58 29 159 77 24 226 58 156
    89 14 34 241 58 173 239 125 110 223 211 229 255 253 222 253 253 125
    127 252 255 177 115 179 245 127 95 247 253 239 244 183 111 223 255
    238 135 110 71 188 254 122 249 124 252 93 126 175 213 119 247 111
    189 172 137 77 242 29 156 93 62 246 119 189 250 223 42 250 199 33
    131 19 80 2 11 206 128 135 33 146 131 131 130 11 10 69 52 69 10 133
    226 1 14 211 155 45 146 8 2 9 80 7 20 155 0 124 7 150 32 98 56 73 27
    24 64 148 81 172 16 20 1 26 164 34 144 40 33 56 76 84 48 179 1 2 1
    160 29 162 34 120 0 42 82 5 0 0 1 1 98 68 1 64 192 32 128 82 12 136
    168 12 82 0 33 73 112 36 20 186 80 112 1 68 64 64 24 14 64 4 192 79
    24 44 24 4 112 24 156 73 0 114 51 156 72 6 32 240 199 33 131 19 208
    2 11 202 130 131 33 18 131 130 130 11 10 69 52 69 10 133 226 0 14
    211 153 45 146 40 2 9 16 37 20 155 0 124 7 150 32 98 56 73 155 24 80
    148 81 172 16 20 1 26 164 162 144 40 32 56 76 84 48 187 164 255 110
    221 255 189 222 113 63 91 170 251 239 121 252 237 241 245 110 187
    213 110 51 251 103 127 227 127 125 95 189 55 223 100 222 187 210 127
    251 245 247 94 106 191 213 246 253 127 152 189 28 5 240 157 159 73
    16 246 114 191 90 95 34 185 172 254 110 205 255 189 223 113 63 127
    168 251 239 121 252 237 241 245 238 187 221 110 59 249 119 127 227
    119 253 95 255 119 255 96 222 187 210 123 251 245 247 94 106 191 209
    246 253 119 153 189 28 5 248 157 159 73 18 246 118 191 90 95 42 185
    47 198 108 138 39 93 21 5 55 84 60 137 28 63 124 229 253 178 64 176
    241 114 209 112 81 53 129 112 57 222 221 225 133 120 83 160 251 88
    168 104 118 31 60 175 212 86 246 109 153 172 152 13 242 29 155 93 58
    243 51 180 90 211 40 234 5 54 110 209 189 209 154 248 58 251 146 127
    232 65 129 97 200 197 226 147 221 37 203 248 69 118 243 103 88 79
    163 119 95 48 221 171 118 248 233 117 112 76 42 47 215 48 241 123
    185 238 24 5 240 29 220 73 22 243 183 189 218 83 32 246 195 81 16 55
    209 32 107 200 2 9 33 123 162 139 132 19 34 71 156 69 10 172 160 104
    4 154 171 43 146 40 32 29 114 167 60 219 32 189 7 151 195 226 24 90
    170 24 72 21 64 23 112 52 73 226 175 162 80 56 48 14 12 20 179 57
    204 34 147 247 232 240 162 208 104 185 66 71 194 83 131 1 106 207
    169 66 236 45 10 216 194 94 177 174 192 3 35 246 223 165 85 58 81
    248 233 118 120 92 56 47 197 5 251 107 153 236 24 5 244 29 156 73 20
    242 147 189 88 87 32 254 26 146 212 229 255 241 170 116 54 59 82 85
    140 81 145 81 126 215 129 34 192 101 203 123 172 218 96 127 126 79
    241 111 87 224 221 52 118 248 249 117 117 84 74 15 197 4 245 111 152
    252 24 5 240 157 156 73 18 242 51 159 88 87 36 254 51 149 12 206 175
    157 215 53 55 84 31 68 29 124 61 5 164 214 64 160 208 114 144 96 56
    32 0 88 60 81 29 41 180 116 144 16 194 67 146 1 151 155 77 14 4 134
    196 78 149 17 151 12 58 8 147 15 57 70 58 28 83 13 14 249 7 205 8 42
    1 200 0 1 41 67 3 204 128 6 108 35 9 8 32 129 134 36 82 67 85 151 17
    37 2 42 3 0 135 144 81 0 33 72 234 34 32 60 40 225 183 20 117 43 81
    200 40 36 133 65 120 170 19 67 18 165 0 113 121 74 43 197 44 220 39
    175 89 26 53 102 61 196 31 236 52 47 132 125 84 51 246 126 208 99
    112 162 130 22 121 113 93 105 242 112 146 40 194 106 210 169 210 187
    94 75 144 22 229 75 21 178 24 13 104 25 157 20 57 178 115 191 211
    222 142 249 3 6 0 130 13 130 2 0 34 64 2 65 8 17 32 1 100 35 1 144
