<?xml version="1.0"?>
<opencv_storage>
<ImageFile>"90.jpg"</ImageFile>
<Features type_id="opencv-matrix">
  <rows>307</rows>
  <cols>64</cols>
  <dt>u</dt>
  <data>
    254 255 247 252 255 127 253 251 255 93 251 255 127 252 124 253 245
    255 127 246 119 255 181 247 255 255 247 221 255 246 254 189 234 111
    95 255 255 118 217 253 223 223 215 255 221 247 255 78 237 183 222
    207 234 63 159 93 221 247 119 191 127 110 170 184 254 255 119 252
    255 111 253 251 255 92 254 255 127 252 253 253 255 255 127 246 119
    254 181 191 255 255 247 249 255 215 254 253 234 111 111 255 255 119
    249 253 127 223 223 255 221 247 255 110 173 167 222 205 234 63 143
    93 252 246 127 191 255 78 170 176 46 207 239 248 63 127 253 251 189
    254 254 252 95 124 125 237 153 124 255 123 246 126 220 123 127 255
    23 146 125 215 63 223 207 218 223 72 254 254 251 59 255 191 255 125
    215 247 119 235 255 249 191 221 219 53 239 28 61 198 255 239 243 255
    207 182 60 190 252 221 58 157 223 117 127 254 31 220 221 60 189 222
    255 247 250 43 245 117 219 251 249 118 180 126 124 221 221 239 215
    212 215 62 214 251 248 127 116 93 109 47 181 180 245 107 159 236 152
    15 246 29 159 93 56 247 251 189 219 219 106 254 187 222 108 207 255
    221 223 9 191 119 189 250 191 63 124 221 253 247 62 185 191 119 211
    124 117 247 249 63 127 251 223 43 151 236 223 222 202 121 251 127
    116 223 109 125 149 92 253 63 151 191 144 13 250 149 255 127 56 247
    242 189 251 223 60 250 60 246 100 172 63 255 63 121 253 126 250 53
    125 62 253 229 243 188 195 240 245 114 145 246 85 108 225 149 127
    214 255 227 201 108 215 190 247 114 233 125 126 93 86 175 84 247 246
    111 188 175 152 13 242 29 223 89 62 243 255 188 251 206 46 80 57 220
    125 222 62 253 217 57 255 252 126 221 189 126 124 236 253 246 102 59
    244 126 208 255 249 127 245 122 125 211 255 239 207 108 83 52 223 91
    248 125 255 221 255 47 213 182 245 111 189 173 153 13 254 29 159 93
    60 246 123 191 251 223 46 254 252 41 231 253 114 111 247 247 253 252
    222 189 127 254 251 238 251 221 251 111 127 221 231 183 95 111 158
    181 235 223 126 191 255 103 103 251 215 119 221 124 127 125 255 126
    205 191 111 238 253 172 223 221 211 127 156 206 254 252 107 251 95
    44 179 254 60 239 125 168 50 125 189 123 245 222 250 181 93 46 253
    230 243 252 199 104 117 114 148 183 253 189 37 153 109 222 124 249
    224 68 79 190 214 114 153 124 126 223 60 175 86 183 116 110 171 173
    158 12 234 29 143 93 184 242 107 252 91 206 42 176 124 140 239 249
    114 127 243 247 189 254 222 157 95 188 251 238 251 221 251 111 124
    213 254 179 95 233 188 148 121 215 62 235 245 33 119 251 214 126 253
    124 250 93 124 62 95 191 99 236 159 172 223 157 243 93 157 93 216
    252 43 253 91 94 42 250 62 253 125 222 54 93 85 111 231 68 61 176
    125 126 252 252 251 246 103 96 55 250 177 54 255 189 229 25 235 218
    222 169 128 108 71 222 202 114 217 124 62 223 60 191 84 246 244 78
    137 165 199 12 122 31 135 93 56 242 105 188 91 206 46 248 173 207
    125 248 34 125 125 243 61 214 109 202 93 121 252 239 157 248 231 107
    54 248 52 178 121 63 151 240 109 215 127 241 210 82 243 232 211 250
    248 185 254 191 248 183 246 246 118 110 139 169 166 95 218 29 139 28
    57 211 123 239 243 251 111 187 40 207 125 220 34 93 116 115 51 116
    45 136 92 245 124 174 143 248 230 43 22 248 112 179 221 55 135 208
    105 214 28 97 210 82 115 40 192 234 242 232 246 191 252 183 180 182
    101 110 129 161 167 94 186 29 131 28 63 227 123 255 91 242 79 251
    252 253 239 253 119 127 251 255 189 255 255 255 223 254 254 238 187
    221 127 111 62 223 246 63 127 255 191 191 255 251 126 187 242 127 63
    251 214 127 255 253 250 255 255 127 255 63 125 182 205 175 118 255
    217 255 181 238 217 252 121 127 127 60 155 187 63 246 125 170 63 127
    191 89 245 94 248 241 125 47 253 245 243 244 71 112 241 114 157 124
    116 173 109 153 127 95 125 249 244 108 223 190 247 114 169 245 255
    223 94 143 84 215 246 76 168 189 94 12 234 21 143 93 152 178 47 188
    219 207 46 177 236 239 255 217 98 127 241 247 189 253 78 221 95 253
    255 238 155 249 251 111 245 223 126 179 251 127 158 246 109 215 126
    239 207 83 99 101 213 255 253 56 252 61 247 183 255 247 119 235 191
    232 175 251 211 125 155 220 127 207 127 239 251 251 79 254 251 253
    254 223 119 95 221 155 127 255 189 250 191 251 246 255 247 247 60
    255 23 255 243 127 247 255 243 63 127 127 246 123 215 111 126 255
    218 125 251 245 114 255 249 127 187 30 245 127 221 175 26 199 248 61
    159 79 17 247 113 191 127 125 187 251 124 255 253 254 54 253 125 123
    255 244 253 188 253 255 252 254 251 212 123 107 191 254 209 55 221
    255 247 187 123 223 255 237 211 102 119 254 198 123 241 127 126 223
    253 63 213 151 229 111 159 165 159 13 250 29 159 93 56 246 123 255
    91 94 46 254 252 254 255 253 250 255 255 253 191 255 254 223 223 252
    251 252 251 221 255 110 254 221 174 56 127 255 63 127 253 219 127
    255 241 231 93 251 86 247 253 118 243 221 200 62 93 142 253 177 141
    173 94 181 219 255 135 111 208 252 105 63 223 15 51 180 173 254 239
    233 55 125 165 255 61 254 238 188 95 191 255 239 203 220 235 104 125
    208 238 56 111 169 0 145 253 77 62 251 245 70 213 250 86 119 145 180
    254 223 90 62 86 135 66 224 155 61 126 148 218 159 135 92 144 228 41
    252 95 222 46 241 56 151 124 138 103 159 23 31 183 84 45 0 29 126 61
    117 245 246 65 100 208 115 208 115 80 160 228 92 121 216 220 225 220
    36 87 190 210 114 129 124 118 223 28 15 212 246 229 78 153 172 152
    13 242 29 159 89 24 242 59 188 90 94 42 249 172 254 127 233 51 125
    161 253 189 222 238 189 93 62 255 237 203 220 195 104 117 210 188 48
    109 169 36 145 253 77 63 187 252 64 220 234 86 115 145 244 222 223
    94 22 80 167 66 196 155 61 126 4 90 31 135 93 152 224 41 172 95 94
    46 241 57 221 253 232 54 253 245 115 125 220 222 217 127 61 252 206
    255 252 227 107 244 116 209 247 249 127 53 182 125 215 255 235 223
    96 243 184 215 120 249 125 125 221 255 39 213 181 119 111 187 188
    153 13 250 29 158 93 62 246 127 253 219 223 44 250 151 221 24 254 39
    30 92 3 39 70 61 194 30 127 116 29 181 250 36 177 23 118 144 98 241
    87 229 89 53 186 220 113 130 216 210 134 235 72 250 235 38 155 173
    225 180 86 246 111 211 251 129 79 46 65 251 221 59 211 112 55 115
    249 204 138 45 205 237 232 54 253 245 127 181 212 254 209 93 125 124
    204 217 252 227 107 244 118 208 243 125 127 149 180 125 215 127 233
    223 104 211 184 223 120 249 124 124 157 126 39 213 181 247 111 187
    172 137 13 242 29 154 93 62 242 127 189 91 223 44 218 45 173 237 184
    18 255 55 111 181 244 78 181 89 62 191 198 203 124 195 96 244 115
    210 51 93 233 132 133 105 208 61 233 135 4 71 186 23 122 233 124 120
    29 60 39 85 53 247 110 153 172 153 13 242 29 156 89 56 226 59 189 91
    215 40 250 108 142 238 253 238 255 251 241 189 253 214 207 223 124
    123 204 157 253 251 235 252 127 218 251 123 126 151 246 124 215 127
    255 223 123 67 41 223 251 248 59 125 61 251 63 245 181 255 123 191
    204 153 79 243 253 152 93 119 223 247 191 243 255 45 254 248 253 255
    223 50 95 245 239 223 212 127 189 127 246 255 254 255 215 250 47 23
    221 247 183 255 239 246 61 111 251 222 187 167 103 103 247 246 95
    255 124 243 253 245 118 191 190 117 238 255 172 239 223 186 63 181
    223 237 254 105 123 123 109 155 254 126 253 255 252 50 95 253 239
    223 212 223 188 127 246 255 254 251 149 122 111 23 125 230 183 253
    207 242 253 107 250 126 169 135 36 117 254 254 127 251 125 114 221
    245 101 191 158 245 110 223 174 175 223 242 29 188 93 84 246 123 249
    123 93 123 250 125 188 255 138 90 95 37 127 115 116 172 185 127 191
    190 255 251 246 249 45 209 213 127 181 223 225 104 15 123 77 216 105
    221 4 213 250 86 114 37 252 246 223 126 39 85 150 100 236 157 44 143
    28 242 29 159 77 60 244 43 188 91 212 110 251 60 173 255 253 50 127
    253 255 253 252 206 189 95 254 191 238 187 220 243 107 183 127 246
