<?xml version="1.0"?>
<opencv_storage>
<ImageFile>"91.jpg"</ImageFile>
<Features type_id="opencv-matrix">
  <rows>164</rows>
  <cols>64</cols>
  <dt>u</dt>
  <data>
    41 205 236 220 47 127 253 51 189 254 126 207 157 124 125 236 133 249
    249 171 244 126 208 243 121 127 151 182 125 211 63 235 207 122 195
    96 247 122 248 57 250 189 255 175 245 247 247 107 191 169 152 13 250
    29 159 92 63 215 127 191 243 251 43 250 60 239 125 168 50 125 61 123
    245 94 250 181 93 62 253 238 251 252 199 104 117 114 148 183 125 189
    37 153 127 222 124 249 224 68 79 190 214 114 153 124 62 223 60 175
    86 183 116 110 139 173 214 12 234 29 135 93 184 226 107 252 91 206
    42 176 63 253 125 154 54 93 85 99 231 68 125 176 125 255 252 252 251
    246 103 96 55 242 177 182 223 189 245 25 235 218 222 169 144 108 71
    222 202 80 217 124 54 223 60 167 84 182 244 110 129 165 199 12 122
    29 135 93 56 242 105 189 91 222 46 248 63 245 125 170 22 61 5 59 231
    70 125 176 61 63 252 244 243 246 65 96 113 82 144 52 221 189 165 25
    123 218 124 169 208 100 87 190 195 114 129 124 54 223 60 175 84 150
    244 76 153 164 144 12 106 29 135 93 56 242 43 188 90 222 42 248 12
    142 238 249 106 255 250 113 57 255 198 207 222 117 123 204 137 249
    251 235 245 117 90 251 121 126 150 246 108 215 63 230 223 80 195 32
    223 251 248 58 124 61 123 39 245 245 247 107 191 232 136 79 247 93
    152 92 55 223 247 173 243 251 105 254 255 253 238 223 55 127 221 155
    127 255 189 250 191 250 246 255 251 247 126 255 31 223 247 127 255
    247 243 63 127 127 254 123 215 109 254 255 218 125 251 247 114 223
    249 127 159 30 245 255 221 175 30 135 248 61 191 79 80 247 113 255
    127 125 186 251 108 13 237 184 2 255 53 111 181 244 78 149 89 188
    191 238 203 124 195 98 244 115 214 51 93 233 132 133 105 208 63 233
    197 4 71 186 211 122 201 124 120 29 60 39 85 181 103 110 153 172 155
    13 242 29 156 89 56 226 59 189 91 87 42 250 62 245 125 222 54 95 93
    39 231 68 125 176 93 126 188 246 187 214 66 109 23 112 240 167 221
    167 165 89 35 248 220 169 134 124 215 158 202 88 211 125 54 219 181
    237 180 150 245 110 147 166 135 79 50 25 55 93 40 243 123 249 123
    222 110 250 120 255 255 255 54 253 125 123 255 244 253 154 255 253
    253 254 255 213 127 107 190 252 209 183 253 255 247 191 127 223 127
    255 211 102 119 254 214 123 241 127 126 223 253 63 215 150 229 111
    159 173 151 141 250 29 159 93 24 246 123 223 91 94 42 255 248 59 247
    118 119 123 124 127 212 184 245 241 111 209 150 218 127 207 251 223
    247 175 229 151 143 123 247 255 123 245 230 236 207 47 229 190 255
    60 249 117 120 253 179 255 237 97 183 110 190 166 207 219 240 62 218
    81 103 247 215 219 122 119 165 94 63 182 121 103 255 176 187 249 222
    251 210 127 237 11 129 85 242 215 159 27 233 35 203 124 165 218 234
    191 94 125 229 254 111 237 156 183 254 185 233 119 217 76 99 142 243
    1 155 119 184 254 24 35 244 181 220 97 86 243 183 159 250 31 48 255
    46 166 109 170 62 253 149 61 245 254 94 181 61 63 189 229 219 244 65
    56 241 114 209 119 125 189 132 17 127 219 125 235 213 108 87 178 255
    122 233 124 116 93 126 47 212 148 244 111 185 172 152 13 242 29 156
    93 56 242 59 189 91 223 42 250 248 59 247 118 119 115 120 127 212
    184 247 113 111 210 146 91 127 207 255 223 247 175 225 151 134 123
    247 255 122 214 230 236 207 47 167 191 223 60 249 117 120 125 179
    255 233 101 183 110 188 230 205 203 240 62 218 81 103 247 215 215
    122 55 165 94 220 59 247 245 120 247 226 246 88 189 198 119 199 241
    155 234 251 205 251 111 245 45 206 211 143 107 190 230 108 69 243
    238 223 35 117 181 117 184 253 116 253 52 187 54 237 165 251 239 189
    236 173 243 241 125 152 73 70 254 87 207 90 119 37 254 187 213 124
    126 55 59 125 26 247 17 253 250 63 123 100 93 247 182 103 245 117
    246 177 118 240 127 241 249 255 118 236 161 218 108 134 254 203 120
    177 253 126 223 63 63 212 119 246 76 185 167 144 13 248 29 219 93 56
    247 55 188 59 222 174 217 190 191 247 137 218 95 130 199 107 84 142
    94 220 117 255 253 251 241 99 230 85 37 23 242 222 125 61 233 231
    158 250 33 214 102 87 158 90 114 205 124 181 85 24 31 85 150 247 196
    153 44 24 12 242 31 140 73 16 240 33 189 88 95 32 248 61 53 125 170
    23 127 53 127 245 222 252 177 125 47 191 86 251 252 67 96 113 114
    209 182 221 41 228 153 123 212 252 233 204 44 87 190 211 120 129 124
    120 95 60 175 212 53 247 110 153 172 24 13 240 29 156 89 24 242 51
    189 90 215 40 250 254 61 247 212 250 207 95 71 239 101 191 61 127
    230 246 254 243 213 54 103 31 173 179 55 222 207 230 31 195 158 254
    44 227 39 100 159 194 118 211 214 19 217 156 111 204 30 237 46 141
    164 82 69 96 30 148 73 16 242 113 189 88 70 35 248 254 61 243 214
    254 207 95 79 239 101 185 253 127 230 182 254 243 213 62 103 143 175
    227 47 222 206 166 31 211 189 62 108 115 47 116 159 202 118 211 214
    19 200 157 107 203 30 237 63 205 164 82 69 96 30 148 75 208 246 113
    191 92 68 50 248 187 222 124 42 191 125 177 24 191 93 254 255 173 63
    108 245 247 254 199 241 245 114 185 116 113 189 97 123 255 83 255
    247 157 232 223 244 247 83 169 253 223 223 122 191 212 115 246 109
    184 191 152 13 252 133 203 69 58 178 183 188 210 223 46 217 61 244
    125 184 55 61 125 126 247 254 237 176 125 57 180 95 243 244 71 105
    241 114 240 62 205 171 229 91 123 93 125 233 209 36 150 190 210 120
    177 253 94 223 122 47 210 118 196 79 153 172 30 5 104 29 159 77 56
    242 51 156 219 214 46 251 195 219 2 119 253 130 222 136 42 43 33 106
    170 203 66 25 32 231 60 151 206 173 170 104 38 214 123 47 150 43 3
    55 19 183 156 91 98 189 118 151 65 106 170 89 137 8 217 147 68 215
    16 101 77 226 175 235 81 29 176 31 196 53 145 61 13 38 92 168 17 120
    36 71 49 240 238 177 116 55 173 195 203 24 129 104 225 112 89 50 85
    9 192 209 105 76 169 193 157 128 117 162 49 218 129 116 166 151 60
    33 116 151 103 106 153 110 175 12 242 29 251 12 62 227 143 164 25 98
    103 75 190 113 121 54 55 47 89 43 214 0 245 114 127 202 212 118 246
    150 70 215 119 186 161 22 188 170 231 89 210 252 244 184 234 44 6
    254 206 56 129 221 218 219 149 143 208 119 129 78 171 166 147 139
    120 30 221 81 48 243 117 248 59 150 170 217 61 182 125 168 55 189 53
    121 229 84 223 52 125 63 189 85 243 252 67 96 241 114 209 118 220
    188 228 153 122 220 125 233 212 36 87 190 210 122 137 124 124 93 28
    47 212 21 246 78 153 172 24 13 242 29 156 73 56 242 51 188 88 215 40
    250 210 217 155 222 2 70 88 135 70 128 21 216 23 194 22 218 127 210
    48 103 6 173 231 7 143 211 247 105 3 168 210 40 214 38 37 222 66 124
    203 84 48 218 181 107 155 28 181 174 209 172 82 213 48 24 180 75 145
    242 48 121 88 117 1 251 62 254 120 127 187 188 255 9 255 255 251 248
    253 126 252 220 246 187 38 251 247 126 25 127 245 222 231 255 110
    255 253 246 135 220 78 22 251 187 249 127 239 95 229 233 247 115 183
    123 251 239 152 75 254 5 255 117 62 211 247 165 187 251 251 31 62
    252 120 127 187 188 255 73 255 127 249 248 253 106 252 92 246 187 39
    211 247 126 27 127 245 222 231 255 110 255 253 246 135 252 78 30 251
    185 249 255 239 95 229 233 247 115 191 59 191 239 144 107 238 5 253
    117 62 215 247 173 187 251 251 15 63 54 125 172 55 189 61 121 229 86
    223 52 125 63 189 85 242 252 67 96 241 114 209 118 220 168 228 217
    122 220 253 233 212 36 87 190 211 120 129 124 124 93 24 15 212 21
    230 78 153 172 24 13 242 29 156 73 16 242 51 188 88 87 40 248 127 54
    116 172 223 167 47 84 36 126 200 53 125 47 185 247 243 252 67 96 249
    99 159 60 220 168 236 223 123 29 249 239 113 165 87 191 83 242 37
    126 190 70 88 142 68 147 194 73 152 100 92 5 98 28 149 73 152 246
    171 188 218 70 34 245 247 191 246 87 253 18 219 202 230 145 179 114
    238 123 130 85 242 181 46 215 71 47 177 119 198 218 247 63 214 60
    224 50 222 47 70 158 82 56 251 220 217 88 56 223 201 104 145 79 153
    175 24 1 112 28 156 73 16 242 51 159 120 87 160 251 60 181 253 188
