<?xml version="1.0"?>
<opencv_storage>
<ImageFile>"92.jpg"</ImageFile>
<Features type_id="opencv-matrix">
  <rows>291</rows>
  <cols>64</cols>
  <dt>u</dt>
  <data>
    254 255 127 253 255 127 255 251 255 95 255 255 255 254 253 253 243
    255 127 246 119 255 145 118 255 255 247 253 255 254 254 185 226 111
    95 255 255 119 217 253 255 223 223 255 221 255 247 94 173 191 158 77
    250 63 159 93 120 246 123 191 127 223 186 184 254 255 247 252 255
    127 253 251 255 92 254 255 127 252 252 253 247 255 127 126 119 254
    180 119 255 255 247 221 255 214 254 253 226 111 95 255 255 118 217
    253 127 223 223 255 221 247 255 78 173 165 222 205 234 63 159 93 216
    246 127 191 127 78 170 184 252 252 255 203 250 223 213 183 127 213
    60 218 159 191 254 252 219 247 124 47 151 85 255 229 251 247 29 63
    191 219 94 63 149 199 255 219 194 223 255 62 247 255 236 117 29 158
    125 177 215 61 231 252 159 231 167 254 120 252 104 111 219 221 95
    255 60 190 252 205 58 157 223 113 127 254 95 220 221 60 189 94 255
    243 250 171 245 117 219 255 249 118 164 126 108 253 221 239 215 212
    215 62 214 251 248 127 116 223 109 39 245 180 245 107 159 236 153 15
    246 29 155 93 62 247 251 189 251 219 106 254 191 252 125 207 255 189
    223 25 255 119 189 250 191 126 252 221 251 247 126 249 191 119 211
    116 253 247 249 63 127 251 223 171 151 236 215 222 202 121 249 127
    118 223 109 61 213 28 253 63 159 191 145 13 250 189 223 127 56 246
    122 189 251 223 44 250 59 221 109 222 63 127 221 59 191 254 127 221
    61 124 124 237 253 246 99 123 244 118 208 119 121 255 183 62 125 211
    127 235 207 108 215 188 215 122 248 125 126 221 127 175 213 54 245
    111 191 172 152 13 250 29 157 93 56 242 123 189 251 223 42 250 58
    221 109 222 63 127 221 59 191 254 255 221 61 124 124 237 253 244 98
    123 244 118 208 119 125 255 247 62 127 211 127 235 207 108 215 190
    214 122 248 125 126 223 127 47 213 182 245 111 191 174 152 13 250 29
    159 93 56 246 123 189 251 223 42 250 124 169 247 253 50 111 245 247
    253 252 222 189 127 254 187 238 187 216 251 111 247 221 247 183 127
    111 150 149 105 221 126 239 223 99 103 251 247 254 255 124 125 125
    255 118 255 183 127 234 253 172 239 221 243 31 156 92 238 238 111
    251 219 109 139 254 60 255 125 168 50 125 189 123 245 222 248 181 93
    62 253 238 251 252 199 104 117 114 148 182 253 189 37 153 109 222
    125 249 232 76 79 190 214 114 137 124 126 223 126 175 86 183 118 110
    187 173 158 12 234 29 143 93 188 242 107 188 91 222 106 178 47 182
    100 174 223 173 39 89 253 124 202 53 61 63 237 229 243 188 195 240
    241 114 145 116 84 108 232 149 122 214 253 231 205 108 87 190 243
    114 169 124 126 93 94 175 84 247 230 77 184 174 152 13 242 29 221 89
    58 178 191 188 154 206 46 80 61 149 124 154 39 159 23 55 55 84 61
    128 29 126 60 246 245 246 64 228 212 115 208 179 216 33 228 92 121
    216 220 105 220 36 83 174 210 82 129 124 118 159 28 15 212 54 229 78
    153 172 153 13 242 29 159 89 56 242 59 188 91 222 42 249 62 245 117
    158 22 77 85 111 231 68 61 176 61 254 252 254 251 246 71 96 55 250
    177 54 221 189 229 25 115 154 220 233 128 44 71 190 194 112 209 252
    54 219 60 175 212 22 228 78 129 165 215 12 122 29 135 77 56 242 105
    188 91 70 42 248 124 174 239 249 66 127 227 247 189 252 222 149 95
    188 251 238 217 221 251 110 244 213 254 179 95 105 28 132 109 213 62
    235 253 35 71 249 87 118 253 124 248 21 126 54 93 167 99 230 191 44
    223 157 243 125 157 93 118 236 107 189 91 95 42 250 60 249 255 220
    50 125 125 127 255 214 221 188 93 254 255 254 187 212 114 111 55 120
    214 183 253 247 183 185 107 254 94 169 214 86 231 254 206 123 219
    125 62 255 245 103 183 180 117 110 159 172 175 223 186 29 182 92 104
    246 123 251 123 239 239 242 63 244 125 174 55 125 61 91 247 90 252
    241 125 63 236 245 243 246 71 240 241 114 145 118 245 189 225 153
    127 126 253 249 216 108 223 190 255 114 137 245 127 223 62 47 212
    151 246 76 168 183 158 13 234 29 223 93 56 178 63 188 27 223 46 145
    172 207 125 248 34 125 117 115 181 214 237 136 93 253 252 239 221
    252 103 107 54 240 176 178 93 63 149 216 121 214 126 249 210 86 211
    234 195 120 241 120 126 159 60 183 244 183 246 110 153 173 182 13
    250 29 135 93 56 242 123 189 91 222 47 251 254 255 125 255 246 253
    251 253 255 213 223 255 253 62 251 246 251 213 91 111 125 241 215
    116 253 255 188 61 127 218 126 185 246 36 87 254 214 123 201 124 242
    93 61 62 213 150 245 110 159 172 153 13 242 29 157 93 16 246 59 189
    91 95 42 250 41 207 125 252 34 127 117 115 37 116 237 128 93 253 252
    239 255 252 231 107 54 248 112 179 93 63 167 216 121 214 124 233 210
    22 83 170 193 120 208 104 62 191 60 167 244 151 231 110 153 169 180
    13 250 29 151 93 57 242 115 189 91 214 43 251 58 247 125 222 54 189
    95 53 247 86 125 184 125 123 252 212 247 246 66 244 117 114 17 182
    216 37 229 217 107 252 252 168 218 108 199 190 202 112 145 125 62
    223 29 143 212 246 247 78 187 175 143 15 122 29 155 93 56 243 123
    156 123 218 110 249 44 173 237 184 18 255 53 111 181 244 78 181 93
    190 191 238 203 92 227 96 245 115 210 51 93 233 132 133 121 208 61
    233 197 4 71 186 211 122 233 124 120 93 60 39 85 21 119 110 153 172
    153 13 242 29 156 89 56 242 59 189 91 87 42 250 109 190 253 10 90 95
    39 95 115 116 44 177 126 183 174 255 235 246 185 44 209 209 127 181
    211 225 72 15 235 89 216 97 157 68 84 242 82 82 37 252 118 215 90
    183 84 214 101 196 149 36 79 28 240 29 155 79 60 252 43 188 90 84
    110 217 250 187 255 118 127 123 121 127 214 184 244 241 111 218 132
    94 255 151 127 223 247 47 225 247 167 251 247 255 127 253 228 238
    207 47 166 190 255 60 249 117 121 221 179 239 217 97 183 111 187 182
    223 203 240 60 222 81 102 243 247 219 186 55 173 94 250 187 255 118
    119 115 121 127 214 184 245 241 111 218 150 94 255 159 127 223 247
    47 225 183 167 123 247 255 95 245 230 238 207 47 166 190 255 60 249
    117 121 221 179 239 217 97 183 111 186 182 223 203 240 60 222 81 102
    179 247 219 58 119 165 94 45 37 252 152 16 31 37 103 37 68 45 176 29
    191 188 70 195 120 67 97 177 82 208 163 89 37 132 93 105 156 88 225
    208 4 70 170 0 120 1 92 54 155 60 167 84 112 100 110 147 36 185 12
    114 29 147 29 56 242 35 188 89 210 42 234 60 173 237 184 54 127 245
    127 245 212 223 180 125 124 189 238 251 252 99 98 244 118 208 247
    125 255 148 153 123 222 126 233 207 108 71 186 222 122 249 124 124
    221 61 175 213 53 245 110 155 172 153 13 242 29 156 93 56 242 123
    189 91 223 40 250 56 189 253 254 54 127 245 127 245 212 223 180 125
    124 253 238 251 244 99 106 244 118 209 247 253 255 180 153 127 222
    126 233 207 108 71 190 214 122 249 124 124 221 125 47 213 181 245
    110 155 172 155 13 242 29 156 93 56 242 123 189 123 223 44 250 254
    125 255 214 118 79 95 255 231 101 253 190 127 254 246 254 243 213
    126 103 95 173 181 54 222 239 166 31 243 152 126 169 226 39 84 255
    194 114 211 252 210 95 157 222 209 30 197 78 157 172 17 77 112 31
    149 73 88 246 113 191 88 86 43 249 191 182 125 103 255 176 187 217
    250 251 210 255 237 27 129 85 242 229 223 27 253 103 91 252 165 250
    121 183 94 127 103 255 223 233 222 183 254 185 233 119 217 92 107
    190 211 97 217 115 184 255 24 35 244 181 220 121 22 246 183 159 250
    223 124 255 252 59 247 117 120 247 226 246 216 189 198 119 199 241
    147 106 251 205 251 111 245 45 239 215 143 107 246 231 108 69 243
    238 223 35 117 191 117 184 253 116 125 92 187 54 233 165 251 239 189
    236 173 211 240 125 152 73 70 254 87 207 90 119 37 254 183 221 88
    254 39 30 92 3 39 70 61 194 30 123 116 29 245 250 36 241 183 118 17
    99 241 23 229 91 55 179 221 97 130 216 210 6 235 72 250 235 102 155
    109 233 180 82 246 111 211 251 128 79 108 5 251 93 59 211 114 183
    243 251 206 139 45 244 125 184 54 61 125 126 181 254 236 176 93 61
    180 239 243 252 199 105 177 112 120 187 93 169 164 219 121 93 125
