<?xml version="1.0"?>
<opencv_storage>
<ImageFile>"93.jpg"</ImageFile>
<Features type_id="opencv-matrix">
  <rows>171</rows>
  <cols>64</cols>
  <dt>u</dt>
  <data>
    42 205 239 252 39 255 253 127 189 222 254 221 95 124 127 238 153 252
    243 107 244 127 214 115 125 255 151 182 125 247 126 235 215 114 119
    248 247 123 248 57 126 255 255 111 215 151 247 111 159 168 158 13
    250 29 189 92 57 246 123 255 91 223 42 250 40 205 239 248 34 127 245
    119 189 222 238 205 95 124 125 238 137 125 243 107 244 119 212 115
    125 255 151 180 125 215 62 235 215 82 83 168 215 122 248 56 126 189
    254 47 215 55 119 107 159 168 186 13 251 29 157 92 57 230 123 253 91
    223 43 250 63 254 125 174 54 93 157 41 255 86 125 248 93 63 252 252
    241 246 68 105 245 80 144 116 253 181 229 249 111 251 255 249 144
    124 215 158 202 122 185 125 118 223 125 189 244 150 244 109 155 173
    151 15 250 29 159 93 56 242 123 188 251 223 106 187 60 237 125 168
    50 127 61 123 245 94 252 176 125 62 252 236 251 252 71 104 117 114
    176 182 125 189 165 153 127 218 124 249 192 100 95 186 198 114 153
    124 62 223 61 175 86 183 244 110 139 165 214 12 234 29 135 29 184
    242 107 188 91 222 42 176 63 255 124 94 55 61 93 27 255 86 189 248
    125 59 124 223 245 182 103 249 245 114 81 246 245 63 229 249 127 222
    253 225 218 108 198 190 218 122 241 253 254 223 58 175 212 247 247
    110 185 175 156 15 250 29 219 93 58 243 127 189 123 219 110 219 190
    253 125 154 54 93 85 35 231 68 61 182 125 255 252 252 251 246 102
    228 23 242 177 38 223 181 245 89 227 154 222 185 144 108 71 222 202
    114 217 124 54 223 28 63 212 182 244 76 145 173 151 12 58 29 135 93
    56 242 121 60 88 222 42 248 247 52 122 39 253 176 155 200 218 187
    210 127 230 74 131 85 114 199 31 23 201 39 139 92 164 218 248 47 214
    63 227 63 103 173 28 191 118 57 173 117 209 76 18 140 193 9 152 21
    185 188 24 37 240 180 156 99 80 250 183 157 92 23 48 186 12 174 239
    233 42 247 178 119 57 254 198 205 222 53 59 204 137 249 235 235 245
    117 94 251 121 106 148 246 108 213 63 199 223 80 67 32 255 250 248
    56 124 61 122 38 245 245 247 107 185 236 136 15 247 93 152 92 22 215
    183 189 219 91 104 254 61 247 253 220 54 189 221 115 247 212 213 249
    221 61 189 94 253 254 226 187 245 118 83 247 253 54 245 249 108 252
    221 233 223 120 199 174 222 120 248 125 124 159 255 167 245 241 247
    111 187 190 137 79 242 29 218 93 62 211 127 255 251 251 238 218 108
    13 237 184 2 255 39 111 181 244 78 149 89 188 191 230 203 56 195 96
    244 115 210 179 93 233 132 132 105 208 61 233 213 4 71 186 23 122
    233 124 120 29 60 39 85 53 103 110 153 172 153 13 242 29 156 73 56
    226 59 189 91 87 42 250 61 181 117 174 50 45 61 127 247 92 214 53
    125 63 189 84 250 246 195 96 241 96 209 247 220 168 228 217 122 220
    253 233 223 36 85 190 214 120 137 124 124 93 31 175 244 53 245 111
    153 172 25 13 240 29 156 73 60 242 51 189 90 87 32 250 61 53 117 174
    50 45 61 126 247 92 214 181 125 63 189 86 251 246 195 96 241 96 209
    247 221 168 228 217 122 220 253 233 223 36 85 190 214 120 201 124
    124 93 63 175 244 49 245 111 153 172 25 13 242 29 156 73 56 242 51
    189 90 215 32 250 250 219 254 244 127 123 253 127 212 184 244 241
    111 217 20 93 127 191 255 219 247 47 241 127 167 255 243 247 127 247
    229 238 207 171 182 52 255 56 248 117 121 255 243 239 217 113 183
    111 186 247 159 203 248 60 222 81 119 179 247 223 186 247 173 95 60
    253 253 222 50 95 93 103 231 196 125 144 93 255 220 254 255 214 96
    111 22 120 224 163 221 231 231 93 107 186 220 105 146 116 53 190 206
    88 210 253 54 219 189 231 180 150 245 110 147 164 231 207 58 25 183
    93 40 243 123 251 123 212 111 250 250 59 254 246 127 115 121 127 212
    184 244 241 111 216 6 95 127 157 127 223 247 47 225 215 134 123 243
    191 94 247 230 238 207 47 166 189 255 60 249 117 120 253 179 239 217
    97 183 111 190 190 157 203 240 60 218 81 103 179 247 223 58 119 165
    94 220 59 247 245 120 247 242 246 216 189 198 119 199 241 155 234
    250 205 251 111 253 45 111 223 143 107 190 166 108 197 179 254 255
    35 117 189 125 250 253 116 248 117 243 54 233 165 219 235 189 236
    173 243 241 125 152 73 70 254 87 223 90 55 37 254 76 32 251 49 24
    243 58 111 80 163 197 176 242 130 131 66 234 137 35 67 201 165 79
    155 132 91 184 175 64 13 33 234 223 36 5 186 90 56 225 118 120 88 56
    47 213 53 163 111 153 172 24 5 240 29 156 73 16 242 51 189 88 87 32
    250 63 183 117 170 31 61 37 93 247 94 248 49 125 111 188 85 251 244
    3 96 241 114 145 118 220 189 225 153 122 92 121 233 212 36 87 190 82
    112 129 124 124 95 28 15 84 21 244 78 153 172 24 4 242 29 156 73 24
    242 51 188 90 87 40 248 127 245 124 186 55 63 87 122 247 68 253 240
    61 123 180 95 242 247 87 245 247 115 209 119 252 238 229 29 123 252
    253 233 146 108 150 190 194 120 145 253 126 219 61 173 212 17 245 78
    151 164 153 12 104 29 159 93 56 182 123 191 91 214 46 219 200 205
    142 221 106 127 250 183 61 253 94 143 30 244 123 174 173 219 249 239
    254 253 230 187 123 127 147 246 253 195 62 247 255 51 113 97 87 71
    254 96 250 61 255 126 255 191 219 251 157 201 94 213 221 127 153 206
    215 255 123 255 87 63 147 255 254 61 227 244 126 207 95 79 231 101
    185 252 255 230 182 126 243 213 62 119 143 175 243 47 223 206 174 31
    83 189 62 108 211 45 52 223 202 127 243 215 18 200 253 107 203 30
    237 63 221 164 82 133 96 30 148 75 216 246 113 189 93 84 50 248 254
    61 231 244 118 207 95 79 239 101 185 252 127 230 182 254 243 213 62
    119 143 173 243 47 223 207 166 31 67 191 62 108 211 45 116 159 202
    127 243 214 18 200 253 107 203 30 237 63 205 164 82 5 96 30 148 75
    152 246 113 189 93 84 50 248 28 34 119 161 56 117 169 245 208 190
    210 53 65 1 153 226 130 76 195 106 249 160 204 152 12 40 166 131 72
    69 49 222 121 0 125 186 21 182 1 214 220 68 83 30 98 167 74 81 42 45
    124 35 194 158 141 72 132 224 11 216 76 6 96 181 60 53 125 188 55 53
    61 127 245 222 209 177 125 46 189 86 250 252 67 96 241 114 209 55
    220 168 228 153 90 212 245 233 214 36 87 190 211 120 129 124 120 92
    60 47 212 21 231 110 153 172 24 5 240 29 156 73 24 242 51 189 90 86
    40 250 200 205 142 253 106 127 250 183 61 253 94 143 30 252 123 174
    173 217 249 239 254 253 230 187 123 127 182 246 125 211 62 255 255
    51 113 97 215 111 252 96 250 61 251 126 255 191 219 251 157 137 94
    213 253 127 157 204 211 255 123 255 87 119 131 255 13 238 100 105
    253 187 231 80 57 125 142 237 236 125 236 141 129 169 249 186 245
    125 27 251 99 126 1 182 124 71 237 199 159 211 219 32 245 219 252 41
    125 61 106 231 245 243 255 99 188 223 136 127 247 229 219 140 63 207
    214 167 210 251 253 94 150 157 186 220 34 95 220 7 55 230 29 204 30
    252 54 254 189 210 48 171 134 125 242 99 253 215 243 122 33 251 222
    107 135 48 49 108 210 72 250 123 112 189 237 105 183 20 245 111 211
    170 27 79 176 89 188 79 25 83 122 127 113 125 137 250 254 189 251
    175 254 150 159 201 255 223 145 250 255 110 187 93 250 247 58 247
    253 117 83 125 247 222 251 127 222 254 255 187 199 45 95 191 250 125
    237 125 96 92 60 232 213 92 221 55 157 172 24 7 242 181 156 123 80
    246 115 189 94 223 56 250 61 180 125 174 62 63 63 92 245 94 237 53
    125 63 188 245 242 252 3 96 241 112 209 54 236 168 224 157 127 93
    125 233 245 100 158 190 67 114 145 245 159 207 26 14 80 135 198 78
    153 52 94 4 96 28 159 77 152 242 59 156 88 14 38 241 114 25 154 222
    35 79 88 103 71 192 21 148 55 226 182 94 127 146 48 111 6 173 225 39
    157 211 242 77 67 170 214 40 214 38 37 222 66 124 219 84 48 249 181
    111 191 28 229 110 145 172 51 197 240 25 180 73 17 242 121 251 89
    117 163 251 105 142 239 221 238 159 223 117 189 255 20 203 159 121
    63 79 137 245 250 43 252 119 218 251 121 115 159 54 124 217 55 111
    215 249 215 33 214 249 254 123 116 127 107 175 215 60 245 123 189
    204 24 13 245 125 156 222 89 254 243 191 251 223 40 254 254 189 255
