<?xml version="1.0"?>
<opencv_storage>
<ImageFile>"94.jpg"</ImageFile>
<Features type_id="opencv-matrix">
  <rows>280</rows>
  <cols>64</cols>
  <dt>u</dt>
  <data>
    185 255 247 254 127 111 253 255 255 252 254 255 127 253 255 253 255
    254 255 122 118 174 181 63 255 239 247 219 255 215 254 255 234 111
    127 255 215 118 249 253 127 95 255 254 204 247 255 238 173 167 222
    221 250 30 159 77 185 246 127 191 255 110 171 176 185 255 247 254
    127 111 253 255 255 124 254 191 127 254 255 252 255 254 255 122 119
    174 181 63 255 255 247 219 255 215 254 255 234 111 111 255 215 118
    249 253 127 223 255 255 204 247 255 238 173 165 222 221 250 31 159
    77 185 244 111 191 255 110 171 180 255 254 127 201 254 255 223 253
    255 247 253 250 255 61 254 255 251 245 127 253 63 211 191 188 253
    101 253 255 255 223 255 187 249 109 215 223 202 115 189 255 62 223
    125 191 215 255 252 52 159 173 199 15 122 191 215 127 248 244 105
    124 255 222 126 189 60 190 253 220 58 157 255 117 127 254 7 220 221
    60 189 78 251 245 232 43 245 117 219 251 253 118 164 127 108 221 221
    239 215 212 215 186 214 250 249 127 116 93 109 39 183 148 245 107
    159 236 184 15 242 29 159 93 56 247 123 189 219 223 106 254 255 254
    125 207 255 253 223 25 255 247 189 250 191 63 252 95 251 247 126 251
    191 119 211 124 253 247 253 127 127 251 223 187 215 236 215 223 202
    121 249 127 118 223 109 61 213 28 253 63 159 191 144 15 250 189 222
    127 56 247 115 189 251 223 60 250 63 253 237 254 55 253 221 63 255
    222 253 248 127 126 254 255 187 246 98 251 247 119 211 119 253 255
    247 191 127 255 255 233 199 124 215 190 222 121 249 125 126 223 255
    237 245 117 245 111 191 174 154 15 242 29 220 93 56 247 123 191 251
    223 46 250 253 109 231 253 246 111 247 247 253 253 254 191 127 254
    251 238 251 221 251 111 127 221 247 183 95 111 190 181 235 223 126
    191 243 103 117 251 223 119 213 252 126 125 255 126 205 191 207 238
    237 172 223 221 219 127 149 207 252 252 105 251 95 44 179 252 61 254
    124 108 191 189 255 113 253 92 252 251 253 61 125 205 253 255 255
    248 245 118 17 244 241 125 245 250 125 215 255 243 222 120 199 228
    223 59 249 125 254 159 123 191 213 243 246 109 189 255 141 15 250 29
    219 93 62 247 127 189 251 219 110 219 60 255 125 168 54 125 189 123
    245 222 252 177 93 62 253 236 251 252 199 104 117 114 180 182 253
    189 37 153 125 222 125 249 232 76 207 190 214 114 153 252 126 223
    126 175 86 183 118 110 187 173 158 13 234 29 143 93 188 242 107 188
    91 222 106 176 46 118 100 174 127 191 47 89 189 126 234 53 61 62 253
    229 243 188 67 208 245 114 145 118 85 108 232 157 122 222 253 225
    201 44 71 190 211 114 137 124 190 93 86 175 84 247 230 79 184 174
    152 13 242 29 223 81 50 226 127 180 122 206 42 80 252 255 239 221
    126 255 253 255 253 255 213 219 223 252 255 207 251 253 123 111 254
    255 246 247 127 255 183 190 125 219 126 235 223 110 87 251 210 127
    249 125 254 95 120 63 221 180 245 111 157 173 158 13 242 29 159 93
    48 246 115 191 91 223 42 251 108 174 239 249 74 127 225 247 189 252
    222 149 95 188 251 238 201 221 251 111 244 213 254 179 123 105 28
    134 109 215 62 239 253 99 103 249 87 126 253 124 252 53 126 62 93
    167 103 227 189 44 223 157 243 93 157 92 118 236 111 189 91 95 10
    250 238 255 239 255 255 255 255 201 253 223 239 250 191 250 254 253
    155 245 127 127 63 223 191 125 119 223 59 63 255 251 62 191 246 239
    254 219 210 255 255 183 251 255 232 125 155 95 125 177 205 157 54
    253 217 231 167 254 208 252 240 111 223 253 155 191 58 223 109 202
    55 253 221 121 255 214 189 216 253 60 124 223 251 244 102 107 212
    114 209 119 125 247 161 63 127 223 125 235 215 100 215 186 210 120
    249 117 118 223 124 47 213 150 245 111 155 173 152 13 242 29 159 93
    24 242 115 189 91 223 40 250 62 255 125 218 55 253 221 121 255 254
    253 248 253 62 252 222 251 244 103 107 181 116 209 119 253 247 241
    59 127 219 127 235 215 100 215 186 214 121 249 125 118 223 125 47
    215 150 245 111 159 173 152 13 250 29 159 93 24 242 123 253 91 223
    40 250 44 239 109 204 50 93 253 127 181 214 239 176 89 62 249 230
    139 252 67 107 181 112 244 179 125 237 133 17 125 222 61 251 229 52
    119 186 210 114 233 124 50 95 120 175 246 134 213 110 153 173 222 13
    242 29 151 92 144 226 123 188 91 94 40 250 190 253 125 222 54 77 85
    35 231 68 61 176 61 255 252 252 251 246 103 224 55 250 177 54 223
    191 245 25 227 154 222 169 128 110 71 222 202 114 219 252 54 223 60
    175 212 22 244 78 129 165 215 12 122 31 135 93 56 242 105 189 91 222
    42 248 56 151 124 138 99 159 7 55 55 84 44 1 29 127 60 85 245 243 65
    164 208 115 144 243 216 96 236 92 120 216 220 225 204 36 71 182 210
    80 129 124 118 95 28 143 212 118 245 78 153 172 152 13 242 29 159 89
    24 242 51 188 90 86 42 248 191 182 127 101 253 176 187 248 252 187
    210 251 237 27 131 85 50 229 223 27 249 103 91 220 165 250 121 183
    94 125 97 254 111 233 158 191 254 185 233 183 217 76 99 142 243 97
    155 51 184 254 24 35 245 181 220 113 86 190 183 143 250 151 124 255
    44 239 125 248 50 125 117 115 181 84 237 152 93 189 252 239 219 252
    231 105 116 242 240 178 93 63 133 216 125 214 126 233 218 84 215 170
    195 122 241 124 126 159 60 183 244 183 247 110 153 173 175 13 250 29
    159 93 56 242 123 189 91 222 47 251 191 254 124 170 55 125 189 13
    255 86 255 252 61 63 252 253 251 246 71 249 117 114 181 118 253 253
    101 57 255 251 255 249 148 108 223 222 231 114 249 253 126 223 127
    189 212 215 246 108 187 191 151 13 250 21 231 93 184 242 107 188 251
    223 46 152 45 111 125 248 50 125 117 115 165 116 237 144 93 253 252
    239 251 252 227 105 54 240 208 179 93 63 133 216 121 214 124 233 218
    4 87 186 192 120 209 124 62 159 60 167 244 183 231 110 153 165 173
    12 242 29 159 93 56 242 123 189 91 214 47 250 59 247 125 90 183 61
    87 57 247 84 253 184 125 127 253 245 246 182 67 240 117 114 145 246
    244 44 229 217 255 222 221 168 250 108 199 190 202 114 145 253 190
    223 29 143 212 247 228 78 187 175 135 13 122 29 223 93 56 242 127
    188 122 222 110 217 59 254 125 235 255 191 243 57 255 94 222 125 189
    127 253 245 246 247 91 114 245 115 155 252 241 236 108 191 254 83
    253 235 223 108 223 182 255 115 253 125 254 223 90 14 213 247 247 79
    189 189 152 13 242 189 159 89 60 246 127 191 250 223 46 249 250 191
    125 223 246 255 219 249 255 213 87 191 253 62 251 246 250 215 91 111
    125 243 215 116 221 248 252 61 126 218 126 185 230 44 87 254 214 123
    201 124 240 93 61 62 213 150 241 108 159 172 153 13 242 29 157 93 48
    246 59 189 91 223 42 250 44 173 237 184 18 255 53 111 181 244 78 181
    29 62 191 198 203 60 195 96 244 115 210 51 93 233 132 133 107 208 61
    233 151 36 71 186 87 122 233 124 120 29 60 39 85 21 119 110 153 172
    153 13 242 29 156 89 56 242 59 189 91 87 42 250 250 185 255 246 55
    51 125 127 214 184 245 241 111 218 148 95 254 215 127 219 247 47 241
    119 167 251 247 255 94 253 228 238 207 46 182 190 255 56 249 117 120
    223 179 239 217 113 183 111 187 190 155 203 248 61 222 81 48 178 247
    223 58 55 172 223 186 249 255 246 127 127 253 127 214 252 245 241
    111 218 148 93 255 247 127 219 247 47 241 119 167 255 247 255 127
    255 229 238 207 47 182 190 255 56 249 117 121 223 243 239 217 113
    183 111 187 190 155 201 248 61 222 81 112 178 247 223 250 151 172
    222 60 175 239 221 34 223 249 247 189 252 95 221 95 252 255 238 153
    221 250 43 244 125 214 243 125 103 150 246 109 255 30 239 199 89 227
    104 222 251 250 57 253 61 231 55 191 182 245 107 191 184 175 223 243
    125 157 94 127 207 122 239 243 253 79 254 54 236 255 139 42 221 148
    167 223 244 31 222 159 182 255 222 255 146 96 41 149 85 219 237 249
    213 61 123 47 251 223 110 133 196 111 86 254 223 235 126 53 221 229
    33 63 148 117 233 215 232 171 159 182 1 60 95 76 114 122 105 219 93
    72 254 254 255 125 235 255 253 255 217 255 95 251 126 253 94 254 253
