<?xml version="1.0"?>
<opencv_storage>
<ImageFile>"95.jpg"</ImageFile>
<Features type_id="opencv-matrix">
  <rows>206</rows>
  <cols>64</cols>
  <dt>u</dt>
  <data>
    61 254 125 221 50 253 255 125 251 254 237 185 125 55 255 254 251 230
    194 43 245 112 86 190 253 237 245 249 111 253 255 235 213 68 247 190
    220 251 249 125 126 223 255 183 246 182 245 110 191 191 175 111 242
    157 31 93 188 246 91 239 251 223 111 247 61 255 125 220 50 253 255
    125 251 254 237 184 125 55 255 255 251 246 234 107 181 112 118 190
    253 229 247 249 109 255 255 235 221 84 215 254 220 251 249 125 126
    223 255 183 246 183 245 110 191 191 175 111 242 157 95 93 188 246 91
    239 251 223 111 247 108 237 237 234 119 127 119 127 253 212 254 189
    125 190 255 238 139 188 123 125 117 211 245 183 121 253 157 181 127
    219 62 233 220 108 71 250 223 83 253 60 254 255 124 55 85 183 119
    104 191 173 207 13 219 29 223 28 120 230 111 253 219 223 46 219 61
    190 253 216 58 157 223 113 127 246 7 216 221 62 189 94 255 243 98
    107 245 117 211 255 253 118 164 127 110 221 221 235 215 68 215 190
    210 250 249 127 116 95 109 39 245 180 245 111 159 236 152 15 242 29
    159 93 56 243 123 189 219 219 106 254 63 254 108 207 191 221 223 9
    255 247 157 250 191 63 252 221 153 183 62 187 159 119 219 125 245
    247 245 63 127 251 223 111 151 252 207 30 250 249 250 127 118 223
    109 109 183 220 253 51 151 223 152 47 254 133 254 127 56 247 250 189
    251 219 122 254 253 109 239 253 246 103 119 247 253 252 252 191 127
    254 255 238 251 221 123 102 125 221 247 183 223 239 190 149 235 223
    126 191 225 39 53 251 222 119 213 252 90 223 223 62 221 183 239 236
    157 172 223 141 250 31 156 77 252 244 107 249 95 78 42 252 47 206
    238 171 223 253 167 157 189 255 120 233 141 63 127 237 137 125 185
    185 253 83 222 121 117 253 29 55 127 83 59 215 213 234 223 33 119
    249 125 62 127 126 106 189 87 211 126 177 60 221 28 44 215 229 205
    188 30 196 167 189 211 223 56 246 55 221 60 222 39 31 93 3 39 70 61
    202 158 126 124 31 149 243 36 191 22 126 208 99 121 247 247 120 53
    250 222 33 130 88 211 132 194 72 250 105 54 191 189 225 180 86 245
    110 147 187 145 79 186 65 251 223 57 211 114 127 115 249 205 202 62
    21 124 138 35 159 22 7 39 70 61 0 29 127 60 84 244 210 64 100 208
    114 208 99 216 128 224 93 122 216 220 105 212 36 86 190 194 80 129
    124 118 223 28 15 212 22 229 78 145 172 152 13 114 29 159 89 24 242
    51 188 90 86 42 249 190 253 125 142 54 93 21 115 231 68 61 178 125
    126 252 252 251 246 102 228 23 242 145 230 255 181 245 89 247 222
    222 41 208 108 71 222 202 114 217 124 54 223 61 63 212 182 244 76
    147 173 151 13 58 29 151 93 56 242 120 60 89 223 42 249 60 245 125
    174 55 125 53 123 229 68 255 180 125 62 252 230 243 244 71 100 53
    114 145 54 93 189 229 25 123 218 124 169 200 100 87 190 194 114 129
    252 62 223 28 47 212 183 228 108 153 165 151 12 106 29 151 93 56 242
    59 188 91 94 42 248 236 47 230 255 219 111 227 247 125 252 222 55
    127 254 251 236 243 153 123 230 125 191 151 182 91 110 186 149 250
    222 62 255 255 39 87 251 87 118 221 252 222 93 92 30 221 55 227 239
    157 44 24 13 243 31 157 73 88 244 115 189 94 70 34 248 58 140 221
    142 35 93 149 47 95 248 94 149 61 54 255 254 255 150 192 40 208 80
    212 33 121 213 184 17 47 251 31 239 133 196 113 112 247 218 232 112
    48 221 103 37 54 150 116 108 151 168 255 141 182 5 190 220 4 98 62
    104 91 13 42 246 59 253 109 206 55 93 221 63 247 92 188 241 63 127
    252 253 243 244 102 57 213 122 241 127 125 167 103 27 127 89 93 109
    214 108 190 222 246 118 251 245 215 223 239 47 158 150 245 78 129
    181 94 12 168 16 159 77 184 242 122 223 219 13 46 185 63 181 125 174
    55 189 21 122 247 92 214 113 61 62 188 85 242 246 67 112 241 114 209
    119 108 168 224 25 122 88 125 233 215 44 87 190 82 122 137 124 120
    223 30 47 212 21 245 79 153 172 24 5 242 29 157 73 56 242 51 189 90
    95 38 250 59 245 125 142 55 77 29 125 247 68 253 184 125 63 252 254
    255 246 66 121 49 242 241 52 253 189 229 89 123 250 220 169 208 108
    53 254 202 120 145 125 54 223 61 175 212 182 244 108 129 165 215 13
    104 31 151 77 56 242 57 248 123 206 46 251 169 237 109 236 54 125
    125 123 253 214 253 248 127 61 252 239 147 252 103 105 116 114 176
    246 125 255 133 179 127 215 127 249 250 108 214 250 222 123 249 253
    126 223 127 63 244 183 246 110 191 173 159 15 250 29 159 28 56 246
    123 252 251 222 46 251 242 249 211 247 255 66 219 138 222 97 61 251
    175 202 198 125 127 151 60 87 79 143 163 108 166 223 251 127 211 59
    198 63 147 173 60 215 99 93 239 247 65 216 237 121 217 29 253 181
    205 182 17 133 252 166 188 235 80 180 180 59 28 85 180 158 56 189
    253 222 50 207 125 111 215 196 221 181 125 254 157 254 255 214 98
    110 151 126 193 167 253 239 230 93 107 250 220 105 150 102 37 158
    134 122 219 125 53 221 189 103 190 180 229 110 215 166 235 223 162
    29 54 77 105 243 122 235 123 109 175 242 43 214 116 170 223 252 167
    77 167 126 40 41 45 111 173 213 235 246 129 96 240 82 152 125 86 253
    105 47 255 88 121 103 149 198 223 186 113 240 45 126 102 86 90 169
    84 209 244 197 152 60 24 12 230 21 143 73 184 176 35 188 218 207 40
    240 51 244 125 143 54 221 159 61 239 197 61 248 189 63 189 246 255
    214 64 41 152 112 246 100 249 165 224 121 63 249 93 41 149 116 245
    158 194 91 168 127 54 223 109 45 180 150 244 44 147 174 159 15 50 9
    183 93 56 242 58 120 251 223 46 255 62 245 125 142 54 29 29 127 231
    68 253 176 125 62 188 118 243 212 66 96 145 112 209 183 220 161 164
    25 115 216 93 233 196 36 21 190 202 120 129 124 54 219 61 47 212 20
    228 78 147 172 155 13 114 29 150 93 56 242 59 184 91 214 42 249 108
    44 236 168 18 111 35 119 61 228 78 149 93 191 187 230 203 88 195 96
    249 209 254 177 89 105 140 132 105 212 59 235 253 4 71 186 19 114
    201 124 252 85 28 38 84 55 103 108 153 44 26 13 242 29 156 73 24 226
    43 188 90 86 42 250 45 255 247 253 49 245 253 255 189 254 232 185 87
    255 187 239 187 252 227 107 191 126 254 187 127 239 183 179 125 69
    126 255 239 210 255 114 181 253 251 63 127 111 251 246 190 183 91
    251 248 249 126 253 214 159 188 92 191 234 239 207 223 237 141 246
    35 190 231 97 253 176 162 88 248 153 130 111 238 81 171 81 234 165
    43 210 229 39 91 245 199 218 120 167 94 12 163 102 223 44 71 190 122
    58 237 116 249 84 58 142 209 97 179 103 185 172 24 5 240 29 220 73
    22 242 183 189 88 87 32 90 62 189 252 252 54 191 92 55 55 214 253
    208 95 60 60 222 245 250 98 255 183 119 242 243 253 107 230 220 125
    244 252 225 223 124 134 142 203 120 208 249 126 159 189 45 246 55
    247 110 159 174 143 79 114 29 219 93 56 215 123 255 123 251 110 251
    222 187 255 125 254 123 250 247 88 177 247 254 254 210 251 251 235
    201 59 231 109 165 103 150 143 95 189 175 195 14 178 242 247 37 85
    255 90 120 233 116 248 92 56 63 213 31 243 109 153 172 8 7 240 29
    156 73 20 242 51 189 88 87 96 250 249 57 247 23 247 103 59 254 230
    173 161 123 247 202 178 95 250 247 115 103 125 135 247 183 142 235
    252 47 210 136 114 168 207 45 70 191 82 56 225 252 216 92 48 15 209
    120 177 110 153 172 24 1 240 29 156 65 16 242 51 189 120 87 32 251
    15 182 234 33 223 176 162 72 56 155 198 119 232 91 161 81 224 169 3
    210 225 39 91 117 100 24 104 167 94 28 161 242 255 44 95 190 123 58
    237 116 217 84 26 142 209 65 147 103 185 172 24 5 240 29 216 73 18
    242 183 181 88 83 32 90 59 157 254 247 55 243 249 62 55 221 213 255
    190 222 38 95 255 247 241 251 247 127 195 119 33 123 242 126 126 119
    246 235 223 46 181 180 247 121 250 117 120 221 187 111 245 53 247
    111 185 190 25 13 240 29 216 77 51 243 127 255 123 191 165 218 237
    54 103 33 252 181 163 248 252 255 194 127 237 25 219 197 234 253 223
    104 249 3 142 124 14 248 60 167 222 15 115 223 117 229 221 187 84
    183 45 54 221 68 74 158 67 169 90 145 168 125 92 36 209 190 143 105
