<?xml version="1.0"?>
<opencv_storage>
<ImageFile>"96.jpg"</ImageFile>
<Features type_id="opencv-matrix">
  <rows>284</rows>
  <cols>64</cols>
  <dt>u</dt>
  <data>
    249 222 124 207 239 95 215 189 191 253 60 203 61 61 127 253 255 247
    248 46 244 243 254 124 249 117 125 118 253 211 223 255 253 233 91
    117 246 211 252 120 119 223 110 183 213 242 252 97 189 217 223 13
    255 239 159 223 254 252 238 44 215 223 62 255 185 255 247 255 59 109
    253 255 255 252 254 253 127 255 255 252 255 246 227 106 247 46 253
    191 251 239 247 251 255 211 255 255 239 231 111 116 247 247 249 253
    255 95 255 246 238 179 255 239 173 245 255 221 254 31 157 69 191 246
    239 239 255 111 171 180 60 190 253 221 58 157 223 117 127 254 7 156
    221 60 189 206 251 245 234 43 245 117 219 251 249 116 164 126 108
    221 221 239 215 212 215 58 214 251 249 127 116 93 109 39 181 180 245
    107 159 236 185 15 246 29 159 93 56 247 123 189 219 219 104 254 254
    255 127 253 255 127 255 251 253 95 255 255 255 252 252 253 245 255
    127 254 119 254 145 118 255 255 247 253 255 246 254 185 226 127 223
    255 255 119 217 253 255 255 223 127 221 191 255 126 239 191 150 207
    234 191 159 93 121 247 125 191 127 254 187 184 123 254 125 139 255
    223 159 25 255 95 61 250 189 62 252 253 247 247 92 188 221 83 155
    124 253 245 109 63 191 219 223 59 240 109 223 223 202 115 189 255
    246 223 110 61 149 158 244 21 151 189 150 12 170 189 143 127 120 246
    58 60 219 222 62 185 255 252 125 223 247 189 95 25 255 231 189 250
    191 59 252 223 251 247 126 253 191 119 211 116 253 247 249 127 127
    251 255 187 211 108 215 223 202 121 249 127 118 223 125 61 213 30
    244 63 159 175 144 13 250 189 223 127 56 246 113 189 251 223 60 250
    252 109 247 253 114 103 245 247 253 252 254 189 95 254 251 238 251
    221 251 111 127 221 247 183 95 111 190 181 235 223 126 191 243 103
    117 251 247 119 253 124 126 125 255 126 95 191 111 238 253 172 255
    221 211 127 156 205 238 252 107 251 223 108 179 246 108 40 239 249
    82 127 243 247 189 252 222 149 95 188 251 238 217 221 251 110 253
    213 254 179 95 105 156 132 105 215 62 235 253 35 119 251 87 119 253
    124 250 117 126 62 95 191 99 232 191 44 223 157 211 125 157 92 214
    236 43 253 91 14 42 246 191 254 124 109 63 189 255 121 255 223 245
    251 255 121 124 221 253 255 127 251 245 118 145 246 245 127 245 254
    125 215 255 243 223 108 207 254 223 123 249 125 255 223 123 191 213
    243 246 111 191 191 156 15 248 29 219 93 62 247 127 191 251 219 110
    219 61 247 125 232 54 125 189 123 245 222 254 181 93 61 253 230 251
    252 195 104 117 114 148 182 253 189 37 153 125 222 125 249 232 76
    223 190 214 122 153 124 126 223 126 175 86 183 118 110 187 173 158
    12 234 29 143 93 188 242 107 252 91 222 106 178 255 254 127 239 255
    253 223 217 191 127 62 255 191 127 254 253 251 245 191 42 253 251
    190 124 127 223 63 59 255 123 127 127 247 231 221 219 246 247 255
    183 243 223 202 125 221 158 252 17 205 189 86 45 221 247 143 239 208
    252 248 47 222 223 62 189 44 22 100 172 255 191 39 121 181 124 234
    53 125 60 253 229 243 188 195 240 241 114 153 124 84 108 232 149 120
    215 125 231 201 104 87 180 247 114 169 124 252 93 94 143 84 247 230
    79 184 174 152 13 242 29 223 89 62 226 191 188 218 206 44 80 63 246
    125 170 63 125 189 93 247 94 250 241 125 47 253 245 251 244 71 96
    241 114 181 124 253 189 101 153 127 219 125 249 244 100 223 190 242
    114 169 253 127 223 94 173 84 151 244 76 153 189 30 13 234 21 143 93
    152 242 43 188 219 223 42 176 63 255 117 254 54 109 117 123 231 68
    253 181 125 127 252 252 251 246 103 96 119 250 181 54 255 189 229 25
    255 218 222 185 128 110 71 222 194 114 217 124 63 223 28 183 84 182
    244 110 137 165 199 12 250 31 135 77 56 242 105 189 91 78 46 249 248
    249 125 223 246 253 251 249 255 223 215 191 253 62 255 238 250 213
    91 111 125 243 199 116 125 254 188 61 127 223 127 187 246 100 85 255
    214 123 217 124 250 223 125 62 215 182 233 55 159 173 27 5 250 29
    157 77 80 246 59 253 89 95 34 251 56 151 124 138 99 159 6 55 55 84
    44 0 29 127 60 85 245 242 64 164 208 115 208 115 88 33 164 92 57 216
    220 96 212 36 67 190 210 80 129 120 118 31 28 135 212 246 245 78 145
    172 152 13 242 29 155 89 24 242 51 188 90 86 42 248 63 246 109 138
    55 253 21 125 247 86 253 184 125 63 253 245 219 244 67 248 177 82
    209 52 125 181 229 25 127 222 93 233 204 108 199 158 202 114 169 124
    62 223 124 173 212 246 244 108 155 173 159 13 250 29 215 93 56 242
    59 188 91 223 46 250 173 206 238 105 253 255 247 91 189 255 132 235
    175 57 238 205 139 189 254 59 244 95 90 125 115 247 27 54 125 115 79
    199 159 211 251 65 245 221 254 59 127 191 234 245 191 249 127 243
    246 219 172 252 221 229 251 190 127 207 254 239 243 249 223 95 58
    222 124 138 55 93 159 141 255 214 63 188 61 62 127 247 255 246 88
    185 49 210 245 52 249 245 249 57 127 251 223 185 180 108 215 214 202
    83 169 125 182 223 108 61 150 150 116 108 151 173 150 13 190 5 247
    93 184 246 40 124 219 223 46 250 58 221 254 250 38 127 221 55 63 254
    94 216 31 253 125 222 221 254 225 171 182 124 213 251 249 119 183
    254 125 243 254 235 215 82 243 32 255 124 250 121 116 255 255 109
    159 148 119 239 223 168 191 223 242 29 191 92 63 247 123 255 219 249
    201 254 42 207 236 222 38 221 221 39 63 254 61 200 29 125 125 206
    157 242 224 187 150 126 209 123 121 119 151 54 127 243 221 227 151
    218 243 32 255 216 250 59 116 191 239 109 183 148 245 107 187 234
    185 79 246 13 251 92 63 243 254 255 243 251 237 254 248 205 158 255
    35 109 248 167 61 248 94 143 63 180 123 190 191 154 249 239 124 217
    231 48 121 77 248 144 255 243 190 191 185 97 113 112 247 67 216 224
    211 93 255 54 254 151 111 108 207 139 255 157 222 15 185 204 223 245
    109 248 87 14 2 222 191 255 125 109 255 185 255 217 255 27 251 122
    253 94 236 253 242 245 95 114 255 118 19 124 231 254 119 191 254 127
    255 186 254 204 223 223 218 123 249 247 255 223 95 93 245 247 190 23
    174 191 16 39 234 181 207 121 16 182 255 175 254 223 238 177 193 158
    238 65 253 179 226 216 56 185 134 107 238 121 35 13 234 181 59 223
    237 39 91 125 103 122 89 38 254 7 35 103 223 111 87 59 82 185 237
    118 121 92 58 63 213 105 251 179 153 220 24 37 241 189 220 75 18 254
    183 189 216 87 164 218 62 233 237 254 54 159 93 39 231 70 125 176
    125 254 188 254 179 178 98 255 55 118 209 183 221 167 230 157 99 252
    220 168 134 108 71 158 202 120 211 125 62 219 181 237 182 246 229
    110 147 174 131 75 98 29 247 93 56 243 123 253 123 250 106 251 237
    182 123 101 253 176 187 216 248 187 198 127 224 19 129 65 34 237 159
    91 233 39 91 220 165 250 121 167 94 111 35 246 223 201 221 191 126
    185 237 55 249 92 106 142 241 97 155 51 184 255 24 35 245 181 220 97
    86 255 183 141 250 87 116 255 56 172 237 174 51 127 53 127 245 252
    94 181 61 62 253 238 243 220 193 105 244 82 209 119 125 168 132 145
    123 209 125 233 213 36 85 178 247 122 169 124 250 221 127 39 212 151
    231 111 185 172 155 13 242 29 157 77 60 242 63 188 91 95 46 250 126
    104 121 168 82 95 39 79 197 102 255 52 85 166 253 246 219 84 27 100
    9 208 172 48 95 129 140 13 227 136 60 233 176 132 85 219 0 114 5 94
    162 211 84 0 84 158 100 140 215 37 247 148 11 29 167 27 200 236 41
    248 93 6 58 181 252 59 247 245 120 247 242 246 216 189 214 119 231
    211 147 104 251 205 251 111 245 45 239 215 143 107 252 231 108 197
    243 238 223 35 101 191 127 184 253 117 121 93 179 54 237 37 179 111
    189 172 137 195 240 61 152 73 102 254 23 159 122 87 37 254 193 158
    238 65 253 176 194 216 56 185 134 107 238 121 43 9 234 181 59 219
    237 39 91 125 103 127 121 38 254 7 35 102 223 111 95 59 82 185 237
    118 121 92 42 63 213 105 255 179 153 220 24 37 241 189 220 75 16 246
    183 189 216 87 164 90 236 111 238 247 255 63 255 251 125 251 222 63
    255 254 251 238 226 177 127 246 127 255 151 246 87 110 186 183 218
