<?xml version="1.0"?>
<opencv_storage>
<ImageFile>"97.jpg"</ImageFile>
<Features type_id="opencv-matrix">
  <rows>192</rows>
  <cols>64</cols>
  <dt>u</dt>
  <data>
    57 252 247 255 58 237 253 255 255 252 126 189 125 127 255 254 255
    246 227 106 245 122 255 191 253 239 231 251 127 219 255 239 231 230
    125 246 181 243 249 125 127 95 255 247 126 179 253 111 173 180 255
    255 246 159 157 77 172 246 239 235 251 207 175 246 40 222 109 232 46
    253 255 121 189 255 239 200 221 124 124 237 157 252 111 251 246 114
    24 254 245 127 119 242 125 215 127 247 207 218 203 76 219 235 248 43
    127 255 254 191 214 247 247 123 191 219 150 79 234 157 207 93 61 214
    255 175 243 251 203 182 61 252 253 223 58 253 253 253 255 252 238
    189 125 63 255 254 251 246 227 42 253 120 254 190 253 237 247 251
    111 219 255 239 253 196 117 246 180 243 249 127 127 223 239 183 118
    179 253 111 191 190 239 255 182 159 31 93 172 246 207 235 251 207
    239 214 56 190 253 220 58 157 223 117 127 254 5 156 221 60 189 222
    255 241 226 43 245 117 219 251 253 114 166 126 109 221 221 239 215
    196 215 58 214 250 250 127 116 95 237 47 183 148 245 111 159 236 184
    15 242 29 159 93 56 247 123 253 219 219 107 254 124 169 247 253 114
    103 245 247 253 252 220 189 127 254 191 238 251 221 251 110 125 221
    231 183 95 111 182 149 107 223 126 239 255 99 119 251 247 119 253
    124 127 125 255 62 95 183 111 238 253 172 255 221 243 63 156 77 254
    236 111 251 219 110 35 246 248 191 127 223 242 255 251 253 253 213
    95 159 253 62 251 230 243 213 91 111 124 243 214 244 125 238 188 189
    126 218 126 185 230 37 87 250 214 123 217 124 216 93 117 62 213 166
    237 108 159 173 157 13 242 29 157 93 80 246 123 253 91 95 42 250 252
    223 239 221 118 191 221 123 191 247 125 218 159 252 252 206 242 245
    127 111 254 127 210 115 127 254 183 63 127 219 126 235 215 102 86
    250 210 127 249 252 210 223 120 63 221 158 245 111 157 173 28 13 250
    29 159 93 16 246 123 189 89 95 42 251 107 206 238 171 223 245 135
    157 61 255 40 201 155 47 63 77 137 117 41 41 248 85 222 121 93 245
    25 39 63 89 59 79 213 228 223 51 114 253 45 62 100 94 106 173 87 20
    92 241 28 236 24 13 215 189 156 110 24 228 163 188 219 223 56 246 41
    22 100 170 223 239 39 89 61 122 234 37 61 45 237 229 243 60 195 208
    241 114 153 124 84 108 232 20 250 214 237 199 77 96 87 176 241 114
    169 108 44 85 94 175 84 247 230 77 184 238 24 12 226 29 221 89 58
    162 191 180 154 198 40 64 44 230 109 168 154 125 37 253 253 126 234
    188 125 63 255 231 203 252 195 104 121 210 188 60 93 173 45 129 255
    223 59 251 240 68 223 250 82 114 169 252 254 223 92 63 86 151 100
    116 153 45 30 12 234 29 143 93 152 224 43 188 95 222 42 177 40 133
    116 142 34 143 22 55 39 68 45 0 29 124 60 68 247 210 64 228 208 115
    209 115 88 40 164 92 120 220 156 33 214 36 87 186 194 120 129 124
    118 95 28 47 212 54 245 78 153 172 152 13 242 29 157 73 24 242 51
    188 88 86 40 248 184 204 30 175 35 125 248 167 93 248 95 141 60 180
    123 254 255 154 209 251 28 208 229 48 121 77 240 152 255 243 190 187
    232 36 113 112 247 67 200 96 178 221 125 62 254 151 110 108 143 139
    255 141 222 15 177 204 147 241 45 252 87 14 10 246 254 253 125 169
    255 249 255 217 253 91 250 126 237 78 238 253 243 253 127 84 125 247
    147 116 230 252 251 189 222 94 254 185 234 109 223 255 250 119 205
    245 250 221 86 29 213 255 190 21 174 191 16 37 235 255 207 113 80
    188 125 190 62 223 254 176 227 252 194 35 221 226 131 136 254 41 162
    123 163 75 194 93 106 167 61 19 233 15 187 108 38 223 121 47 150 59
    99 127 143 175 222 87 115 189 109 182 97 84 98 249 201 89 188 177
    236 254 24 1 245 166 204 227 80 188 180 63 158 85 180 30 255 252 239
    239 255 255 223 153 255 255 188 251 191 187 246 253 251 245 63 127
    253 215 255 125 127 255 191 63 255 91 127 127 215 237 126 251 250
    125 253 255 115 222 106 63 219 30 253 177 221 173 30 5 253 255 157
    239 208 252 177 61 223 93 50 191 121 116 124 138 82 95 55 53 115 100
    45 186 60 191 190 246 255 179 89 228 57 209 81 180 217 109 249 253
    235 216 223 97 153 37 17 254 67 80 165 124 54 155 60 55 85 188 230
    108 149 164 139 12 242 29 146 205 56 244 41 188 89 214 46 219 244
    109 255 214 98 79 91 239 231 101 61 156 95 242 246 238 243 215 124
    103 30 169 244 167 219 235 166 31 227 152 94 41 226 39 70 250 194
    114 211 252 210 127 157 198 248 30 225 110 157 172 223 79 240 31 149
    75 89 254 113 63 88 116 163 249 236 173 230 255 219 99 243 255 125
    248 222 63 127 254 235 236 227 153 123 86 117 159 191 55 87 110 218
    135 251 223 62 255 255 39 69 251 87 118 221 252 218 125 220 30 221
    55 227 239 157 44 217 141 211 31 156 73 80 244 119 189 94 86 162 216
    171 158 238 67 255 177 131 216 252 185 134 107 238 121 43 77 234 181
    59 219 237 39 91 125 103 122 121 39 126 95 35 102 223 111 87 190 82
    57 237 116 249 92 122 63 209 101 251 115 185 236 24 5 240 157 156 73
    18 242 183 189 216 87 32 218 6 205 24 248 35 30 84 3 39 70 45 194 16
    94 124 31 149 59 36 141 7 116 80 67 81 87 211 89 32 190 220 97 130
    18 211 130 161 72 218 73 32 187 52 225 180 84 183 110 211 171 160 78
    42 65 251 148 51 83 112 55 51 249 205 202 44 141 181 252 34 79 117
    71 165 196 111 132 29 124 124 254 189 58 98 107 182 122 240 35 93
    175 133 216 97 242 92 201 134 82 99 140 129 74 218 105 46 189 245
    227 180 118 247 110 145 162 235 79 242 29 51 20 41 195 123 251 51
    239 141 202 83 145 138 127 55 192 88 14 18 163 213 248 178 202 134
    90 42 147 48 219 143 47 195 111 37 219 242 47 83 45 165 106 215 166
    53 186 82 121 251 119 112 234 189 105 183 21 181 47 153 174 24 69
    240 28 252 73 17 243 51 251 25 119 161 235 169 158 238 67 255 177
    131 216 252 185 134 107 238 121 43 77 234 181 59 219 253 39 91 125
    103 127 121 38 254 15 35 102 223 111 87 190 82 57 237 118 121 92 122
    63 213 229 255 115 185 236 24 5 240 157 220 73 16 242 183 189 216 87
    36 218 227 157 218 215 253 130 219 10 198 227 33 122 163 203 128 93
    98 215 60 71 206 47 195 111 70 210 243 47 18 43 33 127 215 167 92
    155 82 124 235 246 208 72 40 75 209 28 209 63 153 172 24 5 240 29
    156 75 16 242 51 191 88 85 177 251 62 53 125 174 55 61 53 127 231 68
    255 48 125 62 188 87 242 244 67 112 113 114 209 54 220 168 228 25
    114 220 125 233 200 44 87 190 194 122 129 124 62 223 28 47 212 55
    228 78 153 172 152 13 114 29 157 89 56 242 51 188 88 214 42 248 60
    245 125 140 54 93 21 123 231 68 255 52 125 62 252 244 243 244 67 96
    113 114 145 246 220 188 229 25 243 158 252 169 192 44 87 158 202 114
    137 124 50 223 28 143 212 54 244 76 153 172 145 13 240 29 157 73 56
    242 59 188 88 87 42 248 227 159 210 215 253 130 219 10 230 227 33
    250 163 203 128 93 98 215 60 71 206 47 195 111 70 210 179 47 18 42
    33 127 215 167 92 155 82 124 235 246 64 104 40 75 217 28 241 63 153
    172 24 5 240 29 156 75 16 242 51 191 88 85 49 251 243 220 90 199 255
    202 219 136 126 113 63 255 174 91 102 125 118 151 60 151 79 143 171
    108 227 215 249 111 214 59 195 63 151 173 93 215 115 93 239 247 115
    92 40 127 217 30 252 53 205 159 16 37 252 167 156 235 80 252 176 61
    92 85 52 154 231 21 210 215 245 130 219 74 134 225 33 122 163 203
    128 95 98 213 52 103 143 47 226 99 78 222 179 47 18 42 50 63 83 39
    52 155 66 124 251 214 80 104 184 111 203 28 249 63 153 172 16 5 240
    24 156 75 16 114 51 191 88 85 33 250 59 255 252 174 55 191 62 51 125
    86 253 250 188 63 124 95 246 179 99 253 117 87 209 119 209 108 237
    157 123 212 252 161 206 108 199 190 219 122 137 125 254 223 60 175
    213 119 247 111 189 174 152 13 242 29 219 93 58 247 55 180 123 219
    46 203 187 222 246 215 255 175 221 219 238 125 171 127 175 111 228
    125 242 247 61 114 199 47 187 127 102 206 99 63 254 27 127 127 119
    231 94 159 82 119 255 247 87 94 74 94 201 30 221 151 204 181 80 5
    234 182 159 107 24 246 242 191 220 77 178 184 185 157 254 245 55 243
