<?xml version="1.0"?>
<opencv_storage>
<ImageFile>"99.jpg"</ImageFile>
<Features type_id="opencv-matrix">
  <rows>251</rows>
  <cols>64</cols>
  <dt>u</dt>
  <data>
    186 241 125 222 55 29 93 11 247 199 61 250 191 106 244 94 183 214 36
    115 134 116 225 102 253 215 227 123 115 249 221 105 210 52 20 222
    202 120 242 245 114 219 253 105 182 20 245 111 147 174 16 7 106 29
    189 93 24 243 115 249 121 95 40 250 186 213 124 222 55 13 93 11 119
    199 61 250 191 110 244 94 247 215 36 123 134 126 193 102 253 215 243
    123 123 251 221 105 146 116 52 222 194 121 250 253 114 219 253 105
    182 20 245 111 147 166 16 7 106 25 190 77 24 243 122 251 121 95 160
    250 186 241 125 158 54 29 93 11 247 102 61 248 63 106 52 94 247 214
    36 243 135 112 225 103 252 151 227 59 83 249 221 105 210 44 150 190
    202 120 179 247 114 203 125 105 150 20 213 79 147 174 16 7 104 25
    157 93 24 242 51 185 121 94 40 251 123 149 252 158 103 199 31 63 167
    70 29 138 189 236 54 94 255 247 97 118 112 119 211 119 92 239 240 60
    114 144 126 169 215 36 87 186 210 120 233 124 112 93 60 47 213 20
    245 111 153 172 24 5 242 29 156 73 24 242 51 189 88 87 40 250 243 21
    154 151 103 195 91 172 22 231 21 22 191 232 34 86 124 151 0 215 202
    167 231 39 28 154 240 79 82 24 247 43 215 44 21 190 82 120 201 92 80
    72 61 14 209 20 225 111 153 172 24 5 240 28 156 65 16 242 51 189 88
    23 32 250 242 49 155 151 115 199 91 239 214 231 85 52 183 202 147 86
    126 215 0 71 202 173 231 7 140 138 242 79 82 136 243 107 71 36 20
    190 82 120 193 84 80 72 17 14 193 20 129 111 153 172 24 5 240 28 156
    65 16 242 51 185 88 23 32 250 120 255 255 223 62 255 255 241 253 253
    126 219 221 121 255 238 251 213 107 107 252 117 211 247 93 255 181
    190 127 223 127 251 215 36 85 186 86 120 249 116 240 93 120 47 213
    54 245 111 153 172 24 5 240 29 157 73 16 242 51 189 90 87 32 250 104
    136 206 255 47 255 251 181 61 252 86 143 157 124 59 230 188 219 217
    250 252 119 222 251 121 104 144 150 124 209 63 239 223 48 83 48 247
    219 248 121 248 93 95 46 213 167 227 107 189 236 152 13 246 29 157
    89 23 243 191 189 219 31 34 254 249 18 207 135 126 247 159 188 210
    255 80 217 239 153 19 3 127 199 249 43 248 65 239 189 137 251 188
    182 95 81 115 111 213 173 180 53 127 248 168 119 84 76 107 62 211 32
    209 121 186 252 29 5 244 188 156 69 228 246 183 221 218 215 36 254
    249 222 255 223 254 127 183 247 253 253 126 223 191 253 251 237 251
    213 109 103 252 135 247 119 91 255 189 46 251 90 122 251 247 36 85
    186 82 114 233 116 240 92 56 63 213 22 245 109 153 172 24 5 240 29
    157 73 16 242 51 189 88 87 32 250 108 190 239 153 254 127 183 247
    253 252 222 191 255 255 251 239 251 213 107 98 253 215 215 247 95
    253 189 47 251 222 59 251 247 36 87 186 82 122 233 116 248 93 56 46
    213 54 245 111 153 172 24 5 240 29 157 73 16 242 51 189 90 87 32 250
    249 222 239 219 254 127 183 247 253 253 126 223 191 253 251 237 251
    245 111 103 252 135 183 119 95 255 189 47 219 90 122 251 247 36 85
    186 82 114 233 116 240 92 56 63 213 22 245 111 153 172 24 5 240 29
    157 73 16 242 51 189 88 87 32 250 47 238 237 40 62 252 179 73 249
    255 214 252 252 63 236 237 201 173 35 241 245 117 91 253 245 253 21
    183 111 95 107 227 143 232 197 174 255 56 233 60 124 93 122 173 213
    113 247 107 187 236 8 15 240 21 216 93 62 242 247 189 250 219 108
    222 160 206 13 139 234 221 131 177 191 93 14 79 153 60 121 164 196
    243 220 36 208 83 154 224 121 116 28 38 172 211 27 27 252 64 75 32
    87 75 140 40 213 21 74 22 85 230 240 97 183 9 137 13 159 77 143 219
    54 68 54 44 194 223 74 248 160 206 13 139 234 221 131 177 191 93 30
    79 157 60 123 164 196 243 216 36 212 83 158 224 121 116 28 54 172
    211 31 31 253 105 75 96 94 67 172 40 215 21 78 30 85 230 248 97 189
    25 153 13 159 77 141 219 54 68 62 44 194 223 10 248 35 22 97 35 221
    160 35 24 164 63 208 99 169 9 0 5 72 109 7 112 232 103 26 124 4 252
    61 167 218 18 97 207 87 236 159 57 123 40 45 35 108 64 26 137 69 81
    190 81 56 148 24 0 229 176 204 33 56 178 151 157 138 215 52 122 173
    254 101 239 191 253 165 248 253 93 254 249 237 123 237 237 227 244
    111 106 244 42 188 116 109 191 33 59 255 90 123 255 252 100 116 186
    82 114 249 245 255 94 58 191 212 179 220 79 136 181 92 13 248 159
    143 77 48 242 51 188 218 71 38 249 193 223 215 89 236 255 230 242 59
    223 40 203 206 245 78 137 237 203 189 175 86 77 74 251 235 119 59
    246 173 70 170 23 223 83 217 65 125 141 254 33 119 62 170 247 253
    184 255 243 252 217 40 247 213 231 27 207 79 221 86 39 214 121 213
    238 169 222 101 239 191 253 165 248 189 93 254 249 173 125 237 237
    227 244 111 106 244 42 188 116 109 255 33 59 255 90 123 255 252 100
    117 186 82 114 249 244 255 94 58 191 212 179 252 109 136 181 92 13
    240 31 143 73 48 242 51 188 90 71 38 249 163 180 64 34 221 160 39 24
    224 47 128 106 232 75 132 17 98 101 7 208 233 7 27 108 6 220 121 175
    210 62 225 5 23 172 156 159 43 56 45 87 109 64 26 137 193 89 190 21
    56 244 24 0 224 176 76 33 56 178 151 149 152 215 52 10 99 0 192 147
    9 192 3 12 100 224 4 53 176 235 131 6 106 16 1 98 200 35 203 39 28
    136 128 7 82 137 1 79 151 36 5 186 82 120 105 94 112 80 24 10 193 16
    225 107 25 172 24 5 240 28 156 73 16 242 51 189 72 87 32 250 189 254
    119 237 189 253 255 248 253 255 232 251 237 127 253 237 227 252 143
    106 253 232 188 124 109 253 35 179 255 91 123 255 241 101 125 251
    246 247 249 245 255 94 122 190 214 147 216 85 136 189 94 37 232 191
    143 77 144 244 47 174 222 78 34 181 103 38 230 0 223 162 3 94 228 56
    144 51 232 203 163 69 226 245 3 244 249 135 19 117 70 168 184 13 210
    28 33 99 223 44 86 186 90 48 33 116 112 84 24 142 209 113 193 77 153
    172 24 5 240 29 156 73 16 242 51 188 88 86 32 248 233 13 174 187 195
    239 118 183 61 231 108 142 190 236 47 238 205 57 121 247 127 215 215
    179 83 111 152 174 233 215 254 163 239 39 67 249 147 77 253 120 122
    125 124 175 221 127 231 231 157 204 24 29 241 125 216 201 123 255
    123 181 27 242 10 234 97 6 167 3 207 7 3 190 230 60 50 3 169 201 51
    5 102 245 99 116 216 135 211 245 66 232 188 44 210 16 35 107 223 44
    87 186 90 56 161 100 112 84 24 143 209 112 209 77 153 172 24 1 240
    29 156 73 16 242 51 189 88 87 32 248 5 142 174 136 3 221 132 87 57
    212 14 204 154 189 110 173 137 48 224 169 148 85 90 225 115 117 25
    38 45 206 26 67 157 82 83 0 80 202 239 40 116 61 108 39 29 84 117
    225 17 200 169 28 147 73 216 14 59 68 34 37 67 217 76 202 250 57 210
    87 118 7 88 167 210 161 117 243 126 226 146 122 118 131 126 215 63
    143 229 151 155 42 230 223 195 188 246 184 234 45 36 255 223 63 193
    253 218 90 177 158 232 63 139 206 237 166 91 211 120 30 25 193 80
    243 113 248 124 52 162 233 16 18 147 134 40 22 130 179 66 252 2 67
    133 19 19 17 102 199 33 98 192 37 194 115 200 152 180 14 82 8 49 107
    215 36 85 186 83 120 233 116 112 92 56 46 213 4 209 111 153 172 24 5
    240 29 156 73 16 242 51 189 88 87 32 250 18 2 144 130 32 22 130 35
    66 208 19 2 144 50 19 18 126 147 33 224 192 37 195 83 216 216 180 76
    2 136 177 104 215 36 69 186 83 120 233 116 112 92 48 47 213 20 245
    111 153 172 24 5 240 29 156 73 16 242 51 189 88 87 32 250 233 204
    238 217 66 215 249 247 61 255 4 142 159 168 63 206 207 249 249 47
    156 215 254 185 123 99 190 54 121 213 62 103 255 3 55 105 82 237 255
    122 114 127 108 62 159 60 89 177 221 200 58 181 209 125 188 222 217
    252 105 125 223 213 27 251 191 255 255 126 55 63 221 155 255 223 252
    251 255 251 252 223 243 247 126 191 117 254 177 127 247 255 247 187
    255 255 254 251 218 108 206 247 254 125 251 253 126 223 251 253 223
    119 245 111 253 191 152 207 250 61 223 93 54 247 119 191 255 223 172
    187 44 45 237 152 22 223 1 123 237 196 215 180 253 124 253 198 218
    245 67 98 245 119 210 247 93 248 132 29 114 222 29 233 215 44 87 186
    82 122 201 124 180 93 60 47 213 52 245 111 153 172 153 13 242 29 156
